Nitrous Acid (HNO2) dissociation cross-sections built from alinc file
Air:
Temp:           300K
Angstroms       XS
1.176500E+03    8.295400E-23
1.177900E+03    8.540000E-23
1.179200E+03    8.773500E-23
1.180600E+03    9.032200E-23
1.182000E+03    9.298500E-23
1.183400E+03    9.572700E-23
1.184800E+03    9.854900E-23
1.186200E+03    1.014500E-22
1.187600E+03    1.044500E-22
1.189100E+03    1.077500E-22
1.190500E+03    1.109300E-22
1.191900E+03    1.142000E-22
1.193300E+03    1.175600E-22
1.194700E+03    1.210300E-22
1.196200E+03    1.248600E-22
1.197600E+03    1.285400E-22
1.199000E+03    1.323300E-22
1.200500E+03    1.363800E-22
1.201900E+03    1.400200E-22
1.203400E+03    1.440400E-22
1.204800E+03    1.478800E-22
1.206300E+03    1.521200E-22
1.207700E+03    1.561800E-22
1.209200E+03    1.606600E-22
1.210700E+03    1.652600E-22
1.212100E+03    1.696700E-22
1.213600E+03    1.745300E-22
1.215100E+03    1.795300E-22
1.216500E+03    1.843300E-22
1.218000E+03    1.896100E-22
1.219500E+03    1.950400E-22
1.221000E+03    2.006300E-22
1.222500E+03    2.063800E-22
1.224000E+03    2.122900E-22
1.225500E+03    2.183700E-22
1.227000E+03    2.246300E-22
1.228500E+03    2.310600E-22
1.230000E+03    2.376800E-22
1.231500E+03    2.444900E-22
1.233000E+03    2.514900E-22
1.234600E+03    2.591800E-22
1.236100E+03    2.666100E-22
1.237600E+03    2.742500E-22
1.239200E+03    2.826300E-22
1.240700E+03    2.907300E-22
1.242200E+03    2.990600E-22
1.243800E+03    3.082000E-22
1.245300E+03    3.170300E-22
1.246900E+03    3.267300E-22
1.248400E+03    3.360900E-22
1.250000E+03    3.463700E-22
1.251600E+03    3.569600E-22
1.253100E+03    3.671900E-22
1.254700E+03    3.784200E-22
1.256300E+03    3.899900E-22
1.257900E+03    4.019200E-22
1.259400E+03    4.134300E-22
1.261000E+03    4.260800E-22
1.262600E+03    4.391100E-22
1.264200E+03    4.525400E-22
1.265800E+03    4.663800E-22
1.267400E+03    4.806500E-22
1.269000E+03    4.953500E-22
1.270600E+03    5.105000E-22
1.272300E+03    5.271000E-22
1.273900E+03    5.432200E-22
1.275500E+03    5.598400E-22
1.277100E+03    5.769600E-22
1.278800E+03    5.957300E-22
1.280400E+03    6.139500E-22
1.282100E+03    6.339200E-22
1.283700E+03    6.533100E-22
1.285300E+03    6.732900E-22
1.287000E+03    6.951900E-22
1.288700E+03    7.178000E-22
1.290300E+03    7.397600E-22
1.292000E+03    7.638200E-22
1.293700E+03    7.886600E-22
1.295300E+03    8.127900E-22
1.297000E+03    8.392200E-22
1.298700E+03    8.665200E-22
1.300400E+03    8.940200E-22
1.302100E+03    9.200800E-22
1.303800E+03    9.469000E-22
1.305500E+03    9.745100E-22
1.307200E+03    1.002900E-21
1.308900E+03    1.032200E-21
1.310600E+03    1.062200E-21
1.312300E+03    1.093200E-21
1.314100E+03    1.127000E-21
1.315800E+03    1.159800E-21
1.317500E+03    1.193600E-21
1.319300E+03    1.230500E-21
1.321000E+03    1.266400E-21
1.322800E+03    1.305500E-21
1.324500E+03    1.343600E-21
1.326300E+03    1.385100E-21
1.328000E+03    1.425400E-21
1.329800E+03    1.469500E-21
1.331600E+03    1.514900E-21
1.333300E+03    1.559000E-21
1.335100E+03    1.607200E-21
1.336900E+03    1.656900E-21
1.338700E+03    1.708000E-21
1.340500E+03    1.760800E-21
1.342300E+03    1.815200E-21
1.344100E+03    1.871300E-21
1.345900E+03    1.929100E-21
1.347700E+03    1.988700E-21
1.349500E+03    2.050100E-21
1.351400E+03    2.117000E-21
1.353200E+03    2.182400E-21
1.355000E+03    2.249800E-21
1.356900E+03    2.323300E-21
1.358700E+03    2.395000E-21
1.360500E+03    2.469000E-21
1.362400E+03    2.549600E-21
1.364300E+03    2.632800E-21
1.366100E+03    2.714100E-21
1.368000E+03    2.802700E-21
1.369900E+03    2.894200E-21
1.371700E+03    2.983600E-21
1.373600E+03    3.081000E-21
1.375500E+03    3.181500E-21
1.377400E+03    3.285400E-21
1.379300E+03    3.392600E-21
1.381200E+03    3.503300E-21
1.383100E+03    3.617600E-21
1.385000E+03    3.735700E-21
1.387000E+03    3.864200E-21
1.388900E+03    3.990300E-21
1.390800E+03    4.120500E-21
1.392800E+03    4.262200E-21
1.394700E+03    4.401300E-21
1.396600E+03    4.544900E-21
1.398600E+03    4.701200E-21
1.400600E+03    4.857200E-21
1.402500E+03    4.997400E-21
1.404500E+03    5.149400E-21
1.406500E+03    5.305900E-21
1.408500E+03    5.467300E-21
1.410400E+03    5.625100E-21
1.412400E+03    5.796100E-21
1.414400E+03    5.972300E-21
1.416400E+03    6.153900E-21
1.418400E+03    6.341000E-21
1.420500E+03    6.543600E-21
1.422500E+03    6.742600E-21
1.424500E+03    6.947600E-21
1.426500E+03    7.158800E-21
1.428600E+03    7.387600E-21
1.430600E+03    7.612200E-21
1.432700E+03    7.855400E-21
1.434700E+03    8.094200E-21
1.436800E+03    8.352800E-21
1.438800E+03    8.606800E-21
1.440900E+03    8.881800E-21
1.443000E+03    9.165600E-21
1.445100E+03    9.458400E-21
1.447200E+03    9.760600E-21
1.449300E+03    1.007200E-20
1.451400E+03    1.039400E-20
1.453500E+03    1.072600E-20
1.455600E+03    1.106900E-20
1.457700E+03    1.142300E-20
1.459900E+03    1.180500E-20
1.462000E+03    1.218200E-20
1.464100E+03    1.257200E-20
1.466300E+03    1.299300E-20
1.468400E+03    1.340800E-20
1.470600E+03    1.385700E-20
1.472800E+03    1.432100E-20
1.474900E+03    1.477900E-20
1.477100E+03    1.527400E-20
1.479300E+03    1.578500E-20
1.481500E+03    1.631400E-20
1.483700E+03    1.686100E-20
1.485900E+03    1.742500E-20
1.488100E+03    1.800900E-20
1.490300E+03    1.861200E-20
1.492500E+03    1.923600E-20
1.494800E+03    1.991000E-20
1.497000E+03    2.057700E-20
1.499300E+03    2.129800E-20
1.501500E+03    2.194800E-20
1.503800E+03    2.261700E-20
1.506000E+03    2.327500E-20
1.508300E+03    2.398400E-20
1.510600E+03    2.471500E-20
1.512900E+03    2.546800E-20
1.515200E+03    2.624400E-20
1.517500E+03    2.704400E-20
1.519800E+03    2.786800E-20
1.522100E+03    2.871700E-20
1.524400E+03    2.959200E-20
1.526700E+03    3.049400E-20
1.529100E+03    3.146400E-20
1.531400E+03    3.242200E-20
1.533700E+03    3.341000E-20
1.536100E+03    3.447300E-20
1.538500E+03    3.557000E-20
1.540800E+03    3.665400E-20
1.543200E+03    3.782000E-20
1.545600E+03    3.902300E-20
1.548000E+03    4.026500E-20
1.550400E+03    4.154600E-20
1.552800E+03    4.286700E-20
1.555200E+03    4.423100E-20
1.557600E+03    4.563900E-20
1.560100E+03    4.715200E-20
1.562500E+03    4.865200E-20
1.564900E+03    5.020000E-20
1.567400E+03    5.186500E-20
1.569900E+03    5.358500E-20
1.572300E+03    5.528900E-20
1.574800E+03    5.712300E-20
1.577300E+03    5.901700E-20
1.579800E+03    6.097400E-20
1.582300E+03    6.299600E-20
1.584800E+03    6.508500E-20
1.587300E+03    6.724400E-20
1.589800E+03    6.947400E-20
1.592400E+03    7.187100E-20
1.594900E+03    7.425500E-20
1.597400E+03    7.671700E-20
1.600000E+03    7.936500E-20
1.602600E+03    8.169400E-20
1.605100E+03    8.399700E-20
1.607700E+03    8.646200E-20
1.610300E+03    8.899900E-20
1.612900E+03    9.161000E-20
1.615500E+03    9.429800E-20
1.618100E+03    9.706500E-20
1.620700E+03    9.991300E-20
1.623400E+03    1.029600E-19
1.626000E+03    1.059800E-19
1.628700E+03    1.092100E-19
1.631300E+03    1.124200E-19
1.634000E+03    1.158400E-19
1.636700E+03    1.193800E-19
1.639300E+03    1.228800E-19
1.642000E+03    1.266200E-19
1.644700E+03    1.304800E-19
1.647400E+03    1.344600E-19
1.650200E+03    1.387200E-19
1.652900E+03    1.429500E-19
1.655600E+03    1.473000E-19
1.658400E+03    1.519600E-19
1.661100E+03    1.566000E-19
1.663900E+03    1.615500E-19
1.666700E+03    1.666600E-19
1.669400E+03    1.717400E-19
1.672200E+03    1.771800E-19
1.675000E+03    1.827800E-19
1.677900E+03    1.887700E-19
1.680700E+03    1.947400E-19
1.683500E+03    2.009100E-19
1.686300E+03    2.072600E-19
1.689200E+03    2.140600E-19
1.692000E+03    2.208300E-19
1.694900E+03    2.280700E-19
1.697800E+03    2.355400E-19
1.700700E+03    2.429400E-19
1.703600E+03    2.495000E-19
1.706500E+03    2.562500E-19
1.709400E+03    2.631700E-19
1.712300E+03    2.702900E-19
1.715300E+03    2.778500E-19
1.718200E+03    2.853600E-19
1.721200E+03    2.933400E-19
1.724100E+03    3.012700E-19
1.727100E+03    3.097000E-19
1.730100E+03    3.183600E-19
1.733100E+03    3.272700E-19
1.736100E+03    3.364200E-19
1.739100E+03    3.458300E-19
1.742200E+03    3.558300E-19
1.745200E+03    3.657900E-19
1.748300E+03    3.763600E-19
1.751300E+03    3.868900E-19
1.754400E+03    3.980800E-19
1.757500E+03    4.095900E-19
1.760600E+03    4.214400E-19
1.763700E+03    4.336300E-19
1.766800E+03    4.461700E-19
1.769900E+03    4.590700E-19
1.773000E+03    4.723500E-19
1.776200E+03    4.864500E-19
1.779400E+03    5.009800E-19
1.782500E+03    5.154700E-19
1.785700E+03    5.308700E-19
1.788900E+03    5.467200E-19
1.792100E+03    5.630500E-19
1.795300E+03    5.798700E-19
1.798600E+03    5.977300E-19
1.801800E+03    6.147900E-19
1.805100E+03    6.322400E-19
1.808300E+03    6.496300E-19
1.811600E+03    6.680700E-19
1.814900E+03    6.870300E-19
1.818200E+03    7.065300E-19
1.821500E+03    7.265800E-19
1.824800E+03    7.472000E-19
1.828200E+03    7.690600E-19
1.831500E+03    7.908900E-19
1.834900E+03    8.140200E-19
1.838200E+03    8.371200E-19
1.841600E+03    8.576000E-19
1.845000E+03    8.739700E-19
1.848400E+03    8.906500E-19
1.851900E+03    9.081600E-19
1.855300E+03    9.254900E-19
1.858700E+03    9.431600E-19
1.862200E+03    9.615200E-19
1.865700E+03    9.801300E-19
1.869200E+03    9.991100E-19
1.872700E+03    1.018400E-18
1.876200E+03    1.038200E-18
1.879700E+03    1.058300E-18
1.883200E+03    1.086900E-18
1.886800E+03    1.118100E-18
1.890400E+03    1.150100E-18
1.893900E+03    1.182100E-18
1.897500E+03    1.215900E-18
1.901100E+03    1.249800E-18
1.904800E+03    1.283200E-18
1.908400E+03    1.316500E-18
1.912000E+03    1.350700E-18
1.915700E+03    1.386800E-18
1.919400E+03    1.423900E-18
1.923100E+03    1.457900E-18
1.926800E+03    1.492000E-18
1.930500E+03    1.526800E-18
1.934200E+03    1.562400E-18
1.938000E+03    1.599900E-18
1.941700E+03    1.633800E-18
1.945500E+03    1.665100E-18
1.949300E+03    1.696900E-18
1.953100E+03    1.729400E-18
1.956900E+03    1.762500E-18
1.960800E+03    1.796500E-18
1.964600E+03    1.827700E-18
1.968500E+03    1.860400E-18
1.972400E+03    1.893600E-18
1.976300E+03    1.927400E-18
1.980200E+03    1.961400E-18
1.984100E+03    1.987900E-18
1.988100E+03    2.015500E-18
1.992000E+03    2.042800E-18
1.996000E+03    2.071200E-18
2.000000E+03    2.100000E-18
2.004000E+03    2.117700E-18
2.008000E+03    2.135500E-18
2.012100E+03    2.154000E-18
2.016100E+03    2.172200E-18
2.020200E+03    2.190400E-18
2.024300E+03    2.198500E-18
2.028400E+03    2.206700E-18
2.032500E+03    2.214900E-18
2.036700E+03    2.223400E-18
2.040800E+03    2.230800E-18
2.045000E+03    2.235000E-18
2.049200E+03    2.239200E-18
2.053400E+03    2.236600E-18
2.057600E+03    2.232400E-18
2.061900E+03    2.227100E-18
2.066100E+03    2.220800E-18
2.070400E+03    2.214300E-18
2.074700E+03    2.207900E-18
2.079000E+03    2.201500E-18
2.083300E+03    2.188300E-18
2.087700E+03    2.172800E-18
2.092100E+03    2.157400E-18
2.096400E+03    2.142400E-18
2.100800E+03    2.126300E-18
2.105300E+03    2.105800E-18
2.109700E+03    2.085900E-18
2.114200E+03    2.065700E-18
2.118600E+03    2.046200E-18
2.123100E+03    2.022500E-18
2.127700E+03    1.996900E-18
2.132200E+03    1.972200E-18
2.136800E+03    1.947200E-18
2.141300E+03    1.920600E-18
2.145900E+03    1.887600E-18
2.150500E+03    1.855200E-18
2.155200E+03    1.822600E-18
2.159800E+03    1.791300E-18
2.164500E+03    1.755100E-18
2.169200E+03    1.719400E-18
2.173900E+03    1.684400E-18
2.178600E+03    1.650100E-18
2.183400E+03    1.615300E-18
2.188200E+03    1.581100E-18
2.193000E+03    1.547600E-18
2.197800E+03    1.514800E-18
2.202600E+03    1.479600E-18
2.207500E+03    1.441900E-18
2.212400E+03    1.405100E-18
2.217300E+03    1.369300E-18
2.222200E+03    1.333800E-18
2.227200E+03    1.297800E-18
2.232100E+03    1.263500E-18
2.237100E+03    1.229400E-18
2.242200E+03    1.195000E-18
2.247200E+03    1.161500E-18
2.252300E+03    1.128300E-18
2.257300E+03    1.096700E-18
2.262400E+03    1.062800E-18
2.267600E+03    1.026600E-18
2.272700E+03    9.922000E-19
2.277900E+03    9.583400E-19
2.283100E+03    9.287600E-19
2.288300E+03    9.021400E-19
2.293600E+03    8.757900E-19
2.298900E+03    8.502100E-19
2.304100E+03    8.223300E-19
2.309500E+03    7.933900E-19
2.314800E+03    7.659700E-19
2.320200E+03    7.391500E-19
2.325600E+03    7.166700E-19
2.331000E+03    6.948700E-19
2.336400E+03    6.737300E-19
2.341900E+03    6.519500E-19
2.347400E+03    6.291900E-19
2.352900E+03    6.072200E-19
2.358500E+03    5.856500E-19
2.364100E+03    5.626200E-19
2.369700E+03    5.397200E-19
2.375300E+03    5.177500E-19
2.381000E+03    4.962400E-19
2.386600E+03    4.757200E-19
2.392300E+03    4.557100E-19
2.398100E+03    4.362100E-19
2.403800E+03    4.179000E-19
2.409600E+03    4.000700E-19
2.415500E+03    3.827200E-19
2.421300E+03    3.665200E-19
2.427200E+03    3.511600E-19
2.433100E+03    3.364400E-19
2.439000E+03    3.223300E-19
2.445000E+03    3.081000E-19
2.451000E+03    2.944100E-19
2.457000E+03    2.813200E-19
2.463100E+03    2.683800E-19
2.469100E+03    2.560200E-19
2.475200E+03    2.440300E-19
2.481400E+03    2.323600E-19
2.487600E+03    2.210300E-19
2.493800E+03    2.102500E-19
2.500000E+03    2.000000E-19
2.506300E+03    1.900200E-19
2.512600E+03    1.805400E-19
2.518900E+03    1.715300E-19
2.525300E+03    1.629800E-19
2.531600E+03    1.550200E-19
2.538100E+03    1.472100E-19
2.544500E+03    1.397300E-19
2.551000E+03    1.324500E-19
2.557500E+03    1.255600E-19
2.564100E+03    1.186100E-19
2.570700E+03    1.118600E-19
2.577300E+03    1.055000E-19
2.584000E+03    9.935000E-20
2.590700E+03    9.352500E-20
2.597400E+03    8.804000E-20
2.604200E+03    8.309100E-20
2.611000E+03    7.858700E-20
2.617800E+03    7.432800E-20
2.624700E+03    7.025100E-20
2.631600E+03    6.640200E-20
2.638500E+03    6.276400E-20
2.645500E+03    5.938300E-20
2.652500E+03    5.621100E-20
2.659600E+03    5.316700E-20
2.666700E+03    4.941500E-20
2.673800E+03    4.588000E-20
2.681000E+03    4.267800E-20
2.688200E+03    4.043000E-20
2.695400E+03    3.830100E-20
2.702700E+03    3.596700E-20
2.710000E+03    3.331700E-20
2.717400E+03    3.082900E-20
2.724800E+03    2.871600E-20
2.732200E+03    2.684200E-20
2.739700E+03    2.506800E-20
2.747300E+03    2.336600E-20
2.754800E+03    2.179800E-20
2.762400E+03    2.031700E-20
2.770100E+03    1.891900E-20
2.777800E+03    1.761700E-20
2.785500E+03    1.640500E-20
2.793300E+03    1.526100E-20
2.801100E+03    1.419800E-20
2.809000E+03    1.319700E-20
2.816900E+03    1.226600E-20
2.824900E+03    1.139000E-20
2.832900E+03    1.057700E-20
2.840900E+03    9.821400E-21
2.849000E+03    9.111700E-21
2.857100E+03    8.453300E-21
2.865300E+03    7.835200E-21
2.873600E+03    7.255600E-21
2.881800E+03    6.725100E-21
2.890200E+03    6.221800E-21
2.898600E+03    5.756200E-21
2.907000E+03    5.325400E-21
2.915500E+03    4.922400E-21
2.924000E+03    4.549800E-21
2.932600E+03    4.201500E-21
2.941200E+03    3.879900E-21
2.949900E+03    3.579600E-21
2.958600E+03    3.302500E-21
2.967400E+03    4.897300E-21
2.976200E+03    5.347400E-21
2.985100E+03    4.700700E-21
2.994000E+03    4.961200E-21
3.003000E+03    6.380500E-21
3.012000E+03    6.662200E-21
3.021100E+03    6.096200E-21
3.030300E+03    9.282600E-21
3.039500E+03    1.033900E-20
3.048800E+03    1.494300E-20
3.058100E+03    1.339100E-20
3.067500E+03    9.978600E-21
3.076900E+03    1.257600E-20
3.086400E+03    1.787100E-20
3.096000E+03    1.693000E-20
3.105600E+03    1.801700E-20
3.115300E+03    2.248700E-20
3.125000E+03    2.333500E-20
3.134800E+03    2.723700E-20
3.144700E+03    2.941300E-20
3.154600E+03    2.059400E-20
3.164600E+03    2.211500E-20
3.174600E+03    3.745800E-20
3.184700E+03    3.823600E-20
3.194900E+03    3.841000E-20
3.205100E+03    5.283000E-20
3.215400E+03    4.837700E-20
3.225800E+03    4.338400E-20
3.236200E+03    5.344100E-20
3.246800E+03    4.565700E-20
3.257300E+03    2.971500E-20
3.268000E+03    5.074800E-20
3.278700E+03    9.479800E-20
3.289500E+03    5.307400E-20
3.300300E+03    1.017200E-19
3.311300E+03    1.300300E-19
3.322300E+03    6.490600E-20
3.333300E+03    6.827200E-20
3.344500E+03    8.368000E-20
3.355700E+03    6.363700E-20
3.367000E+03    4.307500E-20
3.378400E+03    7.732800E-20
3.389800E+03    1.440200E-19
3.401400E+03    7.985200E-20
3.413000E+03    2.411000E-19
3.424700E+03    1.899200E-19
3.436400E+03    8.087700E-20
3.448300E+03    8.564800E-20
3.460200E+03    9.608000E-20
3.472200E+03    7.454600E-20
3.484300E+03    6.310500E-20
3.496500E+03    7.157700E-20
3.508800E+03    1.643900E-19
3.521100E+03    1.250500E-19
3.533600E+03    2.438300E-19
3.546100E+03    3.996100E-19
3.558700E+03    1.231000E-19
3.571400E+03    9.622300E-20
3.584200E+03    9.146500E-20
3.597100E+03    7.323200E-20
3.610100E+03    6.048000E-20
3.623200E+03    6.214200E-20
3.636400E+03    9.806100E-20
3.649600E+03    1.281100E-19
3.663000E+03    1.690000E-19
3.676500E+03    3.750900E-19
3.690000E+03    3.145000E-19
3.703700E+03    1.268900E-19
3.717500E+03    8.317700E-20
3.731300E+03    6.045900E-20
3.745300E+03    4.005600E-20
3.759400E+03    3.371100E-20
3.773600E+03    3.888300E-20
3.787900E+03    5.350400E-20
3.802300E+03    7.659800E-20
3.816800E+03    1.136500E-19
3.831400E+03    1.735200E-19
3.846200E+03    1.729900E-19
3.861000E+03    1.003900E-19
3.876000E+03    5.100800E-20
3.891100E+03    2.660600E-20
3.906200E+03    1.220000E-20
3.921600E+03    7.077000E-21
3.937000E+03    5.478200E-21
3.952600E+03    3.510400E-21
3.968300E+03    0.000000E+00
3.984100E+03    0.000000E+00
4.000000E+03    0.000000E+00
4.016100E+03    0.000000E+00
4.032300E+03    0.000000E+00
4.048600E+03    0.000000E+00
4.065000E+03    0.000000E+00
4.081600E+03    0.000000E+00
4.098400E+03    0.000000E+00
4.115200E+03    0.000000E+00
4.132200E+03    0.000000E+00
4.149400E+03    0.000000E+00
4.166700E+03    0.000000E+00
4.184100E+03    0.000000E+00
4.201700E+03    0.000000E+00
4.219400E+03    0.000000E+00
4.237300E+03    0.000000E+00
4.255300E+03    0.000000E+00
4.273500E+03    0.000000E+00
4.291800E+03    0.000000E+00
4.310300E+03    0.000000E+00
4.329000E+03    0.000000E+00
4.347800E+03    0.000000E+00
4.366800E+03    0.000000E+00
4.386000E+03    0.000000E+00
4.405300E+03    0.000000E+00
4.424800E+03    0.000000E+00
4.444400E+03    0.000000E+00
4.464300E+03    0.000000E+00
4.484300E+03    0.000000E+00
4.504500E+03    0.000000E+00
4.524900E+03    0.000000E+00
4.545500E+03    0.000000E+00
4.566200E+03    0.000000E+00
4.587200E+03    0.000000E+00
4.608300E+03    0.000000E+00
4.629600E+03    0.000000E+00
4.651200E+03    0.000000E+00
4.672900E+03    0.000000E+00
4.694800E+03    0.000000E+00
4.717000E+03    0.000000E+00
4.739300E+03    0.000000E+00
4.761900E+03    0.000000E+00
4.784700E+03    0.000000E+00
4.807700E+03    0.000000E+00
4.830900E+03    0.000000E+00
4.854400E+03    0.000000E+00
4.878000E+03    0.000000E+00
4.902000E+03    0.000000E+00
4.926100E+03    0.000000E+00
4.950500E+03    0.000000E+00
4.975100E+03    0.000000E+00
5.000000E+03    0.000000E+00
5.025100E+03    0.000000E+00
5.050500E+03    0.000000E+00
5.076100E+03    0.000000E+00
5.102000E+03    0.000000E+00
5.128200E+03    0.000000E+00
5.154600E+03    0.000000E+00
5.181300E+03    0.000000E+00
5.208300E+03    0.000000E+00
5.235600E+03    0.000000E+00
5.263200E+03    0.000000E+00
5.291000E+03    0.000000E+00
5.319100E+03    0.000000E+00
5.347600E+03    0.000000E+00
5.376300E+03    0.000000E+00
5.405400E+03    0.000000E+00
5.434800E+03    0.000000E+00
5.464500E+03    0.000000E+00
5.494500E+03    0.000000E+00
5.524900E+03    0.000000E+00
5.555600E+03    0.000000E+00
5.586600E+03    0.000000E+00
5.618000E+03    0.000000E+00
5.649700E+03    0.000000E+00
5.681800E+03    0.000000E+00
5.714300E+03    0.000000E+00
5.747100E+03    0.000000E+00
5.780300E+03    0.000000E+00
5.814000E+03    0.000000E+00
5.848000E+03    0.000000E+00
5.882400E+03    0.000000E+00
5.917200E+03    0.000000E+00
5.952400E+03    0.000000E+00
5.988000E+03    0.000000E+00
6.024100E+03    0.000000E+00
6.060600E+03    0.000000E+00
6.097600E+03    0.000000E+00
6.135000E+03    0.000000E+00
6.172800E+03    0.000000E+00
6.211200E+03    0.000000E+00
6.250000E+03    0.000000E+00
6.289300E+03    0.000000E+00
6.329100E+03    0.000000E+00
6.369400E+03    0.000000E+00
6.410300E+03    0.000000E+00
6.451600E+03    0.000000E+00
6.493500E+03    0.000000E+00
6.535900E+03    0.000000E+00
6.578900E+03    0.000000E+00
6.622500E+03    0.000000E+00
6.666700E+03    0.000000E+00
6.711400E+03    0.000000E+00
6.756800E+03    0.000000E+00
6.802700E+03    0.000000E+00
6.849300E+03    0.000000E+00
6.896600E+03    0.000000E+00
6.944400E+03    0.000000E+00
6.993000E+03    0.000000E+00
7.042300E+03    0.000000E+00
7.092200E+03    0.000000E+00
7.142900E+03    0.000000E+00
7.194200E+03    0.000000E+00
7.246400E+03    0.000000E+00
7.299300E+03    0.000000E+00
7.352900E+03    0.000000E+00
7.407400E+03    0.000000E+00
7.462700E+03    0.000000E+00
7.518800E+03    0.000000E+00
7.575800E+03    0.000000E+00
7.633600E+03    0.000000E+00
7.692300E+03    0.000000E+00
7.751900E+03    0.000000E+00
7.812500E+03    0.000000E+00
7.874000E+03    0.000000E+00
7.936500E+03    0.000000E+00
8.000000E+03    0.000000E+00
8.064500E+03    0.000000E+00
8.130100E+03    0.000000E+00
8.196700E+03    0.000000E+00
8.264500E+03    0.000000E+00
8.333300E+03    0.000000E+00
8.403400E+03    0.000000E+00
8.474600E+03    0.000000E+00
8.547000E+03    0.000000E+00
8.620700E+03    0.000000E+00
8.695700E+03    0.000000E+00
8.771900E+03    0.000000E+00
8.849600E+03    0.000000E+00
8.928600E+03    0.000000E+00
9.009000E+03    0.000000E+00
9.090900E+03    0.000000E+00
9.174300E+03    0.000000E+00
9.259300E+03    0.000000E+00
9.345800E+03    0.000000E+00
9.434000E+03    0.000000E+00
9.523800E+03    0.000000E+00
9.615400E+03    0.000000E+00
9.708700E+03    0.000000E+00
9.803900E+03    0.000000E+00
9.901000E+03    0.000000E+00