WL(um)	Flux(W/m2/um)
0.1151	2.41E+01
0.1152	1.77E+01
0.1154	1.33E+01
0.1156	2.01E+01
0.1157	1.42E+01
0.1159	1.22E+01
0.1161	1.17E+01
0.1162	1.49E+01
0.1164	6.42E+00
0.1166	6.53E+00
0.1167	9.61E+00
0.1169	8.52E+00
0.1171	9.75E+00
0.1172	7.61E+00
0.1174	8.23E+00
0.1176	8.12E+00
0.1177	6.89E+00
0.1179	5.40E+00
0.1181	5.69E+00
0.1182	4.93E+00
0.1184	5.91E+00
0.1186	5.58E+00
0.1187	6.49E+00
0.1189	4.97E+00
0.1191	4.75E+00
0.1192	4.39E+00
0.1194	2.66E+00
0.1196	2.53E+00
0.1198	4.42E+00
0.1199	3.58E+00
0.1201	4.10E+00
0.1203	5.15E+00
0.1204	5.73E+00
0.1206	5.91E+00
0.1208	5.84E+00
0.1209	1.11E+01
0.1211	1.92E+01
0.1213	2.98E+01
0.1214	3.53E+01
0.1216	3.62E+01
0.1218	2.94E+01
0.1219	1.88E+01
0.1221	1.29E+01
0.1223	7.76E+00
0.1224	4.42E+00
0.1226	3.11E+00
0.1228	2.83E+00
0.1229	3.36E+00
0.1231	2.98E+00
0.1233	2.36E+00
0.1234	3.24E+00
0.1236	2.11E+00
0.1238	2.35E+00
0.1239	2.76E+00
0.1241	2.55E+00
0.1243	2.40E+00
0.1244	2.61E+00
0.1246	2.98E+00
0.1248	3.38E+00
0.1249	3.04E+00
0.1251	2.22E+00
0.1253	2.86E+00
0.1255	1.54E+00
0.1256	2.35E+00
0.1258	2.94E+00
0.126	2.19E+00
0.1261	2.88E+00
0.1263	2.23E+00
0.1265	2.26E+00
0.1266	2.37E+00
0.1268	2.74E+00
0.127	2.12E+00
0.1271	2.67E+00
0.1273	2.56E+00
0.1275	2.49E+00
0.1276	3.10E+00
0.1278	2.96E+00
0.128	2.61E+00
0.1281	2.82E+00
0.1283	2.41E+00
0.1285	2.88E+00
0.1286	2.91E+00
0.1288	2.37E+00
0.129	2.77E+00
0.1291	3.41E+00
0.1293	3.16E+00
0.1295	3.23E+00
0.1296	3.03E+00
0.1298	3.92E+00
0.13	2.46E+00
0.1301	3.29E+00
0.1303	3.11E+00
0.1305	2.63E+00
0.1306	2.94E+00
0.1308	2.43E+00
0.131	2.74E+00
0.1312	2.35E+00
0.1313	2.31E+00
0.1315	2.44E+00
0.1317	3.32E+00
0.1318	2.63E+00
0.132	2.68E+00
0.1322	2.32E+00
0.1323	2.57E+00
0.1325	3.01E+00
0.1327	2.66E+00
0.1328	3.29E+00
0.133	2.32E+00
0.1332	4.42E+00
0.1333	4.50E+00
0.1335	5.47E+00
0.1337	4.06E+00
0.1338	3.51E+00
0.134	2.42E+00
0.1342	3.58E+00
0.1343	2.98E+00
0.1345	3.40E+00
0.1347	2.92E+00
0.1348	2.10E+00
0.135	2.81E+00
0.1352	2.52E+00
0.1353	3.26E+00
0.1355	3.70E+00
0.1357	3.38E+00
0.1358	2.90E+00
0.136	3.55E+00
0.1362	3.40E+00
0.1363	4.89E+00
0.1365	3.95E+00
0.1367	3.31E+00
0.1369	3.81E+00
0.137	3.63E+00
0.1372	3.60E+00
0.1374	3.16E+00
0.1375	3.88E+00
0.1377	3.02E+00
0.1379	3.95E+00
0.138	3.66E+00
0.1382	4.42E+00
0.1384	3.81E+00
0.1385	3.55E+00
0.1387	5.15E+00
0.1389	4.42E+00
0.139	4.21E+00
0.1392	3.95E+00
0.1394	5.04E+00
0.1395	5.44E+00
0.1397	6.13E+00
0.1399	3.36E+00
0.14	4.24E+00
0.1402	4.17E+00
0.1404	3.88E+00
0.1405	4.79E+00
0.1407	4.17E+00
0.1409	5.87E+00
0.141	5.66E+00
0.1412	4.53E+00
0.1414	4.02E+00
0.1415	3.73E+00
0.1417	4.31E+00
0.1419	4.89E+00
0.142	5.00E+00
0.1422	5.95E+00
0.1424	4.82E+00
0.1426	4.50E+00
0.1427	5.26E+00
0.1429	4.89E+00
0.1431	5.44E+00
0.1432	4.97E+00
0.1434	5.08E+00
0.1436	5.73E+00
0.1437	5.15E+00
0.1439	5.00E+00
0.1441	6.16E+00
0.1442	5.51E+00
0.1444	5.15E+00
0.1446	4.93E+00
0.1447	6.53E+00
0.1449	5.69E+00
0.1451	5.95E+00
0.1452	6.31E+00
0.1454	6.31E+00
0.1456	6.31E+00
0.1457	5.80E+00
0.1459	6.85E+00
0.1461	7.50E+00
0.1462	7.07E+00
0.1464	6.67E+00
0.1466	7.14E+00
0.1467	8.30E+00
0.1469	8.12E+00
0.1471	7.25E+00
0.1472	7.14E+00
0.1474	6.42E+00
0.1476	6.78E+00
0.1477	6.85E+00
0.1479	8.48E+00
0.1481	8.30E+00
0.1483	7.07E+00
0.1484	6.67E+00
0.1486	7.21E+00
0.1488	7.58E+00
0.1489	7.79E+00
0.1491	7.58E+00
0.1493	9.14E+00
0.1494	8.95E+00
0.1496	8.59E+00
0.1498	8.16E+00
0.1499	7.43E+00
0.1501	7.14E+00
0.1503	7.32E+00
0.1504	7.69E+00
0.1506	6.96E+00
0.1508	7.87E+00
0.1509	8.41E+00
0.1511	7.61E+00
0.1513	7.69E+00
0.1514	7.50E+00
0.1516	7.98E+00
0.1518	9.43E+00
0.1519	9.03E+00
0.1521	8.12E+00
0.1523	8.30E+00
0.1524	8.95E+00
0.1526	8.70E+00
0.1528	7.98E+00
0.1529	8.77E+00
0.1531	8.95E+00
0.1533	8.77E+00
0.1534	9.79E+00
0.1536	9.50E+00
0.1538	9.14E+00
0.154	9.57E+00
0.1541	9.50E+00
0.1543	9.86E+00
0.1545	1.03E+01
0.1546	1.22E+01
0.1548	1.28E+01
0.155	1.35E+01
0.1551	1.11E+01
0.1553	1.07E+01
0.1555	1.08E+01
0.1556	1.02E+01
0.1558	1.09E+01
0.156	1.16E+01
0.1561	1.07E+01
0.1563	1.13E+01
0.1565	1.30E+01
0.1566	1.18E+01
0.1568	1.19E+01
0.157	1.10E+01
0.1571	1.20E+01
0.1573	1.15E+01
0.1575	1.23E+01
0.1576	1.15E+01
0.1578	1.23E+01
0.158	1.33E+01
0.1581	1.34E+01
0.1583	1.37E+01
0.1585	1.35E+01
0.1586	1.27E+01
0.1588	1.15E+01
0.159	1.33E+01
0.1591	1.15E+01
0.1593	1.24E+01
0.1595	1.27E+01
0.1596	1.37E+01
0.1598	1.39E+01
0.16	1.33E+01
0.1602	1.31E+01
0.1603	1.44E+01
0.1605	1.28E+01
0.1607	1.36E+01
0.1608	1.46E+01
0.161	1.49E+01
0.1612	1.38E+01
0.1613	1.51E+01
0.1615	1.33E+01
0.1617	1.41E+01
0.1618	1.56E+01
0.162	1.52E+01
0.1622	1.48E+01
0.1623	1.53E+01
0.1625	1.67E+01
0.1627	1.63E+01
0.1628	1.66E+01
0.163	1.60E+01
0.1632	1.58E+01
0.1633	1.58E+01
0.1635	1.70E+01
0.1637	1.72E+01
0.1638	1.83E+01
0.164	1.77E+01
0.1642	1.95E+01
0.1643	1.86E+01
0.1645	1.88E+01
0.1647	1.82E+01
0.1648	1.73E+01
0.165	1.74E+01
0.1652	1.81E+01
0.1653	1.81E+01
0.1655	1.79E+01
0.1657	1.90E+01
0.1659	1.87E+01
0.166	1.97E+01
0.1662	2.10E+01
0.1664	2.18E+01
0.1665	2.25E+01
0.1667	2.11E+01
0.1669	2.19E+01
0.167	2.05E+01
0.1672	2.17E+01
0.1674	2.24E+01
0.1675	2.43E+01
0.1677	2.58E+01
0.1679	2.60E+01
0.168	2.57E+01
0.1682	2.65E+01
0.1684	2.77E+01
0.1685	2.81E+01
0.1687	2.99E+01
0.1689	2.97E+01
0.169	3.02E+01
0.1692	3.34E+01
0.1694	3.66E+01
0.1695	4.02E+01
0.1697	4.60E+01
0.1699	5.00E+01
0.17	5.55E+01
0.1702	5.87E+01
0.1704	6.13E+01
0.1705	6.67E+01
0.1707	7.69E+01
0.1709	8.95E+01
0.171	8.95E+01
0.1712	8.70E+01
0.1714	9.61E+01
0.1716	1.09E+02
0.1717	1.19E+02
0.1719	1.10E+02
0.1721	8.52E+01
0.1722	8.85E+01
0.1724	8.77E+01
0.1726	1.02E+02
0.1727	1.22E+02
0.1729	1.29E+02
0.1731	1.27E+02
0.1732	1.21E+02
0.1734	1.18E+02
0.1736	1.11E+02
0.1737	1.07E+02
0.1739	1.16E+02
0.1741	1.20E+02
0.1742	1.22E+02
0.1744	1.28E+02
0.1746	1.29E+02
0.1747	1.40E+02
0.1749	1.48E+02
0.1751	1.53E+02
0.1752	1.60E+02
0.1754	1.68E+02
0.1756	1.61E+02
0.1757	1.68E+02
0.1759	1.51E+02
0.1761	1.44E+02
0.1762	1.49E+02
0.1764	1.31E+02
0.1766	1.44E+02
0.1767	1.59E+02
0.1769	1.67E+02
0.1771	1.77E+02
0.1773	1.86E+02
0.1774	1.84E+02
0.1776	2.05E+02
0.1778	2.03E+02
0.1779	2.17E+02
0.1781	2.06E+02
0.1783	1.93E+02
0.1784	1.81E+02
0.1786	1.94E+02
0.1788	2.00E+02
0.1789	2.07E+02
0.1791	2.32E+02
0.1793	1.93E+02
0.1794	2.09E+02
0.1796	2.04E+02
0.1798	1.94E+02
0.1799	2.04E+02
0.1801	2.12E+02
0.1803	1.95E+02
0.1804	1.87E+02
0.1806	1.77E+02
0.1808	1.60E+02
0.1809	1.73E+02
0.1811	2.04E+02
0.1813	2.00E+02
0.1814	2.01E+02
0.1816	2.23E+02
0.1818	2.26E+02
0.1819	2.24E+02
0.1821	2.58E+02
0.1823	2.43E+02
0.1824	2.11E+02
0.1826	2.06E+02
0.1828	2.20E+02
0.183	2.35E+02
0.1831	2.31E+02
0.1833	2.38E+02
0.1835	2.30E+02
0.1836	2.01E+02
0.1838	2.02E+02
0.184	2.10E+02
0.1841	1.92E+02
0.1843	1.89E+02
0.1845	1.77E+02
0.1846	1.61E+02
0.1848	1.51E+02
0.185	1.58E+02
0.1851	1.67E+02
0.1853	1.89E+02
0.1855	1.91E+02
0.1856	2.15E+02
0.1858	2.33E+02
0.186	2.15E+02
0.1861	2.49E+02
0.1863	2.37E+02
0.1865	2.62E+02
0.1866	2.89E+02
0.1868	3.00E+02
0.187	2.91E+02
0.1871	2.68E+02
0.1873	2.60E+02
0.1875	2.57E+02
0.1876	2.66E+02
0.1878	2.95E+02
0.188	2.97E+02
0.1881	3.12E+02
0.1883	3.23E+02
0.1885	3.07E+02
0.1887	3.04E+02
0.1888	2.89E+02
0.189	3.06E+02
0.1892	3.08E+02
0.1893	3.06E+02
0.1895	3.09E+02
0.1897	3.02E+02
0.1898	2.78E+02
0.19	2.66E+02
0.1902	2.73E+02
0.1903	2.98E+02
0.1905	2.94E+02
0.1907	2.85E+02
0.1908	2.96E+02
0.191	3.07E+02
0.1912	3.04E+02
0.1913	2.95E+02
0.1915	3.21E+02
0.1917	3.41E+02
0.1918	3.23E+02
0.192	3.33E+02
0.1922	3.41E+02
0.1923	2.90E+02
0.1925	2.77E+02
0.1927	2.60E+02
0.1928	2.18E+02
0.193	1.91E+02
0.1932	1.74E+02
0.1933	1.92E+02
0.1935	2.11E+02
0.1937	2.43E+02
0.1938	2.72E+02
0.194	3.16E+02
0.1942	3.12E+02
0.1944	3.29E+02
0.1945	3.40E+02
0.1947	3.23E+02
0.1949	3.42E+02
0.195	3.45E+02
0.1952	3.32E+02
0.1954	3.54E+02
0.1955	3.49E+02
0.1957	3.33E+02
0.1959	3.15E+02
0.196	3.14E+02
0.1962	3.27E+02
0.1964	3.17E+02
0.1965	3.16E+02
0.1967	3.32E+02
0.1969	3.31E+02
0.197	3.31E+02
0.1972	3.08E+02
0.1974	2.92E+02
0.1975	3.26E+02
0.1977	3.39E+02
0.1979	3.38E+02
0.198	3.37E+02
0.1982	4.50E+02
0.1985	3.70E+02
0.1988	3.73E+02
0.199	3.61E+02
0.1993	3.62E+02
0.1996	3.77E+02
0.1998	3.66E+02
0.2001	3.88E+02
0.2004	3.63E+02
0.2006	4.31E+02
0.2009	3.84E+02
0.2012	3.70E+02
0.2014	4.86E+02
0.2017	4.10E+02
0.202	4.39E+02
0.2022	4.35E+02
0.2025	4.24E+02
0.2028	4.17E+02
0.203	4.68E+02
0.2033	4.39E+02
0.2036	4.75E+02
0.2038	4.75E+02
0.2041	4.75E+02
0.2044	5.55E+02
0.2046	6.02E+02
0.2049	5.55E+02
0.2052	5.66E+02
0.2054	5.62E+02
0.2057	5.18E+02
0.206	5.55E+02
0.2062	4.64E+02
0.2065	5.66E+02
0.2068	5.44E+02
0.207	6.05E+02
0.2073	6.24E+02
0.2076	7.21E+02
0.2078	7.43E+02
0.2081	7.47E+02
0.2084	6.49E+02
0.2086	6.56E+02
0.2089	6.82E+02
0.2092	6.09E+02
0.2094	6.53E+02
0.2097	6.60E+02
0.21	6.20E+02
0.2102	6.67E+02
0.2105	6.16E+02
0.2108	6.31E+02
0.211	4.24E+02
0.2113	5.87E+02
0.2116	6.60E+02
0.2118	7.83E+02
0.2121	7.76E+02
0.2124	5.18E+02
0.2126	5.76E+02
0.2129	5.76E+02
0.2132	4.60E+02
0.2134	4.31E+02
0.2137	5.84E+02
0.214	4.79E+02
0.2142	7.21E+02
0.2145	6.89E+02
0.2148	5.44E+02
0.215	5.47E+02
0.2153	6.89E+02
0.2156	7.00E+02
0.2158	5.87E+02
0.2161	6.31E+02
0.2164	6.27E+02
0.2166	4.02E+02
0.2169	5.18E+02
0.2172	6.31E+02
0.2174	5.58E+02
0.2177	5.00E+02
0.218	6.63E+02
0.2182	7.94E+02
0.2185	6.42E+02
0.2188	5.22E+02
0.219	6.16E+02
0.2193	6.16E+02
0.2196	8.12E+02
0.2198	8.19E+02
0.2201	6.56E+02
0.2204	8.85E+02
0.2206	6.24E+02
0.2209	6.27E+02
0.2212	3.10E+02
0.2214	5.91E+02
0.2217	6.31E+02
0.222	6.96E+02
0.2222	7.21E+02
0.2225	7.25E+02
0.2228	5.66E+02
0.223	6.31E+02
0.2233	7.07E+02
0.2236	7.54E+02
0.2238	8.23E+02
0.2241	8.41E+02
0.2244	6.92E+02
0.2246	6.60E+02
0.2249	5.58E+02
0.2252	5.47E+02
0.2254	4.24E+02
0.2257	5.33E+02
0.226	6.45E+02
0.2263	7.25E+02
0.2265	6.13E+02
0.2268	4.89E+02
0.2271	4.93E+02
0.2273	5.80E+02
0.2276	4.17E+02
0.2279	4.60E+02
0.2281	7.47E+02
0.2284	7.07E+02
0.2287	7.72E+02
0.2289	6.38E+02
0.2292	6.13E+02
0.2295	6.34E+02
0.2297	5.18E+02
0.23	3.99E+02
0.2303	5.80E+02
0.2305	6.74E+02
0.2308	7.61E+02
0.2311	6.96E+02
0.2313	4.97E+02
0.2316	7.18E+02
0.2319	6.92E+02
0.2321	5.15E+02
0.2324	7.00E+02
0.2327	5.33E+02
0.2329	5.51E+02
0.2332	4.89E+02
0.2335	3.44E+02
0.2337	5.00E+02
0.234	2.94E+02
0.2343	3.70E+02
0.2345	3.52E+01
0.2348	1.14E+02
0.2351	4.17E+02
0.2353	5.47E+02
0.2356	5.18E+02
0.2359	5.40E+02
0.2361	2.66E+02
0.2364	4.75E+02
0.2367	3.00E+02
0.2369	4.31E+02
0.2372	5.47E+02
0.2375	4.28E+02
0.2377	5.22E+02
0.238	3.92E+02
0.2383	1.15E+02
0.2385	3.44E+02
0.2388	3.95E+02
0.2391	4.06E+02
0.2393	5.47E+02
0.2396	1.15E+02
0.2399	3.38E+02
0.2401	3.84E+02
0.2404	3.92E+02
0.2407	1.67E+02
0.2409	3.95E+02
0.2412	2.26E+02
0.2415	3.59E+02
0.2417	4.93E+02
0.242	6.13E+02
0.2423	7.47E+02
0.2425	6.20E+02
0.2428	7.11E+02
0.2431	6.49E+02
0.2433	6.42E+02
0.2436	5.58E+02
0.2439	6.27E+02
0.2441	6.02E+02
0.2444	7.07E+02
0.2447	5.51E+02
0.2449	5.73E+02
0.2452	5.29E+02
0.2455	5.29E+02
0.2457	6.02E+02
0.246	5.98E+02
0.2463	4.75E+02
0.2465	4.86E+02
0.2468	4.71E+02
0.2471	5.04E+02
0.2473	5.73E+02
0.2476	6.34E+02
0.2479	5.51E+02
0.2481	5.87E+02
0.2484	4.02E+02
0.2487	6.13E+02
0.2489	4.35E+02
0.2492	3.92E+02
0.2495	5.91E+02
0.2497	6.85E+02
0.25	7.32E+02
0.2503	6.67E+02
0.2505	7.07E+02
0.2508	5.62E+02
0.2511	6.82E+02
0.2513	5.26E+02
0.2516	3.77E+02
0.2519	3.99E+02
0.2521	4.57E+02
0.2524	3.25E+02
0.2527	3.73E+02
0.2529	3.32E+02
0.2532	4.86E+02
0.2535	4.64E+02
0.2537	4.24E+02
0.254	4.39E+02
0.2543	4.02E+02
0.2545	4.64E+02
0.2548	4.17E+02
0.2551	3.88E+02
0.2553	6.42E+02
0.2556	6.78E+02
0.2559	6.63E+02
0.2561	6.85E+02
0.2564	5.26E+02
0.2567	6.92E+02
0.2569	8.23E+02
0.2572	8.59E+02
0.2575	7.98E+02
0.2577	6.16E+02
0.258	8.30E+02
0.2583	7.54E+02
0.2585	7.00E+02
0.2588	7.36E+02
0.2591	9.35E+02
0.2594	7.07E+02
0.2596	7.83E+02
0.2599	4.42E+02
0.2602	5.62E+02
0.2604	7.76E+02
0.2607	3.81E+02
0.261	5.69E+02
0.2612	3.99E+02
0.2615	5.47E+02
0.2618	6.82E+02
0.262	7.40E+02
0.2623	7.83E+02
0.2626	7.07E+02
0.2628	6.02E+02
0.2631	5.08E+02
0.2634	6.31E+02
0.2636	1.06E+03
0.2639	1.12E+03
0.2642	1.18E+03
0.2644	1.37E+03
0.2647	1.24E+03
0.265	1.21E+03
0.2652	1.22E+03
0.2655	1.28E+03
0.2658	1.29E+03
0.266	1.16E+03
0.2663	1.09E+03
0.2666	1.03E+03
0.2668	9.79E+02
0.2671	1.02E+03
0.2674	9.86E+02
0.2676	1.18E+03
0.2679	1.01E+03
0.2682	1.09E+03
0.2684	1.12E+03
0.2687	1.09E+03
0.269	1.02E+03
0.2692	1.09E+03
0.2695	1.09E+03
0.2698	1.06E+03
0.27	1.07E+03
0.2703	1.09E+03
0.2706	1.16E+03
0.2708	1.08E+03
0.2711	1.05E+03
0.2714	1.06E+03
0.2716	1.01E+03
0.2719	1.03E+03
0.2722	1.09E+03
0.2724	1.02E+03
0.2727	9.53E+02
0.273	1.04E+03
0.2732	1.09E+03
0.2735	1.00E+03
0.2738	8.99E+02
0.274	7.76E+02
0.2743	7.29E+02
0.2746	7.50E+02
0.2748	6.34E+02
0.2751	6.34E+02
0.2754	8.92E+02
0.2756	6.85E+02
0.2759	9.97E+02
0.2762	9.86E+02
0.2764	9.82E+02
0.2767	1.05E+03
0.277	9.64E+02
0.2772	1.11E+03
0.2775	1.12E+03
0.2778	9.90E+02
0.278	8.52E+02
0.2783	8.85E+02
0.2786	8.77E+02
0.2788	8.48E+02
0.2791	5.26E+02
0.2794	3.02E+02
0.2796	1.87E+02
0.2799	2.33E+02
0.2802	2.70E+02
0.2804	2.89E+02
0.2807	5.40E+02
0.281	8.05E+02
0.2812	8.92E+02
0.2815	1.06E+03
0.2818	1.12E+03
0.282	1.23E+03
0.2823	1.24E+03
0.2826	1.30E+03
0.2828	1.31E+03
0.2831	1.29E+03
0.2834	1.25E+03
0.2836	1.11E+03
0.2839	1.21E+03
0.2842	1.08E+03
0.2844	1.11E+03
0.2847	1.09E+03
0.285	9.68E+02
0.2852	6.85E+02
0.2855	9.50E+02
0.2858	1.06E+03
0.286	1.26E+03
0.2863	1.24E+03
0.2866	1.23E+03
0.2868	1.12E+03
0.2871	1.14E+03
0.2874	1.26E+03
0.2876	1.24E+03
0.2879	1.17E+03
0.2882	1.03E+03
0.2884	1.20E+03
0.2887	1.27E+03
0.289	1.15E+03
0.2892	1.16E+03
0.2895	1.19E+03
0.2898	1.37E+03
0.29	1.48E+03
0.2903	1.51E+03
0.291	1.58E+03
0.293	1.45E+03
0.295	1.44E+03
0.297	1.54E+03
0.299	1.58E+03
0.301	1.66E+03
0.303	1.63E+03
0.305	1.68E+03
0.307	1.70E+03
0.309	1.73E+03
0.311	1.72E+03
0.313	1.71E+03
0.315	1.70E+03
0.317	1.76E+03
0.319	1.59E+03
0.321	1.72E+03
0.323	1.53E+03
0.325	1.75E+03
0.327	1.90E+03
0.329	1.86E+03
0.331	1.91E+03
0.333	1.90E+03
0.335	1.90E+03
0.337	1.74E+03
0.339	1.83E+03
0.341	1.82E+03
0.343	1.83E+03
0.345	1.88E+03
0.347	1.88E+03
0.349	1.93E+03
0.351	1.97E+03
0.353	1.90E+03
0.355	2.08E+03
0.357	1.86E+03
0.359	1.82E+03
0.361	1.88E+03
0.363	1.88E+03
0.364	1.91E+03
0.365	2.08E+03
0.367	2.01E+03
0.369	1.88E+03
0.371	2.03E+03
0.373	1.91E+03
0.375	2.12E+03
0.377	2.29E+03
0.379	2.49E+03
0.381	2.70E+03
0.383	2.10E+03
0.385	2.77E+03
0.387	2.88E+03
0.389	2.38E+03
0.391	2.82E+03
0.393	1.67E+03
0.395	2.49E+03
0.397	1.73E+03
0.399	2.98E+03
0.401	3.14E+03
0.403	3.18E+03
0.405	3.12E+03
0.407	3.07E+03
0.409	3.03E+03
0.411	2.70E+03
0.413	3.16E+03
0.415	3.25E+03
0.417	3.23E+03
0.419	3.20E+03
0.421	3.18E+03
0.423	3.09E+03
0.425	3.14E+03
0.427	3.05E+03
0.429	2.98E+03
0.431	2.72E+03
0.433	2.86E+03
0.435	2.62E+03
0.437	3.18E+03
0.439	3.07E+03
0.441	3.10E+03
0.443	3.09E+03
0.445	3.09E+03
0.447	3.14E+03
0.449	3.10E+03
0.451	3.29E+03
0.453	3.09E+03
0.455	3.10E+03
0.457	3.23E+03
0.459	3.09E+03
0.461	3.14E+03
0.463	3.09E+03
0.465	3.10E+03
0.467	3.14E+03
0.469	3.09E+03
0.471	2.95E+03
0.473	3.09E+03
0.475	3.10E+03
0.477	3.07E+03
0.479	3.05E+03
0.481	3.01E+03
0.483	3.01E+03
0.485	2.72E+03
0.487	2.32E+03
0.489	2.86E+03
0.491	2.88E+03
0.493	2.85E+03
0.495	2.90E+03
0.497	2.94E+03
0.499	2.77E+03
0.501	2.70E+03
0.503	2.81E+03
0.505	2.79E+03
0.507	2.85E+03
0.509	2.79E+03
0.511	2.81E+03
0.513	2.73E+03
0.515	2.68E+03
0.517	2.58E+03
0.519	2.57E+03
0.521	2.64E+03
0.523	2.66E+03
0.525	2.70E+03
0.527	2.49E+03
0.529	2.64E+03
0.531	2.66E+03
0.533	2.53E+03
0.535	2.62E+03
0.537	2.60E+03
0.539	2.58E+03
0.541	2.51E+03
0.543	2.55E+03
0.545	2.57E+03
0.547	2.53E+03
0.549	2.55E+03
0.551	2.53E+03
0.553	2.51E+03
0.555	2.51E+03
0.557	2.45E+03
0.559	2.44E+03
0.561	2.45E+03
0.563	2.45E+03
0.565	2.45E+03
0.567	2.40E+03
0.569	2.42E+03
0.571	2.38E+03
0.573	2.45E+03
0.575	2.40E+03
0.577	2.40E+03
0.579	2.36E+03
0.581	2.38E+03
0.583	2.38E+03
0.585	2.34E+03
0.587	2.32E+03
0.589	2.27E+03
0.591	2.31E+03
0.593	2.29E+03
0.595	2.29E+03
0.597	2.27E+03
0.599	2.25E+03
0.601	2.21E+03
0.603	2.21E+03
0.605	2.23E+03
0.607	2.21E+03
0.609	2.18E+03
0.611	2.16E+03
0.613	2.10E+03
0.615	2.10E+03
0.617	2.08E+03
0.619	2.12E+03
0.621	2.12E+03
0.623	2.08E+03
0.625	2.03E+03
0.627	2.08E+03
0.629	2.06E+03
0.631	2.03E+03
0.633	2.03E+03
0.635	2.01E+03
0.637	2.01E+03
0.639	2.01E+03
0.641	1.95E+03
0.643	1.95E+03
0.645	1.93E+03
0.647	1.93E+03
0.649	1.90E+03
0.651	1.91E+03
0.653	1.88E+03
0.655	1.74E+03
0.657	1.44E+03
0.659	1.81E+03
0.661	1.86E+03
0.663	1.86E+03
0.665	1.85E+03
0.667	1.83E+03
0.669	1.84E+03
0.671	1.82E+03
0.673	1.82E+03
0.675	1.80E+03
0.677	1.79E+03
0.679	1.78E+03
0.681	1.77E+03
0.683	1.76E+03
0.685	1.74E+03
0.687	1.74E+03
0.689	1.73E+03
0.691	1.72E+03
0.693	1.71E+03
0.695	1.70E+03
0.697	1.69E+03
0.699	1.69E+03
0.701	1.65E+03
0.703	1.66E+03
0.705	1.65E+03
0.707	1.64E+03
0.709	1.63E+03
0.711	1.61E+03
0.713	1.60E+03
0.715	1.59E+03
0.717	1.58E+03
0.719	1.56E+03
0.721	1.57E+03
0.723	1.56E+03
0.725	1.55E+03
0.727	1.55E+03
0.729	1.52E+03
0.731	1.52E+03
0.733	1.51E+03
0.735	1.51E+03
0.737	1.50E+03
0.739	1.48E+03
0.741	1.45E+03
0.743	1.46E+03
0.745	1.46E+03
0.747	1.45E+03
0.749	1.44E+03
0.751	1.44E+03
0.753	1.43E+03
0.755	1.43E+03
0.757	1.42E+03
0.759	1.41E+03
0.761	1.40E+03
0.763	1.40E+03
0.765	1.38E+03
0.767	1.36E+03
0.769	1.37E+03
0.771	1.35E+03
0.773	1.35E+03
0.775	1.34E+03
0.777	1.32E+03
0.779	1.34E+03
0.781	1.33E+03
0.783	1.31E+03
0.785	1.30E+03
0.787	1.30E+03
0.789	1.29E+03
0.791	1.28E+03
0.793	1.27E+03
0.795	1.26E+03
0.797	1.27E+03
0.799	1.26E+03
0.801	1.25E+03
0.803	1.24E+03
0.805	1.23E+03
0.807	1.23E+03
0.809	1.22E+03
0.811	1.22E+03
0.813	1.21E+03
0.815	1.21E+03
0.817	1.20E+03
0.819	1.17E+03
0.821	1.17E+03
0.823	1.16E+03
0.825	1.16E+03
0.827	1.17E+03
0.829	1.16E+03
0.831	1.15E+03
0.833	1.13E+03
0.835	1.13E+03
0.837	1.13E+03
0.839	1.11E+03
0.841	1.12E+03
0.843	1.10E+03
0.845	1.09E+03
0.847	1.08E+03
0.849	1.08E+03
0.851	1.04E+03
0.853	1.08E+03
0.855	9.97E+02
0.857	1.08E+03
0.859	1.04E+03
0.861	1.03E+03
0.863	1.06E+03
0.865	1.05E+03
0.867	9.43E+02
0.869	1.03E+03
0.871	1.04E+03
0.873	1.03E+03
0.875	9.53E+02
0.877	1.01E+03
0.879	1.02E+03
0.881	1.01E+03
0.883	1.00E+03
0.885	9.75E+02
0.887	9.10E+02
0.889	9.90E+02
0.891	9.90E+02
0.893	9.79E+02
0.895	9.82E+02
0.897	9.75E+02
0.899	9.64E+02
0.901	8.74E+02
0.903	9.21E+02
0.905	9.57E+02
0.907	9.35E+02
0.909	9.17E+02
0.911	9.32E+02
0.913	9.39E+02
0.915	9.35E+02
0.917	9.28E+02
0.919	9.24E+02
0.921	8.95E+02
0.923	8.05E+02
0.925	8.77E+02
0.927	8.92E+02
0.929	9.03E+02
0.931	8.99E+02
0.933	8.92E+02
0.935	8.88E+02
0.937	8.85E+02
0.939	8.81E+02
0.941	8.45E+02
0.943	8.66E+02
0.945	8.59E+02
0.947	8.59E+02
0.949	8.56E+02
0.951	8.48E+02
0.953	8.27E+02
0.955	7.40E+02
0.957	8.19E+02
0.959	8.30E+02
0.961	8.23E+02
0.963	8.16E+02
0.965	8.16E+02
0.967	8.08E+02
0.969	8.08E+02
0.971	8.12E+02
0.973	8.08E+02
0.975	7.94E+02
0.977	7.94E+02
0.979	7.90E+02
0.981	7.87E+02
0.983	7.83E+02
0.985	7.79E+02
0.987	7.72E+02
0.989	7.69E+02
0.991	7.65E+02
0.993	7.65E+02
0.995	7.61E+02
0.997	7.58E+02
0.999	7.54E+02
1.0025	7.29E+02
1.0075	7.00E+02
1.0125	7.25E+02
1.0175	7.14E+02
1.0225	7.11E+02
1.0275	7.03E+02
1.0325	6.92E+02
1.0375	6.85E+02
1.0425	6.78E+02
1.0475	6.63E+02
1.0525	6.60E+02
1.0575	6.49E+02
1.0625	6.42E+02
1.0675	6.24E+02
1.0725	6.24E+02
1.0775	6.16E+02
1.0825	6.05E+02
1.0875	5.98E+02
1.0925	5.55E+02
1.0975	5.73E+02
1.1025	5.84E+02
1.1075	5.76E+02
1.1125	5.69E+02
1.1175	5.62E+02
1.1225	5.58E+02
1.1275	5.44E+02
1.1325	5.40E+02
1.1375	5.37E+02
1.1425	5.26E+02
1.1475	5.26E+02
1.1525	5.22E+02
1.1575	5.15E+02
1.1625	5.00E+02
1.1675	4.93E+02
1.1725	4.97E+02
1.1775	4.82E+02
1.1825	4.79E+02
1.1875	4.71E+02
1.1925	4.75E+02
1.1975	4.64E+02
1.2025	4.64E+02
1.2075	4.57E+02
1.2125	4.53E+02
1.2175	4.50E+02
1.2225	4.46E+02
1.2275	4.39E+02
1.2325	4.35E+02
1.2375	4.28E+02
1.2425	4.24E+02
1.2475	4.21E+02
1.2525	4.13E+02
1.2575	4.10E+02
1.2625	4.06E+02
1.2675	4.02E+02
1.2725	3.99E+02
1.2775	3.88E+02
1.2825	3.49E+02
1.2875	3.81E+02
1.2925	3.81E+02
1.2975	3.77E+02
1.3025	3.73E+02
1.3075	3.70E+02
1.3125	3.66E+02
1.3175	3.61E+02
1.3225	3.59E+02
1.3275	3.53E+02
1.3325	3.51E+02
1.3375	3.48E+02
1.3425	3.44E+02
1.3475	3.40E+02
1.3525	3.36E+02
1.3575	3.31E+02
1.3625	3.29E+02
1.3675	3.25E+02
1.3725	3.20E+02
1.3775	3.18E+02
1.3825	3.16E+02
1.3875	3.14E+02
1.3925	3.10E+02
1.3975	3.07E+02
1.4025	3.03E+02
1.4075	3.01E+02
1.4125	2.95E+02
1.4175	2.95E+02
1.4225	2.90E+02
1.4275	2.86E+02
1.4325	2.86E+02
1.4375	2.85E+02
1.4425	2.73E+02
1.4475	2.77E+02
1.4525	2.72E+02
1.457	2.72E+02
1.462	2.70E+02
1.4675	2.70E+02
1.4725	2.66E+02
1.4775	2.62E+02
1.4825	2.60E+02
1.4875	2.55E+02
1.4925	2.55E+02
1.4975	2.51E+02
1.5025	2.45E+02
1.5075	2.44E+02
1.5125	2.44E+02
1.5175	2.42E+02
1.5225	2.36E+02
1.5275	2.36E+02
1.5325	2.32E+02
1.5375	2.31E+02
1.5425	2.27E+02
1.5475	2.27E+02
1.5525	2.23E+02
1.5575	2.19E+02
1.5625	2.21E+02
1.5675	2.16E+02
1.5725	2.12E+02
1.5775	2.12E+02
1.5825	2.10E+02
1.5875	2.01E+02
1.5925	2.06E+02
1.5975	2.06E+02
1.605	2.03E+02
1.615	1.95E+02
1.625	1.97E+02
1.635	1.90E+02
1.645	1.82E+02
1.655	1.86E+02
1.665	1.82E+02
1.675	1.74E+02
1.685	1.66E+02
1.695	1.71E+02
1.705	1.67E+02
1.715	1.64E+02
1.725	1.59E+02
1.735	1.46E+02
1.745	1.52E+02
1.755	1.50E+02
1.765	1.48E+02
1.775	1.45E+02
1.785	1.42E+02
1.795	1.40E+02
1.805	1.36E+02
1.815	1.25E+02
1.825	1.29E+02
1.835	1.29E+02
1.845	1.26E+02
1.855	1.24E+02
1.865	1.20E+02
1.875	1.09E+02
1.885	1.16E+02
1.895	1.13E+02
1.905	1.13E+02
1.915	1.11E+02
1.925	1.08E+02
1.935	1.05E+02
1.945	9.68E+01
1.955	1.02E+02
1.965	1.01E+02
1.975	9.86E+01
1.985	9.75E+01
1.995	9.57E+01
2.005	9.39E+01
2.015	9.24E+01
2.025	9.06E+01
2.035	8.88E+01
2.045	8.77E+01
2.055	8.63E+01
2.065	8.41E+01
2.075	8.30E+01
2.085	8.16E+01
2.095	8.01E+01
2.105	7.87E+01
2.115	7.72E+01
2.125	7.61E+01
2.135	7.50E+01
2.145	7.36E+01
2.155	7.21E+01
2.165	6.60E+01
2.175	6.92E+01
2.185	6.85E+01
2.195	6.78E+01
2.205	6.63E+01
2.215	6.56E+01
2.225	6.45E+01
2.235	6.34E+01
2.245	6.24E+01
2.255	6.13E+01
2.265	6.02E+01
2.275	5.95E+01
2.285	5.84E+01
2.295	5.76E+01
2.305	5.69E+01
2.315	5.58E+01
2.325	5.51E+01
2.335	5.40E+01
2.345	5.33E+01
2.355	5.26E+01
2.365	5.18E+01
2.375	5.08E+01
2.385	4.97E+01
2.395	4.89E+01
2.405	4.82E+01
2.415	4.75E+01
2.425	4.68E+01
2.435	4.60E+01
2.445	4.53E+01
2.455	4.46E+01
2.465	4.42E+01
2.475	4.31E+01
2.485	4.24E+01
2.495	4.17E+01
2.505	4.17E+01
2.515	4.10E+01
2.525	4.02E+01
2.535	3.95E+01
2.545	3.92E+01
2.555	3.84E+01
2.565	3.77E+01
2.575	3.73E+01
2.585	3.70E+01
2.595	3.66E+01
2.605	3.57E+01
2.615	3.48E+01
2.625	3.23E+01
2.635	3.40E+01
2.645	3.38E+01
2.655	3.35E+01
2.665	3.27E+01
2.675	3.18E+01
2.685	3.20E+01
2.695	3.18E+01
2.705	3.12E+01
2.715	3.09E+01
2.725	3.05E+01
2.735	2.99E+01
2.745	2.95E+01
2.755	2.85E+01
2.765	2.85E+01
2.775	2.85E+01
2.785	2.81E+01
2.795	2.77E+01
2.805	2.73E+01
2.815	2.70E+01
2.825	2.66E+01
2.835	2.62E+01
2.845	2.58E+01
2.855	2.55E+01
2.865	2.49E+01
2.875	2.40E+01
2.885	2.44E+01
2.895	2.42E+01
2.905	2.40E+01
2.915	2.36E+01
2.925	2.32E+01
2.935	2.31E+01
2.945	2.27E+01
2.955	2.25E+01
2.965	2.21E+01
2.975	2.19E+01
2.985	2.16E+01
2.995	2.12E+01
3.005	2.10E+01
3.015	2.08E+01
3.025	2.04E+01
3.035	1.95E+01
3.045	1.95E+01
3.055	1.97E+01
3.065	1.95E+01
3.075	1.93E+01
3.085	1.90E+01
3.095	1.88E+01
3.105	1.86E+01
3.115	1.82E+01
3.125	1.81E+01
3.135	1.79E+01
3.145	1.77E+01
3.155	1.74E+01
3.165	1.73E+01
3.175	1.70E+01
3.185	1.69E+01
3.195	1.67E+01
3.21	1.63E+01
3.23	1.60E+01
3.25	1.56E+01
3.27	1.52E+01
3.29	1.44E+01
3.31	1.45E+01
3.33	1.42E+01
3.35	1.39E+01
3.37	1.36E+01
3.39	1.33E+01
3.41	1.29E+01
3.43	1.27E+01
3.45	1.24E+01
3.47	1.21E+01
3.49	1.19E+01
3.51	1.16E+01
3.53	1.14E+01
3.55	1.11E+01
3.57	1.09E+01
3.59	1.07E+01
3.61	1.04E+01
3.63	1.02E+01
3.65	9.97E+00
3.67	9.79E+00
3.69	9.53E+00
3.71	9.35E+00
3.73	9.06E+00
3.75	8.77E+00
3.77	8.81E+00
3.79	8.63E+00
3.81	8.45E+00
3.83	8.30E+00
3.85	8.16E+00
3.87	7.98E+00
3.89	7.83E+00
3.91	7.65E+00
3.93	7.54E+00
3.95	7.40E+00
3.97	7.25E+00
3.99	7.07E+00
4.01	6.92E+00
4.03	6.78E+00
4.05	6.49E+00
4.07	6.56E+00
4.09	6.45E+00
4.11	6.34E+00
4.13	6.24E+00
4.15	6.09E+00
4.17	5.95E+00
4.19	5.87E+00
4.21	5.76E+00
4.23	5.66E+00
4.25	5.55E+00
4.27	5.47E+00
4.29	5.37E+00
4.31	5.29E+00
4.33	5.18E+00
4.35	5.08E+00
4.37	4.93E+00
4.39	4.89E+00
4.41	4.79E+00
4.43	4.71E+00
4.45	4.64E+00
4.47	4.57E+00
4.49	4.50E+00
4.51	4.42E+00
4.53	4.31E+00
4.55	4.24E+00
4.57	4.17E+00
4.59	4.10E+00
4.61	4.06E+00
4.63	3.99E+00
4.65	3.81E+00
4.67	3.77E+00
4.69	3.81E+00
4.71	3.73E+00
4.73	3.70E+00
4.75	3.61E+00
4.77	3.55E+00
4.79	3.49E+00
4.81	3.44E+00
4.83	3.38E+00
4.85	3.33E+00
4.87	3.27E+00
4.89	3.23E+00
4.91	3.18E+00
4.93	3.12E+00
4.95	3.07E+00
4.97	3.03E+00
4.99	2.98E+00
5.01	2.94E+00
5.03	2.88E+00
5.05	2.85E+00
5.07	2.81E+00
5.09	2.75E+00
5.11	2.72E+00
5.13	2.62E+00
5.15	2.64E+00
5.17	2.60E+00
5.19	2.57E+00
5.21	2.51E+00
5.23	2.47E+00
5.25	2.45E+00
5.27	2.42E+00
5.29	2.38E+00
5.31	2.34E+00
5.33	2.31E+00
5.35	2.27E+00
5.37	2.23E+00
5.39	2.21E+00
5.41	2.18E+00
5.43	2.14E+00
5.45	2.12E+00
5.47	2.08E+00
5.49	2.04E+00
5.51	2.03E+00
5.53	1.99E+00
5.55	1.97E+00
5.57	1.93E+00
5.59	1.91E+00
5.61	1.90E+00
5.63	1.86E+00
5.65	1.84E+00
5.67	1.81E+00
5.69	1.79E+00
5.71	1.76E+00
5.73	1.74E+00
5.75	1.71E+00
5.77	1.69E+00
5.79	1.67E+00
5.81	1.65E+00
5.83	1.62E+00
5.85	1.61E+00
5.87	1.58E+00
5.89	1.56E+00
5.91	1.50E+00
5.93	1.52E+00
5.95	1.50E+00
5.97	1.48E+00
5.99	1.46E+00
6.01	1.44E+00
6.03	1.42E+00
6.05	1.41E+00
6.07	1.39E+00
6.09	1.37E+00
6.11	1.35E+00
6.13	1.33E+00
6.15	1.32E+00
6.17	1.30E+00
6.19	1.29E+00
6.21	1.27E+00
6.23	1.25E+00
6.25	1.24E+00
6.27	1.22E+00
6.29	1.21E+00
6.31	1.19E+00
6.33	1.18E+00
6.35	1.16E+00
6.37	1.15E+00
6.39	1.13E+00
6.42	1.11E+00
6.46	1.09E+00
6.5	1.06E+00
6.54	1.04E+00
6.58	1.01E+00
6.62	9.86E-01
6.66	9.64E-01
6.7	9.43E-01
6.74	9.21E-01
6.78	8.99E-01
6.82	8.81E-01
6.86	8.59E-01
6.9	8.37E-01
6.94	8.19E-01
6.98	8.05E-01
7.02	7.83E-01
7.06	7.69E-01
7.1	7.50E-01
7.14	7.36E-01
7.18	7.18E-01
7.22	7.03E-01
7.26	6.89E-01
7.3	6.74E-01
7.34	6.60E-01
7.38	6.45E-01
7.42	6.31E-01
7.46	6.09E-01
7.5	5.98E-01
7.54	5.91E-01
7.58	5.80E-01
7.62	5.69E-01
7.66	5.55E-01
7.7	5.44E-01
7.74	5.33E-01
7.78	5.26E-01
7.82	5.15E-01
7.86	5.04E-01
7.9	4.93E-01
7.94	4.82E-01
7.98	4.75E-01
8.02	4.64E-01
8.06	4.57E-01
8.1	4.46E-01
8.14	4.39E-01
8.18	4.28E-01
8.22	4.21E-01
8.26	4.13E-01
8.3	4.06E-01
8.34	3.99E-01
8.38	3.92E-01
8.42	3.84E-01
8.46	3.77E-01
8.5	3.70E-01
8.54	3.63E-01
8.58	3.57E-01
8.62	3.49E-01
8.66	3.44E-01
8.7	3.36E-01
8.74	3.31E-01
8.78	3.25E-01
8.82	3.20E-01
8.86	3.14E-01
8.9	3.09E-01
8.94	3.03E-01
8.98	2.98E-01
9.02	2.92E-01
9.06	2.88E-01
9.1	2.82E-01
9.14	2.77E-01
9.18	2.73E-01
9.22	2.68E-01
9.26	2.64E-01
9.3	2.58E-01
9.34	2.55E-01
9.38	2.51E-01
9.42	2.47E-01
9.46	2.42E-01
9.5	2.38E-01
9.54	2.34E-01
9.58	2.31E-01
9.62	2.27E-01
9.66	2.23E-01
9.7	2.19E-01
9.74	2.16E-01
9.78	2.12E-01
9.82	2.08E-01
9.86	2.06E-01
9.9	2.03E-01
9.94	1.99E-01
9.98	1.97E-01
10.02	1.93E-01
20	1.24E-02
40	7.76E-04
60	1.53E-04
80	4.79E-05
100	1.95E-05
120	9.35E-06
140	5.04E-06
160	2.94E-06
