"WL.um."	"FLUX.W.m2.um."
0.0091	0
0.0094	0
0.0096	0
0.0098	0
0.01	0
0.0102	0
0.0104	0
0.0106	0
0.0108	0
0.011	0
0.0114	0
0.0118	0
0.0121	0
0.0125	0
0.0127	0
0.0128	0
0.0131	0
0.0132	0
0.0134	0
0.0137	0
0.014	0
0.0143	0
0.0147	0
0.0151	0
0.0155	0
0.0159	0
0.0162	0
0.0166	0
0.017	0
0.0173	0
0.0177	0
0.018	0
0.0182	0
0.0186	0
0.0191	0
0.0194	0
0.0198	0
0.0202	0
0.0205	0
0.021	0
0.0216	0
0.022	0
0.0223	0
0.0227	0
0.023	0
0.0234	0
0.024	0
0.0246	0
0.0252	0
0.0257	0
0.026	0
0.0264	0
0.0269	0
0.0274	0
0.0279	0
0.0284	0
0.029	0
0.0296	0
0.0301	0
0.0308	0
0.0318	0
0.0328	0
0.0338	0
0.0348	0
0.0357	0
0.0366	0
0.0375	0
0.0385	0
0.0395	0
0.0405	0
0.0414	0
0.0422	0
0.043	0
0.0441	0
0.0451	0
0.046	0
0.047	0
0.048	0
0.049	0
0.05	0
0.0506	0
0.0512	0
0.052	0
0.053	0
0.054	0
0.055	0
0.056	0
0.057	0
0.058	0
0.059	0
0.06	0
0.061	0
0.062	0
0.063	0
0.064	0
0.065	0
0.0658	0
0.0665	0
0.0675	0
0.0685	0
0.0695	0
0.0705	0
0.0716	0
0.0726	0
0.0735	0
0.0745	0
0.0755	0
0.0765	4.69566843597828e-27
0.0775	1.30376939255933e-26
0.0785	3.51519313084407e-26
0.0795	9.2864057337224e-26
0.0805	2.38718339482695e-25
0.0815	6.00730766390517e-25
0.0825	1.47165921373397e-24
0.0835	3.54142591540261e-24
0.0845	8.28955992049796e-24
0.0855	1.90974671586156e-23
0.0865	4.30217666760021e-23
0.0875	9.52250079474924e-23
0.0885	2.06976670166864e-22
0.0895	4.40710780583436e-22
0.0905	9.26017294916386e-22
0.0915	1.92286310814082e-21
0.0925	4.01361603745629e-21
0.0935	8.00099929035405e-21
0.0945	1.58183690887983e-20
0.0955	3.09546857790747e-20
0.0965	5.90237652567102e-20
0.0975	1.10702350837030e-19
0.0985	2.02517096791912e-19
0.0995	3.72505540731238e-19
0.1005	6.84675676977838e-19
0.1015	1.21195464660445e-18
0.1025	2.15371161225596e-18
0.1035	3.80375376098799e-18
0.1045	6.55819613963446e-18
0.1055	1.11751662219371e-17
0.1065	2.04615719556595e-17
0.1075	3.22663250070016e-17
0.1085	5.29902248082465e-17
0.1095	8.81421561166872e-17
0.1105	1.42181692307275e-16
0.1115	2.28225225659279e-16
0.1125	3.82998654554653e-16
0.1135	6.32210107860762e-16
0.1145	9.26017294916386e-16
0.1155	1.76546640078960e-15
0.1165	2.26126602894596e-15
0.1175	4.6432028668612e-15
0.1185	6.47949778595885e-15
0.1195	1.09653039454688e-14
0.1205	1.51887822593934e-14
0.1215	3.17416693158308e-14
0.1225	4.19724552936606e-14
0.1235	8.18462878226381e-14
0.1245	1.25392710189811e-13
0.1255	1.50051527674837e-13
0.1265	2.5996689497511e-13
0.1275	3.96115046833922e-13
0.1285	4.69566843597828e-13
0.1295	5.69251424920272e-13
0.1305	8.57812055064188e-13
0.1315	1.63167919954105e-12
0.1325	1.89663032358229e-12
0.1335	2.48162141923768e-12
0.1345	3.6725898381953e-12
0.1355	5.29902248082465e-12
0.1365	6.63689449331008e-12
0.1375	8.34202548961504e-12
0.1385	9.99469091680292e-12
0.1395	1.46116609991056e-11
0.1405	2.16420472607937e-11
0.1415	2.9118390859977e-11
0.1425	3.38402920805138e-11
0.1435	4.82683235877097e-11
0.1442	6.03354044846371e-11
0.1447	6.05977323302225e-11
0.1455	7.68620587565159e-11
0.1465	1.12538645756127e-10
0.1475	1.29327627873592e-10
0.1485	1.62643264262935e-10
0.1495	2.53933354526646e-10
0.1505	3.82998654554653e-10
0.1512	2.75444237864647e-10
0.1517	3.80375376098799e-10
0.1525	5.32525526538318e-10
0.1535	7.47634359918329e-10
0.1545	7.21401575359791e-10
0.1555	1.02307859778298e-09
0.1565	1.29327627873592e-09
0.1575	1.92810966505253e-09
0.1585	2.53146370989890e-09
0.1595	2.99053743967332e-09
0.1605	3.20039971614162e-09
0.1615	4.19724552936606e-09
0.1625	4.66943565141974e-09
0.1635	6.53196335507593e-09
0.1645	8.13216321314674e-09
0.1655	9.31263851828094e-09
0.1665	1.15161924211981e-08
0.1672	1.16473563439908e-08
0.1677	1.48477560601324e-08
0.1685	1.75235000851033e-08
0.1695	2.24552635821084e-08
0.1705	2.56294305136915e-08
0.1715	2.99053743967332e-08
0.1725	3.75128819187091e-08
0.1735	4.4333405903929e-08
0.1745	5.32525526538318e-08
0.1755	6.47949778595885e-08
0.1765	7.16155018448083e-08
0.1775	9.12900902637117e-08
0.1785	1.17522874822250e-07
0.1795	1.32475562020616e-07
0.1805	1.68152149020228e-07
0.1815	1.81530869145082e-07
0.1825	1.99893818336058e-07
0.1835	2.64951124041232e-07
0.1845	3.30533085437577e-07
0.1855	3.462727561727e-07
0.1865	3.85621933010506e-07
0.1875	4.77436678965389e-07
0.1885	5.71874703376125e-07
0.1895	7.68620587565159e-07
0.1905	8.84044839622726e-07
0.1915	1.20933136814860e-06
0.1925	1.24343398807469e-06
0.1935	1.17260546976664e-06
0.1945	1.6290559210852e-06
0.1955	1.66578181946715e-06
0.1967	2.32684799034231e-06
0.1976	2.88560630143916e-06
0.1984	3.54142591540261e-06
0.1995	3.14793414702454e-06
0.2005	4.19724552936606e-06
0.2015	5.01046185068073e-06
0.2025	4.59073729774413e-06
0.2035	6.03354044846371e-06
0.2045	6.89922233889546e-06
0.2055	8.15839599770527e-06
0.2065	8.78798282711018e-06
0.2074	1.13325629292884e-05
0.2078	1.01520876241542e-05
0.2085	9.75859585577608e-06
0.2095	1.06242777462078e-05
0.2105	1.26442021572152e-05
0.2115	1.29065300028006e-05
0.2125	1.73398705931935e-05
0.2135	2.09862276468303e-05
0.2145	1.92810966505253e-05
0.2155	2.06976670166864e-05
0.2165	2.21142373828474e-05
0.2175	2.57343616519256e-05
0.2185	2.80690794776355e-05
0.2195	3.22663250070016e-05
0.2205	3.59389148451969e-05
0.2215	4.01361603745629e-05
0.2225	4.40710780583436e-05
0.2235	5.24655691170757e-05
0.2245	6.05977323302224e-05
0.2255	5.74497981831979e-05
0.2265	5.74497981831979e-05
0.2275	6.84675676977838e-05
0.2285	7.58127473741744e-05
0.2295	9.57496636386632e-05
0.2305	8.73551725799311e-05
0.2315	9.65366471754193e-05
0.2325	0.000125130382344226
0.2335	0.000202779424637498
0.2345	0.000183367164064180
0.2355	0.000157396707351227
0.2365	0.000194647261424351
0.2375	0.000199893818336058
0.2385	0.000283314073232209
0.2395	0.00029118390859977
0.2405	0.000490553071244658
0.2415	0.000341026199260992
0.2425	0.000320039971614162
0.2435	0.00046432028668612
0.2445	0.000611223880213932
0.2455	0.000834202548961504
0.2465	0.000592860931022956
0.2475	0.0006584428924193
0.2485	0.000926017294916386
0.2495	0.000598107487934663
0.2505	0.000857812055064188
0.2513	0.000834202548961504
0.2518	0.000897161231901995
0.2525	0.000629586829404909
0.2535	0.0023898066732828
0.2545	0.00296430465511478
0.2555	0.00621716994037347
0.2565	0.00267574402497086
0.2575	0.00190187688049399
0.2585	0.0029118390859977
0.2595	0.0027019768095294
0.2605	0.00461697008230266
0.2615	0.00495799628156366
0.2625	0.00944380244107363
0.2635	0.0182580180527423
0.2645	0.0092864057337224
0.2655	0.0101520876241542
0.2665	0.0156347395968886
0.2675	0.00918147459548825
0.2685	0.0189663032358229
0.2695	0.0178645262843643
0.2705	0.02458011913135
0.2715	0.0218519095372620
0.2725	0.0140607725233763
0.2735	0.0142181692307275
0.2745	0.0157659035196813
0.2755	0.0143755659380787
0.2765	0.0351519313084407
0.2775	0.0653196335507593
0.2785	0.0338402920805138
0.2795	0.0763374030653452
0.2805	0.0364635705363676
0.2815	0.0655819613963446
0.2825	0.0480059957421243
0.2835	0.0981106142489316
0.2845	0.0611223880213932
0.2855	0.175497328696618
0.2865	0.142968675844031
0.2875	0.115424252057567
0.2885	0.24239092932089
0.2895	0.219568406754962
0.291	0.27019768095294
0.293	0.619093715581494
0.295	0.314793414702454
0.297	0.742387803006621
0.299	0.198057523416961
0.301	0.0351519313084407
0.303	0.503669463523927
0.305	0.0884044839622726
0.307	0.232947126879816
0.309	0.0855188776608334
0.311	0.419724552936606
0.313	0.453827172862705
0.315	0.765997309109305
0.317	2.78067516320501
0.319	0.923394016460533
0.321	1.92810966505253
0.323	0.988975977856877
0.325	4.32840945215875
0.327	6.97792069257107
0.329	11.8834514050176
0.331	8.13216321314674
0.333	9.15524181092971
0.335	12.6704349417738
0.337	0.902407788813702
0.339	5.56135032641003
0.341	3.30533085437577
0.343	3.98738325289775
0.345	2.2533961935784
0.347	3.77752097642945
0.349	7.7649042293272
0.351	9.99469091680292
0.353	12.2507103888372
0.355	12.9852283564762
0.357	1.12800973601713
0.359	10.3094843315054
0.361	9.60119914842486
0.363	21.4584177688840
0.364	19.3073294350839
0.365	20.1205457563985
0.367	13.7197463241153
0.369	21.6682800453523
0.371	39.8738325289775
0.373	2.64951124041232
0.375	10.4931138234151
0.377	14.8739888446910
0.379	15.6347395968886
0.381	18.1268541299497
0.383	1.91761655122912
0.385	10.5980449616493
0.387	21.5895816916767
0.389	13.0901594947104
0.391	10.0209237013615
0.393	26.2327845585379
0.395	36.9882262275384
0.397	27.2820959408794
0.399	55.6135032641003
0.401	105.193466079737
0.403	57.4497981831979
0.405	75.8127473741744
0.407	56.4004868008564
0.409	95.7496636386632
0.411	33.5779642349285
0.413	56.6628146464418
0.415	64.5326500140031
0.417	98.6352699401023
0.419	91.2900902637117
0.421	61.1223880213932
0.423	80.0099929035405
0.425	95.7496636386632
0.427	81.3216321314674
0.429	56.6628146464418
0.431	95.4873357930778
0.433	87.8798282711018
0.435	81.059304285882
0.437	91.5524181092971
0.439	81.3216321314674
0.441	74.2387803006621
0.443	79.747665057955
0.445	88.1421561166872
0.447	79.747665057955
0.449	71.353173999223
0.451	116.473563439908
0.453	60.8600601758078
0.455	89.453795344614
0.457	99.6845813224439
0.459	60.3354044846371
0.461	52.7278969626611
0.463	72.9271410727352
0.465	51.6785855803196
0.467	81.5839599770527
0.469	79.4853372123697
0.471	103.88182685181
0.473	98.1106142489316
0.475	121.720120351616
0.477	43.2840945215875
0.479	55.0888475729295
0.481	53.2525526538318
0.483	55.0888475729295
0.485	72.1401575359791
0.487	68.9922233889546
0.489	103.619499006225
0.491	141.394708770519
0.493	151.100839057178
0.495	100.4715648592
0.497	40.6608160657337
0.499	46.1697008230266
0.501	43.8087502127582
0.503	67.6805841610277
0.505	71.0908461536376
0.507	90.2407788813702
0.509	104.144154697395
0.511	97.8482864033462
0.513	107.029760998834
0.515	77.3867144476867
0.517	39.8738325289775
0.519	45.6450451318559
0.521	49.5799628156365
0.523	99.9469091680292
0.525	131.950906329445
0.527	119.883825432518
0.529	202.254768946327
0.531	245.8011913135
0.533	195.958900652278
0.535	196.221228497863
0.537	225.601947203426
0.539	251.572403916378
0.541	224.027980129913
0.543	205.402703093351
0.545	105.193466079737
0.547	129.589955719177
0.549	130.376939255933
0.551	125.917365880982
0.553	170.513099630496
0.555	229.799192732792
0.557	275.444237864648
0.559	162.90559210852
0.561	148.477560601324
0.563	150.313855520422
0.565	183.367164064180
0.567	208.025981549205
0.569	256.031977291329
0.571	304.300300879039
0.573	356.765869996115
0.575	322.663250070016
0.577	309.546857790747
0.579	341.026199260992
0.581	327.909806981723
0.583	299.053743967332
0.585	253.146370989890
0.587	230.586176269548
0.589	94.962680101907
0.591	201.992441100742
0.593	202.517096791912
0.595	206.189686630108
0.597	212.747882769742
0.599	247.112830541427
0.601	275.444237864648
0.603	335.779642349285
0.605	354.142591540261
0.607	430.217666760021
0.609	435.464223671728
0.611	472.190122053681
0.613	424.971109848313
0.615	288.560630143916
0.617	212.485554924157
0.619	161.856280726179
0.621	145.591954299885
0.623	126.704349417738
0.625	150.313855520422
0.627	181.006213453911
0.629	217.732111835864
0.631	249.998436842866
0.633	291.18390859977
0.635	330.533085437577
0.637	317.416693158308
0.639	299.053743967332
0.641	372.505540731238
0.643	388.24521146636
0.645	422.347831392460
0.647	406.608160657337
0.649	419.724552936606
0.651	514.162577347342
0.653	516.785855803196
0.655	490.553071244658
0.657	422.347831392460
0.659	414.477996024898
0.661	417.101274480752
0.663	304.300300879039
0.665	288.560630143916
0.667	248.424469769353
0.669	228.74988135045
0.671	183.629491909765
0.673	190.187688049399
0.675	193.860277887595
0.677	211.173915696230
0.679	210.124604313888
0.681	237.144372409182
0.683	238.98066732828
0.685	251.572403916378
0.687	256.818960828086
0.689	244.227224239987
0.691	270.19768095294
0.693	253.146370989890
0.695	312.170136246601
0.697	356.765869996115
0.699	377.752097642945
0.701	435.464223671728
0.703	587.614374111248
0.705	312.170136246601
0.707	249.998436842866
0.709	221.404701674060
0.711	167.102837637886
0.713	168.939132556984
0.715	182.317852681838
0.717	188.351393130302
0.719	207.501325858034
0.721	258.392927901598
0.723	261.803189894208
0.725	364.635705363676
0.727	417.101274480752
0.729	430.217666760021
0.731	653.196335507593
0.733	655.819613963446
0.735	713.53173999223
0.737	902.407788813702
0.739	865.68189043175
0.741	949.62680101907
0.743	1017.83204087127
0.745	957.496636386632
0.747	1054.55793925322
0.749	1096.53039454688
0.751	1093.90711609103
0.753	1214.57792506030
0.755	1238.18743116299
0.757	1159.48907748737
0.759	745.011081462475
0.761	765.997309109305
0.763	684.675676977838
0.765	508.916020435634
0.767	372.505540731238
0.769	427.594388304167
0.771	459.073729774412
0.773	490.553071244658
0.775	495.799628156365
0.777	501.046185068073
0.779	503.669463523927
0.781	524.655691170757
0.783	608.600601758078
0.785	595.484209478809
0.787	579.744538743687
0.789	689.922233889546
0.791	632.210107860762
0.793	658.4428924193
0.795	705.661904624668
0.797	737.141246094914
0.799	692.5455123454
0.801	855.188776608334
0.803	907.65434572541
0.805	926.017294916386
0.807	1099.15367300274
0.809	1190.96841895762
0.811	1232.94087425128
0.813	1364.10479704397
0.815	1516.25494748349
0.817	1547.73428895373
0.819	842.072384329065
0.821	1421.81692307275
0.823	1453.29626454300
0.825	1466.41265682227
0.827	1348.36512630885
0.829	1314.26250638275
0.831	1306.39267101519
0.833	1154.24252057567
0.835	1198.83825432518
0.837	1180.47530513420
0.839	1044.06482542981
0.841	1177.85202667835
0.843	1036.19499006225
0.845	920.770738004679
0.847	876.175004255164
0.849	926.017294916386
0.851	905.031067269556
0.853	918.147459548825
0.855	936.510408739802
0.857	1036.19499006225
0.859	1015.20876241542
0.861	1033.57171160639
0.863	1128.00973601713
0.865	1112.27006528201
0.867	967.989750210047
0.869	978.482864033462
0.871	1159.48907748737
0.873	1169.98219131079
0.875	1190.96841895762
0.877	1206.70808969274
0.879	1290.65300028006
0.881	1298.52283564762
0.883	1222.44776042786
0.885	1264.42021572152
0.887	1209.33136814860
0.889	1227.69431733957
0.891	1238.18743116299
0.893	1290.65300028006
0.895	1327.37889866202
0.897	1340.49529094128
0.899	1256.55038035396
0.901	1314.26250638275
0.903	1340.49529094128
0.905	1369.35135395568
0.907	1225.07103888372
0.909	1309.01594947104
0.911	1385.0910246908
0.913	1398.20741697007
0.915	1411.32380924934
0.917	1421.81692307275
0.919	1442.80315071958
0.921	1408.70053079348
0.923	1337.87201248543
0.925	1340.49529094128
0.927	1361.48151858811
0.929	1306.39267101519
0.931	1303.76939255933
0.933	1345.74184785299
0.935	1335.24873402958
0.937	1306.39267101519
0.939	1348.36512630885
0.941	1377.22118932324
0.943	1387.71430314665
0.945	1390.33758160251
0.947	1432.31003689617
0.949	1445.42642917544
0.951	1448.04970763129
0.953	1471.65921373397
0.955	1440.17987226373
0.957	1469.03593527812
0.959	1471.65921373397
0.961	1432.31003689617
0.963	1445.42642917544
0.965	1345.74184785299
0.967	1361.48151858811
0.969	1419.19364461690
0.971	1369.35135395568
0.973	1369.35135395568
0.975	1398.20741697007
0.977	1437.55659380787
0.979	1356.23496167641
0.981	1492.64544138080
0.983	1487.39888446910
0.985	1500.51527674837
0.987	1500.51527674837
0.989	1500.51527674837
0.991	918.147459548825
0.993	1091.28383763517
0.995	1193.59169741347
0.997	1219.82448197201
0.999	1227.69431733957
1.0025	1246.05726653055
1.0075	1259.17365880982
1.0125	1285.40644336835
1.0175	1280.15988645665
1.0225	1295.89955719177
1.0275	1309.01594947104
1.0325	1316.8857848386
1.0375	1314.26250638275
1.0425	1330.00217711787
1.0475	1316.8857848386
1.0525	1306.39267101519
1.0575	1274.91332954494
1.0625	1269.66677263323
1.0675	1264.42021572152
1.0725	1267.04349417738
1.0775	1290.65300028006
1.0825	1264.42021572152
1.0875	1288.02972182421
1.0925	1311.63922792689
1.0975	1298.52283564762
1.1025	1274.91332954494
1.1075	1264.42021572152
1.1125	1246.05726653055
1.1175	1230.31759579543
1.1225	1222.44776042786
1.1275	1190.96841895762
1.1325	1185.72186204591
1.1375	1065.05105307664
1.1425	1028.32515469468
1.1475	1148.99596366396
1.1525	1143.74940675225
1.1575	1109.64678682615
1.1625	1044.06482542981
1.1675	1017.83204087127
1.1725	1096.53039454688
1.1775	962.74319329834
1.1825	1049.31138234151
1.1875	999.469091680292
1.1925	1025.70187623883
1.1975	926.017294916386
1.2025	933.887130283948
1.2075	973.236307121755
1.2125	944.380244107363
1.2175	965.366471754193
1.2225	967.989750210047
1.2275	962.74319329834
1.2325	954.873357930778
1.2375	952.250079474924
1.2425	844.695662784919
1.2475	910.277624181264
1.2525	881.421561166872
1.2575	933.887130283948
1.2625	931.263851828094
1.2675	907.65434572541
1.2725	918.147459548825
1.2775	912.900902637117
1.2825	886.66811807858
1.2875	905.031067269556
1.2925	886.66811807858
1.2975	902.407788813702
1.3025	905.031067269556
1.3075	902.407788813702
1.3125	842.072384329065
1.3175	868.305168887603
1.3225	865.68189043175
1.3275	836.825827417358
1.3325	792.230093667843
1.3375	768.620587565159
1.3425	739.764524550768
1.3475	713.53173999223
1.3525	692.5455123454
1.3575	682.052398521984
1.3625	674.182563154423
1.3675	687.298955433692
1.3725	695.168790801253
1.3775	703.038626168815
1.3825	703.038626168815
1.3875	692.5455123454
1.3925	679.42912006613
1.3975	666.312727786862
1.4025	650.573057051739
1.4075	642.703221684177
1.4125	629.586829404909
1.4175	621.716994037347
1.4225	613.847158669786
1.4275	600.730766390517
1.4325	600.730766390517
1.4375	598.107487934663
1.4425	595.484209478809
1.4475	592.860931022956
1.4525	592.860931022956
1.457	590.237652567102
1.462	590.237652567102
1.4675	584.991095655394
1.4725	584.991095655394
1.4775	582.36781719954
1.4825	587.614374111248
1.4875	587.614374111248
1.4925	590.237652567102
1.4975	592.860931022956
1.5025	582.36781719954
1.5075	595.484209478809
1.5125	598.107487934663
1.5175	590.237652567102
1.5225	605.977323302224
1.5275	605.977323302224
1.5325	608.600601758078
1.5375	613.847158669786
1.5425	616.47043712564
1.5475	616.47043712564
1.5525	619.093715581493
1.5575	621.716994037347
1.5625	626.963550949055
1.5675	629.586829404909
1.5725	629.586829404909
1.5775	632.210107860762
1.5825	637.45666477247
1.5875	640.079943228324
1.5925	642.703221684177
1.5975	645.326500140031
1.605	647.949778595885
1.615	647.949778595885
1.625	653.196335507593
1.635	653.196335507593
1.645	650.573057051739
1.655	650.573057051739
1.665	647.949778595885
1.675	634.833386316616
1.685	637.45666477247
1.695	629.586829404909
1.705	616.47043712564
1.715	592.860931022956
1.725	574.497981831979
1.735	550.888475729295
1.745	527.278969626611
1.755	503.669463523927
1.765	480.059957421243
1.775	459.073729774412
1.785	438.087502127582
1.795	419.724552936606
1.805	406.608160657337
1.815	398.738325289775
1.825	396.115046833922
1.835	393.491768378068
1.845	377.752097642945
1.855	372.505540731238
1.865	364.635705363676
1.875	359.389148451969
1.885	359.389148451969
1.895	359.389148451969
1.905	359.389148451969
1.915	359.389148451969
1.925	356.765869996115
1.935	348.896034628553
1.945	341.026199260992
1.955	338.402920805138
1.965	335.779642349285
1.975	320.039971614162
1.985	314.793414702454
1.995	312.170136246601
2.005	309.546857790747
2.015	306.923579334893
2.025	301.677022423185
2.035	301.677022423185
2.045	299.053743967332
2.055	296.430465511478
2.065	296.430465511478
2.075	296.430465511478
2.085	296.430465511478
2.095	296.430465511478
2.105	296.430465511478
2.115	296.430465511478
2.125	299.053743967332
2.135	301.677022423185
2.145	301.677022423185
2.155	301.677022423185
2.165	304.300300879039
2.175	301.677022423185
2.185	301.677022423185
2.195	301.677022423185
2.205	283.314073232209
2.215	299.053743967332
2.225	293.807187055624
2.235	293.807187055624
2.245	291.18390859977
2.255	291.18390859977
2.265	285.937351688063
2.275	285.937351688063
2.285	280.690794776355
2.295	252.359387453134
2.305	251.834731761963
2.315	253.146370989890
2.325	229.012209196035
2.335	227.175914276938
2.345	231.110831960719
2.355	214.846505534425
2.365	214.846505534425
2.375	211.698571387401
2.385	200.9431297184
2.395	197.53286772579
2.405	191.761655122912
2.415	183.367164064180
2.425	178.120607152472
2.435	172.349394549594
2.445	165.004214873203
2.455	157.921363042398
2.465	152.674806130690
2.475	146.903593527812
2.485	140.607725233763
2.495	134.836512630885
2.505	130.901594947104
2.515	127.229005108909
2.525	124.868054498640
2.535	123.031759579543
2.545	121.720120351616
2.555	120.933136814860
2.565	120.670808969274
2.575	121.195464660445
2.585	121.982448197201
2.595	123.031759579543
2.605	123.818743116299
2.615	124.605726653055
2.625	124.605726653055
2.635	124.343398807469
2.645	123.818743116299
2.655	123.031759579543
2.665	122.244776042786
2.675	119.621497586933
2.685	116.211235594323
2.695	110.702350837030
2.705	105.980449616493
2.715	103.094843315054
2.725	100.996220550371
2.735	99.9469091680292
2.745	98.8975977856877
2.755	98.1106142489316
2.765	97.06130286659
2.775	96.274319329834
2.785	94.962680101907
2.795	93.6510408739802
2.805	92.0770738004679
2.815	90.2407788813702
2.825	88.9291396534433
2.835	87.6175004255164
2.845	86.0435333520042
2.855	84.7318941240773
2.865	83.6825827417358
2.875	82.3709435138089
2.885	81.3216321314674
2.895	80.5346485947112
2.905	79.747665057955
2.915	78.6983536756136
2.925	77.9113701388574
2.935	77.3867144476867
2.945	76.5997309109305
2.955	76.0750752197598
2.965	75.550419528589
2.975	75.0257638374183
2.985	74.5011081462475
2.995	74.2387803006621
3.005	73.7141246094914
3.015	73.451796763906
3.025	73.1894689183206
3.035	72.9271410727352
3.045	72.4024853815645
3.055	72.1401575359791
3.065	72.1401575359791
3.075	71.8778296903937
3.085	71.8778296903937
3.095	71.6155018448083
3.105	71.6155018448083
3.115	71.353173999223
3.125	71.0908461536376
3.135	70.8285183080522
3.145	70.5661904624668
3.155	70.0415347712961
3.165	69.7792069257107
3.175	69.5168790801253
3.185	69.5168790801253
3.195	69.5168790801253
3.21	69.25455123454
3.23	68.9922233889546
3.25	68.9922233889546
3.27	68.2052398521984
3.29	67.942912006613
3.31	67.6805841610277
3.33	67.1559284698569
3.35	66.8936006242715
3.37	66.3689449331008
3.39	65.84428924193
3.41	65.3196335507593
3.43	64.7949778595885
3.45	64.0079943228324
3.47	63.4833386316616
3.49	62.6963550949055
3.51	61.9093715581493
3.53	61.3847158669786
3.55	60.5977323302224
3.57	59.8107487934663
3.59	59.2860931022956
3.61	58.7614374111248
3.63	57.9744538743687
3.65	57.1874703376125
3.67	56.6628146464418
3.69	55.8758311096856
3.71	55.0888475729295
3.73	54.3018640361734
3.75	53.7772083450026
3.77	52.9902248082465
3.79	51.940913425905
3.81	51.1539298891488
3.83	50.3669463523927
3.85	49.5799628156365
3.87	48.7929792788804
3.89	47.7436678965389
3.91	46.9566843597828
3.93	46.1697008230266
3.95	45.3827172862705
3.97	44.5957337495144
3.99	43.2840945215875
4.01	42.7594388304167
4.03	42.2347831392459
4.05	41.4477996024898
4.07	40.6608160657337
4.09	39.8738325289775
4.11	39.0868489922214
4.13	38.5621933010506
4.15	37.7752097642945
4.17	36.9882262275384
4.19	36.4635705363676
4.21	35.6765869996115
4.23	35.1519313084407
4.25	34.62727561727
4.27	33.8402920805138
4.29	32.0039971614162
4.31	28.5937351688063
4.33	29.118390859977
4.35	25.1047748225207
4.37	23.9505323019451
4.39	22.5077291512255
4.41	23.1635487651889
4.43	17.6808967924545
4.45	17.4972673005447
4.47	21.0649260005059
4.49	17.1037755321667
4.51	19.2023982968497
4.53	21.5371161225596
4.55	19.412260573318
4.57	18.3367164064180
4.59	16.9988443939325
4.61	17.5759656542204
4.63	17.6021984387789
4.65	17.4185689468691
4.67	19.0974671586156
4.69	17.8907590689228
4.71	18.1530869145082
4.73	18.5465786828863
4.75	15.7396707351227
4.77	18.4941131137692
4.79	17.9956902071570
4.81	15.9757657961496
4.83	18.1006213453911
4.85	15.6872051660056
4.87	15.3986445358617
4.89	14.7428249218983
4.91	13.5885824013226
4.93	15.4773428895373
4.95	14.3755659380787
4.97	15.5298084586544
4.99	13.6672807549982
5.01	13.6410479704397
5.03	13.3787201248543
5.05	13.1426250638275
5.07	12.8802972182421
5.09	12.6442021572152
5.11	12.4081070961884
5.13	12.1720120351616
5.15	11.9359169741347
5.17	11.7260546976664
5.19	11.4899596366396
5.21	11.3850284984054
5.23	11.3850284984054
5.25	11.3850284984054
5.27	11.3850284984054
5.29	11.3850284984054
5.31	11.3587957138469
5.33	11.3587957138469
5.35	11.3587957138469
5.37	11.3587957138469
5.39	11.3587957138469
5.41	11.2538645756127
5.43	11.0964678682615
5.45	10.9128383763517
5.47	10.7554416690005
5.49	10.5980449616493
5.51	10.4144154697395
5.53	10.2832515469468
5.55	10.1520876241542
5.57	10.0209237013615
5.59	9.9159925631273
5.61	9.78482864033462
5.63	9.65366471754193
5.65	9.54873357930778
5.67	9.4175696565151
5.69	9.31263851828094
5.71	9.18147459548825
5.73	9.0765434572541
5.75	8.97161231901995
5.77	8.84044839622726
5.79	8.73551725799311
5.81	8.63058611975896
5.83	8.5256549815248
5.85	8.42072384329065
5.87	8.34202548961504
5.89	8.23709435138089
5.91	8.13216321314674
5.93	8.02723207491258
5.95	7.94853372123697
5.97	7.84360258300282
5.99	7.7649042293272
6.01	7.65997309109305
6.03	7.58127473741744
6.05	7.47634359918329
6.07	7.39764524550768
6.09	7.31894689183206
6.11	7.21401575359791
6.13	7.1353173999223
6.15	7.05661904624668
6.17	6.97792069257107
6.19	6.89922233889546
6.21	6.82052398521984
6.23	6.74182563154423
6.25	6.66312727786862
6.27	6.584428924193
6.29	6.50573057051739
6.31	6.42703221684178
6.33	6.3745666477247
6.35	6.29586829404909
6.37	6.21716994037347
6.39	6.13847158669786
6.42	6.05977323302224
6.46	5.92860931022956
6.5	5.79744538743687
6.54	5.66628146464418
6.58	5.53511754185149
6.62	5.4039536190588
6.66	5.29902248082465
6.7	5.1940913425905
6.74	5.06292741979781
6.78	4.95799628156365
6.82	4.8530651433295
6.86	4.74813400509535
6.9	4.66943565141974
6.94	4.56450451318559
6.98	4.45957337495144
7.02	4.38087502127582
7.06	4.27594388304167
7.1	4.19724552936606
7.14	4.11854717569044
7.18	4.03984882201483
7.22	3.96115046833922
7.26	3.8824521146636
7.3	3.80375376098799
7.34	3.72505540731238
7.38	3.64635705363676
7.42	3.56765869996115
7.46	3.51519313084407
7.5	3.43649477716846
7.54	3.38402920805138
7.58	3.30533085437577
7.62	3.25286528525869
7.66	3.17416693158308
7.7	3.12170136246601
7.74	3.06923579334893
7.78	3.01677022423185
7.82	2.96430465511478
7.86	2.88560630143916
7.9	2.83314073232209
7.94	2.78067516320501
7.98	2.75444237864648
8.02	2.7019768095294
8.06	2.64951124041232
8.1	2.59179911438354
8.14	2.54720338063403
8.18	2.49998436842866
8.22	2.45538863467914
8.26	2.41079290092963
8.3	2.37144372409182
8.34	2.32684799034231
8.38	2.2874988135045
8.42	2.24814963666669
8.46	2.20880045982889
8.5	2.16945128299108
8.54	2.13272538460913
8.58	2.09599948622717
8.62	2.05927358784522
8.66	2.02517096791912
8.7	1.99106834799302
8.74	1.95696572806692
8.78	1.92548638659668
8.82	1.89138376667058
8.86	1.85990442520033
8.9	1.83104836218594
8.94	1.79956902071570
8.98	1.77071295770131
9.02	1.74185689468691
9.06	1.71300083167252
9.1	1.68414476865813
9.14	1.65791198409959
9.18	1.63167919954105
9.22	1.60544641498252
9.26	1.57659035196813
9.3	1.55298084586544
9.34	1.52937133976276
9.38	1.50313855520422
9.42	1.48215232755739
9.46	1.45854282145470
9.5	1.43493331535202
9.54	1.41394708770519
9.58	1.39033758160251
9.62	1.36935135395568
9.66	1.34836512630885
9.7	1.32737889866202
9.74	1.30639267101519
9.78	1.28540644336835
9.82	1.26704349417738
9.86	1.24868054498640
9.9	1.23031759579543
9.94	1.21195464660445
9.98	1.19359169741347
10.02	1.17522874822250
20	0.0836825827417358
40	0.00556135032641003
60	0.00111751662219371
80	0.000356765869996115
100	0.000147165921373397
120	7.1353173999223e-05
140	3.85621933010507e-05
160	2.26651258585767e-05
