     117.6500   7.34847471e-02
     117.7900   2.30107347e-01
     117.9200   1.40337704e-02
     118.0600   4.50533337e-02
     118.2000   4.02378908e-02
     118.3400   1.75003544e-02
     118.4800   2.13621087e-02
     118.6200   4.11491089e-02
     118.7600   5.57301971e-02
     118.9100   3.49476012e-02
     119.0500   3.39323344e-02
     119.1900   4.34074978e-02
     119.3300   1.06677418e-01
     119.4700   1.72927005e-01
     119.6200   6.43132029e-02
     119.7600   1.90798130e-01
     119.9000   1.13412474e-01
     120.0500   1.23554039e-01
     120.1900   1.25214918e-01
     120.3400   1.68877503e-01
     120.4800   3.65372918e-01
     120.6300   3.96661924e-01
     120.7700   4.51223610e-01
     120.9200   1.45388263e+01
     121.0700   1.26982720e+00
     121.2100   2.94330387e+00
     121.3600   1.32740728e+01
     121.5100   2.32069540e+02
     121.6500   9.76408806e+00
     121.8000   2.70431606e+00
     121.9500   1.26678673e+00
     122.1000   7.32479815e-01
     122.2500   5.12906832e-01
     122.4000   3.44517540e-01
     122.5500   2.65111910e-01
     122.7000   2.05543701e-01
     122.8500   1.85017041e-01
     123.0000   1.37887063e-01
     123.1500   1.20797229e-01
     123.3000   7.24678661e-01
     123.4600   9.99446649e-02
     123.6100   7.80838422e-02
     123.7600   2.18798765e-01
     123.9200   1.64575301e+00
     124.0700   5.25920899e-01
     124.2200   5.68364326e-01
     124.3800   1.83686793e+00
     124.5300   1.13277438e-01
     124.6900   5.60480203e-02
     124.8400   6.49210460e-02
     125.0000   4.18277794e-02
     125.1600   3.93434651e-01
     125.3100   4.02029594e-02
     125.4700   6.51936606e-02
     125.6300   3.93380969e-02
     125.7900   3.62871898e+01
     125.9400   7.63687871e-02
     126.1000   5.67112538e-02
     126.2600   3.21715078e-02
     126.4200   1.69384670e+01
     126.5800   3.15008862e-01
     126.7400   1.90006535e-01
     126.9000   1.99510081e-02
     127.0600   1.13624059e-01
     127.2300   4.13892481e-02
     127.3900   4.25585053e-01
     127.5500   2.43556988e-02
     127.7100   2.09654557e-02
     127.8800   1.71669057e-02
     128.0400   2.98930721e-02
     128.2100   1.64974867e-02
     128.3700   1.68731600e-02
     128.5300   4.73288998e-02
     128.7000   8.63748492e-01
     128.8700   1.36018183e-01
     129.0300   1.45380728e-02
     129.2000   2.16422589e-02
     129.3700   2.32317288e-02
     129.5300   7.77063432e-01
     129.7000   1.76269556e-02
     129.8700   3.93215082e-01
     130.0400   2.27218376e-02
     130.2100   1.53986068e-02
     130.3800   3.52890244e-02
     130.5500   1.58467888e-02
     130.7200   2.46119383e-02
     130.8900   4.55440014e-02
     131.0600   4.16167642e-02
     131.2300   4.37161455e-02
     131.4100   5.82636636e-02
     131.5800   3.48038866e-02
     131.7500   2.06706556e-01
     131.9300   1.80320120e-01
     132.1000   2.09338168e-02
     132.2800   1.30900572e-02
     132.4500   1.28279862e-02
     132.6300   1.46379189e+00
     132.8000   1.61570683e-02
     132.9800   1.69529989e-02
     133.1600   6.55612478e-03
     133.3300   9.51210376e-02
     133.5100   6.90191466e-02
     133.6900   8.23641568e-02
     133.8700   7.84082603e-02
     134.0500   3.82505165e-01
     134.2300   3.22302301e-03
     134.4100   2.15573196e-01
     134.5900   1.03634218e-01
     134.7700   5.72919700e-02
     134.9500   2.72731303e-02
     135.1400   2.81009988e-03
     135.3200   3.33574177e-03
     135.5000   9.22334337e-03
     135.6900   1.84574055e-02
     135.8700   2.91428660e+00
     136.0500   6.89765987e-04
     136.2400   2.41469912e-03
     136.4300   2.70464151e-03
     136.6100   2.00554193e-02
     136.8000   9.52053002e-01
     136.9900   2.87191221e-02
     137.1700   2.88355566e-03
     137.3600   3.88703926e-03
     137.5500   1.87051921e-01
     137.7400   3.09683121e-03
     137.9300   2.31073366e-02
     138.1200   1.09255603e-02
     138.3100   6.47510202e-03
     138.5000   2.64622641e-03
     138.7000   1.58311359e-02
     138.8900   2.24169019e-01
     139.0800   7.30845030e-03
     139.2800   8.30693432e-02
     139.4700   4.33901682e-02
     139.6600   3.17099210e-02
     139.8600   2.79338486e-03
     140.0600   1.35307905e-02
     140.2500   4.23187612e-03
     140.4500   4.93230342e-03
     140.6500   1.39057963e-02
     140.8500   4.59608207e-03
     141.0400   5.44609459e-02
     141.2400   1.68893066e-01
     141.4400   7.27876894e-03
     141.6400   6.26912691e-02
     141.8400   8.28102137e-03
     142.0500   4.54843285e-02
     142.2500   2.35696031e-02
     142.4500   1.52583071e-02
     142.6500   5.67532654e-03
     142.8600   2.71722646e-02
     143.0600   3.51664660e+00
     143.2700   2.95530236e-02
     143.4700   3.21643535e-02
     143.6800   1.37478372e-02
     143.8800   3.30098817e-02
     144.0900   1.91193758e-03
     144.3000   5.60146316e-03
     144.5100   2.60161272e-02
     144.7200   8.98186196e-02
     144.9300   2.38373033e-02
     145.1400   8.53062896e-03
     145.3500   1.39444206e-01
     145.5600   3.48501032e-02
     145.7700   1.16550799e-02
     145.9900   4.22268017e-02
     146.2000   1.55709622e-01
     146.4100   6.08511752e-02
     146.6300   2.86987866e-01
     146.8400   2.88845070e-02
     147.0600   6.93941773e-02
     147.2800   1.20547587e-01
     147.4900   2.70922751e-02
     147.7100   1.28181733e-02
     147.9300   4.93436920e-03
     148.1500   2.08399770e-02
     148.3700   3.27264911e-03
     148.5900   1.30702514e-02
     148.8100   3.24577343e-03
     149.0300   2.37264085e-03
     149.2500   3.89091277e-02
     149.4800   7.29843268e-03
     149.7000   9.89800587e-03
     149.9300   2.22470729e-02
     150.1500   1.25532727e-03
     150.3800   4.98977067e-03
     150.6000   3.44801060e-02
     150.8300   9.69796034e-03
     151.0600   7.80647943e-02
     151.2900   5.01199046e-03
     151.5200   1.33581130e-01
     151.7500   1.51017946e-01
     151.9800   5.13299391e-01
     152.2100   1.85608747e+00
     152.4400   8.07932702e-01
     152.6700   7.97683374e-02
     152.9100   9.29987602e-03
     153.1400   1.33825884e+00
     153.3700   1.17007426e-01
     153.6100   1.86744346e-02
     153.8500   6.01299958e-02
     154.0800   8.96513945e-02
     154.3200   4.28421574e-03
     154.5600   1.28984246e-01
     154.8000   9.59214017e-02
     155.0400   5.15919902e-03
     155.2800   5.78029940e-01
     155.5200   2.58731790e-03
     155.7600   3.85064206e-02
     156.0100   5.45223271e-02
     156.2500   8.67166167e-01
     156.4900   2.89311683e+00
     156.7400   2.55832851e-02
     156.9900   1.80956881e-02
     157.2300   3.65517583e-02
     157.4800   1.18440814e-01
     157.7300   2.54977997e-02
     157.9800   9.32480957e-03
     158.2300   1.02751848e-01
     158.4800   1.49290951e-02
     158.7300   2.53820823e-02
     158.9800   1.03409555e-02
     159.2400   1.20394111e-02
     159.4900   1.43762555e-01
     159.7400   4.59255776e-02
     160.0000   1.65094234e-02
     160.2600   1.27502223e-01
     160.5100   9.63864338e-03
     160.7700   9.87468854e-03
     161.0300   3.67839800e-02
     161.2900   2.54290894e-03
     161.5500   1.13836854e-02
     161.8100   2.15400509e-01
     162.0700   1.66199457e-01
     162.3400   4.52615060e-02
     162.6000   1.04385246e-01
     162.8700   4.13078649e-03
     163.1300   1.31573964e-01
     163.4000   1.60857240e-01
     163.6700   3.39452432e-01
     163.9300   1.83927391e-01
     164.2000   2.91977047e-02
     164.4700   7.25908305e-02
     164.7400   2.17283220e-01
     165.0200   2.67569180e-01
     165.2900   5.54678678e-02
     165.5600   6.75120620e-01
     165.8400   2.97270355e-02
     166.1100   1.41806558e-02
     166.3900   3.30471131e-02
     166.6700   1.44619406e-02
     166.9400   1.42823437e+02
     167.2200   1.31179098e-02
     167.5000   3.42605852e-02
     167.7900   3.34290610e-01
     168.0700   3.20420775e-02
     168.3500   4.31632578e-01
     168.6300   7.50763494e-01
     168.9200   1.04747377e-01
     169.2000   1.53965207e-01
     169.4900   6.86293183e-02
     169.7800   1.10237387e-01
     170.0700   3.66588623e-02
     170.3600   9.27039618e-02
     170.6500   1.26799330e-02
     170.9400   7.23892306e-02
     171.2300   6.57135182e-03
     171.5300   2.01826493e-01
     171.8200   5.11536052e-01
     172.1200   2.02147776e+00
     172.4100   7.94987584e-02
     172.7100   5.03660053e-02
     173.0100   6.07442034e-01
     173.3100   6.45571973e-02
     173.6100   7.91261185e-02
     173.9100   1.27608536e+00
     174.2200   1.01413151e-01
     174.5200   2.15848097e-01
     174.8300   3.06679680e-01
     175.1300   3.25448352e-01
     175.4400   1.01819083e-01
     175.7500   8.39222512e-03
     176.0600   3.36596113e-02
     176.3700   1.90228961e+00
     176.6800   3.52893614e-01
     176.9900   1.54158624e-02
     177.3000   5.01290636e-02
     177.6200   2.12978372e-01
     177.9400   1.57683344e-02
     178.2500   2.80823310e-01
     178.5700   6.36335560e-03
     178.8900   3.30619534e-01
     179.2100   3.52943007e-02
     179.5300   3.10734391e-02
     179.8600   1.96643850e+00
     180.1800   2.11340971e-02
     180.5100   7.62476234e-03
     180.8300   7.85059393e-03
     181.1600   7.27128279e-02
     181.4900   2.06306820e-02
     181.8200   3.02238395e-01
     182.1500   3.75192198e-03
     182.4800   6.43293749e-02
     182.8200   1.08834601e-02
     183.1500   1.20422619e-01
     183.4900   6.45658082e-02
     183.8200   6.16921628e-02
     184.1600   1.05034164e-02
     184.5000   5.39499760e-03
     184.8400   1.56277474e-01
     185.1900   1.33971241e-02
     185.5300   9.93520490e-01
     185.8700   8.56231597e-03
     186.2200   1.93448131e-01
     186.5700   6.28732785e-02
     186.9200   4.12416804e-01
     187.2700   6.16089800e-02
     187.6200   1.60059168e-01
     187.9700   4.61234586e-01
     188.3200   7.73795215e-01
     188.6800   1.55253566e-01
     189.0400   1.27614488e-01
     189.3900   4.78639724e-02
     189.7500   5.78598275e-01
     190.1100   4.03637692e-01
     190.4800   2.08870461e+00
     190.8400   8.12506945e+01
     191.2000   5.80118313e-02
     191.5700   2.98042981e-01
     191.9400   1.50587572e-01
     192.3100   4.06323445e-02
     192.6800   7.67380127e-02
     193.0500   3.06948567e+02
     193.4200   1.39233090e+00
     193.8000   5.80964184e-01
     194.1700   7.82130363e-03
     194.5500   3.27381061e-01
     194.9300   6.40034950e-03
     195.3100   2.16655119e-02
     195.6900   5.10588987e-03
     196.0800   3.30965713e-01
     196.4600   2.54466308e-02
     196.8500   1.27815827e-02
     197.2400   1.38326570e-02
     197.6300   3.60089664e-02
     198.0200   3.08495870e-02
     198.4100   5.14991599e-02
     198.8100   1.02431229e-02
     199.2000   8.10457840e-03
     199.6000   7.64689084e-02
     200.0000   2.79049958e-02
     200.4000   8.99121045e-02
     200.8000   4.85401993e-03
     201.2100   2.24377586e-01
     201.6100   1.10236966e-02
     202.0200   4.59662529e-02
     202.4300   1.66422224e+01
     202.8400   1.43986078e-02
     203.2500   1.89373759e-02
     203.6700   1.61243314e-02
     204.0800   1.63059960e-02
     204.5000   2.95909591e-02
     204.9200   7.76555285e-03
     205.3400   3.29806231e-01
     205.7600   1.10379646e-01
     206.1900   9.58844049e-02
     206.6100   4.41333476e-03
     207.0400   4.75707176e-01
     207.4700   1.88396436e-01
     207.9000   3.56180332e-02
     208.3300   1.38385044e-01
     208.7700   1.27679338e-02
     209.2100   6.03827634e-01
     209.6400   2.54959277e-01
     210.0800   3.71221650e-02
     210.5300   4.55021488e-02
     210.9700   3.26758050e-02
     211.4200   3.80361944e-02
     211.8600   2.12864849e-01
     212.3100   3.47431453e-02
     212.7700   1.02644321e-02
     213.2200   4.84241528e-01
     213.6800   1.07606394e-01
     214.1300   3.44281240e+00
     214.5900   8.02198682e-02
     215.0500   4.17928430e-01
     215.5200   3.81924126e-01
     215.9800   3.09877678e-02
     216.4500   1.16010357e-01
     216.9200   6.64296997e-03
     217.3900   3.93825496e-02
     217.8600   7.35942848e-02
     218.3400   4.33455566e-01
     218.8200   2.24692283e-02
     219.3000   4.12608887e-02
     219.7800   4.87928911e-01
     220.2600   8.79715158e-02
     220.7500   2.31527414e-02
     221.2400   1.95172217e-01
     221.7300   3.80186000e-01
     222.2200   3.52227651e-01
     222.7200   5.96145761e-01
     223.2100   1.44540752e-01
     223.7100   3.19493252e-02
     224.2200   5.25879915e-02
     224.7200   2.36486253e-01
     225.2300   1.08782862e-02
     225.7300   4.71874727e-02
     226.2400   3.79675709e-02
     226.7600   4.95381783e-01
     227.2700   8.52739429e-01
     227.7900   2.44656928e-01
     228.3100   3.92156125e-02
     228.8300   2.97030028e-01
     229.3600   5.65159820e-02
     229.8900   5.90445088e-01
     230.4100   3.72941991e-02
     230.9500   2.22425754e-01
     231.4800   6.13729464e-02
     232.0200   2.07308094e-01
     232.5600   7.08450931e-02
     233.1000   7.58265991e-02
     233.6400   1.36611084e-01
     234.1900   3.77997299e+00
     234.7400   1.70427739e-01
     235.2900   1.68363449e-01
     235.8500   2.24601994e+00
     236.4100   9.52249920e-01
     236.9700   1.43422352e-01
     237.5300   5.82679103e-02
     238.1000   2.60876963e+01
     238.6600   6.77970558e+00
     239.2300   2.01900837e-01
     239.8100   3.22361758e-02
     240.3800   1.33654807e-01
     240.9600   3.69400358e-01
     241.5500   9.13489677e-01
     242.1300   2.57255381e-01
     242.7200   2.49869476e-01
     243.3100   1.57753450e+00
     243.9000   2.44447090e-01
     244.5000   1.97614968e-01
     245.1000   2.56924457e-02
     245.7000   2.38086552e-01
     246.3100   1.23726562e-01
     246.9100   4.97727766e-02
     247.5200   1.31236814e+00
     248.1400   2.39048959e-02
     248.7600   1.57211080e-02
     249.3800   4.08580398e-02
     250.0000   9.84308671e-01
     250.6300   4.14416196e-01
     251.2600   2.90962714e-01
     251.8900   1.96249406e-01
     252.5300   8.00290464e-02
     253.1600   8.16831674e-01
     253.8100   2.40993711e-01
     254.4500   1.29902792e-01
     255.1000   9.67920122e-02
     255.7500   3.87554995e+00
     256.4100   5.28636377e-02
     257.0700   4.37495164e-01
     257.7300   5.40008972e-01
     258.4000   8.89045770e-02
     259.0700   1.63456989e-01
     259.7400   1.14719855e-01
     260.4200   7.31589416e-01
     261.1000   2.08273717e-01
     261.7800   1.41152047e+00
     262.4700   2.51768846e-01
     263.1600   4.50542083e-02
     263.8500   1.06202447e-01
     264.5500   3.36538602e-01
     265.2500   1.18533318e-01
     265.9600   1.02038888e-01
     266.6700   8.57966980e-02
     267.3800   1.40604414e-01
     268.1000   3.14871400e-01
     268.8200   4.42861433e-02
     269.5400   1.28793703e-01
     270.2700   5.72376541e-01
     271.0000   4.43666245e-02
     271.7400   5.32020137e-02
     272.4800   3.97616549e-01
     273.2200   1.21960015e+00
     273.9700   9.51578758e-01
     274.7300   6.13015865e-02
     275.4800   1.78322549e+00
     276.2400   1.12188197e-01
     277.0100   5.51301651e-02
     277.7800   1.09829935e-01
     278.5500   1.21409912e-01
     279.3300   4.50922937e+00
     280.1100   2.76064882e+00
     280.9000   1.27678435e-01
     281.6900   3.51729610e-01
     282.4900   6.80561729e-01
     283.2900   1.37743121e-01
     284.0900   1.45351422e+00
     284.9000   4.35151383e+00
     285.7100   9.70001534e-02
     286.5300   3.96162936e-02
     287.3600   4.31797861e-01
     288.1800   3.78329868e-02
     289.0200   1.30926237e-01
     289.8600   2.61008176e-01
     290.7000   1.38204637e+00
     291.5500   5.55380609e-02
     292.4000   4.38689224e-02
     293.2600   7.74120687e-02
     294.1200   1.02003711e-01
     294.9900   4.30711170e-02
     295.8600   9.19161890e-02
     296.7400   2.05632689e-01
     297.6200   1.09067283e-01
     298.5100   8.98382808e-02
     299.4000   6.60623872e-02
     300.3000   2.08248022e-01
     301.2000   1.07148572e-01
     302.1100   3.50685824e-02
     303.0300   1.47870837e-01
     303.9500   6.08214310e-02
     304.8800   4.43325147e-02
     305.8100   1.16345848e-01
     306.7500   1.02129298e+00
     307.6900   8.00331804e-02
     308.6400   4.49767502e-02
     309.6000   2.66864954e-02
     310.5600   1.58709888e-01
     311.5300   2.22690899e-01
     312.5000   4.13066154e-01
     313.4800   2.37087068e-01
     314.4700   5.90084922e-01
     315.4600   6.95222499e-02
     316.4600   3.93952958e+01
     317.4600   7.79822545e-01
     318.4700   3.43390832e-01
     319.4900   6.70729703e-01
     320.5100   8.97384541e-01
     321.5400   6.01837748e-01
     322.5800   4.88521349e+00
     323.6200   2.59172390e-01
     324.6800   5.71813205e-01
     325.7300   1.57701882e+01
     326.8000   2.95344790e-01
     327.8700   3.50135433e-01
     328.9500   1.65046350e+00
     330.0300   1.54748752e-01
     331.1300   1.85969305e-01
     332.2300   2.42998258e+00
     333.3300   2.09734461e+00
     334.4500   1.16238894e+01
     335.5700   3.88937344e-01
     336.7000   1.24971668e-01
     337.8400   3.91715841e-01
     338.9800   2.19296357e+01
     340.1400   2.58261193e-01
     341.3000   1.91655259e-01
     342.4700   9.23078336e-02
     343.6400   8.63635504e-02
     344.8300   2.93859045e-01
     346.0200   9.27542629e-02
     347.2200   4.42332923e+00
     348.4300   3.10689687e-01
     349.6500   4.82096113e-01
     350.8800   1.70118437e-01
     352.1100   1.61864539e-01
     353.3600   6.41386901e-01
     354.6100   1.18176838e-01
     355.8700   5.18507509e-01
     357.1400   5.50651584e-01
     358.4200   1.73416195e+00
     359.7100   6.03838177e-01
     361.0100   7.49974312e-02
     362.3200   3.50012339e-01
     363.6400   2.40083599e-01
     364.9600   4.97027637e-01
     366.3000   3.03488911e-01
     367.6500   1.45061202e-01
     369.0000   1.04722660e-01
     370.3700   7.66689047e-02
     371.7500   2.02108953e-02
     373.1300   7.32685396e-02
     374.5300   5.36277643e-02
     375.9400   5.30671703e-01
     377.3600   1.23511349e+00
     378.7900   3.50479304e-01
     380.2300   5.26833567e-01
     381.6800   1.15382333e-01
     383.1400   2.96663508e-01
     384.6200   6.82064096e-01
     386.1000   1.31115495e-01
     387.6000   1.36692297e-01
     389.1100   1.09777277e-01
     390.6200   5.90627551e-01
     392.1600   7.11849247e-02
     393.7000   4.12089730e-02
     395.2600   1.26751267e-01
     396.8300   1.16532403e+00
     398.4100   1.73325500e+00
     400.0000   4.15287152e+00
     401.6100   1.72264793e+00
     403.2300   1.35061807e+00
     404.8600   5.54608641e+00
     406.5000   7.85446685e-01
     408.1600   2.13728402e+01
     409.8400   3.49743500e+00
     411.5200   2.14900948e+01
     413.2200   1.41491857e+00
     414.9400   9.84408112e-01
     416.6700   4.79638932e-01
     418.4100   3.34412688e-01
     420.1700   5.05558200e-01
     421.9400   4.15950716e-02
     423.7300   1.94976120e-01
     425.5300   2.35903479e+00
     427.3500   5.24418654e-01
     429.1800   9.71629513e-01
     431.0300   6.49671169e-01
     432.9000   3.69019899e+00
     434.7800   5.05162800e+00
     436.6800   9.58607400e+00
     438.6000   1.05426113e+01
     440.5300   1.29755950e+01
     442.4800   2.57506246e+00
     444.4400   1.57645065e+00
     446.4300   1.28511693e+00
     448.4300   1.29340674e+01
     450.4500   1.36708679e+00
     452.4900   1.01709419e+01
     454.5500   3.81004162e+00
     456.6200   9.67875633e+00
     458.7200   2.82092931e+00
     460.8300   3.25691049e+00
     462.9600   9.42076114e-01
     465.1200   1.84875435e+00
     467.2900   4.08625469e+00
     469.4800   2.36331664e+01
     471.7000   1.38326444e+01
     473.9300   4.10979345e+01
     476.1900   7.58478175e-01
     478.4700   2.76426412e+00
     480.7700   1.19537472e+00
     483.0900   5.80150550e+00
     485.4400   1.44360925e+00
     487.8000   5.18466857e+00
     490.2000   4.91635082e+01
     492.6100   4.74119331e+01
     495.0500   2.03500081e+00
     497.5100   4.06948587e+00
     500.0000   1.53556179e+00
     502.5100   1.84922890e+00
     505.0500   1.75754038e+01
     507.6100   2.31559025e+01
     510.2000   4.91193744e+01
     512.8200   1.99843505e+01
     515.4600   1.31639558e+00
     518.1300   2.96619997e+00
     520.8300   2.08402022e+01
     523.5600   6.77355896e+00
     526.3200   1.95004548e+01
     529.1000   3.68619373e+01
     531.9100   2.72277657e+01
     534.7600   7.46140402e+00
     537.6300   1.99008702e+01
     540.5400   4.10287343e+01
     543.4800   3.04396280e+00
     546.4500   5.18173193e+00
     549.4500   5.83984688e+00
     552.4900   2.11104652e+01
     555.5600   2.62099219e+01
     558.6600   1.11614741e+01
     561.8000   7.34995983e+00
     564.9700   1.27999593e+01
     568.1800   1.00614724e+01
     571.4300   1.43374744e+01
     574.7100   7.43883160e+00
     578.0300   3.03010327e+01
     581.4000   1.75648733e+01
     584.8000   7.29346476e+00
     588.2400   2.27799542e+00
     591.7200   7.95476320e+00
     595.2400   1.00160266e+01
     598.8000   1.36508835e+01
     602.4100   2.07391720e+01
     606.0600   3.88359714e+01
     609.7600   6.45671099e+01
     613.5000   2.48551675e+01
     617.2800   1.05978033e+01
     621.1200   9.26378255e+00
     625.0000   1.44288434e+01
     628.9300   1.25088653e+01
     632.9100   3.36472591e+01
     636.9400   2.27822192e+01
     641.0300   2.19017911e+01
     645.1600   2.37544857e+01
     649.3500   2.85527474e+01
     653.5900   4.20978753e+01
     657.8900   5.08502654e+01
     662.2500   6.24151525e+01
     666.6700   2.17948183e+01
     671.1400   1.79400292e+01
     675.6800   2.48114580e+01
     680.2700   1.88517010e+01
     684.9300   2.87019298e+01
     689.6600   9.96619252e+00
     694.4400   1.77111469e+01
     699.3000   1.40070046e+02
     704.2300   3.56128720e+01
     709.2200   2.10311239e+01
     714.2900   2.16379761e+01
     719.4200   4.53726469e+01
     724.6400   4.96561247e+01
     729.9300   5.77246582e+01
     735.2900   3.20839888e+02
     740.7400   1.80744370e+02
     746.2700   2.84488417e+02
     751.8800   2.46201862e+02
     757.5800   3.11593255e+02
     763.3600   2.70781935e+01
     769.2300   9.47964346e+01
     775.1900   8.03237063e+01
     781.2500   2.02057760e+02
     787.4000   4.11641139e+02
     793.6500   3.47831430e+02
     800.0000   3.12224565e+02
     806.4500   5.66854753e+02
     813.0100   6.22756630e+02
     819.6700   3.95432044e+02
     826.4500   3.08094673e+02
     833.3300   3.76223419e+02
     840.3400   1.53441148e+02
     847.4600   1.39410035e+02
     854.7000   3.98843484e+02
     862.0700   3.33645376e+02
     869.5700   2.97884307e+02
     877.1900   7.54837070e+02
     884.9600   2.77283382e+02
     892.8600   8.32937863e+02
     900.9000   4.29673636e+02
     909.0900   6.84179475e+02
     917.4300   7.52431330e+02
     925.9300   3.27485444e+02
     934.5800   5.10981939e+02
     943.4000   8.91360506e+02
     952.3800   1.12337600e+03
     961.5400   1.12682843e+03
     970.8700   5.70037894e+02
     980.3900   8.30494530e+02
     990.1000   1.15460810e+03
