    SIZE INTERVAL   1
   WAVl        QEXT      W0      gf
     0.2563     0.000794   0.0000000   0.000001
     0.2795     0.000643   0.0000000   0.000001
     0.2965     0.000556   0.0000000   0.000001
     0.3186     0.000473   0.0000000   0.000001
     0.3355     0.000416   0.0000000   0.000001
     0.3650     0.000319   0.0000000   0.000000
     0.4200     0.000185   0.0000000   0.000000
     0.4950     0.000081   0.0000000   0.000000
     0.5448     0.000051   0.0000000   0.000000
     0.5581     0.000046   0.0000000   0.000000
     0.5858     0.000036   0.0000000   0.000000
     0.6150     0.000028   0.0000000   0.000000
     0.6459     0.000021   0.0000000   0.000000
     0.6790     0.000015   0.0000000   0.000000
     0.7210     0.000010   0.0000000   0.000000
     0.7680     0.000007   0.0000000   0.000000
     0.8130     0.000005   0.0000000   0.000000
     0.8670     0.000003   0.0000000   0.000000
     0.9260     0.000002   0.0000000   0.000000
     1.0000     0.000001   0.0000000   0.000000
     1.0500     0.000001   0.0000000   0.000000
     1.1000     0.000001   0.0000000   0.000000
     1.1700     0.000001   0.0000001   0.000000
     1.2500     0.000000   0.0000001   0.000000
     1.3700     0.000000   0.0000000   0.000000
     1.5000     0.000000   0.0000000   0.000000
     1.6300     0.000000   0.0000000   0.000000
     1.7700     0.000000   0.0000000   0.000000
     1.9400     0.000000   0.0000000   0.000000
     2.1100     0.000000   0.0000000   0.000000
     2.3400     0.000000   0.0000000   0.000000
     2.5700     0.000000   0.0000000   0.000000
     2.7900     0.000008   0.0000000   0.000000
     3.0800     0.000028   0.0000000   0.000000
     3.4100     0.000013   0.0000000   0.000000
     3.7900     0.000005   0.0000000  -0.000000
     4.0900     0.000002   0.0000000   0.000000
     4.3600     0.000014   0.0000000  -0.000000
    SIZE INTERVAL   2
   WAVl        QEXT      W0      gf
     0.2563     0.001588   0.0000001   0.000005
     0.2795     0.001285   0.0000001   0.000004
     0.2965     0.001112   0.0000001   0.000004
     0.3186     0.000947   0.0000001   0.000003
     0.3355     0.000831   0.0000001   0.000003
     0.3650     0.000638   0.0000001   0.000002
     0.4200     0.000369   0.0000001   0.000001
     0.4950     0.000163   0.0000001   0.000001
     0.5448     0.000103   0.0000001   0.000001
     0.5581     0.000092   0.0000001   0.000001
     0.5858     0.000072   0.0000001   0.000001
     0.6150     0.000056   0.0000001   0.000001
     0.6459     0.000042   0.0000001   0.000001
     0.6790     0.000031   0.0000001   0.000001
     0.7210     0.000020   0.0000002   0.000000
     0.7680     0.000013   0.0000002   0.000000
     0.8130     0.000009   0.0000002   0.000000
     0.8670     0.000006   0.0000003   0.000000
     0.9260     0.000004   0.0000003   0.000000
     1.0000     0.000002   0.0000004   0.000000
     1.0500     0.000002   0.0000004   0.000000
     1.1000     0.000001   0.0000004   0.000000
     1.1700     0.000001   0.0000004   0.000000
     1.2500     0.000001   0.0000004   0.000000
     1.3700     0.000001   0.0000004   0.000000
     1.5000     0.000001   0.0000003   0.000000
     1.6300     0.000000   0.0000003   0.000000
     1.7700     0.000000   0.0000002   0.000000
     1.9400     0.000001   0.0000001   0.000000
     2.1100     0.000001   0.0000000   0.000000
     2.3400     0.000001   0.0000000   0.000000
     2.5700     0.000000   0.0000000   0.000000
     2.7900     0.000016   0.0000000   0.000000
     3.0800     0.000057   0.0000000   0.000000
     3.4100     0.000026   0.0000000   0.000000
     3.7900     0.000010   0.0000000   0.000000
     4.0900     0.000004   0.0000000   0.000000
     4.3600     0.000029   0.0000000  -0.000000
    SIZE INTERVAL   3
   WAVl        QEXT      W0      gf
     0.2563     0.002382   0.0000005   0.000012
     0.2795     0.001928   0.0000004   0.000010
     0.2965     0.001667   0.0000004   0.000009
     0.3186     0.001420   0.0000003   0.000007
     0.3355     0.001247   0.0000003   0.000007
     0.3650     0.000957   0.0000003   0.000006
     0.4200     0.000554   0.0000003   0.000004
     0.4950     0.000244   0.0000004   0.000003
     0.5448     0.000154   0.0000004   0.000002
     0.5581     0.000137   0.0000004   0.000002
     0.5858     0.000108   0.0000004   0.000002
     0.6150     0.000084   0.0000004   0.000001
     0.6459     0.000063   0.0000005   0.000001
     0.6790     0.000046   0.0000005   0.000001
     0.7210     0.000031   0.0000006   0.000001
     0.7680     0.000020   0.0000006   0.000001
     0.8130     0.000014   0.0000007   0.000001
     0.8670     0.000010   0.0000008   0.000001
     0.9260     0.000006   0.0000010   0.000001
     1.0000     0.000004   0.0000012   0.000001
     1.0500     0.000003   0.0000013   0.000001
     1.1000     0.000002   0.0000013   0.000000
     1.1700     0.000002   0.0000015   0.000000
     1.2500     0.000001   0.0000015   0.000000
     1.3700     0.000001   0.0000012   0.000000
     1.5000     0.000001   0.0000011   0.000000
     1.6300     0.000001   0.0000009   0.000000
     1.7700     0.000001   0.0000006   0.000000
     1.9400     0.000001   0.0000003   0.000000
     2.1100     0.000001   0.0000002   0.000000
     2.3400     0.000001   0.0000001   0.000000
     2.5700     0.000001   0.0000000   0.000000
     2.7900     0.000023   0.0000000   0.000000
     3.0800     0.000085   0.0000000   0.000000
     3.4100     0.000038   0.0000000   0.000000
     3.7900     0.000015   0.0000000   0.000000
     4.0900     0.000006   0.0000000   0.000000
     4.3600     0.000043   0.0000000   0.000000
    SIZE INTERVAL   4
   WAVl        QEXT      W0      gf
     0.2563     0.003175   0.0000012   0.000021
     0.2795     0.002571   0.0000010   0.000017
     0.2965     0.002223   0.0000009   0.000015
     0.3186     0.001894   0.0000007   0.000013
     0.3355     0.001662   0.0000007   0.000012
     0.3650     0.001276   0.0000006   0.000010
     0.4200     0.000738   0.0000007   0.000008
     0.4950     0.000326   0.0000008   0.000006
     0.5448     0.000205   0.0000009   0.000005
     0.5581     0.000183   0.0000009   0.000004
     0.5858     0.000145   0.0000009   0.000004
     0.6150     0.000112   0.0000010   0.000004
     0.6459     0.000084   0.0000011   0.000003
     0.6790     0.000061   0.0000012   0.000003
     0.7210     0.000041   0.0000013   0.000003
     0.7680     0.000027   0.0000015   0.000002
     0.8130     0.000018   0.0000017   0.000002
     0.8670     0.000013   0.0000020   0.000001
     0.9260     0.000008   0.0000025   0.000001
     1.0000     0.000005   0.0000030   0.000001
     1.0500     0.000004   0.0000031   0.000001
     1.1000     0.000003   0.0000031   0.000001
     1.1700     0.000002   0.0000034   0.000001
     1.2500     0.000002   0.0000036   0.000001
     1.3700     0.000001   0.0000029   0.000001
     1.5000     0.000001   0.0000025   0.000000
     1.6300     0.000001   0.0000022   0.000000
     1.7700     0.000001   0.0000015   0.000000
     1.9400     0.000001   0.0000006   0.000000
     2.1100     0.000002   0.0000004   0.000000
     2.3400     0.000001   0.0000003   0.000000
     2.5700     0.000001   0.0000000   0.000000
     2.7900     0.000031   0.0000000   0.000000
     3.0800     0.000113   0.0000000   0.000000
     3.4100     0.000051   0.0000000   0.000000
     3.7900     0.000020   0.0000000   0.000000
     4.0900     0.000008   0.0000000   0.000000
     4.3600     0.000058   0.0000000   0.000000
    SIZE INTERVAL   5
   WAVl        QEXT      W0      gf
     0.2563     0.003970   0.0000023   0.000032
     0.2795     0.003214   0.0000020   0.000027
     0.2965     0.002779   0.0000017   0.000024
     0.3186     0.002367   0.0000015   0.000021
     0.3355     0.002078   0.0000013   0.000019
     0.3650     0.001596   0.0000012   0.000016
     0.4200     0.000923   0.0000014   0.000012
     0.4950     0.000407   0.0000016   0.000009
     0.5448     0.000256   0.0000017   0.000007
     0.5581     0.000229   0.0000017   0.000007
     0.5858     0.000181   0.0000018   0.000006
     0.6150     0.000140   0.0000020   0.000006
     0.6459     0.000105   0.0000021   0.000005
     0.6790     0.000077   0.0000023   0.000005
     0.7210     0.000051   0.0000026   0.000004
     0.7680     0.000033   0.0000029   0.000004
     0.8130     0.000023   0.0000033   0.000003
     0.8670     0.000016   0.0000039   0.000003
     0.9260     0.000011   0.0000048   0.000002
     1.0000     0.000006   0.0000058   0.000002
     1.0500     0.000005   0.0000060   0.000001
     1.1000     0.000004   0.0000061   0.000001
     1.1700     0.000003   0.0000067   0.000001
     1.2500     0.000002   0.0000070   0.000001
     1.3700     0.000002   0.0000056   0.000001
     1.5000     0.000001   0.0000049   0.000001
     1.6300     0.000001   0.0000042   0.000001
     1.7700     0.000001   0.0000030   0.000000
     1.9400     0.000002   0.0000013   0.000000
     2.1100     0.000002   0.0000007   0.000000
     2.3400     0.000002   0.0000006   0.000000
     2.5700     0.000001   0.0000000   0.000000
     2.7900     0.000039   0.0000000   0.000000
     3.0800     0.000142   0.0000000   0.000000
     3.4100     0.000064   0.0000000   0.000000
     3.7900     0.000025   0.0000000   0.000000
     4.0900     0.000010   0.0000000   0.000000
     4.3600     0.000072   0.0000000   0.000000
    SIZE INTERVAL   6
   WAVl        QEXT      W0      gf
     0.2563     0.004764   0.0000040   0.000047
     0.2795     0.003857   0.0000034   0.000039
     0.2965     0.003335   0.0000030   0.000035
     0.3186     0.002841   0.0000025   0.000030
     0.3355     0.002494   0.0000023   0.000027
     0.3650     0.001915   0.0000021   0.000023
     0.4200     0.001107   0.0000024   0.000018
     0.4950     0.000489   0.0000028   0.000013
     0.5448     0.000308   0.0000030   0.000011
     0.5581     0.000275   0.0000030   0.000010
     0.5858     0.000217   0.0000032   0.000009
     0.6150     0.000168   0.0000034   0.000008
     0.6459     0.000126   0.0000037   0.000007
     0.6790     0.000092   0.0000040   0.000007
     0.7210     0.000061   0.0000045   0.000006
     0.7680     0.000040   0.0000050   0.000005
     0.8130     0.000028   0.0000057   0.000005
     0.8670     0.000019   0.0000068   0.000004
     0.9260     0.000013   0.0000083   0.000004
     1.0000     0.000007   0.0000100   0.000003
     1.0500     0.000005   0.0000104   0.000003
     1.1000     0.000004   0.0000105   0.000002
     1.1700     0.000003   0.0000116   0.000002
     1.2500     0.000002   0.0000121   0.000001
     1.3700     0.000002   0.0000097   0.000001
     1.5000     0.000002   0.0000085   0.000001
     1.6300     0.000001   0.0000073   0.000001
     1.7700     0.000001   0.0000052   0.000001
     1.9400     0.000002   0.0000022   0.000001
     2.1100     0.000003   0.0000013   0.000000
     2.3400     0.000002   0.0000010   0.000000
     2.5700     0.000001   0.0000001   0.000000
     2.7900     0.000047   0.0000000   0.000000
     3.0800     0.000170   0.0000000   0.000000
     3.4100     0.000077   0.0000000   0.000000
     3.7900     0.000030   0.0000000   0.000000
     4.0900     0.000012   0.0000000   0.000000
     4.3600     0.000086   0.0000000   0.000000
    SIZE INTERVAL   7
   WAVl        QEXT      W0      gf
     0.2563     0.005558   0.0000064   0.000063
     0.2795     0.004500   0.0000054   0.000053
     0.2965     0.003891   0.0000048   0.000047
     0.3186     0.003315   0.0000040   0.000040
     0.3355     0.002909   0.0000036   0.000036
     0.3650     0.002234   0.0000033   0.000031
     0.4200     0.001292   0.0000037   0.000024
     0.4950     0.000570   0.0000045   0.000018
     0.5448     0.000359   0.0000047   0.000014
     0.5581     0.000321   0.0000048   0.000014
     0.5858     0.000253   0.0000050   0.000012
     0.6150     0.000196   0.0000054   0.000011
     0.6459     0.000147   0.0000058   0.000010
     0.6790     0.000107   0.0000063   0.000009
     0.7210     0.000072   0.0000071   0.000008
     0.7680     0.000047   0.0000080   0.000007
     0.8130     0.000032   0.0000091   0.000006
     0.8670     0.000022   0.0000108   0.000006
     0.9260     0.000015   0.0000132   0.000005
     1.0000     0.000009   0.0000159   0.000004
     1.0500     0.000006   0.0000165   0.000004
     1.1000     0.000005   0.0000166   0.000003
     1.1700     0.000004   0.0000185   0.000003
     1.2500     0.000003   0.0000192   0.000002
     1.3700     0.000002   0.0000154   0.000002
     1.5000     0.000002   0.0000135   0.000001
     1.6300     0.000002   0.0000116   0.000001
     1.7700     0.000002   0.0000082   0.000001
     1.9400     0.000003   0.0000035   0.000001
     2.1100     0.000003   0.0000020   0.000001
     2.3400     0.000003   0.0000016   0.000001
     2.5700     0.000001   0.0000001   0.000000
     2.7900     0.000054   0.0000000   0.000000
     3.0800     0.000198   0.0000000   0.000000
     3.4100     0.000090   0.0000000   0.000000
     3.7900     0.000035   0.0000000   0.000000
     4.0900     0.000014   0.0000000   0.000000
     4.3600     0.000101   0.0000000   0.000000
    SIZE INTERVAL   8
   WAVl        QEXT      W0      gf
     0.2563     0.006352   0.0000096   0.000083
     0.2795     0.005143   0.0000081   0.000069
     0.2965     0.004447   0.0000071   0.000061
     0.3186     0.003788   0.0000060   0.000053
     0.3355     0.003325   0.0000054   0.000047
     0.3650     0.002553   0.0000050   0.000040
     0.4200     0.001476   0.0000056   0.000031
     0.4950     0.000652   0.0000067   0.000023
     0.5448     0.000410   0.0000070   0.000019
     0.5581     0.000366   0.0000072   0.000018
     0.5858     0.000289   0.0000075   0.000016
     0.6150     0.000224   0.0000080   0.000014
     0.6459     0.000168   0.0000087   0.000013
     0.6790     0.000122   0.0000095   0.000012
     0.7210     0.000082   0.0000106   0.000011
     0.7680     0.000053   0.0000119   0.000009
     0.8130     0.000037   0.0000136   0.000008
     0.8670     0.000025   0.0000161   0.000007
     0.9260     0.000017   0.0000197   0.000006
     1.0000     0.000010   0.0000237   0.000005
     1.0500     0.000007   0.0000246   0.000005
     1.1000     0.000006   0.0000248   0.000004
     1.1700     0.000004   0.0000276   0.000004
     1.2500     0.000003   0.0000287   0.000003
     1.3700     0.000003   0.0000230   0.000003
     1.5000     0.000002   0.0000202   0.000002
     1.6300     0.000002   0.0000172   0.000002
     1.7700     0.000002   0.0000123   0.000001
     1.9400     0.000003   0.0000052   0.000001
     2.1100     0.000004   0.0000031   0.000001
     2.3400     0.000003   0.0000024   0.000001
     2.5700     0.000001   0.0000002   0.000001
     2.7900     0.000062   0.0000000   0.000000
     3.0800     0.000227   0.0000000   0.000000
     3.4100     0.000102   0.0000000   0.000000
     3.7900     0.000040   0.0000000   0.000000
     4.0900     0.000016   0.0000000   0.000000
     4.3600     0.000115   0.0000000   0.000000
    SIZE INTERVAL   9
   WAVl        QEXT      W0      gf
     0.2563     0.007147   0.0000137   0.000105
     0.2795     0.005786   0.0000115   0.000088
     0.2965     0.005003   0.0000101   0.000078
     0.3186     0.004262   0.0000085   0.000067
     0.3355     0.003741   0.0000077   0.000060
     0.3650     0.002872   0.0000070   0.000051
     0.4200     0.001661   0.0000079   0.000040
     0.4950     0.000733   0.0000096   0.000029
     0.5448     0.000461   0.0000100   0.000024
     0.5581     0.000412   0.0000102   0.000022
     0.5858     0.000325   0.0000107   0.000020
     0.6150     0.000251   0.0000114   0.000018
     0.6459     0.000189   0.0000123   0.000017
     0.6790     0.000138   0.0000135   0.000015
     0.7210     0.000092   0.0000150   0.000013
     0.7680     0.000060   0.0000170   0.000012
     0.8130     0.000042   0.0000193   0.000010
     0.8670     0.000029   0.0000229   0.000009
     0.9260     0.000019   0.0000280   0.000008
     1.0000     0.000011   0.0000337   0.000007
     1.0500     0.000008   0.0000351   0.000006
     1.1000     0.000007   0.0000354   0.000006
     1.1700     0.000005   0.0000393   0.000005
     1.2500     0.000004   0.0000408   0.000004
     1.3700     0.000003   0.0000328   0.000004
     1.5000     0.000002   0.0000287   0.000003
     1.6300     0.000002   0.0000246   0.000002
     1.7700     0.000002   0.0000175   0.000002
     1.9400     0.000003   0.0000074   0.000001
     2.1100     0.000004   0.0000044   0.000001
     2.3400     0.000003   0.0000035   0.000001
     2.5700     0.000002   0.0000002   0.000001
     2.7900     0.000070   0.0000000   0.000001
     3.0800     0.000255   0.0000000   0.000001
     3.4100     0.000115   0.0000000   0.000000
     3.7900     0.000045   0.0000000   0.000000
     4.0900     0.000017   0.0000000   0.000000
     4.3600     0.000129   0.0000000   0.000000
    SIZE INTERVAL   10
   WAVl        QEXT      W0      gf
     0.2563     0.007942   0.0000187   0.000129
     0.2795     0.006429   0.0000158   0.000109
     0.2965     0.005560   0.0000138   0.000096
     0.3186     0.004736   0.0000117   0.000082
     0.3355     0.004157   0.0000105   0.000074
     0.3650     0.003192   0.0000097   0.000063
     0.4200     0.001846   0.0000109   0.000049
     0.4950     0.000814   0.0000132   0.000036
     0.5448     0.000513   0.0000138   0.000029
     0.5581     0.000458   0.0000140   0.000028
     0.5858     0.000362   0.0000146   0.000025
     0.6150     0.000279   0.0000156   0.000023
     0.6459     0.000210   0.0000169   0.000020
     0.6790     0.000153   0.0000185   0.000019
     0.7210     0.000102   0.0000206   0.000016
     0.7680     0.000067   0.0000233   0.000014
     0.8130     0.000046   0.0000265   0.000013
     0.8670     0.000032   0.0000314   0.000011
     0.9260     0.000021   0.0000384   0.000010
     1.0000     0.000012   0.0000463   0.000008
     1.0500     0.000009   0.0000481   0.000008
     1.1000     0.000007   0.0000485   0.000007
     1.1700     0.000006   0.0000539   0.000006
     1.2500     0.000004   0.0000560   0.000005
     1.3700     0.000003   0.0000450   0.000004
     1.5000     0.000003   0.0000394   0.000004
     1.6300     0.000002   0.0000337   0.000003
     1.7700     0.000002   0.0000239   0.000003
     1.9400     0.000004   0.0000101   0.000001
     2.1100     0.000005   0.0000060   0.000001
     2.3400     0.000004   0.0000048   0.000001
     2.5700     0.000002   0.0000003   0.000001
     2.7900     0.000078   0.0000001   0.000001
     3.0800     0.000284   0.0000000   0.000001
     3.4100     0.000128   0.0000000   0.000001
     3.7900     0.000050   0.0000001   0.000000
     4.0900     0.000019   0.0000001   0.000000
     4.3600     0.000144   0.0000000   0.000000
    SIZE INTERVAL   11
   WAVl        QEXT      W0      gf
     0.2563     0.015907   0.0001497   0.000517
     0.2795     0.012875   0.0001260   0.000434
     0.2965     0.011132   0.0001107   0.000383
     0.3186     0.009480   0.0000934   0.000330
     0.3355     0.008320   0.0000840   0.000296
     0.3650     0.006388   0.0000773   0.000251
     0.4200     0.003693   0.0000870   0.000195
     0.4950     0.001630   0.0001053   0.000143
     0.5448     0.001026   0.0001101   0.000117
     0.5581     0.000916   0.0001118   0.000111
     0.5858     0.000724   0.0001171   0.000100
     0.6150     0.000559   0.0001250   0.000090
     0.6459     0.000420   0.0001352   0.000082
     0.6790     0.000306   0.0001477   0.000074
     0.7210     0.000205   0.0001648   0.000066
     0.7680     0.000133   0.0001866   0.000058
     0.8130     0.000093   0.0002117   0.000052
     0.8670     0.000063   0.0002509   0.000045
     0.9260     0.000042   0.0003075   0.000039
     1.0000     0.000024   0.0003702   0.000034
     1.0500     0.000018   0.0003848   0.000031
     1.1000     0.000015   0.0003881   0.000028
     1.1700     0.000011   0.0004306   0.000025
     1.2500     0.000008   0.0004479   0.000022
     1.3700     0.000007   0.0003595   0.000018
     1.5000     0.000005   0.0003152   0.000015
     1.6300     0.000004   0.0002694   0.000013
     1.7700     0.000005   0.0001915   0.000011
     1.9400     0.000007   0.0000811   0.000009
     2.1100     0.000009   0.0000477   0.000008
     2.3400     0.000007   0.0000380   0.000006
     2.5700     0.000004   0.0000025   0.000005
     2.7900     0.000155   0.0000005   0.000004
     3.0800     0.000567   0.0000002   0.000004
     3.4100     0.000256   0.0000003   0.000003
     3.7900     0.000101   0.0000004   0.000002
     4.0900     0.000039   0.0000005   0.000001
     4.3600     0.000288   0.0000000   0.000005
    SIZE INTERVAL   12
   WAVl        QEXT      W0      gf
     0.2563     0.023922   0.0005042   0.001163
     0.2795     0.019354   0.0004244   0.000977
     0.2965     0.016729   0.0003730   0.000863
     0.3186     0.014243   0.0003149   0.000742
     0.3355     0.012498   0.0002832   0.000666
     0.3650     0.009593   0.0002607   0.000564
     0.4200     0.005546   0.0002934   0.000439
     0.4950     0.002447   0.0003551   0.000323
     0.5448     0.001540   0.0003714   0.000263
     0.5581     0.001376   0.0003772   0.000250
     0.5858     0.001086   0.0003950   0.000225
     0.6150     0.000839   0.0004216   0.000204
     0.6459     0.000631   0.0004561   0.000184
     0.6790     0.000460   0.0004981   0.000167
     0.7210     0.000307   0.0005560   0.000148
     0.7680     0.000200   0.0006293   0.000130
     0.8130     0.000139   0.0007141   0.000116
     0.8670     0.000095   0.0008462   0.000101
     0.9260     0.000063   0.0010368   0.000089
     1.0000     0.000037   0.0012481   0.000076
     1.0500     0.000027   0.0012975   0.000069
     1.1000     0.000022   0.0013084   0.000063
     1.1700     0.000017   0.0014518   0.000055
     1.2500     0.000012   0.0015101   0.000048
     1.3700     0.000010   0.0012122   0.000040
     1.5000     0.000008   0.0010630   0.000034
     1.6300     0.000006   0.0009087   0.000029
     1.7700     0.000007   0.0006461   0.000024
     1.9400     0.000011   0.0002736   0.000020
     2.1100     0.000014   0.0001611   0.000017
     2.3400     0.000011   0.0001283   0.000014
     2.5700     0.000005   0.0000083   0.000011
     2.7900     0.000233   0.0000016   0.000009
     3.0800     0.000851   0.0000007   0.000008
     3.4100     0.000384   0.0000008   0.000007
     3.7900     0.000151   0.0000014   0.000005
     4.0900     0.000058   0.0000018   0.000004
     4.3600     0.000431   0.0000000   0.000005
    SIZE INTERVAL   13
   WAVl        QEXT      W0      gf
     0.2563     0.032017   0.0011917   0.002067
     0.2795     0.025888   0.0010036   0.001736
     0.2965     0.022367   0.0008823   0.001533
     0.3186     0.019036   0.0007451   0.001319
     0.3355     0.016699   0.0006701   0.001185
     0.3650     0.012814   0.0006170   0.001002
     0.4200     0.007406   0.0006947   0.000781
     0.4950     0.003267   0.0008407   0.000573
     0.5448     0.002055   0.0008794   0.000468
     0.5581     0.001836   0.0008932   0.000444
     0.5858     0.001450   0.0009355   0.000400
     0.6150     0.001120   0.0009984   0.000362
     0.6459     0.000842   0.0010801   0.000328
     0.6790     0.000613   0.0011794   0.000297
     0.7210     0.000410   0.0013165   0.000263
     0.7680     0.000267   0.0014902   0.000232
     0.8130     0.000185   0.0016907   0.000206
     0.8670     0.000127   0.0020032   0.000180
     0.9260     0.000084   0.0024536   0.000157
     1.0000     0.000049   0.0029529   0.000135
     1.0500     0.000036   0.0030697   0.000122
     1.1000     0.000030   0.0030955   0.000111
     1.1700     0.000022   0.0034341   0.000098
     1.2500     0.000016   0.0035717   0.000086
     1.3700     0.000014   0.0028684   0.000071
     1.5000     0.000011   0.0025160   0.000060
     1.6300     0.000009   0.0021511   0.000051
     1.7700     0.000009   0.0015301   0.000043
     1.9400     0.000014   0.0006484   0.000035
     2.1100     0.000018   0.0003818   0.000030
     2.3400     0.000015   0.0003040   0.000024
     2.5700     0.000007   0.0000197   0.000020
     2.7900     0.000310   0.0000038   0.000017
     3.0800     0.001134   0.0000016   0.000014
     3.4100     0.000513   0.0000020   0.000012
     3.7900     0.000202   0.0000034   0.000009
     4.0900     0.000078   0.0000043   0.000008
     4.3600     0.000575   0.0000000   0.000009
    SIZE INTERVAL   14
   WAVl        QEXT      W0      gf
     0.2563     0.040225   0.0023181   0.003227
     0.2795     0.032499   0.0019534   0.002711
     0.2965     0.028064   0.0017180   0.002394
     0.3186     0.023870   0.0014515   0.002060
     0.3355     0.020933   0.0013058   0.001850
     0.3650     0.016057   0.0012026   0.001565
     0.4200     0.009278   0.0013544   0.001220
     0.4950     0.004092   0.0016394   0.000896
     0.5448     0.002574   0.0017150   0.000731
     0.5581     0.002299   0.0017419   0.000694
     0.5858     0.001815   0.0018244   0.000625
     0.6150     0.001402   0.0019472   0.000565
     0.6459     0.001055   0.0021064   0.000512
     0.6790     0.000768   0.0023000   0.000463
     0.7210     0.000513   0.0025672   0.000411
     0.7680     0.000335   0.0029056   0.000362
     0.8130     0.000232   0.0032961   0.000322
     0.8670     0.000159   0.0039041   0.000282
     0.9260     0.000106   0.0047797   0.000246
     1.0000     0.000062   0.0057500   0.000211
     1.0500     0.000046   0.0059771   0.000191
     1.1000     0.000038   0.0060274   0.000174
     1.1700     0.000028   0.0066844   0.000154
     1.2500     0.000020   0.0069514   0.000135
     1.3700     0.000017   0.0055866   0.000112
     1.5000     0.000013   0.0049020   0.000094
     1.6300     0.000011   0.0041928   0.000080
     1.7700     0.000011   0.0029840   0.000067
     1.9400     0.000018   0.0012655   0.000055
     2.1100     0.000023   0.0007454   0.000047
     2.3400     0.000019   0.0005935   0.000038
     2.5700     0.000009   0.0000384   0.000031
     2.7900     0.000388   0.0000075   0.000026
     3.0800     0.001418   0.0000031   0.000022
     3.4100     0.000641   0.0000039   0.000018
     3.7900     0.000252   0.0000067   0.000015
     4.0900     0.000097   0.0000085   0.000012
     4.3600     0.000719   0.0000000   0.000013
    SIZE INTERVAL   15
   WAVl        QEXT      W0      gf
     0.2563     0.048582   0.0039849   0.004645
     0.2795     0.039213   0.0033606   0.003902
     0.2965     0.033837   0.0029572   0.003446
     0.3186     0.028759   0.0025000   0.002966
     0.3355     0.025211   0.0022497   0.002664
     0.3650     0.019329   0.0020727   0.002253
     0.4200     0.011166   0.0023349   0.001757
     0.4950     0.004923   0.0028267   0.001290
     0.5448     0.003096   0.0029575   0.001053
     0.5581     0.002766   0.0030038   0.000999
     0.5858     0.002183   0.0031462   0.000901
     0.6150     0.001686   0.0033578   0.000814
     0.6459     0.001268   0.0036322   0.000737
     0.6790     0.000924   0.0039656   0.000667
     0.7210     0.000618   0.0044261   0.000592
     0.7680     0.000403   0.0050088   0.000521
     0.8130     0.000280   0.0056806   0.000464
     0.8670     0.000192   0.0067252   0.000406
     0.9260     0.000127   0.0082277   0.000354
     1.0000     0.000074   0.0098921   0.000303
     1.0500     0.000055   0.0102820   0.000275
     1.1000     0.000045   0.0103683   0.000251
     1.1700     0.000034   0.0114927   0.000221
     1.2500     0.000024   0.0119497   0.000194
     1.3700     0.000021   0.0096133   0.000161
     1.5000     0.000016   0.0084399   0.000135
     1.6300     0.000013   0.0072232   0.000115
     1.7700     0.000014   0.0051450   0.000096
     1.9400     0.000022   0.0021847   0.000080
     2.1100     0.000027   0.0012873   0.000068
     2.3400     0.000022   0.0010250   0.000055
     2.5700     0.000011   0.0000662   0.000045
     2.7900     0.000465   0.0000129   0.000038
     3.0800     0.001701   0.0000053   0.000032
     3.4100     0.000769   0.0000068   0.000026
     3.7900     0.000303   0.0000115   0.000021
     4.0900     0.000116   0.0000146   0.000018
     4.3600     0.000863   0.0000000   0.000019
    SIZE INTERVAL   16
   WAVl        QEXT      W0      gf
     0.2563     0.057128   0.0062871   0.006318
     0.2795     0.046056   0.0053073   0.005308
     0.2965     0.039707   0.0046733   0.004688
     0.3186     0.033719   0.0039535   0.004035
     0.3355     0.029544   0.0035592   0.003624
     0.3650     0.022637   0.0032808   0.003066
     0.4200     0.013073   0.0036968   0.002391
     0.4950     0.005764   0.0044760   0.001755
     0.5448     0.003623   0.0046838   0.001432
     0.5581     0.003236   0.0047573   0.001359
     0.5858     0.002554   0.0049828   0.001226
     0.6150     0.001973   0.0053174   0.001108
     0.6459     0.001484   0.0057514   0.001003
     0.6790     0.001081   0.0062788   0.000908
     0.7210     0.000723   0.0070070   0.000806
     0.7680     0.000472   0.0079277   0.000710
     0.8130     0.000328   0.0089880   0.000631
     0.8670     0.000225   0.0106336   0.000552
     0.9260     0.000149   0.0129966   0.000482
     1.0000     0.000087   0.0156127   0.000413
     1.0500     0.000065   0.0162263   0.000374
     1.1000     0.000053   0.0163622   0.000341
     1.1700     0.000039   0.0181236   0.000301
     1.2500     0.000028   0.0188397   0.000264
     1.3700     0.000024   0.0151777   0.000219
     1.5000     0.000019   0.0133352   0.000184
     1.6300     0.000015   0.0114219   0.000156
     1.7700     0.000016   0.0081450   0.000131
     1.9400     0.000025   0.0034646   0.000108
     2.1100     0.000032   0.0020425   0.000092
     2.3400     0.000026   0.0016267   0.000074
     2.5700     0.000013   0.0001047   0.000061
     2.7900     0.000543   0.0000205   0.000051
     3.0800     0.001985   0.0000084   0.000043
     3.4100     0.000897   0.0000108   0.000036
     3.7900     0.000353   0.0000183   0.000029
     4.0900     0.000136   0.0000232   0.000024
     4.3600     0.001006   0.0000000   0.000026
    SIZE INTERVAL   17
   WAVl        QEXT      W0      gf
     0.2563     0.065905   0.0093116   0.008246
     0.2795     0.053058   0.0078697   0.006929
     0.2965     0.045698   0.0069352   0.006120
     0.3186     0.038766   0.0058720   0.005267
     0.3355     0.033945   0.0052891   0.004731
     0.3650     0.025991   0.0048780   0.004002
     0.4200     0.015006   0.0054981   0.003121
     0.4950     0.006615   0.0066579   0.002292
     0.5448     0.004157   0.0069679   0.001871
     0.5581     0.003713   0.0070773   0.001775
     0.5858     0.002930   0.0074125   0.001600
     0.6150     0.002263   0.0079095   0.001446
     0.6459     0.001702   0.0085539   0.001310
     0.6790     0.001241   0.0093369   0.001186
     0.7210     0.000830   0.0104179   0.001052
     0.7680     0.000542   0.0117836   0.000927
     0.8130     0.000377   0.0133534   0.000824
     0.8670     0.000258   0.0157840   0.000721
     0.9260     0.000172   0.0192664   0.000630
     1.0000     0.000100   0.0231191   0.000539
     1.0500     0.000075   0.0240241   0.000489
     1.1000     0.000061   0.0242247   0.000445
     1.1700     0.000045   0.0268073   0.000394
     1.2500     0.000032   0.0278576   0.000345
     1.3700     0.000028   0.0224841   0.000286
     1.5000     0.000022   0.0197741   0.000240
     1.6300     0.000018   0.0169551   0.000204
     1.7700     0.000018   0.0121089   0.000171
     1.9400     0.000029   0.0051627   0.000141
     2.1100     0.000036   0.0030454   0.000120
     2.3400     0.000030   0.0024261   0.000097
     2.5700     0.000014   0.0001555   0.000080
     2.7900     0.000621   0.0000306   0.000067
     3.0800     0.002269   0.0000125   0.000056
     3.4100     0.001025   0.0000161   0.000046
     3.7900     0.000404   0.0000273   0.000038
     4.0900     0.000155   0.0000346   0.000031
     4.3600     0.001150   0.0000000   0.000034
    SIZE INTERVAL   18
   WAVl        QEXT      W0      gf
     0.2563     0.074961   0.0131359   0.010428
     0.2795     0.060251   0.0111172   0.008763
     0.2965     0.051833   0.0098063   0.007741
     0.3186     0.043916   0.0083113   0.006663
     0.3355     0.038428   0.0074906   0.005985
     0.3650     0.029400   0.0069130   0.005063
     0.4200     0.016969   0.0077941   0.003949
     0.4950     0.007480   0.0094388   0.002900
     0.5448     0.004699   0.0098798   0.002367
     0.5581     0.004196   0.0100350   0.002246
     0.5858     0.003311   0.0105097   0.002025
     0.6150     0.002557   0.0112128   0.001830
     0.6459     0.001924   0.0121241   0.001657
     0.6790     0.001403   0.0132310   0.001500
     0.7210     0.000939   0.0147594   0.001332
     0.7680     0.000614   0.0166881   0.001173
     0.8130     0.000427   0.0189000   0.001043
     0.8670     0.000293   0.0223146   0.000912
     0.9260     0.000195   0.0271931   0.000797
     1.0000     0.000114   0.0325850   0.000682
     1.0500     0.000085   0.0338539   0.000619
     1.1000     0.000070   0.0341351   0.000564
     1.1700     0.000052   0.0377297   0.000498
     1.2500     0.000037   0.0391919   0.000436
     1.3700     0.000032   0.0317056   0.000362
     1.5000     0.000025   0.0279188   0.000304
     1.6300     0.000020   0.0239711   0.000258
     1.7700     0.000021   0.0171519   0.000217
     1.9400     0.000033   0.0073345   0.000179
     2.1100     0.000041   0.0043299   0.000152
     2.3400     0.000034   0.0034506   0.000123
     2.5700     0.000016   0.0002199   0.000102
     2.7900     0.000698   0.0000436   0.000085
     3.0800     0.002553   0.0000178   0.000071
     3.4100     0.001153   0.0000229   0.000059
     3.7900     0.000454   0.0000388   0.000048
     4.0900     0.000174   0.0000493   0.000040
     4.3600     0.001294   0.0000000   0.000043
    SIZE INTERVAL   19
   WAVl        QEXT      W0      gf
     0.2563     0.084345   0.0178262   0.012865
     0.2795     0.067671   0.0151109   0.010811
     0.2965     0.058137   0.0133436   0.009550
     0.3186     0.049188   0.0113225   0.008221
     0.3355     0.043007   0.0102115   0.007385
     0.3650     0.032875   0.0094311   0.006248
     0.4200     0.018968   0.0106362   0.004874
     0.4950     0.008362   0.0128810   0.003579
     0.5448     0.005251   0.0134847   0.002921
     0.5581     0.004689   0.0136965   0.002773
     0.5858     0.003699   0.0143431   0.002500
     0.6150     0.002857   0.0152999   0.002259
     0.6459     0.002149   0.0165392   0.002046
     0.6790     0.001568   0.0180446   0.001852
     0.7210     0.001051   0.0201227   0.001644
     0.7680     0.000687   0.0227415   0.001448
     0.8130     0.000478   0.0257366   0.001288
     0.8670     0.000328   0.0303435   0.001126
     0.9260     0.000219   0.0369026   0.000984
     1.0000     0.000128   0.0441432   0.000842
     1.0500     0.000096   0.0458509   0.000764
     1.1000     0.000078   0.0462293   0.000696
     1.1700     0.000058   0.0510239   0.000615
     1.2500     0.000041   0.0529748   0.000538
     1.3700     0.000036   0.0429768   0.000446
     1.5000     0.000028   0.0379014   0.000375
     1.6300     0.000022   0.0325960   0.000319
     1.7700     0.000023   0.0233777   0.000268
     1.9400     0.000036   0.0100334   0.000221
     2.1100     0.000045   0.0059290   0.000188
     2.3400     0.000037   0.0047270   0.000152
     2.5700     0.000018   0.0002991   0.000125
     2.7900     0.000776   0.0000598   0.000105
     3.0800     0.002836   0.0000244   0.000088
     3.4100     0.001282   0.0000314   0.000072
     3.7900     0.000504   0.0000533   0.000059
     4.0900     0.000194   0.0000676   0.000049
     4.3600     0.001438   0.0000000   0.000054
    SIZE INTERVAL   20
   WAVl        QEXT      W0      gf
     0.2563     0.209485   0.1169866   0.051169
     0.2795     0.163483   0.1019265   0.042974
     0.2965     0.137522   0.0917201   0.037952
     0.3186     0.113694   0.0794624   0.032674
     0.3355     0.098106   0.0725565   0.029358
     0.3650     0.073965   0.0678430   0.024846
     0.4200     0.042668   0.0766080   0.019390
     0.4950     0.018962   0.0923404   0.014254
     0.5448     0.011854   0.0966990   0.011643
     0.5581     0.010562   0.0981561   0.011051
     0.5858     0.008308   0.1024821   0.009967
     0.6150     0.006419   0.1087710   0.009011
     0.6459     0.004857   0.1168405   0.008161
     0.6790     0.003586   0.1265727   0.007390
     0.7210     0.002451   0.1398803   0.006562
     0.7680     0.001639   0.1561422   0.005780
     0.8130     0.001159   0.1737657   0.005142
     0.8670     0.000805   0.1989888   0.004497
     0.9260     0.000547   0.2324031   0.003929
     1.0000     0.000336   0.2682557   0.003364
     1.0500     0.000257   0.2769925   0.003051
     1.1000     0.000211   0.2788915   0.002781
     1.1700     0.000159   0.2996720   0.002458
     1.2500     0.000115   0.3081804   0.002152
     1.3700     0.000093   0.2636667   0.001784
     1.5000     0.000071   0.2397284   0.001499
     1.6300     0.000056   0.2132492   0.001274
     1.7700     0.000054   0.1606941   0.001071
     1.9400     0.000078   0.0750065   0.000884
     2.1100     0.000095   0.0454011   0.000750
     2.3400     0.000077   0.0365804   0.000607
     2.5700     0.000034   0.0019016   0.000502
     2.7900     0.001554   0.0004832   0.000419
     3.0800     0.005679   0.0001949   0.000351
     3.4100     0.002566   0.0002507   0.000290
     3.7900     0.001010   0.0004258   0.000235
     4.0900     0.000388   0.0005405   0.000196
     4.3600     0.002879   0.0000003   0.000214
    SIZE INTERVAL   21
   WAVl        QEXT      W0      gf
     0.2563     0.441411   0.2780333   0.116797
     0.2795     0.334574   0.2525125   0.097347
     0.2965     0.274636   0.2338089   0.085576
     0.3186     0.220169   0.2093891   0.073430
     0.3355     0.186487   0.1950859   0.065883
     0.3650     0.138191   0.1859131   0.055652
     0.4200     0.080510   0.2090228   0.043369
     0.4950     0.036725   0.2478223   0.031884
     0.5448     0.022867   0.2587441   0.026059
     0.5581     0.020307   0.2621537   0.024739
     0.5858     0.015904   0.2719088   0.022321
     0.6150     0.012317   0.2856950   0.020188
     0.6459     0.009434   0.3029952   0.018289
     0.6790     0.007134   0.3233550   0.016566
     0.7210     0.005061   0.3501942   0.014713
     0.7680     0.003518   0.3811664   0.012965
     0.8130     0.002555   0.4123237   0.011539
     0.8670     0.001807   0.4527915   0.010095
     0.9260     0.001263   0.5009382   0.008822
     1.0000     0.000826   0.5499989   0.007556
     1.0500     0.000650   0.5622656   0.006854
     1.1000     0.000537   0.5648772   0.006248
     1.1700     0.000409   0.5888358   0.005524
     1.2500     0.000302   0.5988314   0.004837
     1.3700     0.000228   0.5458417   0.004011
     1.5000     0.000169   0.5169331   0.003371
     1.6300     0.000129   0.4819732   0.002864
     1.7700     0.000113   0.3927068   0.002408
     1.9400     0.000138   0.2149309   0.001987
     2.1100     0.000158   0.1376280   0.001688
     2.3400     0.000126   0.1134890   0.001364
     2.5700     0.000044   0.0025280   0.001129
     2.7900     0.002339   0.0016720   0.000942
     3.0800     0.008533   0.0006528   0.000789
     3.4100     0.003855   0.0008453   0.000652
     3.7900     0.001518   0.0014346   0.000529
     4.0900     0.000583   0.0018207   0.000441
     4.3600     0.004325   0.0000019   0.000481
    SIZE INTERVAL   22
   WAVl        QEXT      W0      gf
     0.2563     0.832627   0.4212293   0.220292
     0.2795     0.627836   0.4002213   0.180023
     0.2965     0.511146   0.3820413   0.156252
     0.3186     0.402043   0.3547228   0.132653
     0.3355     0.335812   0.3379690   0.118382
     0.3650     0.246573   0.3288982   0.099310
     0.4200     0.147144   0.3667629   0.076926
     0.4950     0.069824   0.4248053   0.056389
     0.5448     0.043385   0.4412060   0.046077
     0.5581     0.038386   0.4459549   0.043747
     0.5858     0.029916   0.4589866   0.039478
     0.6150     0.023237   0.4767942   0.035712
     0.6459     0.018051   0.4985265   0.032361
     0.6790     0.014018   0.5232911   0.029319
     0.7210     0.010334   0.5543645   0.026048
     0.7680     0.007451   0.5880520   0.022961
     0.8130     0.005537   0.6198294   0.020441
     0.8670     0.003964   0.6581086   0.017890
     0.9260     0.002829   0.6998704   0.015640
     1.0000     0.001939   0.7404134   0.013400
     1.0500     0.001559   0.7506785   0.012158
     1.1000     0.001288   0.7529067   0.011084
     1.1700     0.000990   0.7704941   0.009802
     1.2500     0.000742   0.7780408   0.008584
     1.3700     0.000534   0.7386888   0.007121
     1.5000     0.000388   0.7190338   0.005985
     1.6300     0.000290   0.6930780   0.005086
     1.7700     0.000234   0.6052308   0.004277
     1.9400     0.000239   0.3933365   0.003530
     2.1100     0.000251   0.2730211   0.002999
     2.3400     0.000194   0.2325150   0.002425
     2.5700     0.000042   0.0073921   0.002006
     2.7900     0.003138   0.0041157   0.001673
     3.0800     0.011410   0.0015283   0.001403
     3.4100     0.005155   0.0020003   0.001159
     3.7900     0.002031   0.0033905   0.000939
     4.0900     0.000781   0.0043019   0.000785
     4.3600     0.005780   0.0000086   0.000856
    SIZE INTERVAL   23
   WAVl        QEXT      W0      gf
     0.2563     1.355100   0.5033691   0.379773
     0.2795     1.043106   0.4998418   0.304428
     0.2965     0.859700   0.4911882   0.260295
     0.3186     0.678911   0.4720720   0.217018
     0.3355     0.566853   0.4595820   0.191479
     0.3650     0.419709   0.4566105   0.158412
     0.4200     0.260875   0.5058342   0.121050
     0.4950     0.129784   0.5734117   0.087974
     0.5448     0.080670   0.5925323   0.071732
     0.5581     0.071134   0.5976712   0.068087
     0.5858     0.055173   0.6111462   0.061419
     0.6150     0.042951   0.6289056   0.055546
     0.6459     0.033772   0.6500005   0.050330
     0.6790     0.026815   0.6733558   0.045602
     0.7210     0.020370   0.7014258   0.040522
     0.7680     0.015075   0.7302932   0.035727
     0.8130     0.011362   0.7562148   0.031816
     0.8670     0.008182   0.7858956   0.027854
     0.9260     0.005904   0.8165473   0.024359
     1.0000     0.004158   0.8453561   0.020877
     1.0500     0.003383   0.8527305   0.018947
     1.1000     0.002798   0.8544136   0.017277
     1.1700     0.002158   0.8660845   0.015281
     1.2500     0.001629   0.8712501   0.013387
     1.3700     0.001142   0.8453629   0.011108
     1.5000     0.000822   0.8341489   0.009338
     1.6300     0.000606   0.8181446   0.007938
     1.7700     0.000463   0.7492791   0.006676
     1.9400     0.000412   0.5580725   0.005511
     2.1100     0.000397   0.4211196   0.004682
     2.3400     0.000296   0.3711171   0.003786
     2.5700     0.000017   0.0411547   0.003132
     2.7900     0.003957   0.0083846   0.002614
     3.0800     0.014317   0.0029383   0.002191
     3.4100     0.006471   0.0038965   0.001810
     3.7900     0.002551   0.0065925   0.001467
     4.0900     0.000982   0.0083601   0.001226
     4.3600     0.007250   0.0000307   0.001337
    SIZE INTERVAL   24
   WAVl        QEXT      W0      gf
     0.2563     1.970845   0.5443638   0.552955
     0.2795     1.548458   0.5510501   0.465167
     0.2965     1.295069   0.5512745   0.406439
     0.3186     1.037155   0.5455227   0.337089
     0.3355     0.874778   0.5420879   0.293340
     0.3650     0.664304   0.5499533   0.238639
     0.4200     0.437660   0.6089681   0.178391
     0.4950     0.230300   0.6804088   0.127462
     0.5448     0.143832   0.7006372   0.103362
     0.5581     0.126527   0.7056929   0.098020
     0.5858     0.097797   0.7183076   0.088292
     0.6150     0.076284   0.7342821   0.079765
     0.6459     0.060553   0.7527522   0.072229
     0.6790     0.048888   0.7726995   0.065426
     0.7210     0.037935   0.7958785   0.058129
     0.7680     0.028554   0.8187536   0.051249
     0.8130     0.021698   0.8385336   0.045640
     0.8670     0.015649   0.8603933   0.039963
     0.9260     0.011348   0.8822092   0.034956
     1.0000     0.008116   0.9023175   0.029969
     1.0500     0.006650   0.9075338   0.027203
     1.1000     0.005500   0.9088028   0.024810
     1.1700     0.004248   0.9166225   0.021950
     1.2500     0.003218   0.9201942   0.019233
     1.3700     0.002225   0.9032341   0.015965
     1.5000     0.001591   0.8968788   0.013425
     1.6300     0.001166   0.8871771   0.011413
     1.7700     0.000861   0.8371596   0.009601
     1.9400     0.000698   0.6848065   0.007928
     2.1100     0.000626   0.5547490   0.006736
     2.3400     0.000451   0.5038613   0.005448
     2.5700     0.000044   0.1055738   0.004508
     2.7900     0.004807   0.0150535   0.003762
     3.0800     0.017266   0.0049893   0.003154
     3.4100     0.007808   0.0067070   0.002606
     3.7900     0.003082   0.0113200   0.002113
     4.0900     0.001190   0.0143435   0.001765
     4.3600     0.008739   0.0000914   0.001924
    SIZE INTERVAL   25
   WAVl        QEXT      W0      gf
     0.2563     2.495418   0.5929886   0.605853
     0.2795     2.094172   0.5882160   0.584693
     0.2965     1.814751   0.5859018   0.550719
     0.3186     1.469447   0.5843120   0.482859
     0.3355     1.242544   0.5876212   0.426918
     0.3650     0.968862   0.6073165   0.346519
     0.4200     0.681395   0.6769207   0.253855
     0.4950     0.382986   0.7520725   0.176814
     0.5448     0.242217   0.7733538   0.141862
     0.5581     0.213074   0.7782959   0.134252
     0.5858     0.164788   0.7899486   0.120511
     0.6150     0.129043   0.8040168   0.108605
     0.6459     0.103261   0.8197928   0.098204
     0.6790     0.084330   0.8364224   0.088898
     0.7210     0.066331   0.8552238   0.078951
     0.7680     0.050463   0.8731819   0.069575
     0.8130     0.038547   0.8882465   0.061935
     0.8670     0.027840   0.9044474   0.054211
     0.9260     0.020248   0.9202401   0.047415
     1.0000     0.014607   0.9346197   0.040661
     1.0500     0.012011   0.9384084   0.036915
     1.1000     0.009933   0.9393950   0.033672
     1.1700     0.007676   0.9448375   0.029796
     1.2500     0.005825   0.9474026   0.026114
     1.3700     0.003994   0.9359675   0.021683
     1.5000     0.002845   0.9321970   0.018238
     1.6300     0.002076   0.9260944   0.015509
     1.7700     0.001505   0.8902194   0.013050
     1.9400     0.001145   0.7742890   0.010778
     2.1100     0.000974   0.6622145   0.009160
     2.3400     0.000682   0.6159484   0.007409
     2.5700     0.000156   0.1961100   0.006131
     2.7900     0.005700   0.0246380   0.005118
     3.0800     0.020270   0.0077792   0.004291
     3.4100     0.009175   0.0105934   0.003545
     3.7900     0.003629   0.0178245   0.002874
     4.0900     0.001406   0.0225588   0.002401
     4.3600     0.010253   0.0002321   0.002618
    SIZE INTERVAL   26
   WAVl        QEXT      W0      gf
     0.2563     3.206365   0.6373187   0.628173
     0.2795     2.836783   0.6529369   0.607570
     0.2965     2.533982   0.6610433   0.575776
     0.3186     2.098504   0.6672485   0.513031
     0.3355     1.792946   0.6734344   0.460974
     0.3650     1.424656   0.6947566   0.385216
     0.4200     1.047523   0.7598181   0.296844
     0.4950     0.609628   0.8213525   0.222641
     0.5448     0.382784   0.8355138   0.188429
     0.5581     0.335011   0.8386603   0.180850
     0.5858     0.256623   0.8465887   0.166925
     0.6150     0.199992   0.8567691   0.154522
     0.6459     0.160454   0.8685471   0.143346
     0.6790     0.132333   0.8811244   0.133020
     0.7210     0.105421   0.8952844   0.121623
     0.7680     0.080854   0.9086435   0.110508
     0.8130     0.061846   0.9197341   0.101138
     0.8670     0.044475   0.9315836   0.091308
     0.9260     0.032316   0.9431230   0.082235
     1.0000     0.023526   0.9536569   0.072724
     1.0500     0.019448   0.9564688   0.067217
     1.1000     0.016106   0.9572325   0.062304
     1.1700     0.012469   0.9611927   0.056242
     1.2500     0.009497   0.9631100   0.050299
     1.3700     0.006501   0.9550381   0.042880
     1.5000     0.004636   0.9526719   0.036785
     1.6300     0.003383   0.9486408   0.031793
     1.7700     0.002432   0.9224507   0.027191
     1.9400     0.001783   0.8345200   0.022874
     2.1100     0.001463   0.7421939   0.019609
     2.3400     0.001004   0.7026493   0.016095
     2.5700     0.000331   0.2997994   0.013458
     2.7900     0.006615   0.0373663   0.011407
     3.0800     0.023245   0.0113513   0.009517
     3.4100     0.010540   0.0156540   0.007853
     3.7900     0.004184   0.0262539   0.006403
     4.0900     0.001630   0.0331835   0.005388
     4.3600     0.011757   0.0005305   0.005840
    SIZE INTERVAL   27
   WAVl        QEXT      W0      gf
     0.2563     3.708719   0.6475065   0.647515
     0.2795     3.424944   0.6764511   0.627973
     0.2965     3.141905   0.6924722   0.598243
     0.3186     2.677104   0.7066296   0.539834
     0.3355     2.326864   0.7168773   0.491114
     0.3650     1.892656   0.7414919   0.419686
     0.4200     1.449914   0.8047780   0.336158
     0.4950     0.871809   0.8592763   0.266117
     0.5448     0.546771   0.8702055   0.233681
     0.5581     0.477261   0.8725100   0.226436
     0.5858     0.363755   0.8785725   0.213004
     0.6150     0.282881   0.8866566   0.200858
     0.6459     0.227497   0.8961757   0.189721
     0.6790     0.188874   0.9064107   0.179227
     0.7210     0.151738   0.9179000   0.167368
     0.7680     0.117073   0.9286546   0.155488
     0.8130     0.089760   0.9375195   0.145204
     0.8670     0.064542   0.9469388   0.134094
     0.9260     0.047000   0.9560869   0.123435
     1.0000     0.034498   0.9644611   0.111770
     1.0500     0.028663   0.9667564   0.104769
     1.1000     0.023807   0.9674411   0.098359
     1.1700     0.018508   0.9705878   0.090227
     1.2500     0.014170   0.9721885   0.082006
     1.3700     0.009735   0.9662217   0.071383
     1.5000     0.006974   0.9647046   0.062249
     1.6300     0.005108   0.9619457   0.054539
     1.7700     0.003667   0.9421930   0.047286
     1.9400     0.002634   0.8741373   0.040323
     2.1100     0.002115   0.7989390   0.034859
     2.3400     0.001436   0.7661923   0.028927
     2.5700     0.000583   0.4029546   0.024381
     2.7900     0.007582   0.0530972   0.020849
     3.0800     0.026259   0.0156752   0.017418
     3.4100     0.011935   0.0218872   0.014405
     3.7900     0.004757   0.0366046   0.011797
     4.0900     0.001868   0.0462156   0.009972
     4.3600     0.013281   0.0011171   0.010746
    SIZE INTERVAL   28
   WAVl        QEXT      W0      gf
     0.2563     4.109350   0.6469275   0.663515
     0.2795     3.896203   0.6837670   0.645057
     0.2965     3.639287   0.7050222   0.617073
     0.3186     3.175923   0.7253009   0.562165
     0.3355     2.806039   0.7391117   0.516176
     0.3650     2.333664   0.7670288   0.448483
     0.4200     1.851726   0.8301461   0.369568
     0.4950     1.147990   0.8813236   0.304012
     0.5448     0.722801   0.8908592   0.273828
     0.5581     0.630585   0.8927689   0.267082
     0.5858     0.480165   0.8978708   0.254542
     0.6150     0.373575   0.9047775   0.243144
     0.6459     0.301136   0.9129620   0.232618
     0.6790     0.251006   0.9217766   0.222601
     0.7210     0.202638   0.9316389   0.211117
     0.7680     0.156995   0.9408132   0.199407
     0.8130     0.120713   0.9483308   0.189086
     0.8670     0.087039   0.9562782   0.177697
     0.9260     0.063642   0.9639712   0.166441
     1.0000     0.047028   0.9710310   0.153706
     1.0500     0.039234   0.9730212   0.145829
     1.1000     0.032703   0.9736710   0.138452
     1.1700     0.025556   0.9763305   0.128855
     1.2500     0.019678   0.9777558   0.118860
     1.3700     0.013602   0.9731390   0.105503
     1.5000     0.009809   0.9721516   0.093500
     1.6300     0.007225   0.9702002   0.083051
     1.7700     0.005203   0.9547551   0.073015
     1.9400     0.003702   0.9005522   0.063094
     2.1100     0.002937   0.8388757   0.055063
     2.3400     0.001984   0.8120216   0.046198
     2.5700     0.000918   0.4970618   0.039261
     2.7900     0.008605   0.0714048   0.033829
     3.0800     0.029320   0.0206821   0.028380
     3.4100     0.013362   0.0292284   0.023567
     3.7900     0.005354   0.0487685   0.019388
     4.0900     0.002120   0.0615204   0.016458
     4.3600     0.014828   0.0021422   0.017619
    SIZE INTERVAL   29
   WAVl        QEXT      W0      gf
     0.2563     7.590600   0.6182245   0.733841
     0.2795     7.428233   0.6679879   0.720833
     0.2965     7.159845   0.7001536   0.700389
     0.3186     6.620073   0.7364934   0.659837
     0.3355     6.141387   0.7616093   0.625379
     0.3650     5.504970   0.8024148   0.574608
     0.4200     4.916814   0.8720104   0.518772
     0.4950     3.523373   0.9241420   0.478184
     0.5448     2.387825   0.9346895   0.462297
     0.5581     2.123943   0.9365539   0.459085
     0.5858     1.680882   0.9408285   0.453514
     0.6150     1.351190   0.9459724   0.448954
     0.6459     1.111033   0.9516810   0.445186
     0.6790     0.931356   0.9575700   0.441935
     0.7210     0.755222   0.9639187   0.438405
     0.7680     0.594220   0.9695745   0.434891
     0.8130     0.469094   0.9740092   0.431818
     0.8670     0.353252   0.9785083   0.428367
     0.9260     0.269015   0.9827245   0.424760
     1.0000     0.204078   0.9865953   0.420301
     1.0500     0.172882   0.9878247   0.417235
     1.1000     0.147218   0.9883659   0.414092
     1.1700     0.118934   0.9898188   0.409537
     1.2500     0.094550   0.9907709   0.404034
     1.3700     0.068330   0.9893051   0.395335
     1.5000     0.051541   0.9893815   0.385377
     1.6300     0.039642   0.9891558   0.375037
     1.7700     0.029878   0.9842561   0.363652
     1.9400     0.021642   0.9659961   0.349378
     2.1100     0.017300   0.9452954   0.335077
     2.3400     0.012131   0.9381847   0.315710
     2.5700     0.007914   0.8782414   0.296736
     2.7900     0.021543   0.2558795   0.279057
     3.0800     0.062317   0.0796035   0.257020
     3.4100     0.029547   0.1208356   0.233565
     3.7900     0.012719   0.1995509   0.209081
     4.0900     0.005688   0.2510796   0.190581
     4.3600     0.031590   0.0498233   0.184957
    SIZE INTERVAL   30
   WAVl        QEXT      W0      gf
     0.2563    11.000856   0.6046567   0.768459
     0.2795    10.660769   0.6530803   0.757694
     0.2965    10.237970   0.6854504   0.740446
     0.3186     9.466325   0.7235671   0.706039
     0.3355     8.810678   0.7507565   0.676648
     0.3650     7.959770   0.7950236   0.633412
     0.4200     7.221943   0.8692755   0.587216
     0.4950     5.428409   0.9268256   0.555848
     0.5448     3.872083   0.9400220   0.544839
     0.5581     3.500795   0.9423923   0.542820
     0.5858     2.861096   0.9473821   0.539621
     0.6150     2.361657   0.9528628   0.537422
     0.6459     1.974770   0.9586013   0.536017
     0.6790     1.666850   0.9642956   0.535163
     0.7210     1.360128   0.9702610   0.534493
     0.7680     1.084275   0.9754133   0.533986
     0.8130     0.872177   0.9793205   0.533640
     0.8670     0.675179   0.9831578   0.533293
     0.9260     0.526503   0.9866614   0.532880
     1.0000     0.405132   0.9898492   0.532196
     1.0500     0.345937   0.9908998   0.531561
     1.1000     0.297804   0.9913967   0.530768
     1.1700     0.244426   0.9925662   0.529389
     1.2500     0.197160   0.9933728   0.527370
     1.3700     0.145437   0.9924628   0.523664
     1.5000     0.111831   0.9926448   0.518762
     1.6300     0.087586   0.9926237   0.513242
     1.7700     0.067353   0.9895247   0.506837
     1.9400     0.049571   0.9777231   0.498156
     2.1100     0.040151   0.9646956   0.488983
     2.3400     0.028798   0.9608096   0.475844
     2.5700     0.020095   0.9534034   0.462209
     2.7900     0.038395   0.3747187   0.448839
     3.0800     0.098884   0.1306624   0.431146
     3.4100     0.048700   0.1991680   0.410897
     3.7900     0.022380   0.3180182   0.387774
     4.0900     0.011054   0.3936470   0.369629
     4.3600     0.050403   0.1178307   0.355651
    SIZE INTERVAL   31
   WAVl        QEXT      W0      gf
     0.2563    14.015776   0.5860818   0.806263
     0.2795    13.434435   0.6330191   0.797800
     0.2965    12.838284   0.6655428   0.783841
     0.3186    11.845102   0.7054382   0.755764
     0.3355    11.045710   0.7349014   0.731636
     0.3650    10.015314   0.7828618   0.696287
     0.4200     9.282209   0.8644493   0.659218
     0.4950     7.149957   0.9259608   0.636117
     0.5448     5.440190   0.9432753   0.628304
     0.5581     5.024410   0.9465470   0.626976
     0.5858     4.275370   0.9527971   0.625103
     0.6150     3.641965   0.9588238   0.624166
     0.6459     3.105660   0.9645625   0.623959
     0.6790     2.644519   0.9699169   0.624234
     0.7210     2.176767   0.9753926   0.624765
     0.7680     1.763906   0.9800756   0.625350
     0.8130     1.450282   0.9835711   0.625869
     0.8670     1.157200   0.9869110   0.626386
     0.9260     0.925011   0.9898278   0.626745
     1.0000     0.722322   0.9923979   0.626850
     1.0500     0.621718   0.9932630   0.626656
     1.1000     0.540815   0.9936966   0.626249
     1.1700     0.450393   0.9946190   0.625346
     1.2500     0.368024   0.9952732   0.623809
     1.3700     0.276282   0.9947097   0.620745
     1.5000     0.215778   0.9949099   0.616465
     1.6300     0.171391   0.9949675   0.611539
     1.7700     0.133803   0.9929705   0.605760
     1.9400     0.099653   0.9852198   0.597833
     2.1100     0.081497   0.9768367   0.589382
     2.3400     0.059361   0.9745779   0.577199
     2.5700     0.043112   0.9887252   0.564447
     2.7900     0.063284   0.4949323   0.551849
     3.0800     0.142619   0.1971229   0.534985
     3.4100     0.073706   0.2938582   0.515421
     3.7900     0.036481   0.4424051   0.492654
     4.0900     0.019834   0.5317678   0.474643
     4.3600     0.073251   0.2030098   0.458652
    SIZE INTERVAL   32
   WAVl        QEXT      W0      gf
     0.2563    16.353680   0.5564201   0.847514
     0.2795    15.511962   0.6027827   0.841400
     0.2965    14.761279   0.6363869   0.830830
     0.3186    13.613172   0.6796018   0.809293
     0.3355    12.727314   0.7124308   0.790734
     0.3650    11.625208   0.7661017   0.763709
     0.4200    10.745855   0.8535556   0.736707
     0.4950     8.923529   0.9265957   0.720451
     0.5448     7.210929   0.9468342   0.715511
     0.5581     6.774087   0.9505317   0.714767
     0.5858     5.961704   0.9574245   0.713874
     0.6150     5.240464   0.9638633   0.713680
     0.6459     4.596843   0.9698047   0.714015
     0.6790     4.014418   0.9751694   0.714669
     0.7210     3.397951   0.9804264   0.715483
     0.7680     2.831222   0.9846611   0.716204
     0.8130     2.383166   0.9876208   0.716722
     0.8670     1.948691   0.9902932   0.717105
     0.9260     1.592520   0.9925769   0.717183
     1.0000     1.270434   0.9945888   0.716805
     1.0500     1.106727   0.9952798   0.716240
     1.1000     0.973399   0.9956313   0.715442
     1.1700     0.822071   0.9963136   0.713973
     1.2500     0.680949   0.9968116   0.711791
     1.3700     0.520147   0.9964873   0.707777
     1.5000     0.412318   0.9966653   0.702511
     1.6300     0.331758   0.9967442   0.696644
     1.7700     0.262523   0.9955209   0.689890
     1.9400     0.197604   0.9906803   0.680865
     2.1100     0.162991   0.9855382   0.671351
     2.3400     0.120222   0.9842675   0.657782
     2.5700     0.089836   1.0040693   0.643657
     2.7900     0.105751   0.6226714   0.629733
     3.0800     0.202029   0.2922648   0.611035
     3.4100     0.111592   0.4165054   0.589258
     3.7900     0.060385   0.5790628   0.563708
     4.0900     0.036162   0.6695741   0.543415
     4.3600     0.104953   0.3225651   0.524093
    SIZE INTERVAL   33
   WAVl        QEXT      W0      gf
     0.2563    18.074261   0.5182840   0.883159
     0.2795    16.976431   0.5645011   0.878941
     0.2965    16.080645   0.5994607   0.871151
     0.3186    14.797836   0.6462988   0.855008
     0.3355    13.847145   0.6828178   0.841069
     0.3650    12.671029   0.7425027   0.820983
     0.4200    11.704418   0.8386662   0.801763
     0.4950    10.127073   0.9222737   0.790875
     0.5448     8.694641   0.9470928   0.787926
     0.5581     8.317810   0.9516579   0.787541
     0.5858     7.586533   0.9598441   0.787183
     0.6150     6.893560   0.9670252   0.787295
     0.6459     6.233860   0.9732712   0.787748
     0.6790     5.600210   0.9786360   0.788375
     0.7210     4.893500   0.9837177   0.789045
     0.7680     4.209516   0.9876764   0.789523
     0.8130     3.642137   0.9903260   0.789750
     0.8670     3.066622   0.9926025   0.789729
     0.9260     2.571867   0.9944680   0.789310
     1.0000     2.101817   0.9960712   0.788273
     1.0500     1.855472   0.9966272   0.787264
     1.1000     1.651668   0.9969158   0.786032
     1.1700     1.415777   0.9974305   0.783975
     1.2500     1.189481   0.9978133   0.781163
     1.3700     0.924815   0.9976293   0.776270
     1.5000     0.743610   0.9977785   0.770137
     1.6300     0.605523   0.9978572   0.763464
     1.7700     0.485074   0.9970919   0.755884
     1.9400     0.368765   0.9940058   0.745930
     2.1100     0.306545   0.9907804   0.735501
     2.3400     0.228473   0.9900492   0.720715
     2.5700     0.173970   1.0076035   0.705339
     2.7900     0.176025   0.7283459   0.690175
     3.0800     0.286251   0.4009353   0.669706
     3.4100     0.170159   0.5405910   0.645727
     3.7900     0.100169   0.6956246   0.617278
     4.0900     0.064801   0.7756423   0.594567
     4.3600     0.150841   0.4550071   0.570945
    SIZE INTERVAL   34
   WAVl        QEXT      W0      gf
     0.2563    19.556263   0.4805574   0.907907
     0.2795    18.209175   0.5263308   0.904900
     0.2965    17.162468   0.5621592   0.898948
     0.3186    15.723589   0.6116444   0.886409
     0.3355    14.684780   0.6510562   0.875573
     0.3650    13.390512   0.7157399   0.860117
     0.4200    12.244199   0.8200909   0.845904
     0.4950    10.796016   0.9145722   0.838367
     0.5448     9.645868   0.9442379   0.836513
     0.5581     9.342083   0.9497522   0.836311
     0.5858     8.737456   0.9594178   0.836208
     0.6150     8.141253   0.9675556   0.836444
     0.6459     7.550065   0.9743409   0.836913
     0.6790     6.957378   0.9799526   0.837479
     0.7210     6.261787   0.9851431   0.838019
     0.7680     5.550117   0.9891044   0.838326
     0.8130     4.930267   0.9916794   0.838371
     0.8670     4.272364   0.9938071   0.838126
     0.9260     3.677294   0.9954790   0.837469
     1.0000     3.081648   0.9968720   0.836154
     1.0500     2.758636   0.9973568   0.834979
     1.1000     2.486025   0.9976127   0.833599
     1.1700     2.163243   0.9980373   0.831366
     1.2500     1.844040   0.9983571   0.828401
     1.3700     1.459931   0.9982479   0.823347
     1.5000     1.190275   0.9983799   0.817120
     1.6300     0.980400   0.9984545   0.810405
     1.7700     0.794586   0.9979288   0.802810
     1.9400     0.610131   0.9957719   0.792893
     2.1100     0.510922   0.9935510   0.782510
     2.3400     0.384376   0.9930922   0.767792
     2.5700     0.296439   1.0073003   0.752455
     2.7900     0.275039   0.7974868   0.737296
     3.0800     0.396158   0.4949765   0.716740
     3.4100     0.250710   0.6362075   0.692535
     3.7900     0.157134   0.7737374   0.663549
     4.0900     0.106948   0.8408539   0.640305
     4.3600     0.211719   0.5634441   0.614024
    SIZE INTERVAL   35
   WAVl        QEXT      W0      gf
     0.2563    20.968525   0.4463429   0.924838
     0.2795    19.377056   0.4912894   0.922601
     0.2965    18.173714   0.5274538   0.917860
     0.3186    16.559540   0.5785706   0.907725
     0.3355    15.411167   0.6200007   0.898961
     0.3650    13.963608   0.6884711   0.886575
     0.4200    12.585917   0.7999886   0.875574
     0.4950    11.137240   0.9049518   0.870115
     0.5448    10.181078   0.9394681   0.868922
     0.5581     9.934927   0.9459603   0.868827
     0.5858     9.442688   0.9571980   0.868870
     0.6150     8.950857   0.9664262   0.869170
     0.6459     8.454161   0.9739141   0.869638
     0.6790     7.943089   0.9799507   0.870160
     0.7210     7.318634   0.9854494   0.870632
     0.7680     6.650030   0.9895979   0.870863
     0.8130     6.044343   0.9922465   0.870842
     0.8670     5.375765   0.9943759   0.870531
     0.9260     4.740238   0.9959895   0.869824
     1.0000     4.070961   0.9972930   0.868484
     1.0500     3.695285   0.9977472   0.867316
     1.1000     3.371192   0.9979908   0.865963
     1.1700     2.978074   0.9983703   0.863797
     1.2500     2.576764   0.9986586   0.860951
     1.3700     2.079000   0.9985938   0.856138
     1.5000     1.719220   0.9987141   0.850242
     1.6300     1.432756   0.9987841   0.843902
     1.7700     1.175141   0.9983968   0.836741
     1.9400     0.912137   0.9967668   0.827400
     2.1100     0.769498   0.9951094   0.817608
     2.3400     0.584390   0.9948047   0.803710
     2.5700     0.455357   1.0063611   0.789187
     2.7900     0.401784   0.8418165   0.774800
     3.0800     0.530858   0.5691346   0.755227
     3.4100     0.353168   0.7049086   0.732126
     3.7900     0.231597   0.8246351   0.704369
     4.0900     0.163076   0.8808067   0.682078
     4.3600     0.287321   0.6438321   0.655735
    SIZE INTERVAL   36
   WAVl        QEXT      W0      gf
     0.2563    23.900949   0.4535524   0.920545
     0.2795    22.126595   0.4988179   0.918137
     0.2965    20.776138   0.5349756   0.913121
     0.3186    18.953690   0.5857781   0.902437
     0.3355    17.653141   0.6267968   0.893244
     0.3650    16.025541   0.6946148   0.879962
     0.4200    14.485680   0.8044888   0.868505
     0.4950    12.813752   0.9071742   0.862660
     0.5448    11.654493   0.9405545   0.861633
     0.5581    11.353464   0.9468132   0.861608
     0.5858    10.751595   0.9576783   0.861804
     0.6150    10.151539   0.9666542   0.862271
     0.6459     9.547777   0.9739853   0.862925
     0.6790     8.930177   0.9799322   0.863661
     0.7210     8.182769   0.9853677   0.864433
     0.7680     7.391164   0.9894769   0.865033
     0.8130     6.680821   0.9921098   0.865390
     0.8670     5.904425   0.9942393   0.865551
     0.9260     5.176025   0.9958676   0.865381
     1.0000     4.419085   0.9971943   0.864738
     1.0500     3.998029   0.9976570   0.864059
     1.1000     3.636918   0.9979044   0.863209
     1.1700     3.201767   0.9982948   0.861768
     1.2500     2.761432   0.9985913   0.859781
     1.3700     2.219746   0.9985182   0.856314
     1.5000     1.831271   0.9986439   0.851975
     1.6300     1.523825   0.9987186   0.847265
     1.7700     1.248457   0.9983047   0.841925
     1.9400     0.969019   0.9965757   0.834945
     2.1100     0.817974   0.9948249   0.827650
     2.3400     0.622287   0.9945107   0.817331
     2.5700     0.485858   1.0064592   0.806606
     2.7900     0.433737   0.8351043   0.796025
     3.0800     0.582465   0.5582569   0.781714
     3.4100     0.386278   0.6964737   0.764899
     3.7900     0.253362   0.8196648   0.744892
     4.0900     0.179019   0.8778627   0.728906
     4.3600     0.315972   0.6353815   0.712175
    SIZE INTERVAL   37
   WAVl        QEXT      W0      gf
     0.2563    21.921236   0.3381482   0.960823
     0.2795    19.802464   0.3777174   0.960057
     0.2965    18.260498   0.4121266   0.957753
     0.3186    16.266560   0.4637210   0.952527
     0.3355    14.874273   0.5078604   0.948001
     0.3650    13.056100   0.5835244   0.941815
     0.4200    11.038752   0.7149996   0.937008
     0.4950     9.376410   0.8573627   0.935273
     0.5448     8.753754   0.9113863   0.935168
     0.5581     8.624727   0.9220282   0.935230
     0.5858     8.387794   0.9401929   0.935448
     0.6150     8.172539   0.9545813   0.935761
     0.6459     7.970507   0.9657804   0.936118
     0.6790     7.769873   0.9744511   0.936450
     0.7210     7.519694   0.9821799   0.936676
     0.7680     7.237909   0.9879421   0.936662
     0.8130     6.966564   0.9915400   0.936435
     0.8670     6.639075   0.9943047   0.935909
     0.9260     6.280114   0.9962264   0.935015
     1.0000     5.842435   0.9976425   0.933499
     1.0500     5.566499   0.9981341   0.932249
     1.1000     5.307055   0.9984103   0.930836
     1.1700     4.961680   0.9987760   0.928620
     1.2500     4.559345   0.9990591   0.925754
     1.3700     3.990717   0.9990841   0.920938
     1.5000     3.514035   0.9992100   0.915001
     1.6300     3.090460   0.9992930   0.908578
     1.7700     2.679301   0.9991229   0.901263
     1.9400     2.195762   0.9983178   0.891572
     2.1100     1.915020   0.9975502   0.881228
     2.3400     1.517480   0.9974948   0.866315
     2.5700     1.223931   1.0036213   0.850535
     2.7900     1.000936   0.9210137   0.834915
     3.0800     1.102278   0.7401095   0.813806
     3.4100     0.827349   0.8427435   0.788473
     3.7900     0.595448   0.9148541   0.754916
     4.0900     0.446314   0.9460559   0.726568
     4.3600     0.620058   0.8089827   0.672080
    SIZE INTERVAL   38
   WAVl        QEXT      W0      gf
     0.2563    44.128525   0.3424295   0.956012
     0.2795    39.908916   0.3824607   0.954969
     0.2965    36.834080   0.4171232   0.952374
     0.3186    32.852856   0.4689406   0.946654
     0.3355    30.069946   0.5131199   0.941689
     0.3650    26.438274   0.5886608   0.934785
     0.4200    22.424505   0.7194074   0.929171
     0.4950    19.083971   0.8599040   0.927110
     0.5448    17.789888   0.9128208   0.927106
     0.5581    17.515730   0.9232210   0.927227
     0.5858    17.005602   0.9409832   0.927606
     0.6150    16.533676   0.9550756   0.928136
     0.6459    16.082951   0.9660660   0.928770
     0.6790    15.629109   0.9745939   0.929446
     0.7210    15.059119   0.9822088   0.930172
     0.7680    14.415982   0.9878967   0.930791
     0.8130    13.798246   0.9914588   0.931232
     0.8670    13.058833   0.9942091   0.931586
     0.9260    12.260983   0.9961344   0.931758
     1.0000    11.303252   0.9975635   0.931717
     1.0500    10.706948   0.9980596   0.931545
     1.1000    10.151886   0.9983371   0.931274
     1.1700     9.422438   0.9987110   0.930755
     1.2500     8.593357   0.9990005   0.929980
     1.3700     7.446417   0.9990183   0.928564
     1.5000     6.506080   0.9991454   0.926750
     1.6300     5.688419   0.9992277   0.924768
     1.7700     4.906231   0.9990393   0.922521
     1.9400     4.012895   0.9981599   0.919603
     2.1100     3.498891   0.9973186   0.916595
     2.3400     2.784686   0.9972707   0.912403
     2.5700     2.262711   1.0037003   0.908131
     2.7900     1.886731   0.9161491   0.903987
     3.0800     2.122765   0.7301193   0.898500
     3.4100     1.607718   0.8381587   0.892181
     3.7900     1.182200   0.9142362   0.884818
     4.0900     0.910093   0.9474035   0.878979
     4.3600     1.217424   0.8062643   0.873385
    SIZE INTERVAL   39
   WAVl        QEXT      W0      gf
     0.2563    62.366798   0.3021474   0.964330
     0.2795    55.950439   0.3392515   0.963539
     0.2965    51.303844   0.3722774   0.961472
     0.3186    45.324982   0.4226040   0.956880
     0.3355    41.154827   0.4663931   0.952890
     0.3650    35.661186   0.5425658   0.947367
     0.4200    29.397297   0.6789589   0.942978
     0.4950    24.313368   0.8346291   0.941533
     0.5448    22.559700   0.8966992   0.941662
     0.5581    22.214375   0.9091444   0.941792
     0.5858    21.596420   0.9304096   0.942165
     0.6150    21.055441   0.9472269   0.942660
     0.6459    20.568617   0.9602930   0.943239
     0.6790    20.105471   0.9703948   0.943853
     0.7210    19.549953   0.9794039   0.944522
     0.7680    18.942087   0.9861350   0.945111
     0.8130    18.365292   0.9903459   0.945548
     0.8670    17.669205   0.9935777   0.945928
     0.9260    16.894371   0.9957980   0.946169
     1.0000    15.931252   0.9974070   0.946261
     1.0500    15.312523   0.9979648   0.946208
     1.1000    14.721097   0.9982812   0.946076
     1.1700    13.917271   0.9986905   0.945779
     1.2500    12.961366   0.9990073   0.945296
     1.3700    11.581785   0.9990532   0.944374
     1.5000    10.377316   0.9991970   0.943161
     1.6300     9.281346   0.9992899   0.941823
     1.7700     8.199241   0.9991384   0.940300
     1.9400     6.890555   0.9983907   0.938319
     2.1100     6.105062   0.9976981   0.936287
     2.3400     4.974372   0.9977075   0.933469
     2.5700     4.118443   1.0030365   0.930625
     2.7900     3.428819   0.9308778   0.927891
     3.0800     3.715510   0.7685427   0.924319
     3.4100     2.919718   0.8664007   0.920265
     3.7900     2.215036   0.9313658   0.915626
     4.0900     1.746017   0.9591914   0.911974
     4.3600     2.174386   0.8406151   0.908824
    SIZE INTERVAL   40
   WAVl        QEXT      W0      gf
     0.2563    79.083092   0.2660773   0.967209
     0.2795    71.164124   0.3074228   0.968044
     0.2965    65.201241   0.3414241   0.966836
     0.3186    57.231773   0.3902712   0.962935
     0.3355    51.632889   0.4329264   0.959425
     0.3650    44.266071   0.5086440   0.954680
     0.4200    35.758286   0.6480949   0.951022
     0.4950    28.948097   0.8147303   0.949833
     0.5448    26.648125   0.8833716   0.950041
     0.5581    26.208622   0.8973165   0.950179
     0.5858    25.445601   0.9212388   0.950543
     0.6150    24.810528   0.9402470   0.951004
     0.6459    24.271442   0.9550942   0.951531
     0.6790    23.787457   0.9666259   0.952086
     0.7210    23.232046   0.9769108   0.952693
     0.7680    22.642897   0.9845615   0.953237
     0.8130    22.094746   0.9893190   0.953649
     0.8670    21.438335   0.9929441   0.954019
     0.9260    20.704248   0.9954228   0.954270
     1.0000    19.780846   0.9972144   0.954402
     1.0500    19.177408   0.9978358   0.954392
     1.1000    18.591259   0.9981878   0.954315
     1.1700    17.779362   0.9986333   0.954111
     1.2500    16.784327   0.9989802   0.953754
     1.3700    15.302711   0.9990444   0.953050
     1.5000    13.952103   0.9992027   0.952108
     1.6300    12.685436   0.9993069   0.951059
     1.7700    11.405805   0.9991747   0.949863
     1.9400     9.788294   0.9984873   0.948306
     2.1100     8.783100   0.9978693   0.946709
     2.3400     7.294065   0.9979146   0.944498
     2.5700     6.130862   1.0026650   0.942277
     2.7900     5.127987   0.9384194   0.940152
     3.0800     5.446046   0.7893539   0.937393
     3.4100     4.380550   0.8813161   0.934283
     3.7900     3.392109   0.9402553   0.930757
     4.0900     2.716765   0.9652420   0.927990
     4.3600     3.232760   0.8587970   0.925751
    SIZE INTERVAL   41
   WAVl        QEXT      W0      gf
     0.2563    97.329704   0.2547683   0.972551
     0.2795    86.508255   0.2877377   0.971984
     0.2965    78.707939   0.3180566   0.970423
     0.3186    68.718475   0.3652640   0.966926
     0.3355    61.756634   0.4073420   0.963883
     0.3650    52.509369   0.4822353   0.959689
     0.4200    41.705864   0.6228633   0.956433
     0.4950    33.045025   0.7968302   0.955492
     0.5448    30.280336   0.8715649   0.955671
     0.5581    29.766708   0.8869514   0.955792
     0.5858    28.879307   0.9133536   0.956119
     0.6150    28.145060   0.9342886   0.956544
     0.6459    27.530567   0.9506048   0.957035
     0.6790    26.994303   0.9632591   0.957554
     0.7210    26.408817   0.9745639   0.958123
     0.7680    25.820936   0.9830131   0.958631
     0.8130    25.294960   0.9882960   0.959017
     0.8670    24.677275   0.9923347   0.959366
     0.9260    23.985363   0.9950725   0.959613
     1.0000    23.106264   0.9970210   0.959760
     1.0500    22.524397   0.9976953   0.959772
     1.1000    21.953665   0.9980810   0.959722
     1.1700    21.157471   0.9985639   0.959568
     1.2500    20.164753   0.9989396   0.959281
     1.3700    18.651314   0.9990200   0.958702
     1.5000    17.225754   0.9991906   0.957916
     1.6300    15.857919   0.9993032   0.957037
     1.7700    14.451107   0.9991848   0.956032
     1.9400    12.609935   0.9985319   0.954720
     2.1100    11.433417   0.9979556   0.953375
     2.3400     9.645799   0.9980290   0.951515
     2.5700     8.213408   1.0024267   0.949542
     2.7900     6.915261   0.9429461   0.947943
     3.0800     7.256351   0.8023161   0.945562
     3.4100     5.935557   0.8905408   0.942984
     3.7900     4.668345   0.9457421   0.940068
     4.0900     3.785802   0.9689851   0.937787
     4.3600     4.357587   0.8700905   0.935998
    SIZE INTERVAL   42
   WAVl        QEXT      W0      gf
     0.2563   114.373978   0.2389986   0.974993
     0.2795   101.344505   0.2704094   0.974486
     0.2965    91.963867   0.2996241   0.973069
     0.3186    79.965286   0.3454412   0.969890
     0.3355    71.605286   0.3866289   0.967129
     0.3650    60.477375   0.4605462   0.963324
     0.4200    47.389694   0.6017202   0.960400
     0.4950    36.925816   0.7817694   0.959617
     0.5448    33.634792   0.8612285   0.959821
     0.5581    33.032066   0.8777481   0.959899
     0.5858    32.002132   0.9061670   0.960041
     0.6150    31.165474   0.9287670   0.960177
     0.6459    30.481291   0.9464397   0.960348
     0.6790    29.899462   0.9601886   0.960615
     0.7210    29.279081   0.9724803   0.961159
     0.7680    28.670258   0.9816557   0.961955
     0.8130    28.137712   0.9873831   0.962736
     0.8670    27.526157   0.9917544   0.963466
     0.9260    26.857775   0.9947169   0.963750
     1.0000    26.043858   0.9968281   0.963664
     1.0500    25.536852   0.9975610   0.963601
     1.1000    25.019447   0.9979790   0.963581
     1.1700    24.122288   0.9984891   0.963489
     1.2500    24.212715   0.9989462   0.963242
     1.3700    20.749754   0.9989418   0.962748
     1.5000    15.021300   0.9989097   0.962068
     1.6300    15.706456   0.9991368   0.961300
     1.7700    17.122595   0.9991735   0.960420
     1.9400    15.321650   0.9985499   0.959271
     2.1100    14.010194   0.9979983   0.958093
     2.3400    11.981086   0.9980962   0.956468
     2.5700    10.314795   1.0022548   0.954838
     2.7900     8.750090   0.9459055   0.953284
     3.0800     9.109550   0.8109946   0.951279
     3.4100     7.549546   0.8967515   0.949034
     3.7900     6.013646   0.9494594   0.946509
     4.0900     4.928173   0.9715456   0.944537
     4.3600     5.525375   0.8777317   0.943034
    SIZE INTERVAL   43
   WAVl        QEXT      W0      gf
     0.2563   131.225815   0.2261833   0.976882
     0.2795   115.988419   0.2562775   0.976422
     0.2965   105.026909   0.2845244   0.975120
     0.3186    91.017746   0.3290769   0.972188
     0.3355    81.256226   0.3693933   0.969637
     0.3650    68.241058   0.4422434   0.966127
     0.4200    52.871925   0.5835245   0.963440
     0.4950    40.600197   0.7683985   0.962686
     0.5448    36.774670   0.8519015   0.962889
     0.5581    36.077328   0.8694060   0.963011
     0.5858    34.886951   0.8995889   0.963340
     0.6150    33.924191   0.9236588   0.963753
     0.6459    33.148144   0.9425436   0.964198
     0.6790    32.510651   0.9572859   0.964605
     0.7210    31.877945   0.9704951   0.964906
     0.7680    31.306265   0.9803692   0.965077
     0.8130    30.826262   0.9865401   0.965320
     0.8670    30.255753   0.9912457   0.966075
     0.9260    29.559059   0.9944097   0.967793
     1.0000    28.658751   0.9966388   0.969679
     1.0500    28.116533   0.9974142   0.969454
     1.1000    27.625980   0.9978651   0.968099
     1.1700    26.936430   0.9984209   0.965889
     1.2500    25.992519   0.9988505   0.965211
     1.3700    24.478380   0.9989546   0.965834
     1.5000    23.009493   0.9991472   0.965152
     1.6300    21.554167   0.9992762   0.964481
     1.7700    20.018900   0.9991748   0.963732
     1.9400    17.906742   0.9985523   0.962710
     2.1100    16.496771   0.9980182   0.961653
     2.3400    14.274407   0.9981343   0.960194
     2.5700    12.407448   1.0021226   0.958734
     2.7900    10.604647   0.9479368   0.957341
     3.0800    10.984425   0.8170974   0.955548
     3.4100     9.198914   0.9011573   0.953544
     3.7900     7.406726   0.9521278   0.951295
     4.0900     6.124880   0.9734069   0.949539
     4.3600     6.725295   0.8831989   0.948225
    SIZE INTERVAL   44
   WAVl        QEXT      W0      gf
     0.2563   147.932831   0.2155160   0.978401
     0.2795   130.483047   0.2444520   0.977978
     0.2965   117.938240   0.2718298   0.976765
     0.3186   101.916420   0.3152248   0.974033
     0.3355    90.752563   0.3547196   0.971654
     0.3650    75.850098   0.4265145   0.968380
     0.4200    58.195045   0.5675683   0.965889
     0.4950    44.105339   0.7563539   0.965196
     0.5448    39.742691   0.8433883   0.965402
     0.5581    38.952206   0.8617673   0.965522
     0.5858    37.608356   0.8935304   0.965846
     0.6150    36.528187   0.9189335   0.966261
     0.6459    35.663246   0.9389306   0.966731
     0.6790    34.956223   0.9545904   0.967210
     0.7210    34.254055   0.9686383   0.967689
     0.7680    33.624435   0.9791372   0.968064
     0.8130    33.114895   0.9856979   0.968317
     0.8670    32.556911   0.9907041   0.968541
     0.9260    31.948292   0.9940802   0.968738
     1.0000    31.179728   0.9964671   0.968908
     1.0500    30.669802   0.9972935   0.968949
     1.1000    30.165346   0.9977676   0.968933
     1.1700    29.447397   0.9983486   0.968842
     1.2500    28.519379   0.9988025   0.968656
     1.3700    27.054567   0.9989191   0.968259
     1.5000    25.590103   0.9991254   0.967722
     1.6300    24.122894   0.9992633   0.967119
     1.7700    22.563171   0.9991646   0.966384
     1.9400    20.465223   0.9985508   0.963831
     2.1100    18.876516   0.9980226   0.964791
     2.3400    16.506807   0.9981568   0.963096
     2.5700    14.466882   1.0020199   0.962121
     2.7900    12.462996   0.9493762   0.960488
     3.0800    12.864880   0.8214998   0.958895
     3.4100    10.867570   0.9043933   0.957068
     3.7900     8.832513   0.9541209   0.955026
     4.0900     7.362597   0.9748202   0.953433
     4.3600     7.944781   0.8872488   0.952252
    SIZE INTERVAL   45
   WAVl        QEXT      W0      gf
     0.2563   164.604645   0.2069643   0.979727
     0.2795   144.739014   0.2336072   0.979155
     0.2965   130.755447   0.2611269   0.978147
     0.3186   113.299934   0.3071341   0.976096
     0.3355   100.652184   0.3453484   0.973738
     0.3650    83.222031   0.4120624   0.970322
     0.4200    63.384159   0.5533487   0.967832
     0.4950    47.484535   0.7454395   0.967497
     0.5448    42.574276   0.8355492   0.967711
     0.5581    41.688072   0.8547004   0.967804
     0.5858    40.188087   0.8878806   0.968037
     0.6150    38.991997   0.9145083   0.968327
     0.6459    38.044395   0.9355509   0.968658
     0.6790    37.280045   0.9520882   0.969014
     0.7210    36.532215   0.9669386   0.969427
     0.7680    35.874271   0.9780253   0.969827
     0.8130    35.354134   0.9849440   0.970153
     0.8670    34.799770   0.9902172   0.970463
     0.9260    34.209984   0.9937758   0.970687
     1.0000    33.461094   0.9962953   0.970833
     1.0500    32.945122   0.9971672   0.970866
     1.1000    32.443256   0.9976666   0.970857
     1.1700    31.838438   0.9982815   0.970781
     1.2500    30.996019   0.9987627   0.970613
     1.3700    29.457937   0.9988832   0.970251
     1.5000    28.015514   0.9990980   0.969744
     1.6300    26.544991   0.9992415   0.969169
     1.7700    24.968264   0.9991488   0.968505
     1.9400    22.727781   0.9985334   0.967633
     2.1100    21.186277   0.9980171   0.966742
     2.3400    18.675303   0.9981685   0.965511
     2.5700    16.500349   1.0019448   0.964278
     2.7900    14.308369   0.9503986   0.963107
     3.0800    14.741598   0.8247338   0.961599
     3.4100    12.543993   0.9068259   0.959918
     3.7900    10.278939   0.9556485   0.958037
     4.0900     8.630234   0.9759270   0.956570
     4.3600     9.180786   0.8903265   0.955492
    SIZE INTERVAL   46
   WAVl        QEXT      W0      gf
     0.2563   181.071640   0.1988637   0.980713
     0.2795   159.157166   0.2257265   0.980345
     0.2965   143.419983   0.2515047   0.979267
     0.3186   123.341904   0.2927041   0.976828
     0.3355   109.425468   0.3310542   0.974750
     0.3650    90.803802   0.4011924   0.971877
     0.4200    68.480339   0.5406489   0.969604
     0.4950    50.734909   0.7352871   0.969029
     0.5448    45.298210   0.8282635   0.969228
     0.5581    44.321159   0.8481471   0.969331
     0.5858    42.667500   0.8826565   0.969596
     0.6150    41.348663   0.9104096   0.969926
     0.6459    40.305794   0.9323956   0.970297
     0.6790    39.470295   0.9497167   0.970683
     0.7210    38.667183   0.9652931   0.971099
     0.7680    37.979431   0.9769313   0.971470
     0.8130    37.449871   0.9842015   0.971764
     0.8670    36.895031   0.9897467   0.972076
     0.9260    36.306984   0.9934860   0.972387
     1.0000    35.587513   0.9961304   0.972643
     1.0500    35.129879   0.9970476   0.972645
     1.1000    34.680210   0.9975739   0.972540
     1.1700    33.997459   0.9982123   0.972402
     1.2500    33.143345   0.9987130   0.972222
     1.3700    31.798300   0.9988505   0.971939
     1.5000    31.579393   0.9991236   0.967650
     1.6300    31.837519   0.9993403   0.961703
     1.7700    28.796627   0.9991929   0.965521
     1.9400    24.512075   0.9984975   0.970915
     2.1100    23.548487   0.9980117   0.968157
     2.3400    20.769129   0.9981694   0.967533
     2.5700    18.490675   1.0018795   0.966312
     2.7900    16.137806   0.9511380   0.965252
     3.0800    16.606714   0.8271191   0.963847
     3.4100    14.219166   0.9086769   0.962282
     3.7900    11.738321   0.9568462   0.960531
     4.0900     9.919327   0.9768130   0.959167
     4.3600    10.425705   0.8927002   0.958177
