    SIZE INTERVAL   1
   WAVl        QEXT      W0      gf
     0.2563     0.000794   0.0000000   0.000001
     0.2795     0.000643   0.0000000   0.000001
     0.2965     0.000556   0.0000000   0.000001
     0.3186     0.000473   0.0000000   0.000001
     0.3355     0.000416   0.0000000   0.000001
     0.3650     0.000319   0.0000000   0.000000
     0.4200     0.000185   0.0000000   0.000000
     0.4950     0.000081   0.0000000   0.000000
     0.5448     0.000051   0.0000000   0.000000
     0.5581     0.000046   0.0000000   0.000000
     0.5858     0.000036   0.0000000   0.000000
     0.6150     0.000028   0.0000000   0.000000
     0.6459     0.000021   0.0000000   0.000000
     0.6790     0.000015   0.0000000   0.000000
     0.7210     0.000010   0.0000000   0.000000
     0.7680     0.000007   0.0000000   0.000000
     0.8130     0.000005   0.0000000   0.000000
     0.8670     0.000003   0.0000000   0.000000
     0.9260     0.000002   0.0000000   0.000000
     1.0000     0.000001   0.0000000   0.000000
     1.0500     0.000001   0.0000000   0.000000
     1.1000     0.000001   0.0000000   0.000000
     1.1700     0.000001   0.0000001   0.000000
     1.2500     0.000000   0.0000001   0.000000
     1.3700     0.000000   0.0000000   0.000000
     1.5000     0.000000   0.0000000   0.000000
     1.6300     0.000000   0.0000000   0.000000
     1.7700     0.000000   0.0000000   0.000000
     1.9400     0.000000   0.0000000   0.000000
     2.1100     0.000000   0.0000000   0.000000
     2.3400     0.000000   0.0000000   0.000000
     2.5700     0.000000   0.0000000   0.000000
     2.7900     0.000008   0.0000000   0.000000
     3.0800     0.000028   0.0000000   0.000000
     3.4100     0.000013   0.0000000   0.000000
     3.7900     0.000005   0.0000000  -0.000000
     4.0900     0.000002   0.0000000   0.000000
     4.3600     0.000014   0.0000000  -0.000000
    SIZE INTERVAL   2
   WAVl        QEXT      W0      gf
     0.2563     0.001588   0.0000001   0.000005
     0.2795     0.001285   0.0000001   0.000004
     0.2965     0.001112   0.0000001   0.000004
     0.3186     0.000947   0.0000001   0.000003
     0.3355     0.000831   0.0000001   0.000003
     0.3650     0.000638   0.0000001   0.000002
     0.4200     0.000369   0.0000001   0.000001
     0.4950     0.000163   0.0000001   0.000001
     0.5448     0.000103   0.0000001   0.000001
     0.5581     0.000092   0.0000001   0.000001
     0.5858     0.000072   0.0000001   0.000001
     0.6150     0.000056   0.0000001   0.000001
     0.6459     0.000042   0.0000001   0.000001
     0.6790     0.000031   0.0000001   0.000001
     0.7210     0.000020   0.0000002   0.000000
     0.7680     0.000013   0.0000002   0.000000
     0.8130     0.000009   0.0000002   0.000000
     0.8670     0.000006   0.0000003   0.000000
     0.9260     0.000004   0.0000003   0.000000
     1.0000     0.000002   0.0000004   0.000000
     1.0500     0.000002   0.0000004   0.000000
     1.1000     0.000001   0.0000004   0.000000
     1.1700     0.000001   0.0000004   0.000000
     1.2500     0.000001   0.0000004   0.000000
     1.3700     0.000001   0.0000004   0.000000
     1.5000     0.000001   0.0000003   0.000000
     1.6300     0.000000   0.0000003   0.000000
     1.7700     0.000000   0.0000002   0.000000
     1.9400     0.000001   0.0000001   0.000000
     2.1100     0.000001   0.0000000   0.000000
     2.3400     0.000001   0.0000000   0.000000
     2.5700     0.000000   0.0000000   0.000000
     2.7900     0.000016   0.0000000   0.000000
     3.0800     0.000057   0.0000000   0.000000
     3.4100     0.000026   0.0000000   0.000000
     3.7900     0.000010   0.0000000   0.000000
     4.0900     0.000004   0.0000000   0.000000
     4.3600     0.000029   0.0000000  -0.000000
    SIZE INTERVAL   3
   WAVl        QEXT      W0      gf
     0.2563     0.002382   0.0000005   0.000012
     0.2795     0.001928   0.0000004   0.000010
     0.2965     0.001667   0.0000004   0.000009
     0.3186     0.001420   0.0000003   0.000007
     0.3355     0.001247   0.0000003   0.000007
     0.3650     0.000957   0.0000003   0.000006
     0.4200     0.000554   0.0000003   0.000004
     0.4950     0.000244   0.0000004   0.000003
     0.5448     0.000154   0.0000004   0.000002
     0.5581     0.000137   0.0000004   0.000002
     0.5858     0.000108   0.0000004   0.000002
     0.6150     0.000084   0.0000004   0.000001
     0.6459     0.000063   0.0000005   0.000001
     0.6790     0.000046   0.0000005   0.000001
     0.7210     0.000031   0.0000006   0.000001
     0.7680     0.000020   0.0000006   0.000001
     0.8130     0.000014   0.0000007   0.000001
     0.8670     0.000010   0.0000008   0.000001
     0.9260     0.000006   0.0000010   0.000001
     1.0000     0.000004   0.0000012   0.000001
     1.0500     0.000003   0.0000013   0.000001
     1.1000     0.000002   0.0000013   0.000000
     1.1700     0.000002   0.0000015   0.000000
     1.2500     0.000001   0.0000015   0.000000
     1.3700     0.000001   0.0000012   0.000000
     1.5000     0.000001   0.0000011   0.000000
     1.6300     0.000001   0.0000009   0.000000
     1.7700     0.000001   0.0000006   0.000000
     1.9400     0.000001   0.0000003   0.000000
     2.1100     0.000001   0.0000002   0.000000
     2.3400     0.000001   0.0000001   0.000000
     2.5700     0.000001   0.0000000   0.000000
     2.7900     0.000023   0.0000000   0.000000
     3.0800     0.000085   0.0000000   0.000000
     3.4100     0.000038   0.0000000   0.000000
     3.7900     0.000015   0.0000000   0.000000
     4.0900     0.000006   0.0000000   0.000000
     4.3600     0.000043   0.0000000   0.000000
    SIZE INTERVAL   4
   WAVl        QEXT      W0      gf
     0.2563     0.003175   0.0000012   0.000021
     0.2795     0.002571   0.0000010   0.000017
     0.2965     0.002223   0.0000009   0.000015
     0.3186     0.001894   0.0000007   0.000013
     0.3355     0.001662   0.0000007   0.000012
     0.3650     0.001276   0.0000006   0.000010
     0.4200     0.000738   0.0000007   0.000008
     0.4950     0.000326   0.0000008   0.000006
     0.5448     0.000205   0.0000009   0.000005
     0.5581     0.000183   0.0000009   0.000004
     0.5858     0.000145   0.0000009   0.000004
     0.6150     0.000112   0.0000010   0.000004
     0.6459     0.000084   0.0000011   0.000003
     0.6790     0.000061   0.0000012   0.000003
     0.7210     0.000041   0.0000013   0.000003
     0.7680     0.000027   0.0000015   0.000002
     0.8130     0.000018   0.0000017   0.000002
     0.8670     0.000013   0.0000020   0.000001
     0.9260     0.000008   0.0000025   0.000001
     1.0000     0.000005   0.0000030   0.000001
     1.0500     0.000004   0.0000031   0.000001
     1.1000     0.000003   0.0000031   0.000001
     1.1700     0.000002   0.0000034   0.000001
     1.2500     0.000002   0.0000036   0.000001
     1.3700     0.000001   0.0000029   0.000001
     1.5000     0.000001   0.0000025   0.000000
     1.6300     0.000001   0.0000022   0.000000
     1.7700     0.000001   0.0000015   0.000000
     1.9400     0.000001   0.0000006   0.000000
     2.1100     0.000002   0.0000004   0.000000
     2.3400     0.000001   0.0000003   0.000000
     2.5700     0.000001   0.0000000   0.000000
     2.7900     0.000031   0.0000000   0.000000
     3.0800     0.000113   0.0000000   0.000000
     3.4100     0.000051   0.0000000   0.000000
     3.7900     0.000020   0.0000000   0.000000
     4.0900     0.000008   0.0000000   0.000000
     4.3600     0.000058   0.0000000   0.000000
    SIZE INTERVAL   5
   WAVl        QEXT      W0      gf
     0.2563     0.003970   0.0000023   0.000032
     0.2795     0.003214   0.0000020   0.000027
     0.2965     0.002779   0.0000017   0.000024
     0.3186     0.002367   0.0000015   0.000021
     0.3355     0.002078   0.0000013   0.000019
     0.3650     0.001596   0.0000012   0.000016
     0.4200     0.000923   0.0000014   0.000012
     0.4950     0.000407   0.0000016   0.000009
     0.5448     0.000256   0.0000017   0.000007
     0.5581     0.000229   0.0000017   0.000007
     0.5858     0.000181   0.0000018   0.000006
     0.6150     0.000140   0.0000020   0.000006
     0.6459     0.000105   0.0000021   0.000005
     0.6790     0.000077   0.0000023   0.000005
     0.7210     0.000051   0.0000026   0.000004
     0.7680     0.000033   0.0000029   0.000004
     0.8130     0.000023   0.0000033   0.000003
     0.8670     0.000016   0.0000039   0.000003
     0.9260     0.000011   0.0000048   0.000002
     1.0000     0.000006   0.0000058   0.000002
     1.0500     0.000005   0.0000060   0.000001
     1.1000     0.000004   0.0000061   0.000001
     1.1700     0.000003   0.0000067   0.000001
     1.2500     0.000002   0.0000070   0.000001
     1.3700     0.000002   0.0000056   0.000001
     1.5000     0.000001   0.0000049   0.000001
     1.6300     0.000001   0.0000042   0.000001
     1.7700     0.000001   0.0000030   0.000000
     1.9400     0.000002   0.0000013   0.000000
     2.1100     0.000002   0.0000007   0.000000
     2.3400     0.000002   0.0000006   0.000000
     2.5700     0.000001   0.0000000   0.000000
     2.7900     0.000039   0.0000000   0.000000
     3.0800     0.000142   0.0000000   0.000000
     3.4100     0.000064   0.0000000   0.000000
     3.7900     0.000025   0.0000000   0.000000
     4.0900     0.000010   0.0000000   0.000000
     4.3600     0.000072   0.0000000   0.000000
    SIZE INTERVAL   6
   WAVl        QEXT      W0      gf
     0.2563     0.004764   0.0000040   0.000047
     0.2795     0.003857   0.0000034   0.000039
     0.2965     0.003335   0.0000030   0.000035
     0.3186     0.002841   0.0000025   0.000030
     0.3355     0.002494   0.0000023   0.000027
     0.3650     0.001915   0.0000021   0.000023
     0.4200     0.001107   0.0000024   0.000018
     0.4950     0.000489   0.0000028   0.000013
     0.5448     0.000308   0.0000030   0.000011
     0.5581     0.000275   0.0000030   0.000010
     0.5858     0.000217   0.0000032   0.000009
     0.6150     0.000168   0.0000034   0.000008
     0.6459     0.000126   0.0000037   0.000007
     0.6790     0.000092   0.0000040   0.000007
     0.7210     0.000061   0.0000045   0.000006
     0.7680     0.000040   0.0000050   0.000005
     0.8130     0.000028   0.0000057   0.000005
     0.8670     0.000019   0.0000068   0.000004
     0.9260     0.000013   0.0000083   0.000004
     1.0000     0.000007   0.0000100   0.000003
     1.0500     0.000005   0.0000104   0.000003
     1.1000     0.000004   0.0000105   0.000002
     1.1700     0.000003   0.0000116   0.000002
     1.2500     0.000002   0.0000121   0.000001
     1.3700     0.000002   0.0000097   0.000001
     1.5000     0.000002   0.0000085   0.000001
     1.6300     0.000001   0.0000073   0.000001
     1.7700     0.000001   0.0000052   0.000001
     1.9400     0.000002   0.0000022   0.000001
     2.1100     0.000003   0.0000013   0.000000
     2.3400     0.000002   0.0000010   0.000000
     2.5700     0.000001   0.0000001   0.000000
     2.7900     0.000047   0.0000000   0.000000
     3.0800     0.000170   0.0000000   0.000000
     3.4100     0.000077   0.0000000   0.000000
     3.7900     0.000030   0.0000000   0.000000
     4.0900     0.000012   0.0000000   0.000000
     4.3600     0.000086   0.0000000   0.000000
    SIZE INTERVAL   7
   WAVl        QEXT      W0      gf
     0.2563     0.005558   0.0000064   0.000063
     0.2795     0.004500   0.0000054   0.000053
     0.2965     0.003891   0.0000048   0.000047
     0.3186     0.003315   0.0000040   0.000040
     0.3355     0.002909   0.0000036   0.000036
     0.3650     0.002234   0.0000033   0.000031
     0.4200     0.001292   0.0000037   0.000024
     0.4950     0.000570   0.0000045   0.000018
     0.5448     0.000359   0.0000047   0.000014
     0.5581     0.000321   0.0000048   0.000014
     0.5858     0.000253   0.0000050   0.000012
     0.6150     0.000196   0.0000054   0.000011
     0.6459     0.000147   0.0000058   0.000010
     0.6790     0.000107   0.0000063   0.000009
     0.7210     0.000072   0.0000071   0.000008
     0.7680     0.000047   0.0000080   0.000007
     0.8130     0.000032   0.0000091   0.000006
     0.8670     0.000022   0.0000108   0.000006
     0.9260     0.000015   0.0000132   0.000005
     1.0000     0.000009   0.0000159   0.000004
     1.0500     0.000006   0.0000165   0.000004
     1.1000     0.000005   0.0000166   0.000003
     1.1700     0.000004   0.0000185   0.000003
     1.2500     0.000003   0.0000192   0.000002
     1.3700     0.000002   0.0000154   0.000002
     1.5000     0.000002   0.0000135   0.000001
     1.6300     0.000002   0.0000116   0.000001
     1.7700     0.000002   0.0000082   0.000001
     1.9400     0.000003   0.0000035   0.000001
     2.1100     0.000003   0.0000020   0.000001
     2.3400     0.000003   0.0000016   0.000001
     2.5700     0.000001   0.0000001   0.000000
     2.7900     0.000054   0.0000000   0.000000
     3.0800     0.000198   0.0000000   0.000000
     3.4100     0.000090   0.0000000   0.000000
     3.7900     0.000035   0.0000000   0.000000
     4.0900     0.000014   0.0000000   0.000000
     4.3600     0.000101   0.0000000   0.000000
    SIZE INTERVAL   8
   WAVl        QEXT      W0      gf
     0.2563     0.006352   0.0000096   0.000083
     0.2795     0.005143   0.0000081   0.000069
     0.2965     0.004447   0.0000071   0.000061
     0.3186     0.003788   0.0000060   0.000053
     0.3355     0.003325   0.0000054   0.000047
     0.3650     0.002553   0.0000050   0.000040
     0.4200     0.001476   0.0000056   0.000031
     0.4950     0.000652   0.0000067   0.000023
     0.5448     0.000410   0.0000070   0.000019
     0.5581     0.000366   0.0000072   0.000018
     0.5858     0.000289   0.0000075   0.000016
     0.6150     0.000224   0.0000080   0.000014
     0.6459     0.000168   0.0000087   0.000013
     0.6790     0.000122   0.0000095   0.000012
     0.7210     0.000082   0.0000106   0.000011
     0.7680     0.000053   0.0000119   0.000009
     0.8130     0.000037   0.0000136   0.000008
     0.8670     0.000025   0.0000161   0.000007
     0.9260     0.000017   0.0000197   0.000006
     1.0000     0.000010   0.0000237   0.000005
     1.0500     0.000007   0.0000246   0.000005
     1.1000     0.000006   0.0000248   0.000004
     1.1700     0.000004   0.0000276   0.000004
     1.2500     0.000003   0.0000287   0.000003
     1.3700     0.000003   0.0000230   0.000003
     1.5000     0.000002   0.0000202   0.000002
     1.6300     0.000002   0.0000172   0.000002
     1.7700     0.000002   0.0000123   0.000001
     1.9400     0.000003   0.0000052   0.000001
     2.1100     0.000004   0.0000031   0.000001
     2.3400     0.000003   0.0000024   0.000001
     2.5700     0.000001   0.0000002   0.000001
     2.7900     0.000062   0.0000000   0.000000
     3.0800     0.000227   0.0000000   0.000000
     3.4100     0.000102   0.0000000   0.000000
     3.7900     0.000040   0.0000000   0.000000
     4.0900     0.000016   0.0000000   0.000000
     4.3600     0.000115   0.0000000   0.000000
    SIZE INTERVAL   9
   WAVl        QEXT      W0      gf
     0.2563     0.007147   0.0000137   0.000105
     0.2795     0.005786   0.0000115   0.000088
     0.2965     0.005003   0.0000101   0.000078
     0.3186     0.004262   0.0000085   0.000067
     0.3355     0.003741   0.0000077   0.000060
     0.3650     0.002872   0.0000070   0.000051
     0.4200     0.001661   0.0000079   0.000040
     0.4950     0.000733   0.0000096   0.000029
     0.5448     0.000461   0.0000100   0.000024
     0.5581     0.000412   0.0000102   0.000022
     0.5858     0.000325   0.0000107   0.000020
     0.6150     0.000251   0.0000114   0.000018
     0.6459     0.000189   0.0000123   0.000017
     0.6790     0.000138   0.0000135   0.000015
     0.7210     0.000092   0.0000150   0.000013
     0.7680     0.000060   0.0000170   0.000012
     0.8130     0.000042   0.0000193   0.000010
     0.8670     0.000029   0.0000229   0.000009
     0.9260     0.000019   0.0000280   0.000008
     1.0000     0.000011   0.0000337   0.000007
     1.0500     0.000008   0.0000351   0.000006
     1.1000     0.000007   0.0000354   0.000006
     1.1700     0.000005   0.0000393   0.000005
     1.2500     0.000004   0.0000408   0.000004
     1.3700     0.000003   0.0000328   0.000004
     1.5000     0.000002   0.0000287   0.000003
     1.6300     0.000002   0.0000246   0.000002
     1.7700     0.000002   0.0000175   0.000002
     1.9400     0.000003   0.0000074   0.000001
     2.1100     0.000004   0.0000044   0.000001
     2.3400     0.000003   0.0000035   0.000001
     2.5700     0.000002   0.0000002   0.000001
     2.7900     0.000070   0.0000000   0.000001
     3.0800     0.000255   0.0000000   0.000001
     3.4100     0.000115   0.0000000   0.000000
     3.7900     0.000045   0.0000000   0.000000
     4.0900     0.000017   0.0000000   0.000000
     4.3600     0.000129   0.0000000   0.000000
    SIZE INTERVAL   10
   WAVl        QEXT      W0      gf
     0.2563     0.007942   0.0000187   0.000129
     0.2795     0.006429   0.0000158   0.000109
     0.2965     0.005560   0.0000138   0.000096
     0.3186     0.004736   0.0000117   0.000082
     0.3355     0.004157   0.0000105   0.000074
     0.3650     0.003192   0.0000097   0.000063
     0.4200     0.001846   0.0000109   0.000049
     0.4950     0.000814   0.0000132   0.000036
     0.5448     0.000513   0.0000138   0.000029
     0.5581     0.000458   0.0000140   0.000028
     0.5858     0.000362   0.0000146   0.000025
     0.6150     0.000279   0.0000156   0.000023
     0.6459     0.000210   0.0000169   0.000020
     0.6790     0.000153   0.0000185   0.000019
     0.7210     0.000102   0.0000206   0.000016
     0.7680     0.000067   0.0000233   0.000014
     0.8130     0.000046   0.0000265   0.000013
     0.8670     0.000032   0.0000314   0.000011
     0.9260     0.000021   0.0000384   0.000010
     1.0000     0.000012   0.0000463   0.000008
     1.0500     0.000009   0.0000481   0.000008
     1.1000     0.000007   0.0000485   0.000007
     1.1700     0.000006   0.0000539   0.000006
     1.2500     0.000004   0.0000560   0.000005
     1.3700     0.000003   0.0000450   0.000004
     1.5000     0.000003   0.0000394   0.000004
     1.6300     0.000002   0.0000337   0.000003
     1.7700     0.000002   0.0000239   0.000003
     1.9400     0.000004   0.0000101   0.000001
     2.1100     0.000005   0.0000060   0.000001
     2.3400     0.000004   0.0000048   0.000001
     2.5700     0.000002   0.0000003   0.000001
     2.7900     0.000078   0.0000001   0.000001
     3.0800     0.000284   0.0000000   0.000001
     3.4100     0.000128   0.0000000   0.000001
     3.7900     0.000050   0.0000001   0.000000
     4.0900     0.000019   0.0000001   0.000000
     4.3600     0.000144   0.0000000   0.000000
    SIZE INTERVAL   11
   WAVl        QEXT      W0      gf
     0.2563     0.015907   0.0001497   0.000517
     0.2795     0.012875   0.0001260   0.000434
     0.2965     0.011132   0.0001107   0.000383
     0.3186     0.009480   0.0000934   0.000330
     0.3355     0.008320   0.0000840   0.000296
     0.3650     0.006388   0.0000773   0.000251
     0.4200     0.003693   0.0000870   0.000195
     0.4950     0.001630   0.0001053   0.000143
     0.5448     0.001026   0.0001101   0.000117
     0.5581     0.000916   0.0001118   0.000111
     0.5858     0.000724   0.0001171   0.000100
     0.6150     0.000559   0.0001250   0.000090
     0.6459     0.000420   0.0001352   0.000082
     0.6790     0.000306   0.0001477   0.000074
     0.7210     0.000205   0.0001648   0.000066
     0.7680     0.000133   0.0001866   0.000058
     0.8130     0.000093   0.0002117   0.000052
     0.8670     0.000063   0.0002509   0.000045
     0.9260     0.000042   0.0003075   0.000039
     1.0000     0.000024   0.0003702   0.000034
     1.0500     0.000018   0.0003848   0.000031
     1.1000     0.000015   0.0003881   0.000028
     1.1700     0.000011   0.0004306   0.000025
     1.2500     0.000008   0.0004479   0.000022
     1.3700     0.000007   0.0003595   0.000018
     1.5000     0.000005   0.0003152   0.000015
     1.6300     0.000004   0.0002694   0.000013
     1.7700     0.000005   0.0001915   0.000011
     1.9400     0.000007   0.0000811   0.000009
     2.1100     0.000009   0.0000477   0.000008
     2.3400     0.000007   0.0000380   0.000006
     2.5700     0.000004   0.0000025   0.000005
     2.7900     0.000155   0.0000005   0.000004
     3.0800     0.000567   0.0000002   0.000004
     3.4100     0.000256   0.0000003   0.000003
     3.7900     0.000101   0.0000004   0.000002
     4.0900     0.000039   0.0000005   0.000001
     4.3600     0.000288   0.0000000   0.000005
    SIZE INTERVAL   12
   WAVl        QEXT      W0      gf
     0.2563     0.023922   0.0005042   0.001163
     0.2795     0.019354   0.0004244   0.000977
     0.2965     0.016729   0.0003730   0.000863
     0.3186     0.014243   0.0003149   0.000742
     0.3355     0.012498   0.0002832   0.000666
     0.3650     0.009593   0.0002607   0.000564
     0.4200     0.005546   0.0002934   0.000439
     0.4950     0.002447   0.0003551   0.000323
     0.5448     0.001540   0.0003714   0.000263
     0.5581     0.001376   0.0003772   0.000250
     0.5858     0.001086   0.0003950   0.000225
     0.6150     0.000839   0.0004216   0.000204
     0.6459     0.000631   0.0004561   0.000184
     0.6790     0.000460   0.0004981   0.000167
     0.7210     0.000307   0.0005560   0.000148
     0.7680     0.000200   0.0006293   0.000130
     0.8130     0.000139   0.0007141   0.000116
     0.8670     0.000095   0.0008462   0.000101
     0.9260     0.000063   0.0010368   0.000089
     1.0000     0.000037   0.0012481   0.000076
     1.0500     0.000027   0.0012975   0.000069
     1.1000     0.000022   0.0013084   0.000063
     1.1700     0.000017   0.0014518   0.000055
     1.2500     0.000012   0.0015101   0.000048
     1.3700     0.000010   0.0012122   0.000040
     1.5000     0.000008   0.0010630   0.000034
     1.6300     0.000006   0.0009087   0.000029
     1.7700     0.000007   0.0006461   0.000024
     1.9400     0.000011   0.0002736   0.000020
     2.1100     0.000014   0.0001611   0.000017
     2.3400     0.000011   0.0001283   0.000014
     2.5700     0.000005   0.0000083   0.000011
     2.7900     0.000233   0.0000016   0.000009
     3.0800     0.000851   0.0000007   0.000008
     3.4100     0.000384   0.0000008   0.000007
     3.7900     0.000151   0.0000014   0.000005
     4.0900     0.000058   0.0000018   0.000004
     4.3600     0.000431   0.0000000   0.000005
    SIZE INTERVAL   13
   WAVl        QEXT      W0      gf
     0.2563     0.032017   0.0011917   0.002067
     0.2795     0.025888   0.0010036   0.001736
     0.2965     0.022367   0.0008823   0.001533
     0.3186     0.019036   0.0007451   0.001319
     0.3355     0.016699   0.0006701   0.001185
     0.3650     0.012814   0.0006170   0.001002
     0.4200     0.007406   0.0006947   0.000781
     0.4950     0.003267   0.0008407   0.000573
     0.5448     0.002055   0.0008794   0.000468
     0.5581     0.001836   0.0008932   0.000444
     0.5858     0.001450   0.0009355   0.000400
     0.6150     0.001120   0.0009984   0.000362
     0.6459     0.000842   0.0010801   0.000328
     0.6790     0.000613   0.0011794   0.000297
     0.7210     0.000410   0.0013165   0.000263
     0.7680     0.000267   0.0014902   0.000232
     0.8130     0.000185   0.0016907   0.000206
     0.8670     0.000127   0.0020032   0.000180
     0.9260     0.000084   0.0024536   0.000157
     1.0000     0.000049   0.0029529   0.000135
     1.0500     0.000036   0.0030697   0.000122
     1.1000     0.000030   0.0030955   0.000111
     1.1700     0.000022   0.0034341   0.000098
     1.2500     0.000016   0.0035717   0.000086
     1.3700     0.000014   0.0028684   0.000071
     1.5000     0.000011   0.0025160   0.000060
     1.6300     0.000009   0.0021511   0.000051
     1.7700     0.000009   0.0015301   0.000043
     1.9400     0.000014   0.0006484   0.000035
     2.1100     0.000018   0.0003818   0.000030
     2.3400     0.000015   0.0003040   0.000024
     2.5700     0.000007   0.0000197   0.000020
     2.7900     0.000310   0.0000038   0.000017
     3.0800     0.001134   0.0000016   0.000014
     3.4100     0.000513   0.0000020   0.000012
     3.7900     0.000202   0.0000034   0.000009
     4.0900     0.000078   0.0000043   0.000008
     4.3600     0.000575   0.0000000   0.000009
    SIZE INTERVAL   14
   WAVl        QEXT      W0      gf
     0.2563     0.040225   0.0023181   0.003227
     0.2795     0.032499   0.0019534   0.002711
     0.2965     0.028064   0.0017180   0.002394
     0.3186     0.023870   0.0014515   0.002060
     0.3355     0.020933   0.0013058   0.001850
     0.3650     0.016057   0.0012026   0.001565
     0.4200     0.009278   0.0013544   0.001220
     0.4950     0.004092   0.0016394   0.000896
     0.5448     0.002574   0.0017150   0.000731
     0.5581     0.002299   0.0017419   0.000694
     0.5858     0.001815   0.0018244   0.000625
     0.6150     0.001402   0.0019472   0.000565
     0.6459     0.001055   0.0021064   0.000512
     0.6790     0.000768   0.0023000   0.000463
     0.7210     0.000513   0.0025672   0.000411
     0.7680     0.000335   0.0029056   0.000362
     0.8130     0.000232   0.0032961   0.000322
     0.8670     0.000159   0.0039041   0.000282
     0.9260     0.000106   0.0047797   0.000246
     1.0000     0.000062   0.0057500   0.000211
     1.0500     0.000046   0.0059771   0.000191
     1.1000     0.000038   0.0060274   0.000174
     1.1700     0.000028   0.0066844   0.000154
     1.2500     0.000020   0.0069514   0.000135
     1.3700     0.000017   0.0055866   0.000112
     1.5000     0.000013   0.0049020   0.000094
     1.6300     0.000011   0.0041928   0.000080
     1.7700     0.000011   0.0029840   0.000067
     1.9400     0.000018   0.0012655   0.000055
     2.1100     0.000023   0.0007454   0.000047
     2.3400     0.000019   0.0005935   0.000038
     2.5700     0.000009   0.0000384   0.000031
     2.7900     0.000388   0.0000075   0.000026
     3.0800     0.001418   0.0000031   0.000022
     3.4100     0.000641   0.0000039   0.000018
     3.7900     0.000252   0.0000067   0.000015
     4.0900     0.000097   0.0000085   0.000012
     4.3600     0.000719   0.0000000   0.000013
    SIZE INTERVAL   15
   WAVl        QEXT      W0      gf
     0.2563     0.048582   0.0039849   0.004645
     0.2795     0.039213   0.0033606   0.003902
     0.2965     0.033837   0.0029572   0.003446
     0.3186     0.028759   0.0025000   0.002966
     0.3355     0.025211   0.0022497   0.002664
     0.3650     0.019329   0.0020727   0.002253
     0.4200     0.011166   0.0023349   0.001757
     0.4950     0.004923   0.0028267   0.001290
     0.5448     0.003096   0.0029575   0.001053
     0.5581     0.002766   0.0030038   0.000999
     0.5858     0.002183   0.0031462   0.000901
     0.6150     0.001686   0.0033578   0.000814
     0.6459     0.001268   0.0036322   0.000737
     0.6790     0.000924   0.0039656   0.000667
     0.7210     0.000618   0.0044261   0.000592
     0.7680     0.000403   0.0050088   0.000521
     0.8130     0.000280   0.0056806   0.000464
     0.8670     0.000192   0.0067252   0.000406
     0.9260     0.000127   0.0082277   0.000354
     1.0000     0.000074   0.0098921   0.000303
     1.0500     0.000055   0.0102820   0.000275
     1.1000     0.000045   0.0103683   0.000251
     1.1700     0.000034   0.0114927   0.000221
     1.2500     0.000024   0.0119497   0.000194
     1.3700     0.000021   0.0096133   0.000161
     1.5000     0.000016   0.0084399   0.000135
     1.6300     0.000013   0.0072232   0.000115
     1.7700     0.000014   0.0051450   0.000096
     1.9400     0.000022   0.0021847   0.000080
     2.1100     0.000027   0.0012873   0.000068
     2.3400     0.000022   0.0010250   0.000055
     2.5700     0.000011   0.0000662   0.000045
     2.7900     0.000465   0.0000129   0.000038
     3.0800     0.001701   0.0000053   0.000032
     3.4100     0.000769   0.0000068   0.000026
     3.7900     0.000303   0.0000115   0.000021
     4.0900     0.000116   0.0000146   0.000018
     4.3600     0.000863   0.0000000   0.000019
    SIZE INTERVAL   16
   WAVl        QEXT      W0      gf
     0.2563     0.057128   0.0062871   0.006318
     0.2795     0.046056   0.0053073   0.005308
     0.2965     0.039707   0.0046733   0.004688
     0.3186     0.033719   0.0039535   0.004035
     0.3355     0.029544   0.0035592   0.003624
     0.3650     0.022637   0.0032808   0.003066
     0.4200     0.013073   0.0036968   0.002391
     0.4950     0.005764   0.0044760   0.001755
     0.5448     0.003623   0.0046838   0.001432
     0.5581     0.003236   0.0047573   0.001359
     0.5858     0.002554   0.0049828   0.001226
     0.6150     0.001973   0.0053174   0.001108
     0.6459     0.001484   0.0057514   0.001003
     0.6790     0.001081   0.0062788   0.000908
     0.7210     0.000723   0.0070070   0.000806
     0.7680     0.000472   0.0079277   0.000710
     0.8130     0.000328   0.0089880   0.000631
     0.8670     0.000225   0.0106336   0.000552
     0.9260     0.000149   0.0129966   0.000482
     1.0000     0.000087   0.0156127   0.000413
     1.0500     0.000065   0.0162263   0.000374
     1.1000     0.000053   0.0163622   0.000341
     1.1700     0.000039   0.0181236   0.000301
     1.2500     0.000028   0.0188397   0.000264
     1.3700     0.000024   0.0151777   0.000219
     1.5000     0.000019   0.0133352   0.000184
     1.6300     0.000015   0.0114219   0.000156
     1.7700     0.000016   0.0081450   0.000131
     1.9400     0.000025   0.0034646   0.000108
     2.1100     0.000032   0.0020425   0.000092
     2.3400     0.000026   0.0016267   0.000074
     2.5700     0.000013   0.0001047   0.000061
     2.7900     0.000543   0.0000205   0.000051
     3.0800     0.001985   0.0000084   0.000043
     3.4100     0.000897   0.0000108   0.000036
     3.7900     0.000353   0.0000183   0.000029
     4.0900     0.000136   0.0000232   0.000024
     4.3600     0.001006   0.0000000   0.000026
    SIZE INTERVAL   17
   WAVl        QEXT      W0      gf
     0.2563     0.065905   0.0093116   0.008246
     0.2795     0.053058   0.0078697   0.006929
     0.2965     0.045698   0.0069352   0.006120
     0.3186     0.038766   0.0058720   0.005267
     0.3355     0.033945   0.0052891   0.004731
     0.3650     0.025991   0.0048780   0.004002
     0.4200     0.015006   0.0054981   0.003121
     0.4950     0.006615   0.0066579   0.002292
     0.5448     0.004157   0.0069679   0.001871
     0.5581     0.003713   0.0070773   0.001775
     0.5858     0.002930   0.0074125   0.001600
     0.6150     0.002263   0.0079095   0.001446
     0.6459     0.001702   0.0085539   0.001310
     0.6790     0.001241   0.0093369   0.001186
     0.7210     0.000830   0.0104179   0.001052
     0.7680     0.000542   0.0117836   0.000927
     0.8130     0.000377   0.0133534   0.000824
     0.8670     0.000258   0.0157840   0.000721
     0.9260     0.000172   0.0192664   0.000630
     1.0000     0.000100   0.0231191   0.000539
     1.0500     0.000075   0.0240241   0.000489
     1.1000     0.000061   0.0242247   0.000445
     1.1700     0.000045   0.0268073   0.000394
     1.2500     0.000032   0.0278576   0.000345
     1.3700     0.000028   0.0224841   0.000286
     1.5000     0.000022   0.0197741   0.000240
     1.6300     0.000018   0.0169551   0.000204
     1.7700     0.000018   0.0121089   0.000171
     1.9400     0.000029   0.0051627   0.000141
     2.1100     0.000036   0.0030454   0.000120
     2.3400     0.000030   0.0024261   0.000097
     2.5700     0.000014   0.0001555   0.000080
     2.7900     0.000621   0.0000306   0.000067
     3.0800     0.002269   0.0000125   0.000056
     3.4100     0.001025   0.0000161   0.000046
     3.7900     0.000404   0.0000273   0.000038
     4.0900     0.000155   0.0000346   0.000031
     4.3600     0.001150   0.0000000   0.000034
    SIZE INTERVAL   18
   WAVl        QEXT      W0      gf
     0.2563     0.074961   0.0131359   0.010428
     0.2795     0.060251   0.0111172   0.008763
     0.2965     0.051833   0.0098063   0.007741
     0.3186     0.043916   0.0083113   0.006663
     0.3355     0.038428   0.0074906   0.005985
     0.3650     0.029400   0.0069130   0.005063
     0.4200     0.016969   0.0077941   0.003949
     0.4950     0.007480   0.0094388   0.002900
     0.5448     0.004699   0.0098798   0.002367
     0.5581     0.004196   0.0100350   0.002246
     0.5858     0.003311   0.0105097   0.002025
     0.6150     0.002557   0.0112128   0.001830
     0.6459     0.001924   0.0121241   0.001657
     0.6790     0.001403   0.0132310   0.001500
     0.7210     0.000939   0.0147594   0.001332
     0.7680     0.000614   0.0166881   0.001173
     0.8130     0.000427   0.0189000   0.001043
     0.8670     0.000293   0.0223146   0.000912
     0.9260     0.000195   0.0271931   0.000797
     1.0000     0.000114   0.0325850   0.000682
     1.0500     0.000085   0.0338539   0.000619
     1.1000     0.000070   0.0341351   0.000564
     1.1700     0.000052   0.0377297   0.000498
     1.2500     0.000037   0.0391919   0.000436
     1.3700     0.000032   0.0317056   0.000362
     1.5000     0.000025   0.0279188   0.000304
     1.6300     0.000020   0.0239711   0.000258
     1.7700     0.000021   0.0171519   0.000217
     1.9400     0.000033   0.0073345   0.000179
     2.1100     0.000041   0.0043299   0.000152
     2.3400     0.000034   0.0034506   0.000123
     2.5700     0.000016   0.0002199   0.000102
     2.7900     0.000698   0.0000436   0.000085
     3.0800     0.002553   0.0000178   0.000071
     3.4100     0.001153   0.0000229   0.000059
     3.7900     0.000454   0.0000388   0.000048
     4.0900     0.000174   0.0000493   0.000040
     4.3600     0.001294   0.0000000   0.000043
    SIZE INTERVAL   19
   WAVl        QEXT      W0      gf
     0.2563     0.084345   0.0178262   0.012865
     0.2795     0.067671   0.0151109   0.010811
     0.2965     0.058137   0.0133436   0.009550
     0.3186     0.049188   0.0113225   0.008221
     0.3355     0.043007   0.0102115   0.007385
     0.3650     0.032875   0.0094311   0.006248
     0.4200     0.018968   0.0106362   0.004874
     0.4950     0.008362   0.0128810   0.003579
     0.5448     0.005251   0.0134847   0.002921
     0.5581     0.004689   0.0136965   0.002773
     0.5858     0.003699   0.0143431   0.002500
     0.6150     0.002857   0.0152999   0.002259
     0.6459     0.002149   0.0165392   0.002046
     0.6790     0.001568   0.0180446   0.001852
     0.7210     0.001051   0.0201227   0.001644
     0.7680     0.000687   0.0227415   0.001448
     0.8130     0.000478   0.0257366   0.001288
     0.8670     0.000328   0.0303435   0.001126
     0.9260     0.000219   0.0369026   0.000984
     1.0000     0.000128   0.0441432   0.000842
     1.0500     0.000096   0.0458509   0.000764
     1.1000     0.000078   0.0462293   0.000696
     1.1700     0.000058   0.0510239   0.000615
     1.2500     0.000041   0.0529748   0.000538
     1.3700     0.000036   0.0429768   0.000446
     1.5000     0.000028   0.0379014   0.000375
     1.6300     0.000022   0.0325960   0.000319
     1.7700     0.000023   0.0233777   0.000268
     1.9400     0.000036   0.0100334   0.000221
     2.1100     0.000045   0.0059290   0.000188
     2.3400     0.000037   0.0047270   0.000152
     2.5700     0.000018   0.0002991   0.000125
     2.7900     0.000776   0.0000598   0.000105
     3.0800     0.002836   0.0000244   0.000088
     3.4100     0.001282   0.0000314   0.000072
     3.7900     0.000504   0.0000533   0.000059
     4.0900     0.000194   0.0000676   0.000049
     4.3600     0.001438   0.0000000   0.000054
    SIZE INTERVAL   20
   WAVl        QEXT      W0      gf
     0.2563     0.209485   0.1169866   0.051169
     0.2795     0.163483   0.1019265   0.042974
     0.2965     0.137522   0.0917201   0.037952
     0.3186     0.113694   0.0794624   0.032674
     0.3355     0.098106   0.0725565   0.029358
     0.3650     0.073965   0.0678430   0.024846
     0.4200     0.042668   0.0766080   0.019390
     0.4950     0.018962   0.0923404   0.014254
     0.5448     0.011854   0.0966990   0.011643
     0.5581     0.010562   0.0981561   0.011051
     0.5858     0.008308   0.1024821   0.009967
     0.6150     0.006419   0.1087710   0.009011
     0.6459     0.004857   0.1168405   0.008161
     0.6790     0.003586   0.1265727   0.007390
     0.7210     0.002451   0.1398803   0.006562
     0.7680     0.001639   0.1561422   0.005780
     0.8130     0.001159   0.1737657   0.005142
     0.8670     0.000805   0.1989888   0.004497
     0.9260     0.000547   0.2324031   0.003929
     1.0000     0.000336   0.2682557   0.003364
     1.0500     0.000257   0.2769925   0.003051
     1.1000     0.000211   0.2788915   0.002781
     1.1700     0.000159   0.2996720   0.002458
     1.2500     0.000115   0.3081804   0.002152
     1.3700     0.000093   0.2636667   0.001784
     1.5000     0.000071   0.2397284   0.001499
     1.6300     0.000056   0.2132492   0.001274
     1.7700     0.000054   0.1606941   0.001071
     1.9400     0.000078   0.0750065   0.000884
     2.1100     0.000095   0.0454011   0.000750
     2.3400     0.000077   0.0365804   0.000607
     2.5700     0.000034   0.0019016   0.000502
     2.7900     0.001554   0.0004832   0.000419
     3.0800     0.005679   0.0001949   0.000351
     3.4100     0.002566   0.0002507   0.000290
     3.7900     0.001010   0.0004258   0.000235
     4.0900     0.000388   0.0005405   0.000196
     4.3600     0.002879   0.0000003   0.000214
    SIZE INTERVAL   21
   WAVl        QEXT      W0      gf
     0.2563     0.441411   0.2780333   0.116797
     0.2795     0.334574   0.2525125   0.097347
     0.2965     0.274636   0.2338089   0.085576
     0.3186     0.220169   0.2093891   0.073430
     0.3355     0.186487   0.1950859   0.065883
     0.3650     0.138191   0.1859131   0.055652
     0.4200     0.080510   0.2090228   0.043369
     0.4950     0.036725   0.2478223   0.031884
     0.5448     0.022867   0.2587441   0.026059
     0.5581     0.020307   0.2621537   0.024739
     0.5858     0.015904   0.2719088   0.022321
     0.6150     0.012317   0.2856950   0.020188
     0.6459     0.009434   0.3029952   0.018289
     0.6790     0.007134   0.3233550   0.016566
     0.7210     0.005061   0.3501942   0.014713
     0.7680     0.003518   0.3811664   0.012965
     0.8130     0.002555   0.4123237   0.011539
     0.8670     0.001807   0.4527915   0.010095
     0.9260     0.001263   0.5009382   0.008822
     1.0000     0.000826   0.5499989   0.007556
     1.0500     0.000650   0.5622656   0.006854
     1.1000     0.000537   0.5648772   0.006248
     1.1700     0.000409   0.5888358   0.005524
     1.2500     0.000302   0.5988314   0.004837
     1.3700     0.000228   0.5458417   0.004011
     1.5000     0.000169   0.5169331   0.003371
     1.6300     0.000129   0.4819732   0.002864
     1.7700     0.000113   0.3927068   0.002408
     1.9400     0.000138   0.2149309   0.001987
     2.1100     0.000158   0.1376280   0.001688
     2.3400     0.000126   0.1134890   0.001364
     2.5700     0.000044   0.0025280   0.001129
     2.7900     0.002339   0.0016720   0.000942
     3.0800     0.008533   0.0006528   0.000789
     3.4100     0.003855   0.0008453   0.000652
     3.7900     0.001518   0.0014346   0.000529
     4.0900     0.000583   0.0018207   0.000441
     4.3600     0.004325   0.0000019   0.000481
    SIZE INTERVAL   22
   WAVl        QEXT      W0      gf
     0.2563     0.832627   0.4212293   0.220292
     0.2795     0.627836   0.4002213   0.180023
     0.2965     0.511146   0.3820413   0.156252
     0.3186     0.402043   0.3547228   0.132653
     0.3355     0.335812   0.3379690   0.118382
     0.3650     0.246573   0.3288982   0.099310
     0.4200     0.147144   0.3667629   0.076926
     0.4950     0.069824   0.4248053   0.056389
     0.5448     0.043385   0.4412060   0.046077
     0.5581     0.038386   0.4459549   0.043747
     0.5858     0.029916   0.4589866   0.039478
     0.6150     0.023237   0.4767942   0.035712
     0.6459     0.018051   0.4985265   0.032361
     0.6790     0.014018   0.5232911   0.029319
     0.7210     0.010334   0.5543645   0.026048
     0.7680     0.007451   0.5880520   0.022961
     0.8130     0.005537   0.6198294   0.020441
     0.8670     0.003964   0.6581086   0.017890
     0.9260     0.002829   0.6998704   0.015640
     1.0000     0.001939   0.7404134   0.013400
     1.0500     0.001559   0.7506785   0.012158
     1.1000     0.001288   0.7529067   0.011084
     1.1700     0.000990   0.7704941   0.009802
     1.2500     0.000742   0.7780408   0.008584
     1.3700     0.000534   0.7386888   0.007121
     1.5000     0.000388   0.7190338   0.005985
     1.6300     0.000290   0.6930780   0.005086
     1.7700     0.000234   0.6052308   0.004277
     1.9400     0.000239   0.3933365   0.003530
     2.1100     0.000251   0.2730211   0.002999
     2.3400     0.000194   0.2325150   0.002425
     2.5700     0.000042   0.0073921   0.002006
     2.7900     0.003138   0.0041157   0.001673
     3.0800     0.011410   0.0015283   0.001403
     3.4100     0.005155   0.0020003   0.001159
     3.7900     0.002031   0.0033905   0.000939
     4.0900     0.000781   0.0043019   0.000785
     4.3600     0.005780   0.0000086   0.000856
    SIZE INTERVAL   23
   WAVl        QEXT      W0      gf
     0.2563     1.355100   0.5033691   0.379773
     0.2795     1.043106   0.4998418   0.304428
     0.2965     0.859700   0.4911882   0.260295
     0.3186     0.678911   0.4720720   0.217018
     0.3355     0.566853   0.4595820   0.191479
     0.3650     0.419709   0.4566105   0.158412
     0.4200     0.260875   0.5058342   0.121050
     0.4950     0.129784   0.5734117   0.087974
     0.5448     0.080670   0.5925323   0.071732
     0.5581     0.071134   0.5976712   0.068087
     0.5858     0.055173   0.6111462   0.061419
     0.6150     0.042951   0.6289056   0.055546
     0.6459     0.033772   0.6500005   0.050330
     0.6790     0.026815   0.6733558   0.045602
     0.7210     0.020370   0.7014258   0.040522
     0.7680     0.015075   0.7302932   0.035727
     0.8130     0.011362   0.7562148   0.031816
     0.8670     0.008182   0.7858956   0.027854
     0.9260     0.005904   0.8165473   0.024359
     1.0000     0.004158   0.8453561   0.020877
     1.0500     0.003383   0.8527305   0.018947
     1.1000     0.002798   0.8544136   0.017277
     1.1700     0.002158   0.8660845   0.015281
     1.2500     0.001629   0.8712501   0.013387
     1.3700     0.001142   0.8453629   0.011108
     1.5000     0.000822   0.8341489   0.009338
     1.6300     0.000606   0.8181446   0.007938
     1.7700     0.000463   0.7492791   0.006676
     1.9400     0.000412   0.5580725   0.005511
     2.1100     0.000397   0.4211196   0.004682
     2.3400     0.000296   0.3711171   0.003786
     2.5700     0.000017   0.0411547   0.003132
     2.7900     0.003957   0.0083846   0.002614
     3.0800     0.014317   0.0029383   0.002191
     3.4100     0.006471   0.0038965   0.001810
     3.7900     0.002551   0.0065925   0.001467
     4.0900     0.000982   0.0083601   0.001226
     4.3600     0.007250   0.0000307   0.001337
    SIZE INTERVAL   24
   WAVl        QEXT      W0      gf
     0.2563     1.970845   0.5443638   0.552955
     0.2795     1.548458   0.5510501   0.465167
     0.2965     1.295069   0.5512745   0.406439
     0.3186     1.037155   0.5455227   0.337089
     0.3355     0.874778   0.5420879   0.293340
     0.3650     0.664304   0.5499533   0.238639
     0.4200     0.437660   0.6089681   0.178391
     0.4950     0.230300   0.6804088   0.127462
     0.5448     0.143832   0.7006372   0.103362
     0.5581     0.126527   0.7056929   0.098020
     0.5858     0.097797   0.7183076   0.088292
     0.6150     0.076284   0.7342821   0.079765
     0.6459     0.060553   0.7527522   0.072229
     0.6790     0.048888   0.7726995   0.065426
     0.7210     0.037935   0.7958785   0.058129
     0.7680     0.028554   0.8187536   0.051249
     0.8130     0.021698   0.8385336   0.045640
     0.8670     0.015649   0.8603933   0.039963
     0.9260     0.011348   0.8822092   0.034956
     1.0000     0.008116   0.9023175   0.029969
     1.0500     0.006650   0.9075338   0.027203
     1.1000     0.005500   0.9088028   0.024810
     1.1700     0.004248   0.9166225   0.021950
     1.2500     0.003218   0.9201942   0.019233
     1.3700     0.002225   0.9032341   0.015965
     1.5000     0.001591   0.8968788   0.013425
     1.6300     0.001166   0.8871771   0.011413
     1.7700     0.000861   0.8371596   0.009601
     1.9400     0.000698   0.6848065   0.007928
     2.1100     0.000626   0.5547490   0.006736
     2.3400     0.000451   0.5038613   0.005448
     2.5700     0.000044   0.1055738   0.004508
     2.7900     0.004807   0.0150535   0.003762
     3.0800     0.017266   0.0049893   0.003154
     3.4100     0.007808   0.0067070   0.002606
     3.7900     0.003082   0.0113200   0.002113
     4.0900     0.001190   0.0143435   0.001765
     4.3600     0.008739   0.0000914   0.001924
    SIZE INTERVAL   25
   WAVl        QEXT      W0      gf
     0.2563     2.495418   0.5929886   0.605853
     0.2795     2.094172   0.5882160   0.584693
     0.2965     1.814751   0.5859018   0.550719
     0.3186     1.469447   0.5843120   0.482859
     0.3355     1.242544   0.5876212   0.426918
     0.3650     0.968862   0.6073165   0.346519
     0.4200     0.681395   0.6769207   0.253855
     0.4950     0.382986   0.7520725   0.176814
     0.5448     0.242217   0.7733538   0.141862
     0.5581     0.213074   0.7782959   0.134252
     0.5858     0.164788   0.7899486   0.120511
     0.6150     0.129043   0.8040168   0.108605
     0.6459     0.103261   0.8197928   0.098204
     0.6790     0.084330   0.8364224   0.088898
     0.7210     0.066331   0.8552238   0.078951
     0.7680     0.050463   0.8731819   0.069575
     0.8130     0.038547   0.8882465   0.061935
     0.8670     0.027840   0.9044474   0.054211
     0.9260     0.020248   0.9202401   0.047415
     1.0000     0.014607   0.9346197   0.040661
     1.0500     0.012011   0.9384084   0.036915
     1.1000     0.009933   0.9393950   0.033672
     1.1700     0.007676   0.9448375   0.029796
     1.2500     0.005825   0.9474026   0.026114
     1.3700     0.003994   0.9359675   0.021683
     1.5000     0.002845   0.9321970   0.018238
     1.6300     0.002076   0.9260944   0.015509
     1.7700     0.001505   0.8902194   0.013050
     1.9400     0.001145   0.7742890   0.010778
     2.1100     0.000974   0.6622145   0.009160
     2.3400     0.000682   0.6159484   0.007409
     2.5700     0.000156   0.1961100   0.006131
     2.7900     0.005700   0.0246380   0.005118
     3.0800     0.020270   0.0077792   0.004291
     3.4100     0.009175   0.0105934   0.003545
     3.7900     0.003629   0.0178245   0.002874
     4.0900     0.001406   0.0225588   0.002401
     4.3600     0.010253   0.0002321   0.002618
    SIZE INTERVAL   26
   WAVl        QEXT      W0      gf
     0.2563     2.724533   0.6198372   0.626050
     0.2795     2.512839   0.6263241   0.618764
     0.2965     2.303065   0.6253562   0.607937
     0.3186     1.960212   0.6165769   0.587195
     0.3355     1.687905   0.6162381   0.554375
     0.3650     1.330870   0.6382734   0.475430
     0.4200     0.984193   0.7160825   0.352881
     0.4950     0.590606   0.7976087   0.239739
     0.5448     0.382001   0.8210693   0.189044
     0.5581     0.337379   0.8261503   0.178177
     0.5858     0.263040   0.8373405   0.158850
     0.6150     0.207740   0.8500168   0.142494
     0.6459     0.167550   0.8636630   0.128538
     0.6790     0.137720   0.8776428   0.116280
     0.7210     0.109028   0.8930727   0.103230
     0.7680     0.083459   0.9074318   0.090886
     0.8130     0.064061   0.9191784   0.080808
     0.8670     0.046484   0.9315247   0.070629
     0.9260     0.033957   0.9433282   0.061731
     1.0000     0.024588   0.9539728   0.052947
     1.0500     0.020237   0.9568241   0.048079
     1.1000     0.016736   0.9576194   0.043857
     1.1700     0.012945   0.9615700   0.038810
     1.2500     0.009830   0.9634905   0.034021
     1.3700     0.006705   0.9555069   0.028256
     1.5000     0.004765   0.9531483   0.023773
     1.6300     0.003467   0.9491272   0.020221
     1.7700     0.002483   0.9230847   0.017018
     1.9400     0.001814   0.8356593   0.014059
     2.1100     0.001484   0.7435566   0.011950
     2.3400     0.001016   0.7039671   0.009668
     2.5700     0.000337   0.3014343   0.008002
     2.7900     0.006649   0.0375731   0.006680
     3.0800     0.023344   0.0113949   0.005601
     3.4100     0.010579   0.0157023   0.004628
     3.7900     0.004196   0.0263202   0.003753
     4.0900     0.001633   0.0332587   0.003135
     4.3600     0.011799   0.0005186   0.003418
    SIZE INTERVAL   27
   WAVl        QEXT      W0      gf
     0.2563     3.060135   0.6113651   0.698885
     0.2795     2.781688   0.6438724   0.644864
     0.2965     2.591053   0.6548463   0.622496
     0.3186     2.361536   0.6525840   0.615592
     0.3355     2.143478   0.6499891   0.610584
     0.3650     1.773586   0.6626297   0.579208
     0.4200     1.355843   0.7358925   0.469893
     0.4950     0.847083   0.8237296   0.321987
     0.5448     0.563149   0.8513824   0.248140
     0.5581     0.501241   0.8571385   0.232149
     0.5858     0.396912   0.8687968   0.204365
     0.6150     0.317722   0.8808209   0.181865
     0.6459     0.258589   0.8929573   0.163538
     0.6790     0.213377   0.9048853   0.148014
     0.7210     0.169362   0.9177737   0.131518
     0.7680     0.130202   0.9295852   0.115653
     0.8130     0.100508   0.9390857   0.102553
     0.8670     0.073518   0.9488801   0.089303
     0.9260     0.054039   0.9580373   0.077897
     1.0000     0.039172   0.9661847   0.066835
     1.0500     0.032220   0.9684016   0.060711
     1.1000     0.026650   0.9690658   0.055373
     1.1700     0.020639   0.9720504   0.048991
     1.2500     0.015675   0.9735438   0.042950
     1.3700     0.010656   0.9677828   0.035679
     1.5000     0.007559   0.9662381   0.030024
     1.6300     0.005490   0.9634732   0.025543
     1.7700     0.003901   0.9441812   0.021502
     1.9400     0.002772   0.8777585   0.017768
     2.1100     0.002207   0.8035300   0.015105
     2.3400     0.001486   0.7706406   0.012224
     2.5700     0.000610   0.4100429   0.010118
     2.7900     0.007669   0.0541848   0.008448
     3.0800     0.026501   0.0159114   0.007085
     3.4100     0.012029   0.0221609   0.005855
     3.7900     0.004789   0.0369752   0.004748
     4.0900     0.001875   0.0466287   0.003967
     4.3600     0.013384   0.0010447   0.004324
    SIZE INTERVAL   28
   WAVl        QEXT      W0      gf
     0.2563     3.373716   0.6152754   0.749625
     0.2795     3.067653   0.6426535   0.696259
     0.2965     2.861419   0.6584237   0.664155
     0.3186     2.616205   0.6735060   0.631110
     0.3355     2.444223   0.6805019   0.619701
     0.3650     2.210636   0.6934506   0.613651
     0.4200     1.835907   0.7513695   0.566326
     0.4950     1.170788   0.8360530   0.423622
     0.5448     0.786808   0.8692896   0.322285
     0.5581     0.702735   0.8763516   0.298989
     0.5858     0.561301   0.8895612   0.259176
     0.6150     0.454317   0.9017135   0.228296
     0.6459     0.374564   0.9129074   0.204375
     0.6790     0.313238   0.9232544   0.184962
     0.7210     0.252095   0.9342188   0.164403
     0.7680     0.195812   0.9442573   0.144255
     0.8130     0.151850   0.9522865   0.127416
     0.8670     0.111103   0.9604377   0.110374
     0.9260     0.081719   0.9678271   0.095992
     1.0000     0.059502   0.9742471   0.082365
     1.0500     0.049049   0.9760166   0.074836
     1.1000     0.040576   0.9765905   0.068235
     1.1700     0.031419   0.9789295   0.060343
     1.2500     0.023872   0.9801298   0.052902
     1.3700     0.016188   0.9758498   0.043948
     1.5000     0.011469   0.9748009   0.036988
     1.6300     0.008318   0.9728308   0.031473
     1.7700     0.005880   0.9582222   0.026499
     1.9400     0.004099   0.9070390   0.021903
     2.1100     0.003200   0.8474737   0.018623
     2.3400     0.002128   0.8204708   0.015074
     2.5700     0.000998   0.5135566   0.012480
     2.7900     0.008779   0.0746392   0.010422
     3.0800     0.029760   0.0213932   0.008741
     3.4100     0.013538   0.0300737   0.007224
     3.7900     0.005414   0.0499032   0.005859
     4.0900     0.002136   0.0627759   0.004895
     4.3600     0.015017   0.0019352   0.005336
    SIZE INTERVAL   29
   WAVl        QEXT      W0      gf
     0.2563     5.903574   0.5610349   0.810001
     0.2795     5.810956   0.6223151   0.774960
     0.2965     5.707102   0.6575131   0.751847
     0.3186     5.524220   0.6908369   0.724889
     0.3355     5.448412   0.7133232   0.713225
     0.3650     5.521275   0.7545027   0.704362
     0.4200     5.851533   0.8438383   0.670715
     0.4950     5.304055   0.9304655   0.571575
     0.5448     4.276341   0.9530500   0.499525
     0.5581     3.991964   0.9567750   0.483101
     0.5858     3.447536   0.9631563   0.455544
     0.6150     2.947686   0.9684713   0.434936
     0.6459     2.490282   0.9728910   0.419699
     0.6790     2.073485   0.9766102   0.407878
     0.7210     1.645496   0.9802898   0.395447
     0.7680     1.273995   0.9834687   0.383034
     0.8130     0.997809   0.9858857   0.372456
     0.8670     0.747543   0.9882740   0.361497
     0.9260     0.559786   0.9904758   0.351879
     1.0000     0.407717   0.9924549   0.342112
     1.0500     0.336264   0.9930376   0.336204
     1.1000     0.280616   0.9932598   0.330592
     1.1700     0.221245   0.9940121   0.323170
     1.2500     0.170894   0.9944577   0.315091
     1.3700     0.118692   0.9934122   0.303457
     1.5000     0.086637   0.9933314   0.291460
     1.6300     0.064751   0.9930534   0.279683
     1.7700     0.047195   0.9896023   0.267168
     1.9400     0.032896   0.9768587   0.252182
     2.1100     0.025508   0.9616936   0.237850
     2.3400     0.017291   0.9554948   0.219062
     2.5700     0.011338   0.9325070   0.201427
     2.7900     0.023992   0.3215786   0.185527
     3.0800     0.064796   0.1023766   0.166777
     3.4100     0.030982   0.1510317   0.147705
     3.7900     0.013517   0.2391000   0.128808
     4.0900     0.006134   0.2942979   0.114844
     4.3600     0.032743   0.0573608   0.113877
    SIZE INTERVAL   30
   WAVl        QEXT      W0      gf
     0.2563     8.525081   0.5438545   0.831614
     0.2795     8.326811   0.6047318   0.800981
     0.2965     8.148457   0.6401811   0.780374
     0.3186     7.871804   0.6745363   0.755763
     0.3355     7.753076   0.6978184   0.744989
     0.3650     7.818973   0.7399700   0.737162
     0.4200     8.195677   0.8327719   0.709047
     0.4950     7.650116   0.9273174   0.624355
     0.5448     6.509919   0.9536348   0.562357
     0.5581     6.177727   0.9580752   0.548345
     0.5858     5.507508   0.9655048   0.525188
     0.6150     4.845837   0.9713925   0.508433
     0.6459     4.199835   0.9760158   0.496675
     0.6790     3.578525   0.9796994   0.488189
     0.7210     2.912888   0.9832420   0.479811
     0.7680     2.310704   0.9862603   0.471852
     0.8130     1.844746   0.9885084   0.465428
     0.8670     1.407873   0.9906588   0.459245
     0.9260     1.072411   0.9925476   0.454490
     1.0000     0.794787   0.9941937   0.450415
     1.0500     0.662236   0.9946999   0.448172
     1.1000     0.558122   0.9949207   0.446109
     1.1700     0.445884   0.9955423   0.443463
     1.2500     0.349174   0.9959363   0.440569
     1.3700     0.247269   0.9952568   0.436255
     1.5000     0.183934   0.9952772   0.431450
     1.6300     0.139987   0.9951678   0.426354
     1.7700     0.104223   0.9929374   0.420572
     1.9400     0.074062   0.9845735   0.412761
     2.1100     0.058430   0.9749624   0.404624
     2.3400     0.040665   0.9715182   0.392785
     2.5700     0.028244   0.9811042   0.380421
     2.7900     0.044172   0.4482011   0.368167
     3.0800     0.104384   0.1650448   0.352094
     3.4100     0.052230   0.2438508   0.333594
     3.7900     0.024561   0.3722311   0.312499
     4.0900     0.012432   0.4504410   0.295978
     4.3600     0.053071   0.1433874   0.284070
    SIZE INTERVAL   31
   WAVl        QEXT      W0      gf
     0.2563    11.201339   0.5369861   0.847173
     0.2795    10.859809   0.5959731   0.819406
     0.2965    10.584552   0.6306550   0.800537
     0.3186    10.191686   0.6648067   0.777733
     0.3355    10.011156   0.6879801   0.767767
     0.3650    10.030081   0.7297214   0.760831
     0.4200    10.342093   0.8233259   0.736207
     0.4950     9.608075   0.9223994   0.660982
     0.5448     8.306832   0.9513925   0.605493
     0.5581     7.928753   0.9564027   0.592987
     0.5858     7.160386   0.9647492   0.572454
     0.6150     6.392454   0.9712645   0.557825
     0.6459     5.631984   0.9762858   0.547835
     0.6790     4.886943   0.9802079   0.540946
     0.7210     4.064646   0.9839337   0.534503
     0.7680     3.291795   0.9870794   0.528705
     0.8130     2.672670   0.9893897   0.524308
     0.8670     2.075354   0.9915479   0.520433
     0.9260     1.606857   0.9933716   0.517964
     1.0000     1.210675   0.9949169   0.516489
     1.0500     1.018265   0.9954057   0.515898
     1.1000     0.865618   0.9956357   0.515421
     1.1700     0.699251   0.9962093   0.514893
     1.2500     0.553756   0.9965873   0.514281
     1.3700     0.398035   0.9960713   0.513191
     1.5000     0.300081   0.9961332   0.511608
     1.6300     0.231195   0.9960907   0.509570
     1.7700     0.174532   0.9943764   0.506961
     1.9400     0.125631   0.9878690   0.502786
     2.1100     0.100215   0.9805577   0.498084
     2.3400     0.070855   0.9781666   0.490656
     2.5700     0.050575   0.9955628   0.482417
     2.7900     0.068437   0.5255209   0.473873
     3.0800     0.147697   0.2137465   0.462257
     3.4100     0.076603   0.3121672   0.448288
     3.7900     0.038038   0.4597599   0.431597
     4.0900     0.020650   0.5467651   0.418289
     4.3600     0.075577   0.2123550   0.405602
    SIZE INTERVAL   32
   WAVl        QEXT      W0      gf
     0.2563    13.768574   0.5290582   0.863410
     0.2795    13.239608   0.5858502   0.838566
     0.2965    12.855391   0.6198565   0.821538
     0.3186    12.360199   0.6544151   0.800751
     0.3355    11.991478   0.6745327   0.791752
     0.3650    11.815897   0.7129387   0.785820
     0.4200    12.147772   0.8119410   0.764534
     0.4950    11.188622   0.9164177   0.698658
     0.5448     9.785623   0.9483066   0.649666
     0.5581     9.383935   0.9539236   0.638637
     0.5858     8.569563   0.9632716   0.620602
     0.6150     7.755068   0.9705174   0.607882
     0.6459     6.943479   0.9760480   0.599364
     0.6790     6.136571   0.9803168   0.593701
     0.7210     5.217744   0.9843238   0.588674
     0.7680     4.318628   0.9876604   0.584420
     0.8130     3.572681   0.9900659   0.581427
     0.8670     2.831560   0.9922559   0.579079
     0.9260     2.234617   0.9940413   0.577998
     1.0000     1.714885   0.9955137   0.577956
     1.0500     1.457268   0.9959899   0.578215
     1.1000     1.250660   0.9962271   0.578521
     1.1700     1.022471   0.9967588   0.578980
     1.2500     0.819238   0.9971202   0.579361
     1.3700     0.597897   0.9967306   0.579568
     1.5000     0.456647   0.9968193   0.579161
     1.6300     0.355853   0.9968202   0.578178
     1.7700     0.272014   0.9954897   0.576626
     1.9400     0.198034   0.9903781   0.573624
     2.1100     0.159456   0.9847403   0.570008
     2.3400     0.114197   0.9830449   0.563991
     2.5700     0.083196   1.0029796   0.557101
     2.7900     0.100335   0.5957196   0.549817
     3.0800     0.197842   0.2667391   0.539761
     3.4100     0.106619   0.3819501   0.527482
     3.7900     0.055836   0.5400978   0.512590
     4.0900     0.032217   0.6297548   0.500649
     4.3600     0.101979   0.2840049   0.488370
    SIZE INTERVAL   33
   WAVl        QEXT      W0      gf
     0.2563    16.082848   0.5160406   0.881312
     0.2795    15.331730   0.5708619   0.859690
     0.2965    14.804518   0.6038910   0.844757
     0.3186    14.145088   0.6376960   0.826371
     0.3355    13.806745   0.6606573   0.818465
     0.3650    13.621937   0.7014767   0.813623
     0.4200    13.515409   0.7972608   0.796032
     0.4950    12.315861   0.9081146   0.740201
     0.5448    10.933881   0.9442012   0.698331
     0.5581    10.546924   0.9507306   0.688920
     0.5858     9.763071   0.9615241   0.673602
     0.6150     8.975651   0.9697220   0.662920
     0.6459     8.182734   0.9758190   0.655919
     0.6790     7.378518   0.9803991   0.651450
     0.7210     6.427883   0.9846506   0.647704
     0.7680     5.454934   0.9881896   0.644750
     0.8130     4.616577   0.9907261   0.642867
     0.8670     3.754955   0.9929894   0.641642
     0.9260     3.033852   0.9947438   0.641474
     1.0000     2.378504   0.9961194   0.642238
     1.0500     2.045281   0.9965713   0.642907
     1.1000     1.774971   0.9968114   0.643545
     1.1700     1.471522   0.9972970   0.644357
     1.2500     1.194777   0.9976335   0.645011
     1.3700     0.886923   0.9973552   0.645457
     1.5000     0.686884   0.9974583   0.645121
     1.6300     0.541674   0.9974877   0.644121
     1.7700     0.419352   0.9964883   0.642504
     1.9400     0.308767   0.9925921   0.639383
     2.1100     0.250878   0.9883717   0.635609
     2.3400     0.181838   0.9872034   0.629403
     2.5700     0.134857   1.0067632   0.622337
     2.7900     0.146342   0.6676240   0.614911
     3.0800     0.260592   0.3323249   0.604658
     3.4100     0.147084   0.4621535   0.592180
     3.7900     0.081646   0.6226997   0.577056
     4.0900     0.049999   0.7095302   0.564926
     4.3600     0.135580   0.3688604   0.552279
    SIZE INTERVAL   34
   WAVl        QEXT      W0      gf
     0.2563    18.025213   0.4961275   0.899729
     0.2795    17.025826   0.5492100   0.881455
     0.2965    16.355909   0.5817019   0.868741
     0.3186    15.561037   0.6157581   0.852955
     0.3355    15.138709   0.6389402   0.846277
     0.3650    14.814812   0.6797652   0.842605
     0.4200    14.388554   0.7778530   0.828625
     0.4950    12.977186   0.8976142   0.782788
     0.5448    11.705519   0.9389358   0.748176
     0.5581    11.361565   0.9465721   0.740417
     0.5858    10.670017   0.9591240   0.727862
     0.6150     9.976773   0.9684954   0.719232
     0.6459     9.272976   0.9753060   0.713726
     0.6790     8.542891   0.9802912   0.710382
     0.7210     7.639750   0.9848563   0.707767
     0.7680     6.666044   0.9886398   0.705875
     0.8130     5.790910   0.9913263   0.704831
     0.8670     4.855742   0.9936715   0.704373
     0.9260     4.034104   0.9954011   0.704714
     1.0000     3.246072   0.9966849   0.705777
     1.0500     2.831779   0.9971105   0.706528
     1.1000     2.489830   0.9973490   0.707187
     1.1700     2.097592   0.9977872   0.707937
     1.2500     1.729322   0.9980959   0.708422
     1.3700     1.308617   0.9979083   0.708500
     1.5000     1.028911   0.9980149   0.707654
     1.6300     0.821678   0.9980638   0.706106
     1.7700     0.644549   0.9973351   0.703891
     1.9400     0.480094   0.9944400   0.700070
     2.1100     0.393580   0.9913601   0.695602
     2.3400     0.288552   0.9905796   0.688527
     2.5700     0.217339   1.0078743   0.680644
     2.7900     0.215238   0.7366179   0.672488
     3.0800     0.343790   0.4097394   0.661277
     3.4100     0.204679   0.5489631   0.647753
     3.7900     0.120678   0.7023023   0.631438
     4.0900     0.078086   0.7811067   0.618365
     4.3600     0.180944   0.4643681   0.604716
    SIZE INTERVAL   35
   WAVl        QEXT      W0      gf
     0.2563    19.609453   0.4706065   0.916693
     0.2795    18.355074   0.5221631   0.901523
     0.2965    17.544012   0.5543146   0.890906
     0.3186    16.625137   0.5889537   0.877636
     0.3355    16.083055   0.6116015   0.872071
     0.3650    15.524034   0.6507486   0.869305
     0.4200    14.867332   0.7543516   0.858661
     0.4950    13.200648   0.8841100   0.821611
     0.5448    12.069163   0.9319704   0.793543
     0.5581    11.780735   0.9410198   0.787274
     0.5858    11.210300   0.9557995   0.777199
     0.6150    10.644990   0.9666227   0.770385
     0.6459    10.070107   0.9742814   0.766166
     0.6790     9.462085   0.9797212   0.763749
     0.7210     8.676141   0.9846475   0.762004
     0.7680     7.786268   0.9887486   0.760869
     0.8130     6.953701   0.9916604   0.760372
     0.8670     6.026102   0.9941657   0.760355
     0.9260     5.160945   0.9959179   0.760904
     1.0000     4.276392   0.9971288   0.761957
     1.0500     3.792688   0.9975306   0.762611
     1.1000     3.384502   0.9977699   0.763129
     1.1700     2.903600   0.9981727   0.763625
     1.2500     2.435778   0.9984564   0.763770
     1.3700     1.883666   0.9983396   0.763288
     1.5000     1.505634   0.9984496   0.761805
     1.6300     1.218640   0.9985054   0.759629
     1.7700     0.969181   0.9979737   0.756757
     1.9400     0.730684   0.9958236   0.752208
     2.1100     0.604318   0.9935738   0.747042
     2.3400     0.447967   0.9930602   0.739104
     2.5700     0.341870   1.0074466   0.730414
     2.7900     0.315500   0.7949280   0.721529
     3.0800     0.454968   0.4902507   0.709353
     3.4100     0.286095   0.6312055   0.694749
     3.7900     0.178286   0.7698082   0.677173
     4.0900     0.120761   0.8377232   0.663092
     4.3600     0.242573   0.5580975   0.648257
    SIZE INTERVAL   36
   WAVl        QEXT      W0      gf
     0.2563    21.004810   0.4439593   0.930163
     0.2795    19.506294   0.4941760   0.917466
     0.2965    18.552938   0.5258694   0.908531
     0.3186    17.494757   0.5605605   0.897295
     0.3355    16.907631   0.5843568   0.892730
     0.3650    16.291931   0.6255999   0.890862
     0.4200    15.165278   0.7290679   0.882376
     0.4950    13.266788   0.8699119   0.852102
     0.5448    12.199197   0.9241234   0.829042
     0.5581    11.945026   0.9345177   0.823911
     0.5858    11.461302   0.9514788   0.815723
     0.6150    11.002516   0.9638301   0.810281
     0.6459    10.547922   0.9724969   0.807021
     0.6790    10.066611   0.9785829   0.805274
     0.7210     9.422011   0.9840429   0.804122
     0.7680     8.660282   0.9885532   0.803466
     0.8130     7.922050   0.9917209   0.803290
     0.8670     7.067144   0.9943992   0.803515
     0.9260     6.223428   0.9962089   0.804167
     1.0000     5.309171   0.9974020   0.805114
     1.0500     4.789128   0.9977980   0.805529
     1.1000     4.338509   0.9980422   0.805774
     1.1700     3.790586   0.9984252   0.806170
     1.2500     3.236846   0.9986957   0.806262
     1.3700     2.561190   0.9986259   0.805285
     1.5000     2.082049   0.9987367   0.803409
     1.6300     1.708483   0.9987990   0.800863
     1.7700     1.377870   0.9983971   0.797622
     1.9400     1.051882   0.9967340   0.792710
     2.1100     0.877417   0.9950249   0.787217
     2.3400     0.657360   0.9946751   0.778913
     2.5700     0.507212   1.0065393   0.769900
     2.7900     0.446562   0.8372425   0.760738
     3.0800     0.593577   0.5603176   0.748186
     3.4100     0.391532   0.6968819   0.733161
     3.7900     0.254994   0.8190170   0.715068
     4.0900     0.178666   0.8766602   0.700565
     4.3600     0.320470   0.6348935   0.685067
    SIZE INTERVAL   37
   WAVl        QEXT      W0      gf
     0.2563    22.309681   0.4183035   0.940506
     0.2795    20.574226   0.4671548   0.929710
     0.2965    19.485249   0.4983938   0.922085
     0.3186    18.299274   0.5331963   0.912457
     0.3355    17.632521   0.5571619   0.908618
     0.3650    16.878559   0.5984583   0.907292
     0.4200    15.423549   0.7040259   0.900505
     0.4950    13.243785   0.8547548   0.875228
     0.5448    12.198435   0.9154968   0.855925
     0.5581    11.966272   0.9273211   0.851645
     0.5858    11.541309   0.9465990   0.844861
     0.6150    11.158024   0.9605581   0.840424
     0.6459    10.792873   0.9702720   0.837853
     0.6790    10.412190   0.9770237   0.836572
     0.7210     9.893456   0.9830490   0.835827
     0.7680     9.263695   0.9880222   0.835493
     0.8130     8.638002   0.9915044   0.835519
     0.8670     7.890337   0.9944209   0.835859
     0.9260     7.115697   0.9963369   0.836486
     1.0000     6.233183   0.9975452   0.837351
     1.0500     5.711268   0.9979451   0.837796
     1.1000     5.246340   0.9981998   0.838078
     1.1700     4.665875   0.9985783   0.838215
     1.2500     4.057211   0.9988459   0.837947
     1.3700     3.284811   0.9988096   0.836872
     1.5000     2.716494   0.9989199   0.834815
     1.6300     2.260654   0.9989833   0.832141
     1.7700     1.849485   0.9986696   0.828796
     1.9400     1.430714   0.9973323   0.823830
     2.1100     1.203632   0.9959728   0.818317
     2.3400     0.911520   0.9957321   0.810051
     2.5700     0.710320   1.0056515   0.801115
     2.7900     0.606666   0.8670679   0.792053
     3.0800     0.757978   0.6172606   0.779624
     3.4100     0.520312   0.7466282   0.764743
     3.7900     0.350711   0.8538501   0.746798
     4.0900     0.252009   0.9030410   0.732401
     4.3600     0.414019   0.6940104   0.716821
    SIZE INTERVAL   38
   WAVl        QEXT      W0      gf
     0.2563    38.268780   0.3218805   0.965471
     0.2795    34.492172   0.3642801   0.959235
     0.2965    32.183376   0.3926133   0.954793
     0.3186    29.762131   0.4259739   0.949130
     0.3355    28.358837   0.4493174   0.946978
     0.3650    26.532137   0.4891147   0.946607
     0.4200    22.722673   0.5982599   0.943416
     0.4950    17.864677   0.7835981   0.930288
     0.5448    16.121971   0.8716731   0.920291
     0.5581    15.796121   0.8897704   0.918051
     0.5858    15.263241   0.9194866   0.914438
     0.6150    14.865697   0.9410614   0.911994
     0.6459    14.565571   0.9561225   0.910522
     0.6790    14.314202   0.9666152   0.909800
     0.7210    14.004554   0.9759416   0.909590
     0.7680    13.635023   0.9835566   0.909890
     0.8130    13.262907   0.9888095   0.910490
     0.8670    12.795716   0.9931077   0.911373
     0.9260    12.261912   0.9957983   0.912297
     1.0000    11.581118   0.9973685   0.913300
     1.0500    11.130318   0.9978850   0.913861
     1.1000    10.689986   0.9982308   0.914321
     1.1700    10.084271   0.9986834   0.914782
     1.2500     9.355358   0.9990055   0.915014
     1.3700     8.291773   0.9990568   0.914924
     1.5000     7.364295   0.9991995   0.914270
     1.6300     6.523913   0.9992915   0.913247
     1.7700     5.698917   0.9991377   0.911880
     1.9400     4.719367   0.9983785   0.909726
     2.1100     4.138457   0.9976653   0.907294
     2.3400     3.318862   0.9976537   0.903615
     2.5700     2.710442   1.0032166   0.899643
     2.7900     2.231573   0.9280252   0.895633
     3.0800     2.423711   0.7601198   0.890192
     3.4100     1.876122   0.8596707   0.883736
     3.7900     1.399511   0.9268506   0.876033
     4.0900     1.085778   0.9557157   0.869877
     4.3600     1.396826   0.8317274   0.863497
    SIZE INTERVAL   39
   WAVl        QEXT      W0      gf
     0.2563    54.328987   0.2835980   0.971994
     0.2795    48.566769   0.3227227   0.966943
     0.2965    45.060551   0.3492867   0.963336
     0.3186    41.409447   0.3811539   0.958725
     0.3355    39.277504   0.4035981   0.956986
     0.3650    36.427601   0.4418436   0.956748
     0.4200    30.422962   0.5499192   0.954312
     0.4950    22.956152   0.7475756   0.943361
     0.5448    20.362080   0.8476921   0.934932
     0.5581    19.888172   0.8687079   0.933102
     0.5858    19.126463   0.9034742   0.930306
     0.6150    18.579269   0.9289994   0.928651
     0.6459    18.193844   0.9470948   0.927903
     0.6790    17.904387   0.9599174   0.927784
     0.7210    17.584545   0.9713470   0.928008
     0.7680    17.230036   0.9805799   0.928440
     0.8130    16.889681   0.9868749   0.928972
     0.8670    16.474382   0.9919745   0.929701
     0.9260    16.005560   0.9951609   0.930548
     1.0000    15.402450   0.9970295   0.931567
     1.0500    14.991380   0.9976470   0.932150
     1.1000    14.578686   0.9980574   0.932632
     1.1700    13.995164   0.9985774   0.933153
     1.2500    13.261381   0.9989496   0.933516
     1.3700    12.137183   0.9990332   0.933706
     1.5000    11.084952   0.9992018   0.933472
     1.6300    10.083560   0.9993107   0.932947
     1.7700     9.063468   0.9991868   0.932177
     1.9400     7.762251   0.9985194   0.930865
     2.1100     6.948051   0.9979181   0.929353
     2.3400     5.744168   0.9979644   0.927030
     2.5700     4.806198   1.0026333   0.924518
     2.7900     3.987805   0.9396501   0.921984
     3.0800     4.203135   0.7923579   0.918581
     3.4100     3.376069   0.8830954   0.914582
     3.7900     2.602511   0.9410163   0.909878
     4.0900     2.072449   0.9655163   0.906142
     4.3600     2.477993   0.8605438   0.902594
    SIZE INTERVAL   40
   WAVl        QEXT      W0      gf
     0.2563    69.906067   0.2577111   0.975841
     0.2795    62.162735   0.2944374   0.971482
     0.2965    57.458214   0.3195893   0.968369
     0.3186    52.570934   0.3500635   0.964389
     0.3355    49.699280   0.3715463   0.962893
     0.3650    45.819622   0.4083399   0.962712
     0.4200    37.628448   0.5148048   0.960684
     0.4950    27.522800   0.7195869   0.951341
     0.5448    24.067204   0.8283395   0.944143
     0.5581    23.442238   0.8515300   0.942584
     0.5858    22.443708   0.8901435   0.940218
     0.6150    21.736124   0.9187868   0.938840
     0.6459    21.252163   0.9393753   0.938246
     0.6790    20.909023   0.9541844   0.938194
     0.7210    20.558121   0.9674217   0.938441
     0.7680    20.194408   0.9780251   0.938866
     0.8130    19.861919   0.9851883   0.939377
     0.8670    19.469042   0.9909499   0.940090
     0.9260    19.034172   0.9945582   0.940947
     1.0000    18.494953   0.9966984   0.941886
     1.0500    18.148376   0.9974106   0.942254
     1.1000    17.795473   0.9978793   0.942557
     1.1700    17.208704   0.9984568   0.943531
     1.2500    16.458031   0.9988730   0.944646
     1.3700    15.402497   0.9989843   0.944180
     1.5000    14.320316   0.9991716   0.943225
     1.6300    13.255346   0.9992950   0.943147
     1.7700    12.142636   0.9991894   0.943040
     1.9400    10.651158   0.9985597   0.942104
     2.1100     9.680300   0.9980093   0.940973
     2.3400     8.190814   0.9980972   0.939217
     2.5700     6.983705   1.0023172   0.937310
     2.7900     5.860193   0.9452735   0.935386
     3.0800     6.086988   0.8087434   0.932815
     3.4100     5.004126   0.8948786   0.929807
     3.7900     3.943329   0.9481049   0.926293
     4.0900     3.197291   0.9704195   0.923512
     4.3600     3.648705   0.8751051   0.921003
    SIZE INTERVAL   41
   WAVl        QEXT      W0      gf
     0.2563    85.184036   0.2386136   0.978443
     0.2795    75.451187   0.2733464   0.974561
     0.2965    69.547676   0.2973332   0.971780
     0.3186    63.429993   0.3266682   0.968215
     0.3355    59.836342   0.3475173   0.966881
     0.3650    54.933170   0.3831227   0.966746
     0.4200    44.518032   0.4873608   0.964979
     0.4950    31.767515   0.6966814   0.956680
     0.5448    27.443436   0.8119999   0.950325
     0.5581    26.665211   0.8368957   0.948952
     0.5858    25.424807   0.8785903   0.946873
     0.6150    24.550730   0.9098157   0.945672
     0.6459    23.960798   0.9325439   0.945169
     0.6790    23.554708   0.9491094   0.945151
     0.7210    23.158758   0.9639567   0.945412
     0.7680    22.769161   0.9757668   0.945838
     0.8130    22.430624   0.9836848   0.946331
     0.8670    22.050890   0.9900181   0.946988
     0.9260    21.651779   0.9939992   0.947736
     1.0000    21.157700   0.9963886   0.948627
     1.0500    20.820179   0.9971839   0.949137
     1.1000    20.475019   0.9977004   0.949569
     1.1700    19.970289   0.9983366   0.950083
     1.2500    19.309179   0.9988009   0.950453
     1.3700    18.249081   0.9989286   0.950763
     1.5000    17.188999   0.9991372   0.948217
     1.6300    16.138035   0.9992775   0.944282
     1.7700    14.971941   0.9991797   0.946214
     1.9400    13.341590   0.9985628   0.949476
     2.1100    12.269958   0.9980379   0.948332
     2.3400    10.573973   0.9981600   0.946949
     2.5700     9.155414   1.0021181   0.945373
     2.7900     7.773227   0.9484437   0.943787
     3.0800     8.011605   0.8183112   0.941761
     3.4100     6.696041   0.9018234   0.939225
     3.7900     5.366192   0.9523339   0.936344
     4.0900     4.413270   0.9733876   0.934074
     4.3600     4.871111   0.8837812   0.931847
    SIZE INTERVAL   42
   WAVl        QEXT      W0      gf
     0.2563   100.245895   0.2236592   0.980398
     0.2795    88.521896   0.2567387   0.976839
     0.2965    81.422997   0.2797812   0.974296
     0.3186    74.087570   0.3082457   0.971041
     0.3355    69.709961   0.3279095   0.969800
     0.3650    63.722851   0.3618662   0.969667
     0.4200    51.184624   0.4649499   0.968130
     0.4950    35.795006   0.6773682   0.960646
     0.5448    30.591761   0.7978183   0.954856
     0.5581    29.657902   0.8240837   0.953606
     0.5858    28.173420   0.8683141   0.951719
     0.6150    27.132868   0.9017448   0.950640
     0.6459    26.435984   0.9263674   0.950204
     0.6790    25.960283   0.9445308   0.950213
     0.7210    25.496004   0.9608413   0.950478
     0.7680    25.040977   0.9737239   0.950892
     0.8130    24.657846   0.9822965   0.951362
     0.8670    24.262074   0.9891219   0.951981
     0.9260    23.907875   0.9934465   0.952682
     1.0000    23.507090   0.9960930   0.953519
     1.0500    23.212347   0.9969761   0.954007
     1.1000    22.889887   0.9975370   0.954420
     1.1700    22.414690   0.9982215   0.954889
     1.2500    21.790251   0.9987264   0.955259
     1.3700    20.774132   0.9988703   0.955563
     1.5000    19.728003   0.9990959   0.955585
     1.6300    18.660631   0.9992455   0.955407
     1.7700    17.502804   0.9991564   0.955075
     1.9400    15.841814   0.9985467   0.954418
     2.1100    14.704453   0.9980373   0.953630
     2.3400    12.863934   0.9981837   0.952388
     2.5700    11.280384   1.0019782   0.951033
     2.7900     9.685002   0.9503524   0.949663
     3.0800     9.942605   0.8242826   0.947838
     3.4100     8.415158   0.9062732   0.945709
     3.7900     6.836512   0.9551035   0.943240
     4.0900     5.689714   0.9753777   0.941291
     4.3600     6.120794   0.8893759   0.939620
    SIZE INTERVAL   43
   WAVl        QEXT      W0      gf
     0.2563   115.144051   0.2115012   0.981886
     0.2795   101.436699   0.2432508   0.978503
     0.2965    93.130585   0.2653747   0.976188
     0.3186    84.536087   0.2926970   0.973364
     0.3355    79.479523   0.3122863   0.972237
     0.3650    72.525009   0.3458569   0.971974
     0.4200    57.690826   0.4461633   0.970565
     0.4950    39.642540   0.6604819   0.963675
     0.5448    33.566505   0.7851936   0.958344
     0.5581    32.477264   0.8126290   0.957194
     0.5858    30.743698   0.8590487   0.955461
     0.6150    29.526937   0.8944118   0.954476
     0.6459    28.715244   0.9207206   0.954086
     0.6790    28.173498   0.9403287   0.954107
     0.7210    27.676414   0.9579843   0.954368
     0.7680    27.221176   0.9718728   0.954765
     0.8130    26.850361   0.9810708   0.955214
     0.8670    26.454723   0.9883628   0.955804
     0.9260    26.053175   0.9929792   0.956473
     1.0000    25.591362   0.9958128   0.957265
     1.0500    25.314375   0.9967654   0.957713
     1.1000    25.048048   0.9973742   0.958095
     1.1700    24.626266   0.9981114   0.958570
     1.2500    24.028856   0.9986526   0.958720
     1.3700    23.067347   0.9988133   0.959115
     1.5000    22.043543   0.9990556   0.959775
     1.6300    20.992233   0.9992171   0.959454
     1.7700    19.847910   0.9991324   0.958870
     1.9400    18.169024   0.9985217   0.958275
     2.1100    16.993004   0.9980204   0.957582
     2.3400    15.048945   0.9981855   0.956481
     2.5700    13.340724   1.0018721   0.955278
     2.7900    11.574408   0.9515366   0.954060
     3.0800    11.859634   0.8281124   0.952439
     3.4100    10.136392   0.9092318   0.950550
     3.7900     8.330728   0.9570144   0.948362
     4.0900     7.004823   0.9767959   0.946636
     4.3600     7.386729   0.8931672   0.945175
    SIZE INTERVAL   44
   WAVl        QEXT      W0      gf
     0.2563   129.922012   0.2013966   0.983032
     0.2795   114.222229   0.2319312   0.979980
     0.2965   104.718460   0.2533343   0.977789
     0.3186    94.900223   0.2799384   0.974974
     0.3355    89.107956   0.2989645   0.973926
     0.3650    81.106522   0.3315094   0.973846
     0.4200    64.062241   0.4299872   0.972522
     0.4950    43.360680   0.6456177   0.966096
     0.5448    36.405319   0.7738319   0.961135
     0.5581    35.159931   0.8022527   0.960066
     0.5858    33.179012   0.8505577   0.958458
     0.6150    31.790173   0.8876379   0.957548
     0.6459    30.865555   0.9154865   0.957193
     0.6790    30.250595   0.9364377   0.957222
     0.7210    29.688974   0.9553394   0.957477
     0.7680    29.180630   0.9701415   0.957861
     0.8130    28.778355   0.9798971   0.958291
     0.8670    28.374907   0.9876069   0.958852
     0.9260    28.008001   0.9925124   0.959484
     1.0000    27.611814   0.9955597   0.960239
     1.0500    27.360737   0.9965845   0.960678
     1.1000    27.093250   0.9972290   0.961052
     1.1700    26.617760   0.9980029   0.961482
     1.2500    26.023424   0.9985778   0.961814
     1.3700    25.173590   0.9987572   0.962132
     1.5000    24.196209   0.9990165   0.961130
     1.6300    23.212856   0.9991901   0.959495
     1.7700    22.060808   0.9991074   0.960492
     1.9400    20.332451   0.9984894   0.961722
     2.1100    19.149698   0.9979929   0.960556
     2.3400    17.131693   0.9981785   0.959711
     2.5700    15.327276   1.0017933   0.958609
     2.7900    13.427377   0.9522580   0.957505
     3.0800    13.751411   0.8305666   0.956037
     3.4100    11.848177   0.9112602   0.954327
     3.7900     9.833295   0.9583780   0.952347
     4.0900     8.342905   0.9778484   0.950787
     4.3600     8.656321   0.8957981   0.949481
    SIZE INTERVAL   45
   WAVl        QEXT      W0      gf
     0.2563   144.595062   0.1927701   0.984023
     0.2795   126.906754   0.2222727   0.981143
     0.2965   116.202095   0.2430151   0.979078
     0.3186   105.147842   0.2688819   0.976425
     0.3355    98.620987   0.2874088   0.975440
     0.3650    89.585213   0.3191264   0.975369
     0.4200    70.328423   0.4158629   0.974131
     0.4950    46.965744   0.6322809   0.968145
     0.5448    39.121952   0.7634088   0.963540
     0.5581    37.718323   0.7926751   0.962544
     0.5858    35.486839   0.8426372   0.961033
     0.6150    33.924530   0.8812751   0.960159
     0.6459    32.888088   0.9105585   0.959795
     0.6790    32.204674   0.9327846   0.959794
     0.7210    31.590645   0.9528735   0.960023
     0.7680    31.046000   0.9685395   0.960399
     0.8130    30.623686   0.9788156   0.960825
     0.8670    30.207952   0.9869089   0.961360
     0.9260    29.835306   0.9920739   0.961920
     1.0000    29.434149   0.9953101   0.962647
     1.0500    29.177589   0.9964007   0.963209
     1.1000    28.918961   0.9970825   0.963674
     1.1700    28.534906   0.9979036   0.963674
     1.2500    27.979839   0.9985135   0.967757
     1.3700    27.055382   0.9986988   0.966430
     1.5000    26.154827   0.9989774   0.953542
     1.6300    25.220850   0.9991646   0.953442
     1.7700    24.099342   0.9990831   0.961001
     1.9400    22.377382   0.9984547   0.964506
     2.1100    21.181194   0.9979590   0.962983
     2.3400    19.118032   0.9981657   0.962332
     2.5700    17.241196   1.0017314   0.961311
     2.7900    15.239790   0.9526779   0.960297
     3.0800    15.612904   0.8321054   0.958948
     3.4100    13.539165   0.9126421   0.957376
     3.7900    11.335017   0.9593760   0.955548
     4.0900     9.695405   0.9786596   0.954067
     4.3600     9.914569   0.8976114   0.953339
    SIZE INTERVAL   46
   WAVl        QEXT      W0      gf
     0.2563   159.217560   0.1855127   0.984866
     0.2795   139.476349   0.2136893   0.982093
     0.2965   127.610046   0.2341023   0.980174
     0.3186   115.485809   0.2603913   0.977803
     0.3355   108.200195   0.2783070   0.976880
     0.3650    97.950348   0.3081009   0.976519
     0.4200    76.485085   0.4031994   0.976365
     0.4950    50.515194   0.6204450   0.968972
     0.5448    41.782417   0.7540228   0.965136
     0.5581    40.218056   0.7840041   0.964366
     0.5858    37.730244   0.8353912   0.963174
     0.6150    35.987946   0.8754016   0.962431
     0.6459    34.832176   0.9059752   0.962060
     0.6790    34.071373   0.9293656   0.961976
     0.7210    33.392090   0.9505478   0.962118
     0.7680    32.796963   0.9670147   0.962457
     0.8130    32.344830   0.9777790   0.962887
     0.8670    31.915861   0.9862376   0.963456
     0.9260    31.555916   0.9916548   0.964057
     1.0000    31.180725   0.9950774   0.964733
     1.0500    30.926517   0.9962311   0.965120
     1.1000    30.662117   0.9969459   0.965457
     1.1700    30.291931   0.9978056   0.965886
     1.2500    29.800909   0.9984503   0.965933
     1.3700    28.949478   0.9986491   0.966344
     1.5000    28.020105   0.9989375   0.967204
     1.6300    27.050396   0.9991309   0.966894
     1.7700    25.972672   0.9990534   0.966315
     1.9400    24.312357   0.9984198   0.965861
     2.1100    23.106237   0.9979218   0.965334
     2.3400    21.014397   0.9981466   0.964489
     2.5700    19.082527   1.0016822   0.963558
     2.7900    17.004854   0.9528756   0.962617
     3.0800    17.439482   0.8329818   0.961360
     3.4100    15.206614   0.9135846   0.959929
     3.7900    12.817699   0.9600844   0.959047
     4.0900    10.999267   0.9791527   0.961515
     4.3600    11.520489   0.8998158   0.924714
