    SIZE INTERVAL   1
    WAVl        QEXT      W0      gf
     0.2563     0.000801   0.0000000   0.000001
     0.2795     0.000647   0.0000000   0.000001
     0.2965     0.000556   0.0000000   0.000001
     0.3186     0.000476   0.0000000   0.000001
     0.3355     0.000413   0.0000000   0.000001
     0.3650     0.000320   0.0000000   0.000000
     0.4200     0.000185   0.0000000   0.000000
     0.4950     0.000095   0.0000000   0.000000
     0.5448     0.000057   0.0000000   0.000000
     0.5581     0.000047   0.0000000   0.000000
     0.5858     0.000037   0.0000000   0.000000
     0.6150     0.000030   0.0000000   0.000000
     0.6459     0.000023   0.0000000   0.000000
     0.6790     0.000016   0.0000000   0.000000
     0.7210     0.000012   0.0000000   0.000000
     0.7680     0.000009   0.0000000   0.000000
     0.8130     0.000006   0.0000000   0.000000
     0.8670     0.000003   0.0000000   0.000000
     0.9260     0.000002   0.0000000   0.000000
     1.0000     0.000001   0.0000000   0.000000
     1.0500     0.000001   0.0000000   0.000000
     1.1000     0.000001   0.0000000   0.000000
     1.1700     0.000001   0.0000000   0.000000
     1.2500     0.000000   0.0000000   0.000000
     1.3700     0.000000   0.0000000   0.000000
     1.5000     0.000000   0.0000000   0.000000
     1.6300     0.000000   0.0000000   0.000000
     1.7700     0.000000   0.0000000   0.000000
     1.9400     0.000000   0.0000000   0.000000
     2.1100     0.000000   0.0000000   0.000000
     2.3400     0.000000   0.0000000   0.000000
     2.5700     0.000001   0.0000000   0.000000
     2.7900     0.000008   0.0000000   0.000000
     3.0800     0.000026   0.0000000   0.000000
     3.4100     0.000013   0.0000000   0.000000
     3.7900     0.000005   0.0000000   0.000000
     4.0900     0.000003   0.0000000   0.000000
     4.3600     0.000003   0.0000000   0.000000
    SIZE INTERVAL   2
    WAVl        QEXT      W0      gf
     0.2563     0.001601   0.0000000   0.000005
     0.2795     0.001294   0.0000000   0.000004
     0.2965     0.001112   0.0000000   0.000004
     0.3186     0.000952   0.0000000   0.000003
     0.3355     0.000826   0.0000000   0.000003
     0.3650     0.000639   0.0000000   0.000003
     0.4200     0.000369   0.0000000   0.000001
     0.4950     0.000189   0.0000000   0.000001
     0.5448     0.000113   0.0000000   0.000001
     0.5581     0.000095   0.0000000   0.000001
     0.5858     0.000075   0.0000000   0.000001
     0.6150     0.000060   0.0000000   0.000001
     0.6459     0.000046   0.0000000   0.000001
     0.6790     0.000032   0.0000000   0.000001
     0.7210     0.000023   0.0000000   0.000000
     0.7680     0.000017   0.0000000   0.000000
     0.8130     0.000012   0.0000000   0.000000
     0.8670     0.000007   0.0000000   0.000000
     0.9260     0.000004   0.0000000   0.000000
     1.0000     0.000003   0.0000000   0.000000
     1.0500     0.000002   0.0000000   0.000000
     1.1000     0.000002   0.0000000   0.000000
     1.1700     0.000001   0.0000000   0.000000
     1.2500     0.000001   0.0000000   0.000000
     1.3700     0.000001   0.0000000   0.000000
     1.5000     0.000001   0.0000000   0.000000
     1.6300     0.000001   0.0000000   0.000000
     1.7700     0.000001   0.0000000   0.000000
     1.9400     0.000001   0.0000000   0.000000
     2.1100     0.000001   0.0000000   0.000000
     2.3400     0.000001   0.0000000   0.000000
     2.5700     0.000002   0.0000000   0.000000
     2.7900     0.000016   0.0000000   0.000000
     3.0800     0.000051   0.0000000   0.000000
     3.4100     0.000026   0.0000000   0.000000
     3.7900     0.000010   0.0000000   0.000000
     4.0900     0.000006   0.0000000   0.000000
     4.3600     0.000006   0.0000000   0.000000
    SIZE INTERVAL   3
    WAVl        QEXT      W0      gf
     0.2563     0.002402   0.0000010   0.000012
     0.2795     0.001941   0.0000000   0.000010
     0.2965     0.001668   0.0000000   0.000009
     0.3186     0.001427   0.0000000   0.000007
     0.3355     0.001240   0.0000000   0.000007
     0.3650     0.000959   0.0000000   0.000006
     0.4200     0.000554   0.0000000   0.000004
     0.4950     0.000284   0.0000000   0.000003
     0.5448     0.000170   0.0000000   0.000003
     0.5581     0.000142   0.0000000   0.000002
     0.5858     0.000112   0.0000000   0.000002
     0.6150     0.000090   0.0000000   0.000002
     0.6459     0.000069   0.0000000   0.000001
     0.6790     0.000048   0.0000000   0.000001
     0.7210     0.000035   0.0000010   0.000001
     0.7680     0.000026   0.0000010   0.000001
     0.8130     0.000018   0.0000010   0.000001
     0.8670     0.000010   0.0000010   0.000001
     0.9260     0.000007   0.0000010   0.000001
     1.0000     0.000004   0.0000010   0.000001
     1.0500     0.000003   0.0000010   0.000001
     1.1000     0.000002   0.0000010   0.000000
     1.1700     0.000002   0.0000010   0.000000
     1.2500     0.000001   0.0000010   0.000000
     1.3700     0.000001   0.0000010   0.000000
     1.5000     0.000001   0.0000010   0.000000
     1.6300     0.000001   0.0000010   0.000000
     1.7700     0.000001   0.0000010   0.000000
     1.9400     0.000001   0.0000000   0.000000
     2.1100     0.000001   0.0000000   0.000000
     2.3400     0.000001   0.0000000   0.000000
     2.5700     0.000004   0.0000000   0.000000
     2.7900     0.000024   0.0000000   0.000000
     3.0800     0.000077   0.0000000   0.000000
     3.4100     0.000039   0.0000000   0.000000
     3.7900     0.000015   0.0000000   0.000000
     4.0900     0.000009   0.0000000   0.000000
     4.3600     0.000008   0.0000000   0.000000
    SIZE INTERVAL   4
    WAVl        QEXT      W0      gf
     0.2563     0.003203   0.0000010   0.000021
     0.2795     0.002588   0.0000010   0.000017
     0.2965     0.002224   0.0000010   0.000015
     0.3186     0.001903   0.0000010   0.000013
     0.3355     0.001653   0.0000010   0.000012
     0.3650     0.001279   0.0000010   0.000010
     0.4200     0.000739   0.0000010   0.000008
     0.4950     0.000378   0.0000010   0.000006
     0.5448     0.000226   0.0000010   0.000005
     0.5581     0.000189   0.0000010   0.000004
     0.5858     0.000150   0.0000010   0.000004
     0.6150     0.000121   0.0000010   0.000004
     0.6459     0.000091   0.0000010   0.000003
     0.6790     0.000064   0.0000010   0.000003
     0.7210     0.000046   0.0000010   0.000003
     0.7680     0.000035   0.0000010   0.000002
     0.8130     0.000024   0.0000010   0.000002
     0.8670     0.000013   0.0000020   0.000001
     0.9260     0.000009   0.0000020   0.000001
     1.0000     0.000005   0.0000030   0.000001
     1.0500     0.000004   0.0000030   0.000001
     1.1000     0.000003   0.0000030   0.000001
     1.1700     0.000002   0.0000030   0.000001
     1.2500     0.000002   0.0000030   0.000001
     1.3700     0.000001   0.0000030   0.000001
     1.5000     0.000001   0.0000020   0.000000
     1.6300     0.000001   0.0000020   0.000000
     1.7700     0.000001   0.0000010   0.000000
     1.9400     0.000001   0.0000010   0.000000
     2.1100     0.000002   0.0000000   0.000000
     2.3400     0.000002   0.0000000   0.000000
     2.5700     0.000005   0.0000000   0.000000
     2.7900     0.000032   0.0000000   0.000000
     3.0800     0.000103   0.0000000   0.000000
     3.4100     0.000053   0.0000000   0.000000
     3.7900     0.000021   0.0000000   0.000000
     4.0900     0.000013   0.0000000   0.000000
     4.3600     0.000011   0.0000000   0.000000
    SIZE INTERVAL   5
    WAVl        QEXT      W0      gf
     0.2563     0.004004   0.0000020   0.000032
     0.2795     0.003235   0.0000020   0.000027
     0.2965     0.002780   0.0000020   0.000024
     0.3186     0.002379   0.0000010   0.000021
     0.3355     0.002066   0.0000010   0.000019
     0.3650     0.001598   0.0000010   0.000016
     0.4200     0.000923   0.0000010   0.000012
     0.4950     0.000473   0.0000010   0.000009
     0.5448     0.000283   0.0000020   0.000007
     0.5581     0.000237   0.0000020   0.000007
     0.5858     0.000187   0.0000020   0.000006
     0.6150     0.000151   0.0000020   0.000006
     0.6459     0.000114   0.0000020   0.000005
     0.6790     0.000079   0.0000020   0.000005
     0.7210     0.000058   0.0000020   0.000004
     0.7680     0.000043   0.0000020   0.000004
     0.8130     0.000030   0.0000030   0.000003
     0.8670     0.000017   0.0000040   0.000003
     0.9260     0.000011   0.0000040   0.000002
     1.0000     0.000006   0.0000050   0.000002
     1.0500     0.000005   0.0000060   0.000001
     1.1000     0.000004   0.0000060   0.000001
     1.1700     0.000003   0.0000070   0.000001
     1.2500     0.000002   0.0000070   0.000001
     1.3700     0.000002   0.0000060   0.000001
     1.5000     0.000002   0.0000040   0.000001
     1.6300     0.000001   0.0000030   0.000001
     1.7700     0.000001   0.0000030   0.000000
     1.9400     0.000002   0.0000010   0.000000
     2.1100     0.000002   0.0000010   0.000000
     2.3400     0.000002   0.0000010   0.000000
     2.5700     0.000006   0.0000000   0.000000
     2.7900     0.000040   0.0000000   0.000000
     3.0800     0.000128   0.0000000   0.000000
     3.4100     0.000066   0.0000000   0.000000
     3.7900     0.000026   0.0000000   0.000000
     4.0900     0.000016   0.0000000   0.000000
     4.3600     0.000014   0.0000000   0.000000
    SIZE INTERVAL   6
    WAVl        QEXT      W0      gf
     0.2563     0.004805   0.0000040   0.000047
     0.2795     0.003883   0.0000030   0.000039
     0.2965     0.003336   0.0000030   0.000035
     0.3186     0.002855   0.0000020   0.000030
     0.3355     0.002480   0.0000020   0.000027
     0.3650     0.001918   0.0000020   0.000023
     0.4200     0.001108   0.0000020   0.000018
     0.4950     0.000567   0.0000020   0.000013
     0.5448     0.000339   0.0000030   0.000010
     0.5581     0.000284   0.0000030   0.000010
     0.5858     0.000225   0.0000030   0.000009
     0.6150     0.000181   0.0000030   0.000008
     0.6459     0.000137   0.0000030   0.000007
     0.6790     0.000095   0.0000040   0.000007
     0.7210     0.000070   0.0000040   0.000006
     0.7680     0.000052   0.0000040   0.000005
     0.8130     0.000036   0.0000050   0.000005
     0.8670     0.000020   0.0000060   0.000004
     0.9260     0.000013   0.0000070   0.000004
     1.0000     0.000008   0.0000090   0.000003
     1.0500     0.000006   0.0000100   0.000003
     1.1000     0.000005   0.0000100   0.000003
     1.1700     0.000003   0.0000120   0.000002
     1.2500     0.000003   0.0000110   0.000001
     1.3700     0.000002   0.0000100   0.000001
     1.5000     0.000002   0.0000070   0.000001
     1.6300     0.000002   0.0000060   0.000001
     1.7700     0.000002   0.0000050   0.000001
     1.9400     0.000002   0.0000020   0.000001
     2.1100     0.000003   0.0000010   0.000000
     2.3400     0.000002   0.0000010   0.000000
     2.5700     0.000007   0.0000000   0.000000
     2.7900     0.000049   0.0000000   0.000000
     3.0800     0.000154   0.0000000   0.000000
     3.4100     0.000079   0.0000000   0.000000
     3.7900     0.000031   0.0000000   0.000000
     4.0900     0.000019   0.0000000   0.000000
     4.3600     0.000017   0.0000000   0.000000
    SIZE INTERVAL   7
    WAVl        QEXT      W0      gf
     0.2563     0.005606   0.0000060   0.000063
     0.2795     0.004530   0.0000050   0.000053
     0.2965     0.003893   0.0000050   0.000047
     0.3186     0.003331   0.0000040   0.000040
     0.3355     0.002893   0.0000040   0.000036
     0.3650     0.002238   0.0000030   0.000031
     0.4200     0.001293   0.0000040   0.000024
     0.4950     0.000662   0.0000040   0.000017
     0.5448     0.000396   0.0000040   0.000014
     0.5581     0.000332   0.0000050   0.000014
     0.5858     0.000262   0.0000050   0.000012
     0.6150     0.000211   0.0000050   0.000011
     0.6459     0.000160   0.0000050   0.000010
     0.6790     0.000111   0.0000060   0.000009
     0.7210     0.000081   0.0000060   0.000008
     0.7680     0.000061   0.0000070   0.000007
     0.8130     0.000042   0.0000080   0.000006
     0.8670     0.000023   0.0000100   0.000006
     0.9260     0.000016   0.0000120   0.000005
     1.0000     0.000009   0.0000150   0.000004
     1.0500     0.000007   0.0000160   0.000004
     1.1000     0.000005   0.0000170   0.000003
     1.1700     0.000004   0.0000180   0.000003
     1.2500     0.000003   0.0000180   0.000003
     1.3700     0.000002   0.0000160   0.000002
     1.5000     0.000002   0.0000120   0.000001
     1.6300     0.000002   0.0000090   0.000001
     1.7700     0.000002   0.0000070   0.000001
     1.9400     0.000002   0.0000040   0.000001
     2.1100     0.000003   0.0000020   0.000001
     2.3400     0.000003   0.0000010   0.000001
     2.5700     0.000009   0.0000000   0.000000
     2.7900     0.000057   0.0000000   0.000000
     3.0800     0.000180   0.0000000   0.000000
     3.4100     0.000092   0.0000000   0.000000
     3.7900     0.000036   0.0000000   0.000000
     4.0900     0.000022   0.0000000   0.000000
     4.3600     0.000020   0.0000000   0.000000
    SIZE INTERVAL   8
    WAVl        QEXT      W0      gf
     0.2563     0.006407   0.0000090   0.000083
     0.2795     0.005177   0.0000080   0.000069
     0.2965     0.004449   0.0000070   0.000061
     0.3186     0.003807   0.0000060   0.000053
     0.3355     0.003306   0.0000050   0.000048
     0.3650     0.002557   0.0000050   0.000040
     0.4200     0.001477   0.0000060   0.000031
     0.4950     0.000756   0.0000060   0.000023
     0.5448     0.000452   0.0000060   0.000019
     0.5581     0.000379   0.0000070   0.000018
     0.5858     0.000300   0.0000070   0.000016
     0.6150     0.000241   0.0000070   0.000015
     0.6459     0.000183   0.0000080   0.000013
     0.6790     0.000127   0.0000090   0.000012
     0.7210     0.000093   0.0000100   0.000011
     0.7680     0.000069   0.0000100   0.000009
     0.8130     0.000049   0.0000110   0.000008
     0.8670     0.000027   0.0000150   0.000007
     0.9260     0.000018   0.0000180   0.000006
     1.0000     0.000010   0.0000220   0.000005
     1.0500     0.000008   0.0000240   0.000005
     1.1000     0.000006   0.0000250   0.000004
     1.1700     0.000004   0.0000270   0.000004
     1.2500     0.000003   0.0000270   0.000003
     1.3700     0.000003   0.0000230   0.000003
     1.5000     0.000002   0.0000180   0.000002
     1.6300     0.000002   0.0000140   0.000001
     1.7700     0.000002   0.0000110   0.000001
     1.9400     0.000003   0.0000050   0.000001
     2.1100     0.000003   0.0000030   0.000001
     2.3400     0.000003   0.0000020   0.000001
     2.5700     0.000010   0.0000000   0.000001
     2.7900     0.000065   0.0000000   0.000000
     3.0800     0.000206   0.0000000   0.000000
     3.4100     0.000105   0.0000000   0.000000
     3.7900     0.000041   0.0000000   0.000000
     4.0900     0.000025   0.0000000   0.000000
     4.3600     0.000022   0.0000000   0.000000
    SIZE INTERVAL   9
    WAVl        QEXT      W0      gf
     0.2563     0.007209   0.0000140   0.000105
     0.2795     0.005825   0.0000110   0.000088
     0.2965     0.005005   0.0000100   0.000078
     0.3186     0.004283   0.0000080   0.000067
     0.3355     0.003720   0.0000080   0.000060
     0.3650     0.002877   0.0000070   0.000051
     0.4200     0.001662   0.0000080   0.000040
     0.4950     0.000851   0.0000080   0.000029
     0.5448     0.000509   0.0000090   0.000024
     0.5581     0.000426   0.0000100   0.000022
     0.5858     0.000337   0.0000100   0.000020
     0.6150     0.000271   0.0000100   0.000018
     0.6459     0.000206   0.0000110   0.000017
     0.6790     0.000143   0.0000130   0.000015
     0.7210     0.000104   0.0000140   0.000013
     0.7680     0.000078   0.0000140   0.000012
     0.8130     0.000055   0.0000160   0.000010
     0.8670     0.000030   0.0000220   0.000009
     0.9260     0.000020   0.0000250   0.000008
     1.0000     0.000012   0.0000310   0.000007
     1.0500     0.000009   0.0000340   0.000006
     1.1000     0.000007   0.0000350   0.000006
     1.1700     0.000005   0.0000390   0.000005
     1.2500     0.000004   0.0000390   0.000004
     1.3700     0.000003   0.0000330   0.000004
     1.5000     0.000003   0.0000250   0.000003
     1.6300     0.000002   0.0000200   0.000003
     1.7700     0.000002   0.0000160   0.000002
     1.9400     0.000003   0.0000080   0.000001
     2.1100     0.000004   0.0000050   0.000001
     2.3400     0.000004   0.0000030   0.000001
     2.5700     0.000011   0.0000010   0.000001
     2.7900     0.000073   0.0000000   0.000001
     3.0800     0.000231   0.0000000   0.000001
     3.4100     0.000118   0.0000000   0.000000
     3.7900     0.000046   0.0000000   0.000000
     4.0900     0.000028   0.0000000   0.000000
     4.3600     0.000025   0.0000000   0.000000
    SIZE INTERVAL   10
    WAVl        QEXT      W0      gf
     0.2563     0.008010   0.0000190   0.000129
     0.2795     0.006473   0.0000160   0.000108
     0.2965     0.005562   0.0000140   0.000096
     0.3186     0.004759   0.0000120   0.000082
     0.3355     0.004133   0.0000110   0.000074
     0.3650     0.003197   0.0000100   0.000063
     0.4200     0.001847   0.0000110   0.000049
     0.4950     0.000945   0.0000110   0.000035
     0.5448     0.000565   0.0000120   0.000029
     0.5581     0.000474   0.0000140   0.000028
     0.5858     0.000375   0.0000140   0.000025
     0.6150     0.000302   0.0000140   0.000023
     0.6459     0.000229   0.0000150   0.000021
     0.6790     0.000159   0.0000180   0.000019
     0.7210     0.000116   0.0000190   0.000016
     0.7680     0.000087   0.0000190   0.000014
     0.8130     0.000061   0.0000220   0.000013
     0.8670     0.000033   0.0000300   0.000011
     0.9260     0.000022   0.0000340   0.000010
     1.0000     0.000013   0.0000430   0.000008
     1.0500     0.000010   0.0000470   0.000008
     1.1000     0.000008   0.0000480   0.000007
     1.1700     0.000006   0.0000530   0.000006
     1.2500     0.000004   0.0000530   0.000005
     1.3700     0.000003   0.0000460   0.000004
     1.5000     0.000003   0.0000350   0.000004
     1.6300     0.000003   0.0000280   0.000003
     1.7700     0.000003   0.0000220   0.000003
     1.9400     0.000004   0.0000100   0.000002
     2.1100     0.000004   0.0000060   0.000001
     2.3400     0.000004   0.0000040   0.000001
     2.5700     0.000012   0.0000010   0.000001
     2.7900     0.000081   0.0000000   0.000001
     3.0800     0.000257   0.0000000   0.000001
     3.4100     0.000131   0.0000000   0.000001
     3.7900     0.000052   0.0000000   0.000000
     4.0900     0.000032   0.0000000   0.000000
     4.3600     0.000028   0.0000000   0.000000
    SIZE INTERVAL   11
    WAVl        QEXT      W0      gf
     0.2563     0.016045   0.0001480   0.000517
     0.2795     0.012961   0.0001250   0.000433
     0.2965     0.011136   0.0001110   0.000384
     0.3186     0.009527   0.0000920   0.000329
     0.3355     0.008274   0.0000860   0.000297
     0.3650     0.006399   0.0000780   0.000251
     0.4200     0.003696   0.0000870   0.000196
     0.4950     0.001891   0.0000900   0.000142
     0.5448     0.001131   0.0001000   0.000116
     0.5581     0.000948   0.0001080   0.000111
     0.5858     0.000750   0.0001130   0.000101
     0.6150     0.000603   0.0001130   0.000091
     0.6459     0.000457   0.0001220   0.000082
     0.6790     0.000318   0.0001400   0.000074
     0.7210     0.000232   0.0001510   0.000066
     0.7680     0.000173   0.0001540   0.000058
     0.8130     0.000121   0.0001750   0.000051
     0.8670     0.000067   0.0002410   0.000045
     0.9260     0.000045   0.0002740   0.000039
     1.0000     0.000026   0.0003420   0.000034
     1.0500     0.000019   0.0003760   0.000031
     1.1000     0.000016   0.0003870   0.000028
     1.1700     0.000011   0.0004270   0.000025
     1.2500     0.000009   0.0004230   0.000022
     1.3700     0.000007   0.0003640   0.000018
     1.5000     0.000006   0.0002770   0.000015
     1.6300     0.000006   0.0002220   0.000013
     1.7700     0.000005   0.0001730   0.000011
     1.9400     0.000007   0.0000830   0.000009
     2.1100     0.000009   0.0000490   0.000007
     2.3400     0.000008   0.0000340   0.000006
     2.5700     0.000025   0.0000070   0.000005
     2.7900     0.000162   0.0000010   0.000004
     3.0800     0.000514   0.0000000   0.000003
     3.4100     0.000263   0.0000000   0.000003
     3.7900     0.000103   0.0000000   0.000002
     4.0900     0.000063   0.0000000   0.000001
     4.3600     0.000056   0.0000000   0.000001
    SIZE INTERVAL   12
    WAVl        QEXT      W0      gf
     0.2563     0.024129   0.0004990   0.001164
     0.2795     0.019484   0.0004200   0.000975
     0.2965     0.016735   0.0003740   0.000863
     0.3186     0.014313   0.0003100   0.000741
     0.3355     0.012428   0.0002880   0.000668
     0.3650     0.009610   0.0002630   0.000565
     0.4200     0.005550   0.0002950   0.000440
     0.4950     0.002840   0.0003030   0.000319
     0.5448     0.001698   0.0003370   0.000262
     0.5581     0.001423   0.0003650   0.000249
     0.5858     0.001125   0.0003800   0.000226
     0.6150     0.000906   0.0003800   0.000204
     0.6459     0.000686   0.0004120   0.000185
     0.6790     0.000477   0.0004740   0.000167
     0.7210     0.000348   0.0005110   0.000148
     0.7680     0.000260   0.0005200   0.000130
     0.8130     0.000182   0.0005910   0.000116
     0.8670     0.000100   0.0008110   0.000101
     0.9260     0.000067   0.0009250   0.000089
     1.0000     0.000039   0.0011520   0.000076
     1.0500     0.000029   0.0012680   0.000069
     1.1000     0.000023   0.0013040   0.000063
     1.1700     0.000017   0.0014380   0.000055
     1.2500     0.000013   0.0014250   0.000049
     1.3700     0.000010   0.0012270   0.000040
     1.5000     0.000009   0.0009350   0.000034
     1.6300     0.000008   0.0007470   0.000028
     1.7700     0.000008   0.0005840   0.000024
     1.9400     0.000011   0.0002810   0.000020
     2.1100     0.000013   0.0001670   0.000017
     2.3400     0.000012   0.0001140   0.000014
     2.5700     0.000037   0.0000250   0.000011
     2.7900     0.000243   0.0000030   0.000009
     3.0800     0.000771   0.0000010   0.000008
     3.4100     0.000394   0.0000010   0.000007
     3.7900     0.000155   0.0000010   0.000005
     4.0900     0.000095   0.0000020   0.000004
     4.3600     0.000084   0.0000010   0.000004
    SIZE INTERVAL   13
    WAVl        QEXT      W0      gf
     0.2563     0.032295   0.0011800   0.002068
     0.2795     0.026061   0.0009940   0.001733
     0.2965     0.022375   0.0008840   0.001534
     0.3186     0.019128   0.0007340   0.001316
     0.3355     0.016606   0.0006820   0.001188
     0.3650     0.012836   0.0006230   0.001004
     0.4200     0.007412   0.0006970   0.000782
     0.4950     0.003791   0.0007170   0.000566
     0.5448     0.002267   0.0007980   0.000465
     0.5581     0.001899   0.0008640   0.000443
     0.5858     0.001502   0.0009000   0.000402
     0.6150     0.001209   0.0009000   0.000363
     0.6459     0.000916   0.0009760   0.000329
     0.6790     0.000637   0.0011220   0.000297
     0.7210     0.000465   0.0012090   0.000263
     0.7680     0.000347   0.0012310   0.000231
     0.8130     0.000243   0.0013980   0.000206
     0.8670     0.000134   0.0019210   0.000180
     0.9260     0.000090   0.0021880   0.000158
     1.0000     0.000052   0.0027260   0.000135
     1.0500     0.000039   0.0030010   0.000122
     1.1000     0.000031   0.0030840   0.000111
     1.1700     0.000022   0.0034020   0.000098
     1.2500     0.000017   0.0033710   0.000086
     1.3700     0.000014   0.0029030   0.000071
     1.5000     0.000012   0.0022140   0.000060
     1.6300     0.000011   0.0017690   0.000050
     1.7700     0.000010   0.0013820   0.000043
     1.9400     0.000014   0.0006670   0.000035
     2.1100     0.000017   0.0003950   0.000030
     2.3400     0.000016   0.0002700   0.000024
     2.5700     0.000050   0.0000590   0.000020
     2.7900     0.000324   0.0000060   0.000017
     3.0800     0.001028   0.0000010   0.000014
     3.4100     0.000525   0.0000020   0.000012
     3.7900     0.000206   0.0000030   0.000009
     4.0900     0.000127   0.0000040   0.000008
     4.3600     0.000112   0.0000030   0.000007
    SIZE INTERVAL   14
    WAVl        QEXT      W0      gf
     0.2563     0.040575   0.0022940   0.003230
     0.2795     0.032715   0.0019340   0.002707
     0.2965     0.028074   0.0017210   0.002395
     0.3186     0.023985   0.0014300   0.002056
     0.3355     0.020817   0.0013300   0.001855
     0.3650     0.016085   0.0012150   0.001569
     0.4200     0.009285   0.0013590   0.001222
     0.4950     0.004747   0.0013980   0.000885
     0.5448     0.002838   0.0015560   0.000727
     0.5581     0.002378   0.0016850   0.000693
     0.5858     0.001880   0.0017550   0.000629
     0.6150     0.001513   0.0017550   0.000568
     0.6459     0.001147   0.0019030   0.000515
     0.6790     0.000798   0.0021880   0.000463
     0.7210     0.000582   0.0023580   0.000411
     0.7680     0.000434   0.0024010   0.000360
     0.8130     0.000304   0.0027270   0.000322
     0.8670     0.000167   0.0037440   0.000281
     0.9260     0.000113   0.0042640   0.000247
     1.0000     0.000065   0.0053090   0.000211
     1.0500     0.000049   0.0058440   0.000191
     1.1000     0.000039   0.0060060   0.000174
     1.1700     0.000028   0.0066220   0.000154
     1.2500     0.000022   0.0065620   0.000135
     1.3700     0.000017   0.0056550   0.000112
     1.5000     0.000015   0.0043140   0.000093
     1.6300     0.000014   0.0034490   0.000079
     1.7700     0.000013   0.0026960   0.000067
     1.9400     0.000018   0.0013010   0.000055
     2.1100     0.000022   0.0007710   0.000047
     2.3400     0.000020   0.0005270   0.000038
     2.5700     0.000062   0.0001150   0.000031
     2.7900     0.000404   0.0000120   0.000026
     3.0800     0.001285   0.0000030   0.000022
     3.4100     0.000656   0.0000040   0.000018
     3.7900     0.000258   0.0000070   0.000015
     4.0900     0.000158   0.0000070   0.000012
     4.3600     0.000140   0.0000060   0.000011
    SIZE INTERVAL   15
    WAVl        QEXT      W0      gf
     0.2563     0.049006   0.0039440   0.004648
     0.2795     0.039470   0.0033270   0.003896
     0.2965     0.033850   0.0029630   0.003448
     0.3186     0.028898   0.0024620   0.002959
     0.3355     0.025072   0.0022910   0.002670
     0.3650     0.019363   0.0020940   0.002258
     0.4200     0.011174   0.0023440   0.001759
     0.4950     0.005711   0.0024110   0.001274
     0.5448     0.003414   0.0026830   0.001047
     0.5581     0.002860   0.0029060   0.000997
     0.5858     0.002262   0.0030270   0.000905
     0.6150     0.001820   0.0030270   0.000817
     0.6459     0.001379   0.0032810   0.000741
     0.6790     0.000960   0.0037740   0.000667
     0.7210     0.000700   0.0040660   0.000592
     0.7680     0.000522   0.0041400   0.000519
     0.8130     0.000366   0.0047010   0.000463
     0.8670     0.000201   0.0064500   0.000405
     0.9260     0.000136   0.0073440   0.000355
     1.0000     0.000078   0.0091370   0.000303
     1.0500     0.000059   0.0100530   0.000275
     1.1000     0.000047   0.0103310   0.000251
     1.1700     0.000034   0.0113860   0.000221
     1.2500     0.000026   0.0112840   0.000194
     1.3700     0.000020   0.0097300   0.000161
     1.5000     0.000019   0.0074310   0.000134
     1.6300     0.000017   0.0059450   0.000114
     1.7700     0.000015   0.0046490   0.000096
     1.9400     0.000021   0.0022460   0.000080
     2.1100     0.000026   0.0013320   0.000067
     2.3400     0.000024   0.0009110   0.000055
     2.5700     0.000074   0.0001990   0.000045
     2.7900     0.000485   0.0000200   0.000038
     3.0800     0.001542   0.0000050   0.000031
     3.4100     0.000788   0.0000070   0.000026
     3.7900     0.000309   0.0000110   0.000021
     4.0900     0.000190   0.0000130   0.000018
     4.3600     0.000168   0.0000110   0.000016
    SIZE INTERVAL   16
    WAVl        QEXT      W0      gf
     0.2563     0.057628   0.0062230   0.006322
     0.2795     0.046355   0.0052550   0.005299
     0.2965     0.039723   0.0046820   0.004691
     0.3186     0.033880   0.0038940   0.004026
     0.3355     0.029382   0.0036240   0.003633
     0.3650     0.022678   0.0033140   0.003073
     0.4200     0.013083   0.0037110   0.002394
     0.4950     0.006683   0.0038190   0.001733
     0.5448     0.003994   0.0042500   0.001424
     0.5581     0.003347   0.0046030   0.001357
     0.5858     0.002646   0.0047940   0.001232
     0.6150     0.002129   0.0047950   0.001112
     0.6459     0.001614   0.0051970   0.001009
     0.6790     0.001123   0.0059760   0.000908
     0.7210     0.000820   0.0064380   0.000805
     0.7680     0.000611   0.0065560   0.000706
     0.8130     0.000429   0.0074410   0.000630
     0.8670     0.000236   0.0102000   0.000552
     0.9260     0.000159   0.0116080   0.000484
     1.0000     0.000092   0.0144280   0.000413
     1.0500     0.000069   0.0158660   0.000374
     1.1000     0.000056   0.0163020   0.000341
     1.1700     0.000039   0.0179570   0.000301
     1.2500     0.000031   0.0177980   0.000264
     1.3700     0.000024   0.0153610   0.000219
     1.5000     0.000022   0.0117470   0.000182
     1.6300     0.000020   0.0094060   0.000155
     1.7700     0.000018   0.0073620   0.000131
     1.9400     0.000025   0.0035610   0.000109
     2.1100     0.000030   0.0021140   0.000092
     2.3400     0.000028   0.0014460   0.000074
     2.5700     0.000087   0.0003160   0.000061
     2.7900     0.000566   0.0000320   0.000051
     3.0800     0.001799   0.0000080   0.000043
     3.4100     0.000919   0.0000110   0.000035
     3.7900     0.000361   0.0000180   0.000029
     4.0900     0.000222   0.0000200   0.000024
     4.3600     0.000196   0.0000170   0.000021
    SIZE INTERVAL   17
    WAVl        QEXT      W0      gf
     0.2563     0.066484   0.0092160   0.008252
     0.2795     0.053398   0.0077930   0.006917
     0.2965     0.045717   0.0069480   0.006123
     0.3186     0.038949   0.0057830   0.005256
     0.3355     0.033761   0.0053850   0.004743
     0.3650     0.026040   0.0049270   0.004012
     0.4200     0.015018   0.0055190   0.003125
     0.4950     0.007666   0.0056830   0.002263
     0.5448     0.004581   0.0063240   0.001860
     0.5581     0.003839   0.0068480   0.001772
     0.5858     0.003035   0.0071320   0.001609
     0.6150     0.002442   0.0071340   0.001453
     0.6459     0.001851   0.0077320   0.001317
     0.6790     0.001289   0.0088880   0.001186
     0.7210     0.000941   0.0095740   0.001052
     0.7680     0.000701   0.0097490   0.000923
     0.8130     0.000492   0.0110610   0.000823
     0.8670     0.000271   0.0151430   0.000720
     0.9260     0.000183   0.0172220   0.000632
     1.0000     0.000106   0.0213780   0.000539
     1.0500     0.000079   0.0234930   0.000489
     1.1000     0.000064   0.0241350   0.000445
     1.1700     0.000046   0.0265640   0.000394
     1.2500     0.000035   0.0263310   0.000345
     1.3700     0.000028   0.0227530   0.000286
     1.5000     0.000025   0.0174320   0.000238
     1.6300     0.000022   0.0139750   0.000202
     1.7700     0.000021   0.0109480   0.000171
     1.9400     0.000029   0.0053060   0.000142
     2.1100     0.000035   0.0031520   0.000120
     2.3400     0.000032   0.0021560   0.000097
     2.5700     0.000099   0.0004720   0.000080
     2.7900     0.000647   0.0000480   0.000067
     3.0800     0.002056   0.0000110   0.000056
     3.4100     0.001050   0.0000160   0.000046
     3.7900     0.000412   0.0000270   0.000038
     4.0900     0.000253   0.0000300   0.000032
     4.3600     0.000224   0.0000260   0.000028
    SIZE INTERVAL   18
    WAVl        QEXT      W0      gf
     0.2563     0.075621   0.0130010   0.010436
     0.2795     0.060631   0.0110090   0.008749
     0.2965     0.051855   0.0098250   0.007745
     0.3186     0.044121   0.0081860   0.006649
     0.3355     0.038222   0.0076260   0.006000
     0.3650     0.029457   0.0069820   0.005075
     0.4200     0.016983   0.0078230   0.003954
     0.4950     0.008663   0.0080600   0.002864
     0.5448     0.005176   0.0089690   0.002353
     0.5581     0.004339   0.0097110   0.002243
     0.5858     0.003430   0.0101130   0.002036
     0.6150     0.002759   0.0101170   0.001838
     0.6459     0.002092   0.0109640   0.001667
     0.6790     0.001457   0.0125970   0.001501
     0.7210     0.001064   0.0135680   0.001331
     0.7680     0.000793   0.0138150   0.001167
     0.8130     0.000556   0.0156670   0.001042
     0.8670     0.000307   0.0214130   0.000912
     0.9260     0.000208   0.0243340   0.000799
     1.0000     0.000120   0.0301550   0.000682
     1.0500     0.000090   0.0331100   0.000619
     1.1000     0.000073   0.0340060   0.000564
     1.1700     0.000052   0.0373920   0.000498
     1.2500     0.000040   0.0370690   0.000437
     1.3700     0.000031   0.0320810   0.000362
     1.5000     0.000028   0.0246340   0.000302
     1.6300     0.000025   0.0197780   0.000255
     1.7700     0.000023   0.0155150   0.000217
     1.9400     0.000032   0.0075370   0.000179
     2.1100     0.000039   0.0044810   0.000152
     2.3400     0.000037   0.0030670   0.000123
     2.5700     0.000112   0.0006720   0.000101
     2.7900     0.000728   0.0000690   0.000085
     3.0800     0.002313   0.0000160   0.000071
     3.4100     0.001182   0.0000230   0.000059
     3.7900     0.000464   0.0000380   0.000047
     4.0900     0.000285   0.0000430   0.000040
     4.3600     0.000252   0.0000370   0.000035
    SIZE INTERVAL   19
    WAVl        QEXT      W0      gf
     0.2563     0.085090   0.0176430   0.012873
     0.2795     0.068089   0.0149650   0.010793
     0.2965     0.058163   0.0133690   0.009555
     0.3186     0.049416   0.0111530   0.008204
     0.3355     0.042780   0.0103950   0.007404
     0.3650     0.032940   0.0095250   0.006263
     0.4200     0.018985   0.0106760   0.004880
     0.4950     0.009677   0.0110050   0.003534
     0.5448     0.005782   0.0122460   0.002905
     0.5581     0.004847   0.0132550   0.002768
     0.5858     0.003832   0.0138040   0.002513
     0.6150     0.003082   0.0138110   0.002269
     0.6459     0.002337   0.0149640   0.002057
     0.6790     0.001628   0.0171850   0.001853
     0.7210     0.001189   0.0185040   0.001643
     0.7680     0.000886   0.0188420   0.001441
     0.8130     0.000622   0.0213540   0.001286
     0.8670     0.000345   0.0291260   0.001125
     0.9260     0.000233   0.0330660   0.000987
     1.0000     0.000135   0.0408910   0.000842
     1.0500     0.000101   0.0448500   0.000764
     1.1000     0.000082   0.0460500   0.000696
     1.1700     0.000058   0.0505750   0.000615
     1.2500     0.000045   0.0501450   0.000539
     1.3700     0.000035   0.0434800   0.000446
     1.5000     0.000032   0.0334790   0.000372
     1.6300     0.000028   0.0269280   0.000315
     1.7700     0.000026   0.0211570   0.000267
     1.9400     0.000036   0.0103090   0.000222
     2.1100     0.000043   0.0061360   0.000187
     2.3400     0.000041   0.0042020   0.000152
     2.5700     0.000124   0.0009220   0.000125
     2.7900     0.000809   0.0000940   0.000105
     3.0800     0.002571   0.0000220   0.000087
     3.4100     0.001313   0.0000310   0.000072
     3.7900     0.000516   0.0000520   0.000059
     4.0900     0.000317   0.0000590   0.000050
     4.3600     0.000280   0.0000510   0.000044
    SIZE INTERVAL   20
    WAVl        QEXT      W0      gf
     0.2563     0.211310   0.1158110   0.051216
     0.2795     0.164168   0.1010730   0.042900
     0.2965     0.137632   0.0918750   0.037972
     0.3186     0.114075   0.0783630   0.032607
     0.3355     0.097731   0.0737650   0.029431
     0.3650     0.074204   0.0684700   0.024903
     0.4200     0.042728   0.0768740   0.019414
     0.4950     0.021570   0.0797930   0.014077
     0.5448     0.012910   0.0884700   0.011576
     0.5581     0.010879   0.0952480   0.011034
     0.5858     0.008610   0.0990190   0.010019
     0.6150     0.006907   0.0992280   0.009049
     0.6459     0.005265   0.1068870   0.008207
     0.6790     0.003711   0.1212340   0.007392
     0.7210     0.002727   0.1296630   0.006558
     0.7680     0.002032   0.1319310   0.005754
     0.8130     0.001448   0.1474040   0.005136
     0.8670     0.000838   0.1922390   0.004495
     0.9260     0.000579   0.2135630   0.003941
     1.0000     0.000350   0.2531370   0.003364
     1.0500     0.000268   0.2719370   0.003051
     1.1000     0.000218   0.2775500   0.002781
     1.1700     0.000159   0.2978490   0.002458
     1.2500     0.000123   0.2960920   0.002154
     1.3700     0.000092   0.2660190   0.001785
     1.5000     0.000079   0.2165070   0.001489
     1.6300     0.000068   0.1809060   0.001261
     1.7700     0.000060   0.1471740   0.001070
     1.9400     0.000077   0.0768050   0.000886
     2.1100     0.000090   0.0470040   0.000749
     2.3400     0.000084   0.0326190   0.000606
     2.5700     0.000250   0.0073200   0.000500
     2.7900     0.001621   0.0007510   0.000418
     3.0800     0.005147   0.0001790   0.000350
     3.4100     0.002629   0.0002500   0.000290
     3.7900     0.001032   0.0004160   0.000234
     4.0900     0.000634   0.0004750   0.000199
     4.3600     0.000560   0.0004060   0.000175
    SIZE INTERVAL   21
    WAVl        QEXT      W0      gf
     0.2563     0.444310   0.2755410   0.117012
     0.2795     0.335195   0.2508480   0.097141
     0.2965     0.274989   0.2341280   0.085625
     0.3186     0.220342   0.2069490   0.073290
     0.3355     0.186304   0.1978480   0.066041
     0.3650     0.138930   0.1873810   0.055782
     0.4200     0.080704   0.2096500   0.043424
     0.4950     0.040380   0.2190420   0.031495
     0.5448     0.024370   0.2402730   0.025912
     0.5581     0.020763   0.2557240   0.024701
     0.5858     0.016496   0.2645770   0.022437
     0.6150     0.013194   0.2656000   0.020271
     0.6459     0.010175   0.2825870   0.018390
     0.6790     0.007341   0.3128020   0.016570
     0.7210     0.005462   0.3301080   0.014706
     0.7680     0.004076   0.3350790   0.012907
     0.8130     0.002978   0.3648090   0.011524
     0.8670     0.001853   0.4420110   0.010089
     0.9260     0.001323   0.4751770   0.008849
     1.0000     0.000849   0.5309680   0.007555
     1.0500     0.000667   0.5553040   0.006854
     1.1000     0.000547   0.5624540   0.006247
     1.1700     0.000409   0.5869090   0.005524
     1.2500     0.000315   0.5850940   0.004841
     1.3700     0.000227   0.5488270   0.004011
     1.5000     0.000180   0.4814140   0.003347
     1.6300     0.000146   0.4261070   0.002835
     1.7700     0.000121   0.3672850   0.002405
     1.9400     0.000138   0.2187550   0.001992
     2.1100     0.000151   0.1424220   0.001685
     2.3400     0.000136   0.1020010   0.001363
     2.5700     0.000383   0.0242450   0.001125
     2.7900     0.002440   0.0025260   0.000940
     3.0800     0.007734   0.0006050   0.000786
     3.4100     0.003950   0.0008420   0.000652
     3.7900     0.001551   0.0014010   0.000528
     4.0900     0.000952   0.0016000   0.000449
     4.3600     0.000842   0.0013670   0.000393
    SIZE INTERVAL   22
    WAVl        QEXT      W0      gf
     0.2563     0.833655   0.4179940   0.221002
     0.2795     0.628651   0.3982340   0.179493
     0.2965     0.511977   0.3824340   0.156361
     0.3186     0.400967   0.3514490   0.132418
     0.3355     0.336720   0.3417940   0.118657
     0.3650     0.248455   0.3309700   0.099555
     0.4200     0.147671   0.3676500   0.077025
     0.4950     0.073725   0.3856250   0.055716
     0.5448     0.045073   0.4168290   0.045823
     0.5581     0.038916   0.4376270   0.043680
     0.5858     0.031086   0.4499670   0.039681
     0.6150     0.024800   0.4522310   0.035859
     0.6459     0.019385   0.4742960   0.032539
     0.6790     0.014345   0.5112510   0.029326
     0.7210     0.010817   0.5318890   0.026036
     0.7680     0.008086   0.5382820   0.022859
     0.8130     0.006056   0.5711900   0.020416
     0.8670     0.004020   0.6481510   0.017880
     0.9260     0.002946   0.6784910   0.015688
     1.0000     0.001972   0.7256530   0.013398
     1.0500     0.001579   0.7449920   0.012158
     1.1000     0.001300   0.7506760   0.011083
     1.1700     0.000990   0.7691750   0.009802
     1.2500     0.000760   0.7680740   0.008592
     1.3700     0.000532   0.7410180   0.007122
     1.5000     0.000400   0.6861580   0.005944
     1.6300     0.000309   0.6364110   0.005036
     1.7700     0.000244   0.5779880   0.004272
     1.9400     0.000240   0.3980160   0.003540
     2.1100     0.000242   0.2818040   0.002993
     2.3400     0.000207   0.2116890   0.002422
     2.5700     0.000529   0.0555080   0.001999
     2.7900     0.003272   0.0059570   0.001671
     3.0800     0.010341   0.0014300   0.001398
     3.4100     0.005282   0.0019920   0.001158
     3.7900     0.002075   0.0033110   0.000938
     4.0900     0.001274   0.0037820   0.000797
     4.3600     0.001125   0.0032310   0.000698
    SIZE INTERVAL   23
    WAVl        QEXT      W0      gf
     0.2563     1.350255   0.5006330   0.379708
     0.2795     1.044542   0.4977470   0.303811
     0.2965     0.861260   0.4915570   0.260489
     0.3186     0.674938   0.4687220   0.216533
     0.3355     0.570339   0.4636320   0.191988
     0.3650     0.423696   0.4588160   0.158846
     0.4200     0.262085   0.5067790   0.121215
     0.4950     0.132084   0.5328340   0.086942
     0.5448     0.081930   0.5680860   0.071346
     0.5581     0.071584   0.5894610   0.067986
     0.5858     0.057490   0.6027000   0.061736
     0.6150     0.045793   0.6060420   0.055778
     0.6459     0.036208   0.6279940   0.050610
     0.6790     0.027335   0.6627630   0.045614
     0.7210     0.020826   0.6818980   0.040503
     0.7680     0.015587   0.6883220   0.035570
     0.8130     0.011886   0.7168110   0.031776
     0.8670     0.008235   0.7783750   0.027839
     0.9260     0.006131   0.8013890   0.024432
     1.0000     0.004208   0.8353280   0.020874
     1.0500     0.003402   0.8487600   0.018947
     1.1000     0.002807   0.8527680   0.017275
     1.1700     0.002158   0.8652540   0.015281
     1.2500     0.001655   0.8647210   0.013398
     1.3700     0.001140   0.8469480   0.011109
     1.5000     0.000830   0.8089830   0.009274
     1.6300     0.000622   0.7724610   0.007858
     1.7700     0.000475   0.7267120   0.006668
     1.9400     0.000415   0.5623640   0.005526
     2.1100     0.000385   0.4328400   0.004673
     2.3400     0.000312   0.3432780   0.003783
     2.5700     0.000698   0.1027100   0.003121
     2.7900     0.004125   0.0115430   0.002611
     3.0800     0.012977   0.0027850   0.002183
     3.4100     0.006630   0.0038760   0.001809
     3.7900     0.002607   0.0064380   0.001465
     4.0900     0.001601   0.0073510   0.001246
     4.3600     0.001413   0.0062840   0.001091
    SIZE INTERVAL   24
    WAVl        QEXT      W0      gf
     0.2563     2.050839   0.6076070   0.430406
     0.2795     1.611455   0.6114500   0.359912
     0.2965     1.332806   0.6078740   0.319434
     0.3186     1.033677   0.5859840   0.278247
     0.3355     0.872606   0.5815970   0.254863
     0.3650     0.646869   0.5769430   0.222773
     0.4200     0.411826   0.6253840   0.184349
     0.4950     0.209072   0.6477580   0.146912
     0.5448     0.131386   0.6785510   0.128306
     0.5581     0.115873   0.6973060   0.124062
     0.5858     0.093579   0.7086970   0.115924
     0.6150     0.074591   0.7113480   0.107953
     0.6459     0.059583   0.7301930   0.100620
     0.6790     0.045674   0.7591180   0.093342
     0.7210     0.035139   0.7749980   0.085395
     0.7680     0.026410   0.7804560   0.077440
     0.8130     0.020431   0.8033650   0.070912
     0.8670     0.014559   0.8503880   0.063934
     0.9260     0.010977   0.8676080   0.057490
     1.0000     0.007665   0.8921160   0.050540
     1.0500     0.006246   0.9016980   0.046559
     1.1000     0.005175   0.9046740   0.043011
     1.1700     0.004011   0.9134560   0.038661
     1.2500     0.003084   0.9133490   0.034423
     1.3700     0.002116   0.9015790   0.029172
     1.5000     0.001520   0.8755720   0.024742
     1.6300     0.001125   0.8497990   0.021228
     1.7700     0.000844   0.8162950   0.018204
     1.9400     0.000683   0.6828010   0.015287
     2.1100     0.000594   0.5616170   0.013030
     2.3400     0.000460   0.4678930   0.010666
     2.5700     0.000892   0.1616870   0.008883
     2.7900     0.004962   0.0193170   0.007535
     3.0800     0.015518   0.0046950   0.006253
     3.4100     0.007934   0.0065390   0.005149
     3.7900     0.003125   0.0108520   0.004183
     4.0900     0.001920   0.0123900   0.003587
     4.3600     0.001694   0.0106030   0.003156
    SIZE INTERVAL   25
    WAVl        QEXT      W0      gf
     0.2563     2.710852   0.6536480   0.472586
     0.2795     2.187356   0.6660220   0.407304
     0.2965     1.831946   0.6671480   0.369849
     0.3186     1.426888   0.6500690   0.331913
     0.3355     1.210400   0.6480710   0.310395
     0.3650     0.902304   0.6461370   0.280874
     0.4200     0.589672   0.6947460   0.245235
     0.4950     0.302551   0.7160060   0.209367
     0.5448     0.192216   0.7436460   0.190583
     0.5581     0.170617   0.7601530   0.186152
     0.5858     0.138509   0.7703750   0.177476
     0.6150     0.110661   0.7729930   0.168755
     0.6459     0.089130   0.7895650   0.160430
     0.6790     0.069099   0.8142290   0.151930
     0.7210     0.053643   0.8280360   0.142227
     0.7680     0.040566   0.8332340   0.132136
     0.8130     0.031758   0.8524080   0.123449
     0.8670     0.023092   0.8899450   0.113824
     0.9260     0.017618   0.9037590   0.104487
     1.0000     0.012491   0.9227600   0.094012
     1.0500     0.010262   0.9301860   0.087750
     1.1000     0.008550   0.9326840   0.082021
     1.1700     0.006687   0.9394350   0.074800
     1.2500     0.005175   0.9397450   0.067551
     1.3700     0.003566   0.9318450   0.058306
     1.5000     0.002557   0.9137060   0.050193
     1.6300     0.001887   0.8955170   0.043575
     1.7700     0.001406   0.8713380   0.037748
     1.9400     0.001086   0.7674490   0.032038
     2.1100     0.000903   0.6637080   0.027513
     2.3400     0.000674   0.5765500   0.022719
     2.5700     0.001134   0.2306660   0.019052
     2.7900     0.005852   0.0297930   0.016274
     3.0800     0.018153   0.0073250   0.013518
     3.4100     0.009291   0.0102190   0.011141
     3.7900     0.003669   0.0169560   0.009079
     4.0900     0.002256   0.0193670   0.007814
     4.3600     0.001988   0.0166080   0.006891
    SIZE INTERVAL   26
    WAVl        QEXT      W0      gf
     0.2563     3.307848   0.6737490   0.505552
     0.2795     2.734180   0.6928980   0.444685
     0.2965     2.322120   0.6981770   0.409927
     0.3186     1.827124   0.6858920   0.375025
     0.3355     1.560924   0.6863280   0.355422
     0.3650     1.174296   0.6874760   0.328798
     0.4200     0.785366   0.7365650   0.297264
     0.4950     0.408002   0.7579420   0.265495
     0.5448     0.261670   0.7835530   0.248535
     0.5581     0.233349   0.7984300   0.244477
     0.5858     0.190299   0.8078970   0.236443
     0.6150     0.152458   0.8106100   0.228217
     0.6459     0.123604   0.8255850   0.220206
     0.6790     0.096634   0.8473170   0.211841
     0.7210     0.075592   0.8597360   0.202016
     0.7680     0.057516   0.8648080   0.191463
     0.8130     0.045464   0.8815010   0.182045
     0.8670     0.033557   0.9129520   0.171245
     0.9260     0.025873   0.9246740   0.160326
     1.0000     0.018590   0.9403480   0.147557
     1.0500     0.015392   0.9465010   0.139614
     1.1000     0.012907   0.9487440   0.132143
     1.1700     0.010190   0.9543200   0.122437
     1.2500     0.007952   0.9549320   0.112353
     1.3700     0.005529   0.9494790   0.099004
     1.5000     0.003986   0.9363830   0.086770
     1.6300     0.002953   0.9232620   0.076436
     1.7700     0.002202   0.9055970   0.067067
     1.9400     0.001660   0.8251010   0.057651
     2.1100     0.001342   0.7397870   0.049997
     2.3400     0.000978   0.6641760   0.041727
     2.5700     0.001443   0.3047820   0.035278
     2.7900     0.006820   0.0431760   0.030345
     3.0800     0.020938   0.0107840   0.025319
     3.4100     0.010732   0.0150960   0.020949
     3.7900     0.004252   0.0250670   0.017144
     4.0900     0.002618   0.0286650   0.014806
     4.3600     0.002304   0.0246590   0.013087
    SIZE INTERVAL   27
    WAVl        QEXT      W0      gf
     0.2563     3.811572   0.6821600   0.528748
     0.2795     3.203514   0.7057620   0.471130
     0.2965     2.750420   0.7139430   0.438408
     0.3186     2.185401   0.7051980   0.405848
     0.3355     1.878958   0.7074800   0.387783
     0.3650     1.425999   0.7110940   0.363572
     0.4200     0.970874   0.7607810   0.335757
     0.4950     0.510226   0.7827130   0.308215
     0.5448     0.329708   0.8071630   0.293548
     0.5581     0.294971   0.8209940   0.290035
     0.5858     0.241414   0.8300100   0.283054
     0.6150     0.193890   0.8328270   0.275828
     0.6459     0.157947   0.8467780   0.268741
     0.6790     0.124208   0.8666520   0.261231
     0.7210     0.097709   0.8781830   0.252284
     0.7680     0.074705   0.8831570   0.242464
     0.8130     0.059458   0.8982840   0.233507
     0.8670     0.044333   0.9260350   0.222976
     0.9260     0.034449   0.9364910   0.212020
     1.0000     0.024999   0.9502030   0.198785
     1.0500     0.020824   0.9556100   0.190296
     1.1000     0.017555   0.9576970   0.182123
     1.1700     0.013969   0.9625920   0.171220
     1.2500     0.010984   0.9633740   0.159533
     1.3700     0.007710   0.9593290   0.143478
     1.5000     0.005602   0.9491840   0.128125
     1.6300     0.004178   0.9391090   0.114663
     1.7700     0.003131   0.9254660   0.102056
     1.9400     0.002337   0.8605170   0.089002
     2.1100     0.001862   0.7895230   0.078081
     2.3400     0.001340   0.7249590   0.065986
     2.5700     0.001789   0.3707050   0.056331
     2.7900     0.007773   0.0575130   0.048826
     3.0800     0.023596   0.0146300   0.041016
     3.4100     0.012115   0.0205730   0.034136
     3.7900     0.004818   0.0342170   0.028088
     4.0900     0.002971   0.0392040   0.024346
     4.3600     0.002611   0.0338590   0.021574
    SIZE INTERVAL   28
    WAVl        QEXT      W0      gf
     0.2563     4.298051   0.6862420   0.547058
     0.2795     3.656986   0.7130840   0.492073
     0.2965     3.167048   0.7234640   0.461022
     0.3186     2.538610   0.7175000   0.430408
     0.3355     2.194997   0.7212640   0.413643
     0.3650     1.679363   0.7269230   0.391510
     0.4200     1.160585   0.7772400   0.367017
     0.4950     0.616634   0.7998650   0.343458
     0.5448     0.401136   0.8235660   0.331107
     0.5581     0.359798   0.8366420   0.328169
     0.5858     0.295392   0.8453530   0.322334
     0.6150     0.237800   0.8482720   0.316247
     0.6459     0.194481   0.8614810   0.310277
     0.6790     0.153656   0.8800110   0.303880
     0.7210     0.121436   0.8908950   0.296208
     0.7680     0.093233   0.8957830   0.287647
     0.8130     0.074613   0.9097720   0.279726
     0.8670     0.056070   0.9349010   0.270232
     0.9260     0.043844   0.9444540   0.260154
     1.0000     0.032071   0.9567920   0.247661
     1.0500     0.026848   0.9616740   0.239459
     1.1000     0.022735   0.9636400   0.231412
     1.1700     0.018210   0.9680570   0.220434
     1.2500     0.014416   0.9689340   0.208342
     1.3700     0.010208   0.9658060   0.191152
     1.5000     0.007479   0.9576260   0.174031
     1.6300     0.005619   0.9496020   0.158436
     1.7700     0.004240   0.9387220   0.143307
     1.9400     0.003155   0.8849830   0.127090
     2.1100     0.002498   0.8253080   0.113064
     2.3400     0.001788   0.7705460   0.097038
     2.5700     0.002203   0.4311420   0.083862
     2.7900     0.008800   0.0733310   0.073393
     3.0800     0.026385   0.0190550   0.062237
     3.4100     0.013574   0.0269600   0.052225
     3.7900     0.005424   0.0449610   0.043290
     4.0900     0.003351   0.0516550   0.037698
     4.3600     0.002940   0.0448400   0.033520
    SIZE INTERVAL   29
    WAVl        QEXT      W0      gf
     0.2563     8.375636   0.6779830   0.643103
     0.2795     7.346757   0.7143640   0.601088
     0.2965     6.549119   0.7325430   0.577906
     0.3186     5.469652   0.7377680   0.556015
     0.3355     4.861018   0.7482730   0.545069
     0.3650     3.896154   0.7645910   0.532077
     0.4200     2.909922   0.8223100   0.522173
     0.4950     1.683135   0.8533570   0.516048
     0.5448     1.149391   0.8768500   0.514085
     0.5581     1.045994   0.8876170   0.513775
     0.5858     0.877576   0.8958920   0.513249
     0.6150     0.720054   0.8997830   0.512569
     0.6459     0.602754   0.9106130   0.512061
     0.6790     0.488726   0.9245510   0.511304
     0.7210     0.396657   0.9331950   0.510430
     0.7680     0.312317   0.9377780   0.509101
     0.8130     0.256990   0.9476070   0.507716
     0.8670     0.200282   0.9635500   0.505640
     0.9260     0.161522   0.9698450   0.503116
     1.0000     0.122678   0.9774080   0.499368
     1.0500     0.105118   0.9804220   0.496608
     1.1000     0.090935   0.9818190   0.493643
     1.1700     0.075055   0.9845000   0.489188
     1.2500     0.061296   0.9853880   0.483725
     1.3700     0.045278   0.9845820   0.474886
     1.5000     0.034561   0.9816610   0.464737
     1.6300     0.027000   0.9790220   0.454118
     1.7700     0.021165   0.9754510   0.442323
     1.9400     0.016006   0.9546560   0.427666
     2.1100     0.012747   0.9315320   0.412863
     2.3400     0.009290   0.9116870   0.392789
     2.5700     0.008716   0.7123740   0.372912
     2.7900     0.020762   0.2144700   0.354234
     3.0800     0.055474   0.0668750   0.330432
     3.4100     0.029312   0.0988180   0.304587
     3.7900     0.012433   0.1667850   0.276721
     4.0900     0.007903   0.1958830   0.256289
     4.3600     0.006845   0.1795560   0.239132
    SIZE INTERVAL   30
    WAVl        QEXT      W0      gf
     0.2563    11.779580   0.6565550   0.723706
     0.2795    10.441020   0.6985210   0.691842
     0.2965     9.450167   0.7219720   0.674421
     0.3186     8.126350   0.7352470   0.658322
     0.3355     7.372174   0.7510270   0.650808
     0.3650     6.145829   0.7761430   0.642627
     0.4200     4.890565   0.8414100   0.638869
     0.4950     3.097706   0.8804820   0.638299
     0.5448     2.227679   0.9046890   0.638931
     0.5581     2.054511   0.9141750   0.639197
     0.5858     1.761718   0.9222100   0.639749
     0.6150     1.475012   0.9266160   0.640089
     0.6459     1.260566   0.9358880   0.640497
     0.6790     1.044671   0.9470540   0.640627
     0.7210     0.866558   0.9541310   0.640697
     0.7680     0.696565   0.9581530   0.640306
     0.8130     0.584616   0.9654530   0.639691
     0.8670     0.466559   0.9765290   0.638463
     0.9260     0.383835   0.9809660   0.636760
     1.0000     0.298257   0.9860620   0.633979
     1.0500     0.259052   0.9880840   0.631828
     1.1000     0.226846   0.9890680   0.629457
     1.1700     0.190312   0.9908310   0.625814
     1.2500     0.158004   0.9914970   0.621262
     1.3700     0.119257   0.9912200   0.613771
     1.5000     0.092889   0.9897650   0.605038
     1.6300     0.073913   0.9885050   0.595788
     1.7700     0.058974   0.9867850   0.585397
     1.9400     0.045103   0.9758620   0.572320
     2.1100     0.036203   0.9638400   0.558916
     2.3400     0.026742   0.9539820   0.540400
     2.5700     0.022889   0.8357170   0.521634
     2.7900     0.038452   0.3637750   0.503555
     3.0800     0.089586   0.1332820   0.479776
     3.4100     0.049202   0.1946670   0.452876
     3.7900     0.022592   0.3121870   0.422379
     4.0900     0.014908   0.3605640   0.398870
     4.3600     0.012769   0.3402300   0.378284
    SIZE INTERVAL   31
    WAVl        QEXT      W0      gf
     0.2563    14.030810   0.6155470   0.818402
     0.2795    12.593440   0.6667310   0.798232
     0.2965    11.610440   0.6982710   0.787390
     0.3186    10.366060   0.7232670   0.777637
     0.3355     9.648694   0.7463600   0.773486
     0.3650     8.471427   0.7834630   0.769436
     0.4200     7.305638   0.8584480   0.769171
     0.4950     5.309970   0.9070350   0.770130
     0.5448     4.148366   0.9317570   0.770656
     0.5581     3.903736   0.9397750   0.770780
     0.5858     3.463645   0.9472450   0.770938
     0.6150     2.996922   0.9518430   0.770807
     0.6459     2.640451   0.9591900   0.770582
     0.6790     2.258613   0.9673480   0.770010
     0.7210     1.931065   0.9725550   0.769076
     0.7680     1.597410   0.9756700   0.767551
     0.8130     1.374030   0.9804020   0.765803
     0.8670     1.127509   0.9870510   0.763246
     0.9260     0.948817   0.9897330   0.760082
     1.0000     0.755670   0.9926650   0.755536
     1.0500     0.665539   0.9938160   0.752211
     1.1000     0.589959   0.9943950   0.748690
     1.1700     0.502748   0.9953720   0.743477
     1.2500     0.423818   0.9957730   0.737175
     1.3700     0.326012   0.9957170   0.727142
     1.5000     0.258281   0.9950920   0.715659
     1.6300     0.208523   0.9945670   0.703758
     1.7700     0.168609   0.9938370   0.690458
     1.9400     0.130067   0.9888400   0.673794
     2.1100     0.105044   0.9833830   0.656692
     2.3400     0.078293   0.9790430   0.632953
     2.5700     0.063217   0.9206900   0.608638
     2.7900     0.075572   0.5683790   0.584888
     3.0800     0.140631   0.2638350   0.553008
     3.4100     0.083059   0.3639300   0.516077
     3.7900     0.043302   0.5215230   0.473340
     4.0900     0.030083   0.5774790   0.440127
     4.3600     0.025378   0.5573840   0.411144
    SIZE INTERVAL   32
    WAVl        QEXT      W0      gf
     0.2563    15.612990   0.5681330   0.874219
     0.2795    14.018510   0.6257630   0.860747
     0.2965    13.004660   0.6632740   0.853625
     0.3186    11.832360   0.6969500   0.847385
     0.3355    11.149530   0.7256280   0.844953
     0.3650    10.064510   0.7721720   0.842856
     0.4200     9.022591   0.8567310   0.843703
     0.4950     7.250728   0.9148980   0.844832
     0.5448     6.086017   0.9418550   0.845085
     0.5581     5.827025   0.9495660   0.845098
     0.5858     5.337260   0.9572050   0.845005
     0.6150     4.776531   0.9622310   0.844632
     0.6459     4.333283   0.9689160   0.844117
     0.6790     3.825921   0.9759050   0.843271
     0.7210     3.370437   0.9803450   0.841977
     0.7680     2.873743   0.9830950   0.840111
     0.8130     2.530582   0.9866980   0.838056
     0.8670     2.132091   0.9914400   0.835196
     0.9260     1.832581   0.9933550   0.831741
     1.0000     1.493625   0.9953610   0.826912
     1.0500     1.331845   0.9961370   0.823424
     1.1000     1.193420   0.9965370   0.819764
     1.1700     1.030689   0.9971780   0.814388
     1.2500     0.880142   0.9974560   0.807934
     1.3700     0.687947   0.9974630   0.797717
     1.5000     0.552494   0.9971320   0.786084
     1.6300     0.451154   0.9968610   0.773945
     1.7700     0.368521   0.9964750   0.760392
     1.9400     0.286629   0.9936700   0.743351
     2.1100     0.232980   0.9906350   0.725769
     2.3400     0.174997   0.9882800   0.701182
     2.5700     0.138631   0.9547920   0.675687
     2.7900     0.138917   0.7064940   0.650333
     3.0800     0.214727   0.3973290   0.615324
     3.4100     0.136406   0.5158620   0.573287
     3.7900     0.079072   0.6724700   0.523080
     4.0900     0.057091   0.7217050   0.483435
     4.3600     0.047793   0.7062160   0.448732
    SIZE INTERVAL   33
    WAVl        QEXT      W0      gf
     0.2563    17.192060   0.5293590   0.902135
     0.2795    15.358140   0.5900870   0.891836
     0.2965    14.234360   0.6308360   0.886494
     0.3186    13.022080   0.6695650   0.881923
     0.3355    12.302770   0.7016160   0.880274
     0.3650    11.198670   0.7542950   0.879037
     0.4200    10.120550   0.8467290   0.880301
     0.4950     8.535157   0.9132460   0.881600
     0.5448     7.471644   0.9431660   0.881898
     0.5581     7.228658   0.9512140   0.881917
     0.5858     6.760482   0.9594570   0.881840
     0.6150     6.198776   0.9650760   0.881517
     0.6459     5.741944   0.9718500   0.881056
     0.6790     5.193208   0.9786990   0.880307
     0.7210     4.682941   0.9830240   0.879154
     0.7680     4.095772   0.9857660   0.877503
     0.8130     3.676884   0.9890140   0.875686
     0.8670     3.168577   0.9930880   0.873169
     0.9260     2.773692   0.9947320   0.870131
     1.0000     2.308136   0.9963980   0.865900
     1.0500     2.080681   0.9970330   0.862846
     1.1000     1.882443   0.9973650   0.859644
     1.1700     1.645147   0.9978790   0.854945
     1.2500     1.421136   0.9981090   0.849304
     1.3700     1.127398   0.9981420   0.840373
     1.5000     0.916655   0.9979260   0.830190
     1.6300     0.756233   0.9977530   0.819544
     1.7700     0.623494   0.9975000   0.807630
     1.9400     0.489248   0.9955500   0.792606
     2.1100     0.400548   0.9934640   0.777059
     2.3400     0.303416   0.9918880   0.755280
     2.5700     0.239566   0.9686070   0.732716
     2.7900     0.221710   0.7793160   0.710323
     3.0800     0.306097   0.4926720   0.679278
     3.4100     0.204831   0.6131080   0.641214
     3.7900     0.126809   0.7549210   0.593786
     4.0900     0.093693   0.7965060   0.554551
     4.3600     0.078331   0.7849000   0.518923
    SIZE INTERVAL   34
    WAVl        QEXT      W0      gf
     0.2563    19.410299   0.5136690   0.910204
     0.2795    17.291109   0.5752300   0.900840
     0.2965    16.006651   0.6169960   0.896017
     0.3186    14.650280   0.6573370   0.891943
     0.3355    13.840250   0.6905570   0.890534
     0.3650    12.608890   0.7454050   0.889584
     0.4200    11.383360   0.8410210   0.891087
     0.4950     9.715720   0.9110850   0.892716
     0.5448     8.610289   0.9424620   0.893274
     0.5581     8.356132   0.9507630   0.893367
     0.5858     7.866722   0.9593510   0.893456
     0.6150     7.272711   0.9652720   0.893330
     0.6459     6.784471   0.9722050   0.893089
     0.6790     6.189390   0.9791480   0.892601
     0.7210     5.628819   0.9835230   0.891802
     0.7680     4.971832   0.9863200   0.890588
     0.8130     4.496750   0.9895200   0.889219
     0.8670     3.910982   0.9934670   0.887283
     0.9260     3.449686   0.9950580   0.884922
     1.0000     2.896976   0.9966520   0.881604
     1.0500     2.624138   0.9972550   0.879201
     1.1000     2.384523   0.9975730   0.876677
     1.1700     2.095481   0.9980570   0.872969
     1.2500     1.820276   0.9982780   0.868518
     1.3700     1.455242   0.9983210   0.861477
     1.5000     1.191196   0.9981380   0.853468
     1.6300     0.988631   0.9979950   0.845113
     1.7700     0.819902   0.9977820   0.835785
     1.9400     0.647608   0.9960770   0.824044
     2.1100     0.533329   0.9942730   0.811907
     2.3400     0.407149   0.9929480   0.794909
     2.5700     0.322806   0.9728190   0.777320
     2.7900     0.292319   0.8047260   0.759994
     3.0800     0.387650   0.5326370   0.736489
     3.4100     0.265826   0.6521970   0.708662
     3.7900     0.169289   0.7858220   0.674687
     4.0900     0.126342   0.8239410   0.646013
     4.3600     0.105711   0.8140480   0.618764
    SIZE INTERVAL   35
    WAVl        QEXT      W0      gf
     0.2563    21.567820   0.4997930   0.916584
     0.2795    19.160950   0.5619210   0.907945
     0.2965    17.712790   0.6044430   0.903524
     0.3186    16.211910   0.6461080   0.899825
     0.3355    15.310110   0.6803030   0.898586
     0.3650    13.947350   0.7369560   0.897834
     0.4200    12.567000   0.8354220   0.899464
     0.4950    10.815420   0.9087150   0.901276
     0.5448     9.675686   0.9414830   0.901983
     0.5581     9.412644   0.9500450   0.902120
     0.5858     8.908165   0.9589760   0.902307
     0.6150     8.291122   0.9651860   0.902301
     0.6459     7.779441   0.9722970   0.902196
     0.6790     7.148450   0.9793670   0.901872
     0.7210     6.547956   0.9838130   0.901298
     0.7680     5.833136   0.9866740   0.900364
     0.8130     5.310157   0.9898580   0.899284
     0.8670     4.655760   0.9937280   0.897725
     0.9260     4.134076   0.9952870   0.895805
     1.0000     3.499912   0.9968320   0.893083
     1.0500     3.183850   0.9974150   0.891106
     1.1000     2.904296   0.9977230   0.889026
     1.1700     2.564637   0.9981860   0.885967
     1.2500     2.238649   0.9984000   0.882296
     1.3700     1.801739   0.9984500   0.876494
     1.5000     1.483167   0.9982910   0.869912
     1.6300     1.237017   0.9981690   0.863067
     1.7700     1.030739   0.9979840   0.855449
     1.9400     0.818401   0.9964530   0.845890
     2.1100     0.677046   0.9948440   0.836040
     2.3400     0.519945   0.9936890   0.822280
     2.5700     0.413630   0.9757570   0.808065
     2.7900     0.368992   0.8232020   0.794069
     3.0800     0.474882   0.5639850   0.775106
     3.4100     0.332368   0.6820890   0.752838
     3.7900     0.216728   0.8088040   0.726303
     4.0900     0.163200   0.8442330   0.704545
     4.3600     0.136708   0.8356690   0.684169
    SIZE INTERVAL   36
    WAVl        QEXT      W0      gf
     0.2563    23.678881   0.4874370   0.921798
     0.2795    20.981039   0.5499150   0.913738
     0.2965    19.366541   0.5929980   0.909635
     0.3186    17.722630   0.6358090   0.905934
     0.3355    16.721050   0.6706900   0.905123
     0.3650    15.226630   0.7289390   0.904512
     0.4200    13.685770   0.8299850   0.906211
     0.4950    11.848590   0.9062600   0.908121
     0.5448    10.677450   0.9403450   0.908918
     0.5581    10.406590   0.9491680   0.909082
     0.5858     9.891261   0.9584350   0.909331
     0.6150     9.257909   0.9649240   0.909402
     0.6459     8.728712   0.9722230   0.909386
     0.6790     8.069974   0.9794380   0.909172
     0.7210     7.437855   0.9839680   0.908749
     0.7680     6.675350   0.9869000   0.908006
     0.8130     6.111484   0.9900860   0.907124
     0.8670     5.396889   0.9939130   0.905825
     0.9260     4.820854   0.9954530   0.904211
     1.0000     4.111387   0.9969660   0.901904
     1.0500     3.754471   0.9975330   0.900222
     1.1000     3.436651   0.9978350   0.898451
     1.1700     3.048031   0.9982820   0.895845
     1.2500     2.672241   0.9984920   0.892715
     1.3700     2.163691   0.9985480   0.887775
     1.5000     1.789979   0.9984070   0.882184
     1.6300     1.499304   0.9983000   0.876384
     1.7700     1.254253   0.9981360   0.869955
     1.9400     1.000247   0.9967350   0.861915
     2.1100     0.830538   0.9952710   0.853661
     2.3400     0.640869   0.9942390   0.842171
     2.5700     0.511233   0.9779340   0.830342
     2.7900     0.451025   0.8372790   0.818721
     3.0800     0.566958   0.5891450   0.802998
     3.4100     0.403477   0.7053830   0.784545
     3.7900     0.268205   0.8261870   0.762620
     4.0900     0.203586   0.8595250   0.744831
     4.3600     0.170891   0.8521080   0.728448
    SIZE INTERVAL   37
    WAVl        QEXT      W0      gf
     0.2563    25.742359   0.4761370   0.926139
     0.2795    22.756189   0.5389170   0.918574
     0.2965    20.979670   0.5825470   0.914738
     0.3186    19.182381   0.6261370   0.911568
     0.3355    18.086470   0.6617230   0.910564
     0.3650    16.457130   0.7213400   0.910058
     0.4200    14.749890   0.8247230   0.911793
     0.4950    12.824670   0.9037710   0.913755
     0.5448    11.624900   0.9391190   0.914606
     0.5581    11.347370   0.9482030   0.914786
     0.5858    10.823310   0.9577930   0.915075
     0.6150    10.178040   0.9645500   0.915199
     0.6459     9.634866   0.9720400   0.915243
     0.6790     8.954770   0.9794110   0.915106
     0.7210     8.297809   0.9840330   0.914789
     0.7680     7.496175   0.9870380   0.914183
     0.8130     6.897634   0.9902400   0.913445
     0.8670     6.130422   0.9940460   0.912335
     0.9260     5.505696   0.9955770   0.910942
     1.0000     4.726953   0.9970680   0.908937
     1.0500     4.331789   0.9976250   0.907472
     1.1000     3.977838   0.9979220   0.905926
     1.1700     3.542120   0.9983580   0.903649
     1.2500     3.117751   0.9985640   0.900915
     1.3700     2.538440   0.9986250   0.896602
     1.5000     2.109466   0.9984980   0.891732
     1.6300     1.773588   0.9984030   0.886695
     1.7700     1.488985   0.9982550   0.881123
     1.9400     1.192014   0.9969560   0.874183
     2.1100     0.992877   0.9956050   0.867084
     2.3400     0.769203   0.9946670   0.857243
     2.5700     0.615035   0.9796200   0.847151
     2.7900     0.537959   0.8484160   0.837268
     3.0800     0.663408   0.6098640   0.823933
     3.4100     0.478650   0.7240590   0.808314
     3.7900     0.323166   0.8397200   0.789771
     4.0900     0.246945   0.8713210   0.774739
     4.3600     0.207735   0.8648200   0.760936
    SIZE INTERVAL   38
    WAVl        QEXT      W0      gf
     0.2563    45.011719   0.4008020   0.948980
     0.2795    39.076149   0.4629720   0.944122
     0.2965    35.612209   0.5081450   0.941342
     0.3186    32.295429   0.5558760   0.939322
     0.3355    30.202869   0.5948570   0.938770
     0.3650    27.151190   0.6621920   0.938665
     0.4200    23.636259   0.7812420   0.940283
     0.4950    20.678801   0.8806410   0.942132
     0.5448    19.170891   0.9261650   0.943016
     0.5581    18.825729   0.9375580   0.943217
     0.5858    18.249300   0.9499360   0.943573
     0.6150    17.570471   0.9589300   0.943823
     0.6459    16.980721   0.9682710   0.944025
     0.6790    16.230141   0.9772800   0.944114
     0.7210    15.494670   0.9828980   0.944129
     0.7680    14.546160   0.9866410   0.943975
     0.8130    13.795560   0.9902400   0.943723
     0.8670    12.767610   0.9942820   0.943274
     0.9260    11.876680   0.9958990   0.942669
     1.0000    10.672200   0.9974030   0.941749
     1.0500    10.023050   0.9979470   0.941062
     1.1000     9.413334   0.9982440   0.940328
     1.1700     8.626207   0.9986510   0.939239
     1.2500     7.817211   0.9988540   0.937927
     1.3700     6.633299   0.9989480   0.935858
     1.5000     5.698132   0.9988880   0.933542
     1.6300     4.925573   0.9988500   0.931177
     1.7700     4.240436   0.9987750   0.928602
     1.9400     3.488761   0.9979200   0.925454
     2.1100     2.966740   0.9970580   0.922306
     2.3400     2.357450   0.9965200   0.918054
     2.5700     1.914459   0.9869060   0.913820
     2.7900     1.617223   0.8991530   0.909784
     3.0800     1.813226   0.7145200   0.904499
     3.4100     1.403718   0.8118160   0.898498
     3.7900     1.020925   0.8985290   0.891588
     4.0900     0.804922   0.9210450   0.886123
     4.3600     0.684655   0.9179690   0.881190
    SIZE INTERVAL   39
    WAVl        QEXT      W0      gf
     0.2563    62.922878   0.3570480   0.958731
     0.2795    54.011139   0.4172040   0.954626
     0.2965    48.825699   0.4618800   0.952671
     0.3186    43.974789   0.5107480   0.951076
     0.3355    40.908539   0.5513230   0.950642
     0.3650    36.326279   0.6212700   0.950665
     0.4200    30.895710   0.7489640   0.952104
     0.4950    26.756281   0.8616290   0.953743
     0.5448    24.859640   0.9145920   0.954541
     0.5581    24.431000   0.9278260   0.954724
     0.5858    23.808081   0.9424380   0.955056
     0.6150    23.092369   0.9531260   0.955300
     0.6459    22.473961   0.9640390   0.955508
     0.6790    21.706190   0.9745180   0.955627
     0.7210    20.975460   0.9810500   0.955661
     0.7680    20.030809   0.9854480   0.955641
     0.8130    19.265070   0.9895160   0.955500
     0.8670    18.188620   0.9939800   0.955214
     0.9260    17.227381   0.9957590   0.954810
     1.0000    15.873750   0.9973810   0.954175
     1.0500    15.117480   0.9979580   0.953695
     1.1000    14.390320   0.9982770   0.953178
     1.1700    13.422940   0.9987000   0.952407
     1.2500    12.391800   0.9989160   0.951474
     1.3700    10.810040   0.9990310   0.950001
     1.5000     9.501158   0.9989990   0.948354
     1.6300     8.374641   0.9989860   0.946678
     1.7700     7.340093   0.9989380   0.944860
     1.9400     6.160548   0.9982330   0.942651
     2.1100     5.316046   0.9975370   0.940459
     2.3400     4.299823   0.9971380   0.937525
     2.5700     3.534156   0.9893600   0.934637
     2.7900     2.964110   0.9174670   0.931914
     3.0800     3.198438   0.7572380   0.928396
     3.4100     2.555354   0.8449390   0.924463
     3.7900     1.917787   0.9189740   0.920013
     4.0900     1.532604   0.9377990   0.916550
     4.3600     1.310377   0.9357090   0.913466
    SIZE INTERVAL   40
    WAVl        QEXT      W0      gf
     0.2563    80.154961   0.3270300   0.964478
     0.2795    68.275017   0.3852800   0.960983
     0.2965    61.367550   0.4291430   0.959274
     0.3186    54.928452   0.4777510   0.957942
     0.3355    50.781040   0.5180690   0.957606
     0.3650    44.744122   0.5900290   0.957645
     0.4200    37.365929   0.7232440   0.958947
     0.4950    31.977570   0.8456290   0.960427
     0.5448    29.646709   0.9045100   0.961153
     0.5581    29.121189   0.9192670   0.961320
     0.5858    28.396370   0.9356520   0.961624
     0.6150    27.658449   0.9478190   0.961855
     0.6459    27.005140   0.9600970   0.962054
     0.6790    26.212900   0.9718660   0.962178
     0.7210    25.487671   0.9792070   0.962266
     0.7680    24.568171   0.9841810   0.962245
     0.8130    23.813129   0.9886920   0.962152
     0.8670    22.735769   0.9935780   0.961939
     0.9260    21.774500   0.9955260   0.961627
     1.0000    20.384090   0.9972810   0.961127
     1.0500    19.590410   0.9978990   0.960746
     1.1000    18.813999   0.9982420   0.960333
     1.1700    17.758989   0.9986900   0.959715
     1.2500    16.610531   0.9989220   0.958965
     1.3700    14.782490   0.9990560   0.957779
     1.5000    13.216730   0.9990410   0.956453
     1.6300    11.826300   0.9990420   0.955104
     1.7700    10.512510   0.9990120   0.953644
     1.9400     8.968175   0.9983810   0.951875
     2.1100     7.833079   0.9977720   0.950125
     2.3400     6.430629   0.9974480   0.947793
     2.5700     5.343116   0.9906160   0.945509
     2.7900     4.481266   0.9272120   0.943367
     3.0800     4.733774   0.7813000   0.940617
     3.4100     3.858375   0.8630730   0.937566
     3.7900     2.954399   0.9298710   0.934143
     4.0900     2.383226   0.9466660   0.931503
     4.3600     2.045873   0.9450960   0.929167
    SIZE INTERVAL   41
    WAVl        QEXT      W0      gf
     0.2563    96.945534   0.3044820   0.968347
     0.2795    82.072617   0.3607800   0.965350
     0.2965    73.445503   0.4037740   0.963733
     0.3186    65.472427   0.4523200   0.962150
     0.3355    60.231461   0.4921060   0.962290
     0.3650    52.691818   0.5648330   0.962338
     0.4200    43.338619   0.7017310   0.963536
     0.4950    36.675930   0.8317560   0.964894
     0.5448    33.886250   0.8955710   0.965562
     0.5581    33.247589   0.9116090   0.965716
     0.5858    32.437881   0.9295860   0.965999
     0.6150    31.645010   0.9429910   0.966216
     0.6459    30.940300   0.9564660   0.966405
     0.6790    30.113251   0.9693870   0.966527
     0.7210    29.386690   0.9774570   0.966620
     0.7680    28.489321   0.9829470   0.966618
     0.8130    27.746620   0.9878680   0.966550
     0.8670    26.690720   0.9931620   0.966379
     0.9260    25.744020   0.9952700   0.966121
     1.0000    24.362560   0.9971560   0.965701
     1.0500    23.561270   0.9978160   0.965379
     1.1000    22.810539   0.9981880   0.964313
     1.1700    21.677860   0.9986580   0.964503
     1.2500    20.463610   0.9989060   0.963863
     1.3700    18.483620   0.9990560   0.963991
     1.5000    16.755301   0.9990540   0.961719
     1.6300    15.175560   0.9990670   0.960567
     1.7700    13.643480   0.9990480   0.959322
     1.9400    11.799670   0.9984620   0.957815
     2.1100    10.412720   0.9979050   0.956326
     2.3400     8.659692   0.9976310   0.954348
     2.5700     7.265565   0.9913740   0.952416
     2.7900     6.111367   0.9332830   0.950609
     3.0800     6.369802   0.7968390   0.948299
     3.4100     5.267979   0.8746400   0.945746
     3.7900     4.094594   0.9367500   0.942896
     4.0900     3.328012   0.9522590   0.940708
     4.3600     2.867108   0.9510280   0.938781
    SIZE INTERVAL   42
    WAVl        QEXT      W0      gf
     0.2563   113.429901   0.2866710   0.971191
     0.2795    95.570778   0.3412740   0.968377
     0.2965    85.208710   0.3833010   0.967001
     0.3186    75.616020   0.4309470   0.965949
     0.3355    69.555420   0.4722280   0.956291
     0.3650    60.307339   0.5437420   0.965929
     0.4200    49.030640   0.6836290   0.966900
     0.4950    41.010571   0.8194460   0.968144
     0.5448    37.740540   0.8874830   0.968766
     0.5581    37.026039   0.9047550   0.968910
     0.5858    36.087910   0.9240500   0.969174
     0.6150    35.232960   0.9385560   0.969379
     0.6459    34.478790   0.9531200   0.969558
     0.6790    33.602451   0.9670790   0.969677
     0.7210    32.852619   0.9758020   0.969771
     0.7680    31.979630   0.9817700   0.969779
     0.8130    31.251711   0.9870750   0.969728
     0.8670    30.209240   0.9927500   0.969583
     0.9260    29.289900   0.9950110   0.969362
     1.0000    27.929070   0.9970230   0.968996
     1.0500    27.115721   0.9977230   0.969252
     1.1000    26.345289   0.9981170   0.968516
     1.1700    25.268240   0.9986190   0.967787
     1.2500    24.005131   0.9988810   0.967378
     1.3700    21.949499   0.9990460   0.966483
     1.5000    20.097670   0.9990540   0.965482
     1.6300    18.378460   0.9990750   0.964466
     1.7700    16.684160   0.9990660   0.963366
     1.9400    14.597690   0.9985080   0.962036
     2.1100    12.998120   0.9979860   0.960724
     2.3400    10.932380   0.9977490   0.958983
     2.5700     9.254965   0.9918740   0.957286
     2.7900     7.817159   0.9374100   0.955702
     3.0800     8.071168   0.8075970   0.953951
     3.4100     6.753787   0.8826620   0.951453
     3.7900     5.313354   0.9415090   0.948975
     4.0900     4.346888   0.9561390   0.947078
     4.3600     3.757276   0.9551560   0.945412
    SIZE INTERVAL   43
    WAVl        QEXT      W0      gf
     0.2563   129.689896   0.2721230   0.973382
     0.2795   108.835503   0.3251520   0.970793
     0.2965    96.743759   0.3663030   0.969393
     0.3186    85.473251   0.4126690   0.968694
     0.3355    78.266296   0.4527950   0.968347
     0.3650    67.686394   0.5257300   0.968412
     0.4200    54.369450   0.6671440   0.969458
     0.4950    45.090981   0.8084160   0.970642
     0.5448    41.328579   0.8801270   0.971227
     0.5581    40.486549   0.8983780   0.971363
     0.5858    39.450939   0.9189450   0.971612
     0.6150    38.525810   0.9344430   0.971806
     0.6459    37.691662   0.9499690   0.971977
     0.6790    36.795799   0.9649260   0.972092
     0.7210    36.023281   0.9742540   0.972185
     0.7680    35.171089   0.9806620   0.972200
     0.8130    34.427490   0.9863120   0.972160
     0.8670    33.397171   0.9923490   0.972039
     0.9260    32.507961   0.9947560   0.971838
     1.0000    31.180071   0.9968890   0.971510
     1.0500    30.400560   0.9976310   0.971256
     1.1000    29.668209   0.9980500   0.970126
     1.1700    28.520981   0.9985720   0.970562
     1.2500    27.273649   0.9988510   0.970054
     1.3700    25.175579   0.9990300   0.969246
     1.5000    23.251970   0.9990460   0.968342
     1.6300    21.434999   0.9990750   0.967422
     1.7700    19.616011   0.9990730   0.966430
     1.9400    17.333679   0.9985350   0.965229
     2.1100    15.553910   0.9980360   0.964046
     2.3400    13.215940   0.9978270   0.962477
     2.5700    11.280520   0.9922220   0.960950
     2.7900     9.572773   0.9403700   0.959526
     3.0800     9.825695   0.8156120   0.957712
     3.4100     8.295093   0.8885420   0.955717
     3.7900     6.592421   0.9450010   0.953502
     4.0900     5.424970   0.9589980   0.951811
     4.3600     4.703651   0.9582090   0.950328
    SIZE INTERVAL   44
    WAVl        QEXT      W0      gf
     0.2563   145.752899   0.2598170   0.975155
     0.2795   121.924004   0.3115380   0.972730
     0.2965   108.728500   0.3556040   0.972197
     0.3186    95.330032   0.3981680   0.970661
     0.3355    86.980904   0.4372800   0.970462
     0.3650    74.871323   0.5099910   0.970532
     0.4200    59.564621   0.6527720   0.971520
     0.4950    48.960331   0.7983510   0.972639
     0.5448    44.702881   0.8733440   0.973193
     0.5581    43.749020   0.8925220   0.973322
     0.5858    42.598572   0.9142100   0.973558
     0.6150    41.596291   0.9306080   0.973741
     0.6459    40.698570   0.9470460   0.973906
     0.6790    39.719501   0.9628660   0.974017
     0.7210    38.939079   0.9727790   0.974109
     0.7680    38.072239   0.9795830   0.974128
     0.8130    37.354679   0.9855820   0.974095
     0.8670    36.339451   0.9919640   0.973983
     0.9260    35.476822   0.9945080   0.974515
     1.0000    34.176659   0.9967560   0.973509
     1.0500    33.411049   0.9975360   0.973277
     1.1000    32.642448   0.9979740   0.973024
     1.1700    31.560381   0.9985260   0.972642
     1.2500    30.316099   0.9988180   0.972176
     1.3700    28.197870   0.9990100   0.971435
     1.5000    26.229469   0.9990340   0.970606
     1.6300    24.345619   0.9990690   0.969763
     1.7700    22.432421   0.9990740   0.968852
     1.9400    19.995359   0.9985480   0.967751
     2.1100    18.065350   0.9980680   0.966667
     2.3400    15.488550   0.9978810   0.965230
     2.5700    13.318540   0.9924710   0.963832
     2.7900    11.359890   0.9425730   0.962530
     3.0800    11.608070   0.8216280   0.960874
     3.4100     9.875627   0.8930060   0.959055
     3.7900     7.918299   0.9476680   0.957039
     4.0900     6.552980   0.9612070   0.955092
     4.3600     5.696475   0.9605630   0.954154
    SIZE INTERVAL   45
    WAVl        QEXT      W0      gf
     0.2563   161.733505   0.2495730   0.976601
     0.2795   134.874207   0.2998480   0.974379
     0.2965   119.236702   0.3389430   0.973262
     0.3186   104.899300   0.3847030   0.972697
     0.3355    95.548317   0.4237040   0.972206
     0.3650    81.910172   0.4961120   0.972278
     0.4200    64.599991   0.6398170   0.973206
     0.4950    52.667938   0.7891140   0.974282
     0.5448    47.900291   0.8670230   0.975149
     0.5581    46.837231   0.8870590   0.974932
     0.5858    45.568939   0.9097780   0.975157
     0.6150    44.493858   0.9270180   0.975334
     0.6459    43.519680   0.9442890   0.975490
     0.6790    42.478550   0.9609370   0.975598
     0.7210    41.669361   0.9713830   0.975689
     0.7680    40.806149   0.9785700   0.975710
     0.8130    40.070141   0.9848790   0.975682
     0.8670    39.066540   0.9915910   0.975582
     0.9260    38.242790   0.9942690   0.975421
     1.0000    36.957420   0.9966250   0.975146
     1.0500    36.232010   0.9974440   0.974932
     1.1000    35.460289   0.9979020   0.974698
     1.1700    34.393261   0.9984780   0.974345
     1.2500    33.163021   0.9987850   0.973912
     1.3700    31.043610   0.9989880   0.973225
     1.5000    29.051291   0.9990180   0.972455
     1.6300    27.117500   0.9990600   0.971673
     1.7700    25.138029   0.9990700   0.970827
     1.9400    22.584141   0.9985540   0.968844
     2.1100    20.520479   0.9980860   0.968800
     2.3400    17.737511   0.9979190   0.967468
     2.5700    15.356750   0.9926540   0.966174
     2.7900    13.164990   0.9442530   0.964969
     3.0800    13.408810   0.8262800   0.963437
     3.4100    11.484660   0.8964960   0.961757
     3.7900     9.279921   0.9497650   0.959896
     4.0900     7.715317   0.9629320   0.958479
     4.3600     6.728055   0.9624360   0.957239
    SIZE INTERVAL   46
    WAVl        QEXT      W0      gf
     0.2563   176.701202   0.2368210   0.976965
     0.2795   150.454803   0.3026150   0.978240
     0.2965   130.396606   0.3283550   0.974795
     0.3186   114.454399   0.3734110   0.973897
     0.3355   103.881203   0.4110350   0.973709
     0.3650    88.823013   0.4836980   0.973749
     0.4200    69.513580   0.6280850   0.974649
     0.4950    56.237919   0.7805570   0.975665
     0.5448    50.970551   0.8611480   0.976169
     0.5581    49.785130   0.8819410   0.976286
     0.5858    48.397800   0.9056130   0.976501
     0.6150    47.244499   0.9236300   0.976671
     0.6459    46.185242   0.9416710   0.976821
     0.6790    45.081821   0.9591030   0.976925
     0.7210    44.302311   0.9700930   0.976551
     0.7680    43.372971   0.9775980   0.977038
     0.8130    42.632160   0.9842090   0.977014
     0.8670    41.638069   0.9912340   0.976923
     0.9260    40.830391   0.9940350   0.976774
     1.0000    39.562840   0.9964970   0.976519
     1.0500    38.848370   0.9973510   0.976319
     1.1000    38.106529   0.9978310   0.976101
     1.1700    37.055222   0.9984300   0.975770
     1.2500    35.867210   0.9987510   0.975366
     1.3700    33.730850   0.9989650   0.974722
     1.5000    31.808661   0.9990040   0.974002
     1.6300    29.767509   0.9990490   0.973269
     1.7700    27.732870   0.9990630   0.972477
     1.9400    25.073339   0.9985530   0.971521
     2.1100    22.915119   0.9980960   0.970580
     2.3400    19.953480   0.9979440   0.969334
     2.5700    17.384720   0.9927900   0.968124
     2.7900    14.980900   0.9455670   0.966862
     3.0800    15.220380   0.8299520   0.965568
     3.4100    13.110860   0.8992600   0.964000
     3.7900    10.668950   0.9514510   0.962266
     4.0900     8.911253   0.9643410   0.960946
     4.3600     7.791732   0.9639600   0.959793
