C6H6
Air:  
Temp:           100K            300K      
Angstroms       XS
7.000000E+01    8.799320E-19    8.799320E-19
8.000000E+01    1.156680E-18    1.156680E-18
9.000000E+01    1.478840E-18    1.478840E-18
1.000000E+02    1.839050E-18    1.839050E-18
1.100000E+02    2.233160E-18    2.233160E-18
1.200000E+02    2.695450E-18    2.695450E-18
1.300000E+02    3.261210E-18    3.261210E-18
1.400000E+02    3.928870E-18    3.928870E-18
1.500000E+02    4.801250E-18    4.801250E-18
1.600000E+02    5.764680E-18    5.764680E-18
1.700000E+02    6.830940E-18    6.830940E-18
1.800000E+02    7.949940E-18    7.949940E-18
1.900000E+02    9.161750E-18    9.161750E-18
2.000000E+02    1.032520E-17    1.032520E-17
2.100000E+02    1.165380E-17    1.165380E-17
2.200000E+02    1.325440E-17    1.325440E-17
2.300000E+02    1.561810E-17    1.561810E-17
2.400000E+02    1.734730E-17    1.734730E-17
2.500000E+02    1.910920E-17    1.910920E-17
2.600000E+02    2.133810E-17    2.133810E-17
2.700000E+02    2.300000E-17    2.300000E-17
2.800000E+02    2.532350E-17    2.532350E-17
2.900000E+02    2.744160E-17    2.744160E-17
3.000000E+02    2.946630E-17    2.946630E-17
3.100000E+02    3.229620E-17    3.229620E-17
3.200000E+02    3.459630E-17    3.459630E-17
3.300000E+02    3.671230E-17    3.671230E-17
3.400000E+02    4.013650E-17    4.013650E-17
3.500000E+02    4.203010E-17    4.203010E-17
3.600000E+02    4.456610E-17    4.456610E-17
3.700000E+02    4.708430E-17    4.708430E-17
3.800000E+02    4.988660E-17    4.988660E-17
3.900000E+02    5.285690E-17    5.285690E-17
4.000000E+02    5.557550E-17    5.557550E-17
4.100000E+02    5.935930E-17    5.935930E-17
4.200000E+02    6.278020E-17    6.278020E-17
4.300000E+02    6.635920E-17    6.635920E-17
4.400000E+02    7.040590E-17    7.040590E-17
4.500000E+02    7.375580E-17    7.375580E-17
4.600000E+02    7.723370E-17    7.723370E-17
4.700000E+02    8.036120E-17    8.036120E-17
4.800000E+02    8.442180E-17    8.442180E-17
4.900000E+02    8.795020E-17    8.795020E-17
5.000000E+02    9.243960E-17    9.243960E-17
5.100000E+02    9.597820E-17    9.597820E-17
5.200000E+02    9.932090E-17    9.932090E-17
5.300000E+02    1.035230E-16    1.035230E-16
5.400000E+02    1.058440E-16    1.058440E-16
5.500000E+02    1.099330E-16    1.099330E-16
5.600000E+02    1.138570E-16    1.138570E-16
5.700000E+02    1.180890E-16    1.180890E-16
5.800000E+02    1.223500E-16    1.223500E-16
5.900000E+02    1.270110E-16    1.270110E-16
6.000000E+02    1.300650E-16    1.300650E-16
6.100000E+02    1.340830E-16    1.340830E-16
6.200000E+02    1.373450E-16    1.373450E-16
6.300000E+02    1.389990E-16    1.389990E-16
6.400000E+02    1.427990E-16    1.427990E-16
6.500000E+02    1.450210E-16    1.450210E-16
6.600000E+02    1.477960E-16    1.477960E-16
6.700000E+02    1.507190E-16    1.507190E-16
6.800000E+02    1.530480E-16    1.530480E-16
6.900000E+02    1.548010E-16    1.548010E-16
7.000000E+02    1.532300E-16    1.532300E-16
7.100000E+02    1.499240E-16    1.499240E-16
7.200000E+02    1.458010E-16    1.458010E-16
7.300000E+02    1.411870E-16    1.411870E-16
7.400000E+02    1.387840E-16    1.387840E-16
7.500000E+02    1.370750E-16    1.370750E-16
7.600000E+02    1.352130E-16    1.352130E-16
7.700000E+02    1.319980E-16    1.319980E-16
7.800000E+02    1.321890E-16    1.321890E-16
7.900000E+02    1.282280E-16    1.282280E-16
8.000000E+02    1.221480E-16    1.221480E-16
8.100000E+02    1.159710E-16    1.159710E-16
8.200000E+02    1.083570E-16    1.083570E-16
8.300000E+02    1.015100E-16    1.015100E-16
8.400000E+02    9.851440E-17    9.851440E-17
8.500000E+02    9.387630E-17    9.387630E-17
8.600000E+02    8.421060E-17    8.421060E-17
8.700000E+02    8.110760E-17    8.110760E-17
8.800000E+02    7.933210E-17    7.933210E-17
8.900000E+02    7.674070E-17    7.674070E-17
9.000000E+02    7.464510E-17    7.464510E-17
9.100000E+02    7.430390E-17    7.430390E-17
9.200000E+02    7.492310E-17    7.492310E-17
9.300000E+02    7.763540E-17    7.763540E-17
9.400000E+02    8.149370E-17    8.149370E-17
9.500000E+02    8.151980E-17    8.151980E-17
9.600000E+02    7.527560E-17    7.527560E-17
9.700000E+02    7.483910E-17    7.483910E-17
9.800000E+02    7.732690E-17    7.732690E-17
9.900000E+02    7.585990E-17    7.585990E-17
1.000000E+03    7.704720E-17    7.704720E-17
1.010000E+03    8.166500E-17    8.166500E-17
1.020000E+03    8.062040E-17    8.062040E-17
1.030000E+03    7.015780E-17    7.015780E-17
1.040000E+03    6.195040E-17    6.195040E-17
1.050000E+03    6.039930E-17    6.039930E-17
1.060000E+03    6.299490E-17    6.299490E-17
1.070000E+03    6.703450E-17    6.703450E-17
1.080000E+03    6.982870E-17    6.982870E-17
1.090000E+03    7.162260E-17    7.162260E-17
1.100000E+03    7.340400E-17    7.340400E-17
1.110000E+03    7.672780E-17    7.672780E-17
1.120000E+03    7.979210E-17    7.979210E-17
1.130000E+03    6.993710E-17    6.993710E-17
1.140000E+03    5.560180E-17    5.560180E-17
1.150000E+03    4.742290E-17    4.742290E-17
1.160000E+03    4.850760E-17    4.850760E-17
1.170000E+03    4.987400E-17    4.987400E-17
1.180000E+03    5.038130E-17    5.038130E-17
1.190000E+03    4.297780E-17    4.297780E-17
1.200000E+03    3.725550E-17    3.725550E-17
1.210000E+03    3.530700E-17    3.530700E-17
1.220000E+03    3.506460E-17    3.506460E-17
1.230000E+03    3.495720E-17    3.495720E-17
1.240000E+03    3.342330E-17    3.342330E-17
1.250000E+03    3.254620E-17    3.254620E-17
1.260000E+03    3.263630E-17    3.263630E-17
1.270000E+03    3.301330E-17    3.301330E-17
1.280000E+03    3.331870E-17    3.331870E-17
1.290000E+03    3.444380E-17    3.444380E-17
1.300000E+03    3.587430E-17    3.587430E-17
1.310000E+03    3.739500E-17    3.739500E-17
1.320000E+03    3.864020E-17    3.864020E-17
1.330000E+03    3.541520E-17    3.541520E-17
1.340000E+03    3.355170E-17    3.355170E-17
1.350000E+03    3.247840E-17    3.247840E-17
1.360000E+03    2.286210E-17    2.286210E-17
1.370000E+03    1.884800E-17    1.884800E-17
1.380000E+03    1.867710E-17    1.867710E-17
1.390000E+03    1.735570E-17    1.735570E-17
1.400000E+03    1.769080E-17    1.769080E-17
1.410000E+03    1.418740E-17    1.418740E-17
1.420000E+03    1.550510E-17    1.550510E-17
1.430000E+03    1.395910E-17    1.395910E-17
1.440000E+03    1.193620E-17    1.193620E-17
1.450000E+03    1.086550E-17    1.086550E-17
1.460000E+03    1.245640E-17    1.245640E-17
1.470000E+03    1.456190E-17    1.456190E-17
1.480000E+03    1.633460E-17    1.633460E-17
1.490000E+03    9.571590E-18    9.571590E-18
1.500000E+03    9.877190E-18    9.877190E-18
1.510000E+03    1.088840E-17    1.088840E-17
1.520000E+03    1.399490E-17    1.399490E-17
1.530000E+03    1.222250E-17    1.222250E-17
1.540000E+03    1.257920E-17    1.257920E-17
1.550000E+03    1.440640E-17    1.440640E-17
1.560000E+03    1.546040E-17    1.546040E-17
1.570000E+03    1.686310E-17    1.686310E-17
1.580000E+03    1.881000E-17    1.881000E-17
1.590000E+03    2.069330E-17    2.069330E-17
1.600000E+03    2.267280E-17    2.267280E-17
1.610000E+03    2.498340E-17    2.498340E-17
1.620000E+03    2.658010E-17    2.658010E-17
1.630000E+03    2.909470E-17    2.909470E-17
1.640000E+03    2.913070E-17    2.913070E-17
1.650000E+03    2.990590E-17    2.990590E-17
1.660000E+03    3.275130E-17    3.275130E-17
1.670000E+03    3.696490E-17    3.696490E-17
1.680000E+03    4.207440E-17    4.207440E-17
1.690000E+03    4.977230E-17    4.977230E-17
1.700000E+03    5.795260E-17    5.795260E-17
1.710000E+03    7.152310E-17    7.152310E-17
1.720000E+03    8.844310E-17    8.844310E-17
1.730000E+03    1.041560E-16    1.041560E-16
1.740000E+03    1.298420E-16    1.298420E-16
1.750000E+03    1.632640E-16    1.632640E-16
1.760000E+03    1.887550E-16    1.887550E-16
1.770000E+03    2.143490E-16    2.143490E-16
1.780000E+03    2.352150E-16    2.352150E-16
1.790000E+03    2.310170E-16    2.310170E-16
1.800000E+03    1.989160E-16    1.989160E-16
1.810000E+03    1.569040E-16    1.569040E-16
1.820000E+03    1.058690E-16    1.058690E-16
1.830000E+03    6.816500E-17    6.816500E-17
1.840000E+03    4.218980E-17    4.218980E-17
1.850000E+03    2.750910E-17    2.750910E-17
1.860000E+03    2.050140E-17    2.050140E-17
1.870000E+03    1.733470E-17    1.733470E-17
1.880000E+03    1.628340E-17    1.628340E-17
1.890000E+03    1.651580E-17    1.651580E-17
1.900000E+03    1.602220E-17    1.602220E-17
1.910000E+03    1.565840E-17    1.565840E-17
1.920000E+03    1.600380E-17    1.600380E-17
1.930000E+03    1.672590E-17    1.672590E-17
1.940000E+03    1.678730E-17    1.678730E-17
1.950000E+03    1.779100E-17    1.779100E-17
1.960000E+03    1.960860E-17    1.960860E-17
1.970000E+03    1.984190E-17    1.984190E-17
1.980000E+03    1.943760E-17    1.943760E-17
1.990000E+03    2.054440E-17    2.054440E-17
2.000000E+03    2.113950E-17    2.113950E-17
2.010000E+03    1.944870E-17    1.944870E-17
2.020000E+03    1.713930E-17    1.713930E-17
2.030000E+03    1.573120E-17    1.573120E-17
2.040000E+03    1.374850E-17    1.374850E-17
2.050000E+03    9.739090E-18    9.739090E-18
2.060000E+03    5.602590E-18    5.602590E-18
2.070000E+03    2.836460E-18    2.836460E-18
2.080000E+03    1.518260E-18    1.518260E-18
2.090000E+03    9.279090E-19    9.279090E-19
2.100000E+03    5.061350E-19    5.061350E-19
2.110000E+03    2.896570E-19    2.896570E-19
2.120000E+03    1.731070E-19    1.731070E-19
2.130000E+03    1.069910E-19    1.069910E-19
2.140000E+03    5.608920E-20    5.608920E-20
2.150000E+03    4.585780E-20    4.585780E-20
2.160000E+03    2.347770E-20    2.347770E-20
2.170000E+03    2.130410E-20    2.130410E-20
2.180000E+03    2.551030E-20    2.551030E-20
2.190000E+03    2.359980E-20    2.359980E-20
2.200000E+03    1.645420E-20    1.645420E-20
2.210000E+03    2.608100E-20    2.608100E-20
2.220000E+03    1.685860E-20    1.685860E-20
2.230000E+03    1.772610E-20    1.772610E-20
2.240000E+03    3.835780E-20    3.835780E-20
2.250000E+03    3.115040E-20    3.115040E-20
2.260000E+03    3.430720E-20    3.430720E-20
2.270000E+03    3.054390E-20    3.054390E-20
2.280000E+03    3.704950E-20    3.704950E-20
2.290000E+03    4.210010E-20    4.210010E-20
2.300000E+03    3.592330E-20    3.592330E-20
2.310000E+03    3.721920E-20    3.721920E-20
2.320000E+03    7.049170E-20    7.049170E-20
2.330000E+03    6.686060E-20    6.686060E-20
2.340000E+03    7.994220E-20    7.994220E-20
2.350000E+03    7.905070E-20    7.905070E-20
2.360000E+03    9.720120E-20    9.720120E-20
2.370000E+03    1.114190E-19    1.114190E-19
2.380000E+03    1.273250E-19    1.273250E-19
2.390000E+03    9.319800E-19    6.044490E-20
2.400000E+03    4.070090E-19    1.139010E-19
2.410000E+03    4.327950E-19    3.080260E-19
2.420000E+03    2.282580E-19    2.100190E-19
2.430000E+03    1.655300E-19    1.568110E-19
2.440000E+03    1.515660E-19    1.294590E-19
2.450000E+03    1.349520E-19    1.045730E-19
2.460000E+03    1.461790E-19    1.168730E-19
2.470000E+03    6.146250E-19    5.457390E-19
2.480000E+03    2.441720E-19    2.686330E-19
2.490000E+03    1.471240E-19    1.543200E-19
2.500000E+03    1.013790E-19    1.001830E-19
2.510000E+03    9.091180E-20    8.283240E-20
2.520000E+03    5.429790E-19    4.333760E-19
2.530000E+03    4.428360E-19    4.695350E-19
2.540000E+03    2.175340E-19    2.647620E-19
2.550000E+03    1.070860E-19    1.341740E-19
2.560000E+03    6.721710E-20    7.553960E-20
2.570000E+03    4.979300E-20    4.169490E-20
2.580000E+03    2.879390E-19    2.194980E-19
2.590000E+03    3.497830E-19    3.476410E-19
2.600000E+03    1.824940E-19    2.261430E-19
2.610000E+03    7.472860E-20    8.973140E-20
2.620000E+03    3.601860E-20    3.209110E-20
2.630000E+03    3.073190E-20    1.663850E-20
2.640000E+03    2.554370E-20    9.195960E-21
2.650000E+03    2.476600E-20    8.627600E-21
2.660000E+03    3.614850E-20    2.564490E-20
2.670000E+03    2.464020E-20    1.283090E-20
2.680000E+03    2.123190E-20    6.578070E-21
2.690000E+03    1.762040E-20    4.009950E-21
