Nick Wogan MPI script from MPI data base 
Air:  
Temp:           300K
Angstroms       XS
1.940000E+03    0.000000E+00
1.950000E+03    0.000000E+00
1.951500E+03    1.000000E+00
1.956700E+03    1.000000E+00
1.961900E+03    1.000000E+00
1.966700E+03    1.000000E+00
1.971000E+03    1.000000E+00
1.974900E+03    1.000000E+00
1.978100E+03    1.000000E+00
1.980800E+03    1.000000E+00
1.983100E+03    1.000000E+00
1.985600E+03    1.000000E+00
1.988100E+03    1.000000E+00
1.990900E+03    1.000000E+00
1.993200E+03    1.000000E+00
1.994300E+03    1.000000E+00
1.998100E+03    1.000000E+00
2.002800E+03    1.000000E+00
2.008300E+03    1.000000E+00
2.013000E+03    1.000000E+00
2.017100E+03    1.000000E+00
2.018300E+03    1.000000E+00
2.020600E+03    1.000000E+00
2.022700E+03    1.000000E+00
2.023900E+03    1.000000E+00
2.025300E+03    1.000000E+00
2.026500E+03    1.000000E+00
2.027400E+03    1.000000E+00
2.028800E+03    1.000000E+00
2.030600E+03    1.000000E+00
2.032300E+03    1.000000E+00
2.034400E+03    1.000000E+00
2.035900E+03    1.000000E+00
2.037600E+03    1.000000E+00
2.039100E+03    1.000000E+00
2.040400E+03    1.000000E+00
2.041000E+03    1.000000E+00
2.042500E+03    1.000000E+00
2.043800E+03    1.000000E+00
2.045600E+03    1.000000E+00
2.048400E+03    1.000000E+00
2.051400E+03    1.000000E+00
2.055700E+03    1.000000E+00
2.060200E+03    1.000000E+00
2.063400E+03    1.000000E+00
2.065600E+03    1.000000E+00
2.066400E+03    1.000000E+00
2.068300E+03    1.000000E+00
2.069800E+03    1.000000E+00
2.071000E+03    1.000000E+00
2.072200E+03    1.000000E+00
2.073700E+03    1.000000E+00
2.073900E+03    1.000000E+00
2.074600E+03    1.000000E+00
2.075100E+03    1.000000E+00
2.075600E+03    1.000000E+00
2.076800E+03    1.000000E+00
2.078000E+03    1.000000E+00
2.079300E+03    1.000000E+00
2.082100E+03    1.000000E+00
2.084400E+03    1.000000E+00
2.086200E+03    1.000000E+00
2.088900E+03    1.000000E+00
2.091800E+03    1.000000E+00
2.093500E+03    1.000000E+00
2.095400E+03    1.000000E+00
2.099100E+03    1.000000E+00
2.103800E+03    1.000000E+00
2.106800E+03    1.000000E+00
2.109300E+03    1.000000E+00
2.111200E+03    1.000000E+00
2.112100E+03    1.000000E+00
2.112500E+03    1.000000E+00
2.114900E+03    1.000000E+00
2.117400E+03    1.000000E+00
2.120400E+03    1.000000E+00
2.122700E+03    1.000000E+00
2.125000E+03    1.000000E+00
2.127200E+03    1.000000E+00
2.129400E+03    1.000000E+00
2.131700E+03    1.000000E+00
2.134200E+03    1.000000E+00
2.136600E+03    1.000000E+00
2.138900E+03    1.000000E+00
2.140900E+03    1.000000E+00
2.143000E+03    1.000000E+00
2.144800E+03    1.000000E+00
2.145600E+03    1.000000E+00
2.146900E+03    1.000000E+00
2.149000E+03    1.000000E+00
2.153000E+03    1.000000E+00
2.157600E+03    1.000000E+00
2.160400E+03    1.000000E+00
2.163700E+03    1.000000E+00
2.165400E+03    1.000000E+00
2.168500E+03    1.000000E+00
2.173000E+03    1.000000E+00
2.177500E+03    1.000000E+00
2.182300E+03    1.000000E+00
2.184600E+03    1.000000E+00
2.189900E+03    1.000000E+00
2.195900E+03    1.000000E+00
2.201900E+03    1.000000E+00
2.208300E+03    1.000000E+00
2.214300E+03    1.000000E+00
2.220700E+03    1.000000E+00
2.223000E+03    1.000000E+00
2.226600E+03    1.000000E+00
2.229600E+03    1.000000E+00
2.231900E+03    1.000000E+00
2.233600E+03    1.000000E+00
2.235400E+03    1.000000E+00
2.237800E+03    1.000000E+00
2.241000E+03    1.000000E+00
2.244200E+03    1.000000E+00
2.247800E+03    1.000000E+00
2.251400E+03    1.000000E+00
2.254900E+03    1.000000E+00
2.259100E+03    1.000000E+00
2.264400E+03    1.000000E+00
2.268500E+03    1.000000E+00
2.274100E+03    1.000000E+00
2.277900E+03    1.000000E+00
2.281400E+03    1.000000E+00
2.288000E+03    1.000000E+00
2.293000E+03    1.000000E+00
2.298600E+03    1.000000E+00
2.304000E+03    1.000000E+00
2.310300E+03    1.000000E+00
2.316400E+03    1.000000E+00
2.322700E+03    1.000000E+00
2.329200E+03    1.000000E+00
2.336300E+03    1.000000E+00
2.343400E+03    1.000000E+00
2.350900E+03    1.000000E+00
2.358400E+03    1.000000E+00
2.366000E+03    1.000000E+00
2.373700E+03    1.000000E+00
2.381300E+03    1.000000E+00
2.389100E+03    1.000000E+00
2.396900E+03    1.000000E+00
2.405000E+03    1.000000E+00
2.412900E+03    1.000000E+00
2.421500E+03    1.000000E+00
2.429900E+03    1.000000E+00
2.437900E+03    1.000000E+00
2.446400E+03    1.000000E+00
2.454900E+03    1.000000E+00
2.463800E+03    1.000000E+00
2.472000E+03    1.000000E+00
2.480700E+03    1.000000E+00
2.489400E+03    1.000000E+00
2.498300E+03    1.000000E+00
2.507500E+03    1.000000E+00
2.516400E+03    1.000000E+00
2.525400E+03    1.000000E+00
2.534800E+03    1.000000E+00
2.544000E+03    1.000000E+00
2.552800E+03    1.000000E+00
2.562000E+03    1.000000E+00
2.571300E+03    1.000000E+00
2.580700E+03    1.000000E+00
2.590200E+03    1.000000E+00
2.599700E+03    1.000000E+00
2.609300E+03    1.000000E+00
2.618500E+03    1.000000E+00
2.628300E+03    1.000000E+00
2.637200E+03    1.000000E+00
2.647100E+03    1.000000E+00
2.656200E+03    1.000000E+00
2.665800E+03    1.000000E+00
2.675400E+03    1.000000E+00
2.684700E+03    1.000000E+00
2.694000E+03    1.000000E+00
2.703500E+03    1.000000E+00
2.712500E+03    1.000000E+00
2.722000E+03    1.000000E+00
2.731600E+03    1.000000E+00
2.740400E+03    1.000000E+00
2.749700E+03    1.000000E+00
2.758600E+03    1.000000E+00
2.768000E+03    1.000000E+00
2.776500E+03    1.000000E+00
2.785600E+03    1.000000E+00
2.794700E+03    1.000000E+00
2.803400E+03    1.000000E+00
2.812600E+03    1.000000E+00
2.821400E+03    1.000000E+00
2.830300E+03    1.000000E+00
2.838300E+03    1.000000E+00
2.846800E+03    1.000000E+00
2.854900E+03    1.000000E+00
2.863500E+03    1.000000E+00
2.871100E+03    1.000000E+00
2.879800E+03    1.000000E+00
2.887600E+03    1.000000E+00
2.896400E+03    1.000000E+00
2.906700E+03    1.000000E+00
2.914600E+03    1.000000E+00
2.923000E+03    1.000000E+00
2.930500E+03    1.000000E+00
2.938500E+03    1.000000E+00
2.946100E+03    1.000000E+00
2.954200E+03    1.000000E+00
2.962300E+03    1.000000E+00
2.970500E+03    1.000000E+00
2.978300E+03    1.000000E+00
2.986000E+03    1.000000E+00
2.993300E+03    1.000000E+00
3.001100E+03    1.000000E+00
3.009000E+03    1.000000E+00
3.016900E+03    1.000000E+00
3.024400E+03    1.000000E+00
3.032300E+03    1.000000E+00
3.040400E+03    1.000000E+00
3.052900E+03    1.000000E+00
3.064500E+03    1.000000E+00
3.069400E+03    1.000000E+00
3.074200E+03    1.000000E+00
3.079100E+03    1.000000E+00
3.090300E+03    1.000000E+00
3.099300E+03    1.000000E+00
3.104800E+03    1.000000E+00
3.110200E+03    1.000000E+00
3.115700E+03    1.000000E+00
3.121500E+03    1.000000E+00
3.130300E+03    1.000000E+00
3.136500E+03    1.000000E+00
3.148000E+03    1.000000E+00
3.155700E+03    1.000000E+00
3.165800E+03    1.000000E+00
3.171600E+03    1.000000E+00
3.174400E+03    1.000000E+00
3.177000E+03    1.000000E+00
3.177400E+03    1.000000E+00
3.180100E+03    1.000000E+00
3.186200E+03    1.000000E+00
3.190600E+03    1.000000E+00
3.195700E+03    1.000000E+00
3.205500E+03    1.000000E+00
3.213300E+03    1.000000E+00
3.215500E+03    1.000000E+00
3.219600E+03    1.000000E+00
3.224500E+03    1.000000E+00
3.231500E+03    1.000000E+00
3.244500E+03    1.000000E+00
3.246300E+03    1.000000E+00
3.257500E+03    1.000000E+00
3.259500E+03    1.000000E+00
3.266500E+03    1.000000E+00
3.280500E+03    1.000000E+00
3.285400E+03    1.000000E+00
3.289700E+03    1.000000E+00
3.293900E+03    1.000000E+00
3.297900E+03    1.000000E+00
3.304600E+03    1.000000E+00
3.307500E+03    1.000000E+00
3.312100E+03    1.000000E+00
3.319100E+03    1.000000E+00
3.326900E+03    1.000000E+00
3.334600E+03    1.000000E+00
3.344500E+03    1.000000E+00
3.353900E+03    1.000000E+00
3.364000E+03    1.000000E+00
3.373600E+03    1.000000E+00
3.381800E+03    1.000000E+00
3.390100E+03    1.000000E+00
3.398400E+03    1.000000E+00
3.408800E+03    1.000000E+00
3.417900E+03    1.000000E+00
3.426000E+03    1.000000E+00
3.434100E+03    1.000000E+00
3.443300E+03    1.000000E+00
3.454000E+03    1.000000E+00
3.464100E+03    1.000000E+00
3.472700E+03    1.000000E+00
3.482200E+03    1.000000E+00
3.490900E+03    1.000000E+00
3.498300E+03    1.000000E+00
3.506400E+03    1.000000E+00
3.513200E+03    1.000000E+00
3.519900E+03    1.000000E+00
3.526600E+03    1.000000E+00
3.532700E+03    1.000000E+00
3.538800E+03    1.000000E+00
3.544900E+03    1.000000E+00
3.547900E+03    1.000000E+00
3.554800E+03    1.000000E+00
3.562500E+03    1.000000E+00
3.570200E+03    1.000000E+00
3.578000E+03    1.000000E+00
3.585700E+03    1.000000E+00
3.594300E+03    1.000000E+00
3.602900E+03    1.000000E+00
3.610800E+03    1.000000E+00
3.619400E+03    1.000000E+00
3.627400E+03    1.000000E+00
3.636900E+03    1.000000E+00
3.646400E+03    1.000000E+00
3.653700E+03    1.000000E+00
3.663300E+03    1.000000E+00
3.673800E+03    1.000000E+00
3.684400E+03    1.000000E+00
3.694200E+03    1.000000E+00
3.706500E+03    1.000000E+00
3.719600E+03    0.000000E+00
3.735400E+03    0.000000E+00
3.749600E+03    0.000000E+00
3.776500E+03    0.000000E+00
3.803200E+03    0.000000E+00
3.833000E+03    0.000000E+00
3.870100E+03    0.000000E+00
3.901300E+03    0.000000E+00
