
    OUTPUT FILES FOR THE Sun  

 Solar Constant= 0.308   F_CH4= 9.7720E-05  F_CO2= 1.0000E-02  F_O2= 2.0521E-01  F_N2= 7.6221E-01  F_H2= 4.4365E-09  F_AR= 9.7720E-03  IO3 =  1   IUP=  1
 ICONSERV= 0  FAC= 4.0  ND=101  SRFALB= 0.300  G= 980.0  IMW= 1

 FNO2 = 1.000E-60

 NST=     1 JCONV= 27 CHG=9.98E-02 dt0=2.50E+03 DIVF(1)=-6.93E-01 DIVFrms= 6.91E-01 DT(ND)=-2.00E+01 T(ND)=2.6803E+02

 TIME= 5.000E+03  TIME IN DAYS = 5.787E-02

 PLANETARY ALBEDO:  ALBP = 0.2696

  J     P         ALT         T        CONVEC       DT          TOLD        FH20       FSAVE        FO3        TCOOL       THEAT
  1 1.0765E-04 5.2368E+01 1.9738E+02  0.00E+00  -2.6239E+00  2.0000E+02  8.0781E-07  4.0000E-06  6.2534E-13 -5.3648E+01  8.3070E+00
  2 1.2468E-04 5.1511E+01 1.9879E+02  0.00E+00  -7.9804E-01  2.0000E+02  7.1507E-07  4.0000E-06  1.0047E-12 -1.6446E+01  2.6554E+00
  3 1.4424E-04 5.0656E+01 1.9936E+02  0.00E+00  -6.0401E-01  2.0000E+02  6.2066E-07  4.0000E-06  1.7064E-12 -1.2473E+01  2.0360E+00
  4 1.6668E-04 4.9807E+01 1.9946E+02  0.00E+00  -5.3626E-01  2.0000E+02  5.3121E-07  4.0000E-06  2.9824E-12 -1.0964E+01  1.6978E+00
  5 1.9241E-04 4.8964E+01 1.9952E+02  0.00E+00  -4.8199E-01  2.0000E+02  4.4955E-07  4.0000E-06  5.1672E-12 -9.8182E+00  1.4895E+00
  6 2.2185E-04 4.8127E+01 1.9957E+02  0.00E+00  -4.3037E-01  2.0000E+02  3.7650E-07  4.0000E-06  8.6142E-12 -8.7822E+00  1.3453E+00
  7 2.5552E-04 4.7297E+01 1.9961E+02  0.00E+00  -3.8605E-01  2.0000E+02  3.1446E-07  4.0000E-06  1.3495E-11 -7.9112E+00  1.2403E+00
  8 2.9397E-04 4.6474E+01 1.9965E+02  0.00E+00  -3.5207E-01  2.0000E+02  2.6232E-07  4.0000E-06  1.9865E-11 -7.2504E+00  1.1666E+00
  9 3.3782E-04 4.5657E+01 1.9967E+02  0.00E+00  -3.2784E-01  2.0000E+02  2.1822E-07  4.0000E-06  2.7152E-11 -6.7851E+00  1.1201E+00
 10 3.8779E-04 4.4847E+01 1.9969E+02  0.00E+00  -3.1009E-01  2.0000E+02  1.8241E-07  4.0000E-06  3.5039E-11 -6.4534E+00  1.0950E+00
 11 4.4465E-04 4.4044E+01 1.9971E+02  0.00E+00  -2.9477E-01  2.0000E+02  1.5253E-07  4.0000E-06  4.3308E-11 -6.1774E+00  1.0838E+00
 12 5.0928E-04 4.3247E+01 1.9972E+02  0.00E+00  -2.8003E-01  2.0000E+02  1.2845E-07  4.0000E-06  5.1681E-11 -5.9176E+00  1.0786E+00
 13 5.8266E-04 4.2457E+01 1.9973E+02  0.00E+00  -2.6651E-01  2.0000E+02  1.0932E-07  4.0000E-06  6.0431E-11 -5.6790E+00  1.0737E+00
 14 6.6587E-04 4.1673E+01 1.9974E+02  0.00E+00  -2.5610E-01  2.0000E+02  9.3152E-08  4.0000E-06  6.9617E-11 -5.4915E+00  1.0661E+00
 15 7.6011E-04 4.0897E+01 1.9975E+02  0.00E+00  -2.5078E-01  2.0000E+02  8.0742E-08  4.0000E-06  7.8971E-11 -5.3884E+00  1.0549E+00
 16 8.6673E-04 4.0127E+01 1.9975E+02  0.00E+00  -2.5107E-01  2.0000E+02  7.1256E-08  4.0000E-06  8.7755E-11 -5.3783E+00  1.0399E+00
 17 9.8719E-04 3.9363E+01 1.9974E+02  0.00E+00  -2.5594E-01  2.0000E+02  6.3883E-08  4.0000E-06  9.5937E-11 -5.4432E+00  1.0205E+00
 18 1.1232E-03 3.8607E+01 1.9973E+02  0.00E+00  -2.7044E-01  2.0000E+02  5.8365E-08  4.0000E-06  1.0273E-10 -5.6733E+00  1.0000E+00
 19 1.2764E-03 3.7857E+01 1.9972E+02  0.00E+00  -2.7833E-01  2.0000E+02  5.4411E-08  4.0000E-06  1.0738E-10 -5.7803E+00  9.7073E-01
 20 1.4490E-03 3.7114E+01 1.9972E+02  0.00E+00  -2.8514E-01  2.0000E+02  5.1793E-08  4.0000E-06  1.0900E-10 -5.8566E+00  9.2944E-01
 21 1.6430E-03 3.6378E+01 1.9971E+02  0.00E+00  -2.8968E-01  2.0000E+02  5.0220E-08  4.0000E-06  1.0873E-10 -5.8805E+00  8.7472E-01
 22 1.8610E-03 3.5648E+01 1.9971E+02  0.00E+00  -2.9106E-01  2.0000E+02  4.9583E-08  4.0000E-06  1.0583E-10 -5.8367E+00  8.0726E-01
 23 2.1056E-03 3.4925E+01 1.9971E+02  0.00E+00  -2.8845E-01  2.0000E+02  4.9506E-08  4.0000E-06  1.0091E-10 -5.7153E+00  7.3097E-01
 24 2.3796E-03 3.4209E+01 1.9972E+02  0.00E+00  -2.8129E-01  2.0000E+02  5.0066E-08  4.0000E-06  9.4440E-11 -5.5135E+00  6.5271E-01
 25 2.6863E-03 3.3500E+01 1.9973E+02  0.00E+00  -2.6952E-01  2.0000E+02  5.1000E-08  4.0000E-06  8.6964E-11 -5.2381E+00  5.8075E-01
 26 3.0292E-03 3.2805E+01 1.9481E+02  0.00E+00  -2.5386E-01  2.0000E+02  5.2129E-08  4.0000E-06  7.8918E-11 -4.9088E+00  5.2207E-01
 27 3.4120E-03 3.2143E+01 1.8496E+02  0.00E+00  -1.9966E+01  2.0000E+02  5.3440E-08  4.0000E-06  7.0523E-11 -4.5571E+00  4.8053E-01
 28 3.8389E-03 3.1513E+01 1.8003E+02  0.00E+00  -1.9966E+01  2.0000E+02  5.4815E-08  4.0000E-06  6.2306E-11 -4.2184E+00  4.5585E-01
 29 4.3144E-03 3.0898E+01 1.8003E+02  0.00E+00  -1.9966E+01  2.0000E+02  5.6136E-08  4.0000E-06  5.4331E-11 -3.9213E+00  4.4438E-01
 30 4.8435E-03 3.0288E+01 1.8003E+02  0.00E+00  -1.9966E+01  2.0000E+02  5.7277E-08  4.0000E-06  4.7015E-11 -3.6790E+00  4.4066E-01
 31 5.4313E-03 2.9684E+01 1.8003E+02  0.00E+00  -1.9966E+01  2.0000E+02  5.8228E-08  4.0000E-06  4.0320E-11 -3.4893E+00  4.3949E-01
 32 6.0837E-03 2.9087E+01 1.8003E+02  0.00E+00  -1.9966E+01  2.0000E+02  5.8775E-08  4.0000E-06  3.4213E-11 -3.3403E+00  4.3727E-01
 33 6.8069E-03 2.8495E+01 1.8003E+02  0.00E+00  -1.9966E+01  2.0000E+02  5.8900E-08  4.0000E-06  2.8872E-11 -3.2171E+00  4.3221E-01
 34 7.6076E-03 2.7910E+01 1.8003E+02  0.00E+00  -1.9966E+01  2.0000E+02  5.8704E-08  4.0000E-06  2.4067E-11 -3.1025E+00  4.2334E-01
 35 8.4930E-03 2.7330E+01 1.8003E+02  0.00E+00  -1.9966E+01  2.0000E+02  5.7889E-08  4.0000E-06  1.9866E-11 -2.9761E+00  4.1034E-01
 36 9.4708E-03 2.6756E+01 1.8003E+02  0.00E+00  -1.9966E+01  2.0000E+02  5.6659E-08  4.0000E-06  1.6266E-11 -2.8180E+00  3.9287E-01
 37 1.0550E-02 2.6189E+01 1.8003E+02  0.00E+00  -1.9966E+01  2.0000E+02  5.4994E-08  4.0000E-06  1.3338E-11 -2.8108E+00  3.7094E-01
 38 1.1738E-02 2.5627E+01 1.8003E+02  0.00E+00  -1.9966E+01  2.0000E+02  5.2943E-08  4.0000E-06  1.1059E-11 -2.4846E+00  3.4497E-01
 39 1.3046E-02 2.5071E+01 1.8003E+02  0.00E+00  -1.9966E+01  2.0000E+02  5.0723E-08  4.0000E-06  9.6247E-12 -2.1947E+00  3.1634E-01
 40 1.4483E-02 2.4521E+01 1.8003E+02  0.00E+00  -1.9966E+01  2.0000E+02  4.8530E-08  4.0000E-06  8.7075E-12 -1.9163E+00  2.8675E-01
 41 1.6061E-02 2.3977E+01 1.8003E+02  0.00E+00  -1.9966E+01  2.0000E+02  4.6432E-08  4.0000E-06  8.1208E-12 -1.6682E+00  2.5803E-01
 42 1.7791E-02 2.3440E+01 1.8003E+02  0.00E+00  -1.9966E+01  2.0000E+02  4.4761E-08  4.0000E-06  7.6743E-12 -1.4666E+00  2.3198E-01
 43 1.9686E-02 2.2908E+01 1.8003E+02  0.00E+00  -1.9966E+01  2.0000E+02  4.3357E-08  4.0000E-06  7.2728E-12 -1.3162E+00  2.0989E-01
 44 2.1757E-02 2.2382E+01 1.8003E+02  0.00E+00  -1.9966E+01  2.0000E+02  4.2468E-08  4.0000E-06  6.8989E-12 -1.2100E+00  1.9237E-01
 45 2.4021E-02 2.1862E+01 1.8003E+02  0.00E+00  -1.9966E+01  2.0000E+02  4.1851E-08  4.0000E-06  6.5257E-12 -1.1334E+00  1.7932E-01
 46 2.6490E-02 2.1348E+01 1.8003E+02  0.00E+00  -1.9966E+01  2.0000E+02  4.1498E-08  4.0000E-06  6.1547E-12 -1.0699E+00  1.7007E-01
 47 2.9180E-02 2.0840E+01 1.8003E+02  0.00E+00  -1.9966E+01  2.0000E+02  4.1464E-08  4.0000E-06  5.7878E-12 -1.0068E+00  1.6362E-01
 48 3.2108E-02 2.0337E+01 1.8003E+02  0.00E+00  -1.9966E+01  2.0000E+02  4.1725E-08  4.0000E-06  5.4207E-12 -9.3710E-01  1.5896E-01
 49 3.5290E-02 1.9841E+01 1.8003E+02  0.00E+00  -1.9966E+01  2.0000E+02  4.2225E-08  4.0000E-06  5.0666E-12 -8.5980E-01  1.5523E-01
 50 3.8744E-02 1.9351E+01 1.8003E+02  0.00E+00  -1.9966E+01  2.0000E+02  4.2863E-08  4.0000E-06  4.7098E-12 -7.7775E-01  1.5182E-01
 51 4.2489E-02 1.8866E+01 1.8003E+02  0.00E+00  -1.9966E+01  2.0000E+02  4.3713E-08  4.0000E-06  4.3558E-12 -6.9594E-01  1.4837E-01
 52 4.6544E-02 1.8388E+01 1.8003E+02  0.00E+00  -1.9966E+01  2.0000E+02  4.4774E-08  4.0000E-06  4.0153E-12 -6.1964E-01  1.4471E-01
 53 5.0930E-02 1.7916E+01 1.8003E+02  0.00E+00  -1.9966E+01  2.0000E+02  4.5822E-08  4.0000E-06  3.6791E-12 -5.5294E-01  1.4080E-01
 54 5.5666E-02 1.7449E+01 1.8003E+02  0.00E+00  -1.9966E+01  2.0000E+02  4.6842E-08  4.0000E-06  3.3471E-12 -4.9794E-01  1.3670E-01
 55 6.0776E-02 1.6988E+01 1.8003E+02  0.00E+00  -1.9966E+01  2.0000E+02  4.7726E-08  4.0000E-06  3.0194E-12 -4.5431E-01  1.3254E-01
 56 6.6280E-02 1.6533E+01 1.8003E+02  0.00E+00  -1.9966E+01  2.0000E+02  4.8357E-08  4.0000E-06  2.7000E-12 -4.1957E-01  1.2846E-01
 57 7.2203E-02 1.6085E+01 1.8003E+02  0.00E+00  -1.9966E+01  2.0000E+02  4.8581E-08  4.0000E-06  2.4048E-12 -3.9008E-01  1.2470E-01
 58 7.8567E-02 1.5642E+01 1.8003E+02  0.00E+00  -1.9966E+01  2.0000E+02  4.8379E-08  4.0000E-06  2.1311E-12 -3.6214E-01  1.2133E-01
 59 8.5397E-02 1.5205E+01 1.8003E+02  0.00E+00  -1.9966E+01  2.0000E+02  4.7598E-08  4.0000E-06  1.8754E-12 -3.3278E-01  1.1843E-01
 60 9.2718E-02 1.4774E+01 1.8003E+02  0.00E+00  -1.9966E+01  2.0000E+02  4.6196E-08  4.0000E-06  1.6577E-12 -3.0028E-01  1.1599E-01
 61 1.0055E-01 1.4348E+01 1.8003E+02  0.00E+00  -1.9966E+01  2.0000E+02  4.4280E-08  4.0000E-06  1.4614E-12 -3.0077E-01  1.1390E-01
 62 1.0893E-01 1.3929E+01 1.8003E+02  0.00E+00  -1.9966E+01  2.0000E+02  4.1858E-08  4.0000E-06  1.2939E-12 -2.1600E-01  1.1009E-01
 63 1.1787E-01 1.3516E+01 1.8003E+02  0.00E+00  -1.9966E+01  2.0000E+02  3.9102E-08  4.0000E-06  1.1548E-12 -1.4574E-01  1.0673E-01
 64 1.2741E-01 1.3108E+01 1.8003E+02  0.00E+00  -1.9966E+01  2.0000E+02  3.6131E-08  4.0000E-06  1.0345E-12 -8.2260E-02  1.0363E-01
 65 1.3756E-01 1.2706E+01 1.8003E+02  0.00E+00  -1.9966E+01  2.0000E+02  3.3174E-08  4.0000E-06  9.3081E-13 -2.1573E-02  1.0068E-01
 66 1.4836E-01 1.2311E+01 1.8003E+02  0.00E+00  -1.9966E+01  2.0000E+02  3.0320E-08  4.0000E-06  8.3789E-13  4.0261E-02  9.7840E-02
 67 1.5983E-01 1.1921E+01 1.8003E+02  0.00E+00  -1.9966E+01  2.0000E+02  2.7822E-08  4.0000E-06  7.5397E-13  1.0924E-01  9.5077E-02
 68 1.7199E-01 1.1537E+01 1.8003E+02  0.00E+00  -1.9966E+01  2.0000E+02  2.5854E-08  4.0000E-06  6.7772E-13  1.9776E-01  9.2367E-02
 69 1.8487E-01 1.1159E+01 1.8004E+02  0.00E+00  -1.9966E+01  2.0000E+02  2.4432E-08  4.0000E-06  6.0662E-13  3.8076E-01  8.9690E-02
 70 1.9849E-01 1.0785E+01 1.8106E+02  1.00E+00  -1.9966E+01  2.0001E+02  4.1562E-08  4.0000E-06  5.3678E-13  3.7330E-01  8.7083E-02
 71 2.1288E-01 1.0414E+01 1.8411E+02  1.00E+00  -1.9966E+01  2.0407E+02  8.2098E-08  2.1360E-06  4.5594E-13  1.8611E-01  8.5261E-02
 72 2.2806E-01 1.0041E+01 1.8818E+02  1.00E+00  -1.9966E+01  2.0814E+02  1.6993E-07  3.8712E-06  3.7246E-13  9.0693E-02  8.3536E-02
 73 2.4405E-01 9.6667E+00 1.9225E+02  1.00E+00  -1.9966E+01  2.1221E+02  3.4103E-07  6.8568E-06  2.8051E-13  1.2327E-02  8.2001E-02
 74 2.6087E-01 9.2904E+00 1.9631E+02  1.00E+00  -1.9966E+01  2.1628E+02  6.6406E-07  1.1873E-05  1.9690E-13 -8.4023E-02  8.0820E-02
 75 2.7854E-01 8.9127E+00 2.0036E+02  1.00E+00  -1.9966E+01  2.2033E+02  1.2551E-06  2.0099E-05  1.3438E-13 -2.3192E-01  8.0172E-02
 76 2.9708E-01 8.5339E+00 2.0438E+02  1.00E+00  -1.9966E+01  2.2435E+02  2.3029E-06  3.3260E-05  8.8106E-14 -4.6386E-01  8.0392E-02
 77 3.1649E-01 8.1544E+00 2.0836E+02  1.00E+00  -1.9966E+01  2.2833E+02  4.1011E-06  5.3777E-05  5.2731E-14 -7.9444E-01  8.1936E-02
 78 3.3680E-01 7.7745E+00 2.1227E+02  1.00E+00  -1.9966E+01  2.3224E+02  7.0858E-06  8.4915E-05  2.8041E-14 -1.2140E+00  8.5361E-02
 79 3.5802E-01 7.3945E+00 2.1611E+02  1.00E+00  -1.9966E+01  2.3607E+02  1.1872E-05  1.3085E-04  1.2880E-14 -1.6679E+00  9.1141E-02
 80 3.8014E-01 7.0150E+00 2.1983E+02  1.00E+00  -1.9966E+01  2.3980E+02  1.9278E-05  1.9666E-04  5.1103E-15 -2.0869E+00  9.9625E-02
 81 4.0319E-01 6.6363E+00 2.2344E+02  1.00E+00  -1.9966E+01  2.4341E+02  3.0332E-05  2.8813E-04  1.8109E-15 -2.4331E+00  1.1100E-01
 82 4.2715E-01 6.2588E+00 2.2690E+02  1.00E+00  -1.9966E+01  2.4687E+02  4.6249E-05  4.1150E-04  6.2103E-16 -2.6693E+00  1.2488E-01
 83 4.5204E-01 5.8832E+00 2.3021E+02  1.00E+00  -1.9966E+01  2.5018E+02  6.8376E-05  5.7302E-04  2.2437E-16 -2.8076E+00  1.4000E-01
 84 4.7784E-01 5.5097E+00 2.3335E+02  1.00E+00  -1.9966E+01  2.5332E+02  9.8132E-05  7.7864E-04  8.5975E-17 -2.8838E+00  1.5558E-01
 85 5.0455E-01 5.1390E+00 2.3633E+02  1.00E+00  -1.9966E+01  2.5629E+02  1.3693E-04  1.0337E-03  3.4838E-17 -2.8902E+00  1.7166E-01
 86 5.3217E-01 4.7715E+00 2.3914E+02  1.00E+00  -1.9966E+01  2.5910E+02  1.8612E-04  1.3427E-03  1.4848E-17 -2.8114E+00  1.8766E-01
 87 5.6067E-01 4.4075E+00 2.4178E+02  1.00E+00  -1.9966E+01  2.6175E+02  2.4694E-04  1.7092E-03  6.6368E-18 -2.6977E+00  2.0161E-01
 88 5.9003E-01 4.0475E+00 2.4428E+02  1.00E+00  -1.9966E+01  2.6424E+02  3.2053E-04  2.1362E-03  3.2339E-18 -2.5769E+00  2.1284E-01
 89 6.2025E-01 3.6919E+00 2.4663E+02  1.00E+00  -1.9966E+01  2.6659E+02  4.0786E-04  2.6257E-03  2.1396E-18 -2.4516E+00  2.2181E-01
 90 6.5129E-01 3.3411E+00 2.4884E+02  1.00E+00  -1.9966E+01  2.6881E+02  5.0978E-04  3.1791E-03  2.3886E-18 -2.3233E+00  2.2880E-01
 91 6.8312E-01 2.9953E+00 2.5094E+02  1.00E+00  -1.9966E+01  2.7090E+02  6.2700E-04  3.7973E-03  5.2073E-18 -2.1496E+00  2.3429E-01
 92 7.1570E-01 2.6548E+00 2.5291E+02  1.00E+00  -1.9966E+01  2.7288E+02  7.6011E-04  4.4806E-03  1.9434E-17 -1.9358E+00  2.3807E-01
 93 7.4901E-01 2.3198E+00 2.5499E+02  1.00E+00  -1.9966E+01  2.7495E+02  9.2688E-04  5.3017E-03  9.0803E-17 -1.7288E+00  2.4242E-01
 94 7.8299E-01 1.9905E+00 2.5698E+02  1.00E+00  -1.9966E+01  2.7694E+02  1.1180E-03  6.0910E-03  5.0803E-16 -1.5161E+00  2.4733E-01
 95 8.1760E-01 1.6669E+00 2.5889E+02  1.00E+00  -1.9966E+01  2.7886E+02  1.3352E-03  6.9517E-03  3.4378E-15 -1.3445E+00  2.5230E-01
 96 8.5280E-01 1.3494E+00 2.6072E+02  1.00E+00  -1.9966E+01  2.8068E+02  1.5777E-03  7.9380E-03  1.8997E-14 -1.2321E+00  2.5713E-01
 97 8.8852E-01 1.0382E+00 2.6246E+02  1.00E+00  -1.9966E+01  2.8243E+02  1.8464E-03  8.8819E-03  8.3406E-14 -1.1869E+00  2.6181E-01
 98 9.2470E-01 7.3346E-01 2.6414E+02  1.00E+00  -1.9966E+01  2.8411E+02  2.1445E-03  9.9697E-03  2.7282E-13 -1.2085E+00  2.6568E-01
 99 9.6128E-01 4.3536E-01 2.6575E+02  1.00E+00  -1.9966E+01  2.8571E+02  2.4693E-03  1.1137E-02  5.5491E-13 -1.3263E+00  2.6795E-01
100 9.9821E-01 1.4410E-01 2.6728E+02  1.00E+00  -1.9966E+01  2.8725E+02  2.8218E-03  1.2256E-02  1.0400E-12 -1.4318E+00  2.7121E-01
101 1.0169E+00 0.0000E+00 2.6803E+02  1.00E+00  -1.9966E+01  2.8800E+02  3.0106E-03  1.2805E-02  8.6100E-13  0.0000E+00  0.0000E+00
  J     P         ALT         T        CONVEC       DT          TOLD        FH20       FSAVE        FO3        TCOOL       THEAT

 FCO2
  1.00E-02 1.00E-02 1.00E-02 1.00E-02 1.00E-02 1.00E-02 1.00E-02 1.00E-02 1.00E-02 1.00E-02
  1.00E-02 1.00E-02 1.00E-02 1.00E-02 1.00E-02 1.00E-02 1.00E-02 1.00E-02 1.00E-02 1.00E-02
  1.00E-02 1.00E-02 1.00E-02 1.00E-02 1.00E-02 1.00E-02 1.00E-02 1.00E-02 1.00E-02 1.00E-02
  1.00E-02 1.00E-02 1.00E-02 1.00E-02 1.00E-02 1.00E-02 1.00E-02 1.00E-02 1.00E-02 1.00E-02
  1.00E-02 1.00E-02 1.00E-02 1.00E-02 1.00E-02 1.00E-02 1.00E-02 1.00E-02 1.00E-02 1.00E-02
  1.00E-02 1.00E-02 1.00E-02 1.00E-02 1.00E-02 1.00E-02 1.00E-02 1.00E-02 1.00E-02 1.00E-02
  1.00E-02 1.00E-02 1.00E-02 1.00E-02 1.00E-02 1.00E-02 1.00E-02 1.00E-02 1.00E-02 1.00E-02
  1.00E-02 1.00E-02 1.00E-02 1.00E-02 1.00E-02 1.00E-02 1.00E-02 1.00E-02 1.00E-02 1.00E-02
  1.00E-02 1.00E-02 1.00E-02 1.00E-02 1.00E-02 1.00E-02 1.00E-02 1.00E-02 1.00E-02 1.00E-02
  1.00E-02 1.00E-02 1.00E-02 1.00E-02 1.00E-02 1.00E-02 1.00E-02 1.00E-02 1.00E-02 1.00E-02
  1.00E-02

  J    PF         ALT       FTOTAL       FTIR       FDNIR       FUPIR       FTSOL       FDNSOL       FUPSOL       DIVF
  1 1.0000E-04 5.2368E+01 -1.7377E+05 -2.5065E+05  0.0000E+00  2.5065E+05  7.6884E+04  1.0527E+05  2.8384E+04 -6.9326E-01
  2 1.1588E-04 5.1511E+01 -1.7368E+05 -2.5055E+05  1.0006E+02  2.5065E+05  7.6868E+04  1.0525E+05  2.8384E+04 -6.9293E-01
  3 1.3414E-04 5.0656E+01 -1.7365E+05 -2.5052E+05  1.3557E+02  2.5065E+05  7.6863E+04  1.0525E+05  2.8384E+04 -6.9281E-01
  4 1.5510E-04 4.9807E+01 -1.7363E+05 -2.5049E+05  1.6654E+02  2.5065E+05  7.6858E+04  1.0524E+05  2.8383E+04 -6.9270E-01
  5 1.7913E-04 4.8964E+01 -1.7360E+05 -2.5045E+05  1.9775E+02  2.5065E+05  7.6853E+04  1.0524E+05  2.8383E+04 -6.9260E-01
  6 2.0666E-04 4.8127E+01 -1.7357E+05 -2.5042E+05  2.2973E+02  2.5065E+05  7.6848E+04  1.0523E+05  2.8383E+04 -6.9249E-01
  7 2.3816E-04 4.7297E+01 -1.7355E+05 -2.5039E+05  2.6244E+02  2.5065E+05  7.6843E+04  1.0523E+05  2.8383E+04 -6.9238E-01
  8 2.7414E-04 4.6474E+01 -1.7352E+05 -2.5036E+05  2.9609E+02  2.5065E+05  7.6838E+04  1.0522E+05  2.8383E+04 -6.9227E-01
  9 3.1522E-04 4.5657E+01 -1.7349E+05 -2.5032E+05  3.3125E+02  2.5065E+05  7.6832E+04  1.0521E+05  2.8382E+04 -6.9215E-01
 10 3.6204E-04 4.4847E+01 -1.7346E+05 -2.5029E+05  3.6874E+02  2.5065E+05  7.6826E+04  1.0521E+05  2.8382E+04 -6.9203E-01
 11 4.1536E-04 4.4044E+01 -1.7343E+05 -2.5024E+05  4.0930E+02  2.5065E+05  7.6819E+04  1.0520E+05  2.8381E+04 -6.9189E-01
 12 4.7600E-04 4.3247E+01 -1.7339E+05 -2.5020E+05  4.5343E+02  2.5065E+05  7.6812E+04  1.0519E+05  2.8381E+04 -6.9175E-01
 13 5.4489E-04 4.2457E+01 -1.7335E+05 -2.5015E+05  5.0142E+02  2.5065E+05  7.6803E+04  1.0518E+05  2.8381E+04 -6.9159E-01
 14 6.2305E-04 4.1673E+01 -1.7331E+05 -2.5010E+05  5.5366E+02  2.5066E+05  7.6793E+04  1.0517E+05  2.8380E+04 -6.9142E-01
 15 7.1163E-04 4.0897E+01 -1.7326E+05 -2.5004E+05  6.1087E+02  2.5066E+05  7.6782E+04  1.0516E+05  2.8379E+04 -6.9124E-01
 16 8.1190E-04 4.0127E+01 -1.7321E+05 -2.4998E+05  6.7440E+02  2.5066E+05  7.6770E+04  1.0515E+05  2.8379E+04 -6.9103E-01
 17 9.2526E-04 3.9363E+01 -1.7315E+05 -2.4991E+05  7.4607E+02  2.5066E+05  7.6756E+04  1.0513E+05  2.8378E+04 -6.9080E-01
 18 1.0533E-03 3.8607E+01 -1.7309E+05 -2.4983E+05  8.2795E+02  2.5066E+05  7.6741E+04  1.0512E+05  2.8377E+04 -6.9054E-01
 19 1.1977E-03 3.7857E+01 -1.7301E+05 -2.4973E+05  9.2421E+02  2.5066E+05  7.6724E+04  1.0510E+05  2.8376E+04 -6.9022E-01
 20 1.3603E-03 3.7114E+01 -1.7292E+05 -2.4962E+05  1.0346E+03  2.5066E+05  7.6705E+04  1.0508E+05  2.8375E+04 -6.8986E-01
 21 1.5434E-03 3.6378E+01 -1.7281E+05 -2.4950E+05  1.1605E+03  2.5066E+05  7.6686E+04  1.0506E+05  2.8373E+04 -6.8943E-01
 22 1.7491E-03 3.5648E+01 -1.7269E+05 -2.4936E+05  1.3025E+03  2.5066E+05  7.6664E+04  1.0504E+05  2.8372E+04 -6.8895E-01
 23 1.9801E-03 3.4925E+01 -1.7256E+05 -2.4920E+05  1.4607E+03  2.5066E+05  7.6643E+04  1.0501E+05  2.8370E+04 -6.8841E-01
 24 2.2390E-03 3.4209E+01 -1.7240E+05 -2.4903E+05  1.6344E+03  2.5066E+05  7.6621E+04  1.0499E+05  2.8368E+04 -6.8780E-01
 25 2.5290E-03 3.3500E+01 -1.7224E+05 -2.4884E+05  1.8220E+03  2.5066E+05  7.6598E+04  1.0496E+05  2.8366E+04 -6.8714E-01
 26 2.8534E-03 3.2805E+01 -1.7206E+05 -2.4864E+05  2.0215E+03  2.5066E+05  7.6576E+04  1.0494E+05  2.8364E+04 -6.8644E-01
 27 3.2158E-03 3.2143E+01 -1.7188E+05 -2.4843E+05  2.2303E+03  2.5066E+05  7.6554E+04  1.0492E+05  2.8361E+04 -6.8569E-01
 28 3.6202E-03 3.1513E+01 -1.7168E+05 -2.4822E+05  2.4467E+03  2.5066E+05  7.6532E+04  1.0489E+05  2.8358E+04 -6.8492E-01
 29 4.0709E-03 3.0898E+01 -1.7149E+05 -2.4799E+05  2.6700E+03  2.5066E+05  7.6507E+04  1.0486E+05  2.8355E+04 -6.8413E-01
 30 4.5726E-03 3.0288E+01 -1.7128E+05 -2.4776E+05  2.9012E+03  2.5066E+05  7.6481E+04  1.0483E+05  2.8351E+04 -6.8331E-01
 31 5.1304E-03 2.9684E+01 -1.7107E+05 -2.4752E+05  3.1425E+03  2.5067E+05  7.6453E+04  1.0480E+05  2.8347E+04 -6.8247E-01
 32 5.7499E-03 2.9087E+01 -1.7085E+05 -2.4727E+05  3.3967E+03  2.5067E+05  7.6421E+04  1.0476E+05  2.8343E+04 -6.8158E-01
 33 6.4369E-03 2.8495E+01 -1.7062E+05 -2.4700E+05  3.6667E+03  2.5067E+05  7.6386E+04  1.0472E+05  2.8338E+04 -6.8064E-01
 34 7.1981E-03 2.7910E+01 -1.7037E+05 -2.4672E+05  3.9548E+03  2.5067E+05  7.6347E+04  1.0468E+05  2.8332E+04 -6.7965E-01
 35 8.0403E-03 2.7330E+01 -1.7010E+05 -2.4641E+05  4.2624E+03  2.5067E+05  7.6305E+04  1.0463E+05  2.8326E+04 -6.7859E-01
 36 8.9711E-03 2.6756E+01 -1.6983E+05 -2.4609E+05  4.5886E+03  2.5067E+05  7.6261E+04  1.0458E+05  2.8319E+04 -6.7747E-01
 37 9.9984E-03 2.6189E+01 -1.6953E+05 -2.4575E+05  4.9298E+03  2.5068E+05  7.6214E+04  1.0453E+05  2.8312E+04 -6.7630E-01
 38 1.1131E-02 2.5627E+01 -1.6921E+05 -2.4537E+05  5.3081E+03  2.5068E+05  7.6164E+04  1.0447E+05  2.8304E+04 -6.7500E-01
 39 1.2378E-02 2.5071E+01 -1.6890E+05 -2.4501E+05  5.6771E+03  2.5069E+05  7.6114E+04  1.0441E+05  2.8295E+04 -6.7374E-01
 40 1.3750E-02 2.4521E+01 -1.6860E+05 -2.4466E+05  6.0364E+03  2.5070E+05  7.6063E+04  1.0435E+05  2.8285E+04 -6.7251E-01
 41 1.5256E-02 2.3977E+01 -1.6831E+05 -2.4432E+05  6.3821E+03  2.5070E+05  7.6013E+04  1.0429E+05  2.8275E+04 -6.7135E-01
 42 1.6909E-02 2.3440E+01 -1.6804E+05 -2.4400E+05  6.7134E+03  2.5071E+05  7.5963E+04  1.0423E+05  2.8263E+04 -6.7024E-01
 43 1.8720E-02 2.2908E+01 -1.6778E+05 -2.4369E+05  7.0340E+03  2.5072E+05  7.5914E+04  1.0416E+05  2.8250E+04 -6.6917E-01
 44 2.0701E-02 2.2382E+01 -1.6752E+05 -2.4338E+05  7.3501E+03  2.5073E+05  7.5865E+04  1.0410E+05  2.8236E+04 -6.6811E-01
 45 2.2867E-02 2.1862E+01 -1.6726E+05 -2.4308E+05  7.6690E+03  2.5075E+05  7.5816E+04  1.0404E+05  2.8221E+04 -6.6705E-01
 46 2.5232E-02 2.1348E+01 -1.6700E+05 -2.4276E+05  7.9963E+03  2.5076E+05  7.5767E+04  1.0397E+05  2.8204E+04 -6.6596E-01
 47 2.7810E-02 2.0840E+01 -1.6673E+05 -2.4244E+05  8.3345E+03  2.5078E+05  7.5716E+04  1.0390E+05  2.8186E+04 -6.6484E-01
 48 3.0617E-02 2.0337E+01 -1.6645E+05 -2.4211E+05  8.6827E+03  2.5079E+05  7.5662E+04  1.0383E+05  2.8167E+04 -6.6369E-01
 49 3.3670E-02 1.9841E+01 -1.6617E+05 -2.4178E+05  9.0372E+03  2.5081E+05  7.5605E+04  1.0375E+05  2.8145E+04 -6.6253E-01
 50 3.6987E-02 1.9351E+01 -1.6590E+05 -2.4144E+05  9.3932E+03  2.5084E+05  7.5545E+04  1.0367E+05  2.8123E+04 -6.6138E-01
 51 4.0585E-02 1.8866E+01 -1.6563E+05 -2.4112E+05  9.7461E+03  2.5086E+05  7.5481E+04  1.0358E+05  2.8098E+04 -6.6026E-01
 52 4.4483E-02 1.8388E+01 -1.6539E+05 -2.4080E+05  1.0092E+04  2.5089E+05  7.5413E+04  1.0348E+05  2.8071E+04 -6.5919E-01
 53 4.8701E-02 1.7916E+01 -1.6515E+05 -2.4049E+05  1.0431E+04  2.5092E+05  7.5342E+04  1.0338E+05  2.8043E+04 -6.5817E-01
 54 5.3260E-02 1.7449E+01 -1.6493E+05 -2.4020E+05  1.0764E+04  2.5096E+05  7.5267E+04  1.0328E+05  2.8012E+04 -6.5720E-01
 55 5.8181E-02 1.6988E+01 -1.6472E+05 -2.3991E+05  1.1094E+04  2.5101E+05  7.5188E+04  1.0317E+05  2.7979E+04 -6.5625E-01
 56 6.3486E-02 1.6533E+01 -1.6452E+05 -2.3963E+05  1.1426E+04  2.5106E+05  7.5106E+04  1.0305E+05  2.7944E+04 -6.5533E-01
 57 6.9198E-02 1.6085E+01 -1.6433E+05 -2.3935E+05  1.1763E+04  2.5111E+05  7.5020E+04  1.0293E+05  2.7906E+04 -6.5440E-01
 58 7.5339E-02 1.5642E+01 -1.6414E+05 -2.3907E+05  1.2109E+04  2.5118E+05  7.4931E+04  1.0280E+05  2.7866E+04 -6.5347E-01
 59 8.1934E-02 1.5205E+01 -1.6395E+05 -2.3879E+05  1.2464E+04  2.5125E+05  7.4837E+04  1.0266E+05  2.7823E+04 -6.5254E-01
 60 8.9007E-02 1.4774E+01 -1.6378E+05 -2.3851E+05  1.2826E+04  2.5134E+05  7.4739E+04  1.0252E+05  2.7777E+04 -6.5161E-01
 61 9.6583E-02 1.4348E+01 -1.6361E+05 -2.3825E+05  1.3192E+04  2.5144E+05  7.4636E+04  1.0236E+05  2.7728E+04 -6.5070E-01
 62 1.0469E-01 1.3929E+01 -1.6343E+05 -2.3796E+05  1.3674E+04  2.5164E+05  7.4528E+04  1.0221E+05  2.7677E+04 -6.4949E-01
 63 1.1335E-01 1.3516E+01 -1.6333E+05 -2.3774E+05  1.4115E+04  2.5186E+05  7.4417E+04  1.0204E+05  2.7622E+04 -6.4849E-01
 64 1.2258E-01 1.3108E+01 -1.6329E+05 -2.3759E+05  1.4524E+04  2.5211E+05  7.4301E+04  1.0187E+05  2.7564E+04 -6.4767E-01
 65 1.3243E-01 1.2706E+01 -1.6331E+05 -2.3749E+05  1.4907E+04  2.5240E+05  7.4182E+04  1.0169E+05  2.7503E+04 -6.4703E-01
 66 1.4290E-01 1.2311E+01 -1.6341E+05 -2.3747E+05  1.5266E+04  2.5273E+05  7.4059E+04  1.0150E+05  2.7439E+04 -6.4656E-01
 67 1.5403E-01 1.1921E+01 -1.6359E+05 -2.3752E+05  1.5606E+04  2.5312E+05  7.3931E+04  1.0130E+05  2.7371E+04 -6.4627E-01
 68 1.6584E-01 1.1537E+01 -1.6387E+05 -2.3767E+05  1.5930E+04  2.5360E+05  7.3800E+04  1.0110E+05  2.7299E+04 -6.4617E-01
 69 1.7836E-01 1.1159E+01 -1.6429E+05 -2.3796E+05  1.6242E+04  2.5420E+05  7.3665E+04  1.0089E+05  2.7223E+04 -6.4632E-01
 70 1.9161E-01 1.0785E+01 -1.6502E+05 -2.3855E+05  1.6547E+04  2.5510E+05  7.3526E+04  1.0067E+05  2.7144E+04 -6.4690E-01
 71 2.0562E-01 1.0414E+01 -1.6578E+05 -2.3916E+05  1.7818E+04  2.5698E+05  7.3383E+04  1.0044E+05  2.7061E+04 -6.4510E-01
 72 2.2040E-01 1.0041E+01 -1.6625E+05 -2.3948E+05  1.9532E+04  2.5901E+05  7.3236E+04  1.0021E+05  2.6975E+04 -6.4184E-01
 73 2.3599E-01 9.6667E+00 -1.6656E+05 -2.3965E+05  2.1563E+04  2.6121E+05  7.3083E+04  9.9967E+04  2.6884E+04 -6.3766E-01
 74 2.5239E-01 9.2904E+00 -1.6675E+05 -2.3967E+05  2.3900E+04  2.6357E+05  7.2926E+04  9.9715E+04  2.6789E+04 -6.3264E-01
 75 2.6964E-01 8.9127E+00 -1.6674E+05 -2.3950E+05  2.6608E+04  2.6611E+05  7.2763E+04  9.9453E+04  2.6690E+04 -6.2658E-01
 76 2.8774E-01 8.5339E+00 -1.6642E+05 -2.3901E+05  2.9824E+04  2.6883E+05  7.2592E+04  9.9180E+04  2.6587E+04 -6.1903E-01
 77 3.0672E-01 8.1544E+00 -1.6556E+05 -2.3798E+05  3.3781E+04  2.7176E+05  7.2414E+04  9.8894E+04  2.6480E+04 -6.0923E-01
 78 3.2658E-01 7.7745E+00 -1.6391E+05 -2.3613E+05  3.8769E+04  2.7490E+05  7.2223E+04  9.8592E+04  2.6369E+04 -5.9624E-01
 79 3.4734E-01 7.3945E+00 -1.6116E+05 -2.3317E+05  4.5095E+04  2.7827E+05  7.2015E+04  9.8269E+04  2.6254E+04 -5.7915E-01
 80 3.6902E-01 7.0150E+00 -1.5715E+05 -2.2893E+05  5.2950E+04  2.8188E+05  7.1783E+04  9.7918E+04  2.6135E+04 -5.5750E-01
 81 3.9160E-01 6.6363E+00 -1.5188E+05 -2.2340E+05  6.2352E+04  2.8575E+05  7.1519E+04  9.7530E+04  2.6011E+04 -5.3151E-01
 82 4.1511E-01 6.2588E+00 -1.4547E+05 -2.1668E+05  7.3196E+04  2.8988E+05  7.1213E+04  9.7097E+04  2.5884E+04 -5.0183E-01
 83 4.3954E-01 5.8832E+00 -1.3817E+05 -2.0903E+05  8.5240E+04  2.9427E+05  7.0855E+04  9.6607E+04  2.5753E+04 -4.6955E-01
 84 4.6489E-01 5.5097E+00 -1.3023E+05 -2.0067E+05  9.8232E+04  2.9890E+05  7.0438E+04  9.6055E+04  2.5618E+04 -4.3570E-01
 85 4.9115E-01 5.1390E+00 -1.2181E+05 -1.9177E+05  1.1196E+05  3.0373E+05  6.9958E+04  9.5437E+04  2.5479E+04 -4.0106E-01
 86 5.1832E-01 4.7715E+00 -1.1314E+05 -1.8255E+05  1.2619E+05  3.0874E+05  6.9410E+04  9.4747E+04  2.5337E+04 -3.6645E-01
 87 5.4638E-01 4.4075E+00 -1.0449E+05 -1.7328E+05  1.4061E+05  3.1389E+05  6.8791E+04  9.3984E+04  2.5192E+04 -3.3288E-01
 88 5.7532E-01 4.0475E+00 -9.6001E+04 -1.6411E+05  1.5505E+05  3.1916E+05  6.8106E+04  9.3151E+04  2.5045E+04 -3.0080E-01
 89 6.0512E-01 3.6919E+00 -8.7725E+04 -1.5509E+05  1.6942E+05  3.2450E+05  6.7361E+04  9.2257E+04  2.4896E+04 -2.7034E-01
 90 6.3576E-01 3.3411E+00 -7.9701E+04 -1.4626E+05  1.8364E+05  3.2990E+05  6.6563E+04  9.1308E+04  2.4746E+04 -2.4159E-01
 91 6.6720E-01 2.9953E+00 -7.1967E+04 -1.3768E+05  1.9766E+05  3.3535E+05  6.5718E+04  9.0313E+04  2.4596E+04 -2.1460E-01
 92 6.9941E-01 2.6548E+00 -6.4720E+04 -1.2955E+05  2.1133E+05  3.4088E+05  6.4831E+04  8.9278E+04  2.4447E+04 -1.8986E-01
 93 7.3237E-01 2.3198E+00 -5.8151E+04 -1.2206E+05  2.2471E+05  3.4677E+05  6.3910E+04  8.8210E+04  2.4300E+04 -1.6769E-01
 94 7.6602E-01 1.9905E+00 -5.2278E+04 -1.1523E+05  2.3745E+05  3.5268E+05  6.2952E+04  8.7111E+04  2.4159E+04 -1.4823E-01
 95 8.0033E-01 1.6669E+00 -4.7168E+04 -1.0912E+05  2.4945E+05  3.5858E+05  6.1956E+04  8.5981E+04  2.4025E+04 -1.3154E-01
 96 8.3525E-01 1.3494E+00 -4.2692E+04 -1.0361E+05  2.6078E+05  3.6439E+05  6.0922E+04  8.4823E+04  2.3901E+04 -1.1716E-01
 97 8.7072E-01 1.0382E+00 -3.8634E+04 -9.8486E+04  2.7161E+05  3.7009E+05  5.9852E+04  8.3644E+04  2.3792E+04 -1.0439E-01
 98 9.0668E-01 7.3346E-01 -3.4729E+04 -9.3476E+04  2.8219E+05  3.7567E+05  5.8747E+04  8.2452E+04  2.3705E+04 -9.2446E-02
 99 9.4308E-01 4.3536E-01 -3.0702E+04 -8.8314E+04  2.9268E+05  3.8100E+05  5.7612E+04  8.1260E+04  2.3648E+04 -8.0584E-02
100 9.7984E-01 1.4410E-01 -2.6136E+04 -8.2592E+04  3.0320E+05  3.8579E+05  5.6456E+04  8.0091E+04  2.3635E+04 -6.7746E-02
101 1.0169E+00 0.0000E+00 -2.1088E+04 -7.6364E+04  3.1166E+05  3.8803E+05  5.5276E+04  7.8966E+04  2.3690E+04 -5.4346E-02

 NST=     2 JCONV= 70 CHG=8.74E-02 dt0=1.25E+03 DIVF(1)=-5.91E-01 DIVFrms= 5.77E-01 DT(ND)=-1.58E+01 T(ND)=2.5220E+02
 NST=     3 JCONV= 70 CHG=7.92E-02 dt0=6.25E+02 DIVF(1)=-5.29E-01 DIVFrms= 5.12E-01 DT(ND)=-1.33E+01 T(ND)=2.3887E+02
 NST=     4 JCONV= 71 CHG=7.03E-02 dt0=3.13E+02 DIVF(1)=-4.60E-01 DIVFrms= 4.40E-01 DT(ND)=-1.10E+01 T(ND)=2.2788E+02
 NST=     5 JCONV= 71 CHG=5.96E-02 dt0=1.56E+02 DIVF(1)=-3.87E-01 DIVFrms= 3.64E-01 DT(ND)=-8.82E+00 T(ND)=2.1906E+02
 NST=     6 JCONV= 72 CHG=4.89E-02 dt0=7.81E+01 DIVF(1)=-3.14E-01 DIVFrms= 2.87E-01 DT(ND)=-6.87E+00 T(ND)=2.1218E+02
 NST=     7 JCONV= 72 CHG=3.81E-02 dt0=3.91E+01 DIVF(1)=-2.45E-01 DIVFrms= 2.15E-01 DT(ND)=-5.20E+00 T(ND)=2.0698E+02
 NST=     8 JCONV= 73 CHG=2.90E-02 dt0=1.95E+01 DIVF(1)=-1.85E-01 DIVFrms= 1.53E-01 DT(ND)=-3.84E+00 T(ND)=2.0314E+02
 NST=     9 JCONV= 73 CHG=2.11E-02 dt0=9.77E+00 DIVF(1)=-1.36E-01 DIVFrms= 1.03E-01 DT(ND)=-2.77E+00 T(ND)=2.0038E+02
 NST=    10 JCONV= 73 CHG=1.53E-02 dt0=9.77E+00 DIVF(1)=-9.80E-02 DIVFrms= 6.55E-02 DT(ND)=-1.96E+00 T(ND)=1.9841E+02
 NST=    11 JCONV= 74 CHG=1.07E-02 dt0=9.77E+00 DIVF(1)=-6.94E-02 DIVFrms= 4.18E-02 DT(ND)=-1.38E+00 T(ND)=1.9704E+02
 NST=    12 JCONV= 74 CHG=7.45E-03 dt0=1.46E+01 DIVF(1)=-4.85E-02 DIVFrms= 3.34E-02 DT(ND)=-9.56E-01 T(ND)=1.9608E+02
 NST=    13 JCONV= 74 CHG=5.13E-03 dt0=2.20E+01 DIVF(1)=-3.36E-02 DIVFrms= 3.56E-02 DT(ND)=-6.59E-01 T(ND)=1.9542E+02
 NST=    14 JCONV= 75 CHG=3.51E-03 dt0=3.30E+01 DIVF(1)=-2.31E-02 DIVFrms= 4.14E-02 DT(ND)=-4.51E-01 T(ND)=1.9497E+02
 NST=    15 JCONV= 75 CHG=2.38E-03 dt0=4.94E+01 DIVF(1)=-1.58E-02 DIVFrms= 4.64E-02 DT(ND)=-3.08E-01 T(ND)=1.9466E+02
 NST=    16 JCONV= 75 CHG=1.61E-03 dt0=7.42E+01 DIVF(1)=-1.07E-02 DIVFrms= 5.03E-02 DT(ND)=-2.09E-01 T(ND)=1.9445E+02
 NST=    17 JCONV= 75 CHG=1.09E-03 dt0=1.11E+02 DIVF(1)=-7.25E-03 DIVFrms= 5.31E-02 DT(ND)=-1.41E-01 T(ND)=1.9431E+02
 NST=    18 JCONV= 75 CHG=7.24E-04 dt0=5.56E+02 DIVF(1)=-4.85E-03 DIVFrms= 5.51E-02 DT(ND)=-9.43E-02 T(ND)=1.9422E+02
 NST=    19 JCONV= 75 CHG=4.77E-04 dt0=2.78E+03 DIVF(1)=-3.21E-03 DIVFrms= 5.65E-02 DT(ND)=-6.23E-02 T(ND)=1.9416E+02
 NST=    20 JCONV= 76 CHG=2.11E-03 dt0=4.17E+03 DIVF(1)=-2.07E-03 DIVFrms= 5.78E-02 DT(ND)=-4.02E-02 T(ND)=1.9412E+02

 TIME= 1.365E+04  TIME IN DAYS = 1.580E-01

 PLANETARY ALBEDO:  ALBP = 0.3089

  J     P         ALT         T        CONVEC       DT          TOLD        FH20       FSAVE        FO3        TCOOL       THEAT
  1 1.0765E-04 4.8782E+01 1.9345E+02  0.00E+00  -1.2096E+00  1.9466E+02  8.0781E-07  8.0781E-07  6.2534E-13 -4.5561E+01  7.9808E+00
  2 1.2468E-04 4.7942E+01 1.9521E+02  0.00E+00  -4.1300E-01  1.9584E+02  7.1507E-07  7.1507E-07  1.0047E-12 -1.5429E+01  2.5981E+00
  3 1.4424E-04 4.7103E+01 1.9645E+02  0.00E+00  -3.2187E-01  1.9684E+02  6.2066E-07  6.2066E-07  1.7064E-12 -1.2028E+01  2.0279E+00
  4 1.6668E-04 4.6266E+01 1.9728E+02  0.00E+00  -2.9344E-01  1.9763E+02  5.3121E-07  5.3121E-07  2.9824E-12 -1.0816E+01  1.6994E+00
  5 1.9241E-04 4.5433E+01 1.9790E+02  0.00E+00  -2.7123E-01  1.9821E+02  4.4955E-07  4.4955E-07  5.1672E-12 -9.9185E+00  1.4917E+00
  6 2.2185E-04 4.4604E+01 1.9834E+02  0.00E+00  -2.4764E-01  1.9863E+02  3.7650E-07  3.7650E-07  8.6142E-12 -9.0402E+00  1.3463E+00
  7 2.5552E-04 4.3780E+01 1.9865E+02  0.00E+00  -2.2552E-01  1.9890E+02  3.1446E-07  3.1446E-07  1.3495E-11 -8.2464E+00  1.2397E+00
  8 2.9397E-04 4.2962E+01 1.9885E+02  0.00E+00  -2.0759E-01  1.9907E+02  2.6232E-07  2.6232E-07  1.9865E-11 -7.6142E+00  1.1645E+00
  9 3.3782E-04 4.2150E+01 1.9898E+02  0.00E+00  -1.9454E-01  1.9918E+02  2.1822E-07  2.1822E-07  2.7152E-11 -7.1609E+00  1.1168E+00
 10 3.8779E-04 4.1345E+01 1.9906E+02  0.00E+00  -1.8523E-01  1.9925E+02  1.8241E-07  1.8241E-07  3.5039E-11 -6.8458E+00  1.0910E+00
 11 4.4465E-04 4.0545E+01 1.9912E+02  0.00E+00  -1.7763E-01  1.9930E+02  1.5253E-07  1.5253E-07  4.3308E-11 -6.5981E+00  1.0794E+00
 12 5.0928E-04 3.9753E+01 1.9916E+02  0.00E+00  -1.7075E-01  1.9933E+02  1.2845E-07  1.2845E-07  5.1681E-11 -6.3790E+00  1.0738E+00
 13 5.8266E-04 3.8966E+01 1.9919E+02  0.00E+00  -1.6492E-01  1.9936E+02  1.0932E-07  1.0932E-07  6.0431E-11 -6.1924E+00  1.0687E+00
 14 6.6587E-04 3.8187E+01 1.9920E+02  0.00E+00  -1.6116E-01  1.9937E+02  9.3152E-08  9.3152E-08  6.9617E-11 -6.0678E+00  1.0607E+00
 15 7.6011E-04 3.7414E+01 1.9921E+02  0.00E+00  -1.6068E-01  1.9937E+02  8.0742E-08  8.0742E-08  7.8971E-11 -6.0413E+00  1.0493E+00
 16 8.6673E-04 3.6648E+01 1.9920E+02  0.00E+00  -1.6381E-01  1.9936E+02  7.1256E-08  7.1256E-08  8.7755E-11 -6.1233E+00  1.0340E+00
 17 9.8719E-04 3.5888E+01 1.9916E+02  0.00E+00  -1.7004E-01  1.9934E+02  6.3883E-08  6.3883E-08  9.5937E-11 -6.2970E+00  1.0142E+00
 18 1.1232E-03 3.5136E+01 1.9910E+02  0.00E+00  -1.8373E-01  1.9929E+02  5.8365E-08  5.8365E-08  1.0273E-10 -6.7014E+00  9.9320E-01
 19 1.2764E-03 3.4390E+01 1.9897E+02  0.00E+00  -1.9217E-01  1.9919E+02  5.4411E-08  5.4411E-08  1.0738E-10 -6.9335E+00  9.6311E-01
 20 1.4490E-03 3.3652E+01 1.9873E+02  0.00E+00  -1.9925E-01  1.9898E+02  5.1793E-08  5.1793E-08  1.0900E-10 -7.1112E+00  9.2056E-01
 21 1.6430E-03 3.2921E+01 1.9831E+02  0.00E+00  -2.0284E-01  1.9858E+02  5.0220E-08  5.0220E-08  1.0873E-10 -7.1659E+00  8.6379E-01
 22 1.8610E-03 3.2200E+01 1.9759E+02  0.00E+00  -2.0055E-01  1.9789E+02  4.9583E-08  4.9583E-08  1.0583E-10 -7.0241E+00  7.9318E-01
 23 2.1056E-03 3.1488E+01 1.9650E+02  0.00E+00  -1.9032E-01  1.9680E+02  4.9506E-08  4.9506E-08  1.0091E-10 -6.6252E+00  7.1229E-01
 24 2.3796E-03 3.0787E+01 1.9496E+02  0.00E+00  -1.7141E-01  1.9524E+02  5.0066E-08  5.0066E-08  9.4440E-11 -5.9532E+00  6.2777E-01
 25 2.6863E-03 3.0100E+01 1.9300E+02  0.00E+00  -1.4522E-01  1.9323E+02  5.1000E-08  5.1000E-08  8.6964E-11 -5.0598E+00  5.4790E-01
 26 3.0292E-03 2.9426E+01 1.9074E+02  0.00E+00  -1.1536E-01  1.9089E+02  5.2129E-08  5.2129E-08  7.8918E-11 -4.0641E+00  4.8006E-01
 27 3.4120E-03 2.8766E+01 1.8835E+02  0.00E+00  -8.6541E-02  1.8841E+02  5.3440E-08  5.3440E-08  7.0523E-11 -3.1177E+00  4.2892E-01
 28 3.8389E-03 2.8121E+01 1.8607E+02  0.00E+00  -6.2963E-02  1.8606E+02  5.4815E-08  5.4815E-08  6.2306E-11 -2.3510E+00  3.9479E-01
 29 4.3144E-03 2.7490E+01 1.8410E+02  0.00E+00  -4.6835E-02  1.8403E+02  5.6136E-08  5.6136E-08  5.4331E-11 -1.8309E+00  3.7575E-01
 30 4.8435E-03 2.6870E+01 1.8254E+02  0.00E+00  -3.8000E-02  1.8246E+02  5.7277E-08  5.7277E-08  4.7015E-11 -1.5481E+00  3.6751E-01
 31 5.4313E-03 2.6261E+01 1.8144E+02  0.00E+00  -3.4553E-02  1.8137E+02  5.8228E-08  5.8228E-08  4.0320E-11 -1.4389E+00  3.6538E-01
 32 6.0837E-03 2.5662E+01 1.8072E+02  0.00E+00  -3.4039E-02  1.8068E+02  5.8775E-08  5.8775E-08  3.4213E-11 -1.4232E+00  3.6567E-01
 33 6.8069E-03 2.5070E+01 1.8031E+02  0.00E+00  -3.4458E-02  1.8030E+02  5.8900E-08  5.8900E-08  2.8872E-11 -1.4367E+00  3.6616E-01
 34 7.6076E-03 2.4485E+01 1.8009E+02  0.00E+00  -3.4606E-02  1.8010E+02  5.8704E-08  5.8704E-08  2.4067E-11 -1.4405E+00  3.6534E-01
 35 8.4930E-03 2.3906E+01 1.8000E+02  0.00E+00  -3.3874E-02  1.8002E+02  5.7889E-08  5.7889E-08  1.9866E-11 -1.4148E+00  3.6237E-01
 36 9.4708E-03 2.3334E+01 1.7996E+02  0.00E+00  -3.2051E-02  1.7999E+02  5.6659E-08  5.6659E-08  1.6266E-11 -1.3522E+00  3.5646E-01
 37 1.0550E-02 2.2767E+01 1.7995E+02  0.00E+00  -3.0721E-02  1.7998E+02  5.4994E-08  5.4994E-08  1.3338E-11 -1.3013E+00  3.4682E-01
 38 1.1738E-02 2.2207E+01 1.7995E+02  0.00E+00  -2.7130E-02  1.7998E+02  5.2943E-08  5.2943E-08  1.1059E-11 -1.1759E+00  3.3304E-01
 39 1.3046E-02 2.1652E+01 1.7996E+02  0.00E+00  -2.3103E-02  1.7999E+02  5.0723E-08  5.0723E-08  9.6247E-12 -1.0333E+00  3.1549E-01
 40 1.4483E-02 2.1104E+01 1.7997E+02  0.00E+00  -1.9304E-02  1.7999E+02  4.8530E-08  4.8530E-08  8.7075E-12 -8.9441E-01  2.9467E-01
 41 1.6061E-02 2.0561E+01 1.7998E+02  0.00E+00  -1.6162E-02  1.8000E+02  4.6432E-08  4.6432E-08  8.1208E-12 -7.7362E-01  2.7148E-01
 42 1.7791E-02 2.0025E+01 1.7999E+02  0.00E+00  -1.3933E-02  1.8000E+02  4.4761E-08  4.4761E-08  7.6743E-12 -6.8029E-01  2.4741E-01
 43 1.9686E-02 1.9494E+01 1.7999E+02  0.00E+00  -1.2646E-02  1.8000E+02  4.3357E-08  4.3357E-08  7.2728E-12 -6.1701E-01  2.2409E-01
 44 2.1757E-02 1.8969E+01 1.7999E+02  0.00E+00  -1.2130E-02  1.8001E+02  4.2468E-08  4.2468E-08  6.8989E-12 -5.7990E-01  2.0304E-01
 45 2.4021E-02 1.8450E+01 1.8000E+02  0.00E+00  -1.2080E-02  1.8001E+02  4.1851E-08  4.1851E-08  6.5257E-12 -5.6067E-01  1.8535E-01
 46 2.6490E-02 1.7937E+01 1.8000E+02  0.00E+00  -1.2183E-02  1.8001E+02  4.1498E-08  4.1498E-08  6.1547E-12 -5.5010E-01  1.7157E-01
 47 2.9180E-02 1.7430E+01 1.8000E+02  0.00E+00  -1.2202E-02  1.8001E+02  4.1464E-08  4.1464E-08  5.7878E-12 -5.4071E-01  1.6161E-01
 48 3.2108E-02 1.6928E+01 1.8000E+02  0.00E+00  -1.2006E-02  1.8001E+02  4.1725E-08  4.1725E-08  5.4207E-12 -5.2788E-01  1.5486E-01
 49 3.5290E-02 1.6433E+01 1.8000E+02  0.00E+00  -1.1559E-02  1.8001E+02  4.2225E-08  4.2225E-08  5.0666E-12 -5.0957E-01  1.5043E-01
 50 3.8744E-02 1.5944E+01 1.8000E+02  0.00E+00  -1.0886E-02  1.8001E+02  4.2863E-08  4.2863E-08  4.7098E-12 -4.8558E-01  1.4736E-01
 51 4.2489E-02 1.5460E+01 1.8001E+02  0.00E+00  -1.0045E-02  1.8002E+02  4.3713E-08  4.3713E-08  4.3558E-12 -4.5699E-01  1.4490E-01
 52 4.6544E-02 1.4983E+01 1.8001E+02  0.00E+00  -9.1138E-03  1.8002E+02  4.4774E-08  4.4774E-08  4.0153E-12 -4.2568E-01  1.4252E-01
 53 5.0930E-02 1.4511E+01 1.8001E+02  0.00E+00  -8.1739E-03  1.8002E+02  4.5822E-08  4.5822E-08  3.6791E-12 -3.9393E-01  1.3998E-01
 54 5.5666E-02 1.4045E+01 1.8001E+02  0.00E+00  -7.3101E-03  1.8002E+02  4.6842E-08  4.6842E-08  3.3471E-12 -3.6428E-01  1.3716E-01
 55 6.0776E-02 1.3585E+01 1.8002E+02  0.00E+00  -6.5944E-03  1.8002E+02  4.7726E-08  4.7726E-08  3.0194E-12 -3.3897E-01  1.3409E-01
 56 6.6280E-02 1.3131E+01 1.8002E+02  0.00E+00  -6.0754E-03  1.8002E+02  4.8357E-08  4.8357E-08  2.7000E-12 -3.1957E-01  1.3081E-01
 57 7.2203E-02 1.2683E+01 1.8002E+02  0.00E+00  -5.7691E-03  1.8003E+02  4.8581E-08  4.8581E-08  2.4048E-12 -3.0675E-01  1.2751E-01
 58 7.8567E-02 1.2241E+01 1.8002E+02  0.00E+00  -5.6686E-03  1.8003E+02  4.8379E-08  4.8379E-08  2.1311E-12 -3.0040E-01  1.2429E-01
 59 8.5397E-02 1.1805E+01 1.8002E+02  0.00E+00  -5.7488E-03  1.8002E+02  4.7598E-08  4.7598E-08  1.8754E-12 -2.9985E-01  1.2124E-01
 60 9.2718E-02 1.1374E+01 1.8000E+02  0.00E+00  -5.9831E-03  1.8001E+02  4.6196E-08  4.6196E-08  1.6577E-12 -3.0432E-01  1.1844E-01
 61 1.0055E-01 1.0950E+01 1.7995E+02  0.00E+00  -8.0530E-03  1.7998E+02  4.4280E-08  4.4280E-08  1.4614E-12 -3.6604E-01  1.1584E-01
 62 1.0893E-01 1.0531E+01 1.7983E+02  0.00E+00  -8.0974E-03  1.7988E+02  4.1858E-08  4.1858E-08  1.2939E-12 -3.6302E-01  1.1144E-01
 63 1.1787E-01 1.0119E+01 1.7953E+02  0.00E+00  -8.2814E-03  1.7962E+02  3.9102E-08  3.9102E-08  1.1548E-12 -3.6481E-01  1.0751E-01
 64 1.2741E-01 9.7144E+00 1.7889E+02  0.00E+00  -8.2652E-03  1.7904E+02  3.6131E-08  3.6131E-08  1.0345E-12 -3.6062E-01  1.0383E-01
 65 1.3756E-01 9.3173E+00 1.7766E+02  0.00E+00  -7.6449E-03  1.7789E+02  3.3174E-08  3.3174E-08  9.3081E-13 -3.3778E-01  1.0026E-01
 66 1.4836E-01 8.9296E+00 1.7555E+02  0.00E+00  -6.0598E-03  1.7586E+02  3.0320E-08  3.0320E-08  8.3789E-13 -2.8491E-01  9.6640E-02
 67 1.5983E-01 8.5536E+00 1.7227E+02  0.00E+00  -3.4346E-03  1.7262E+02  2.7822E-08  2.7822E-08  7.5397E-13 -1.9957E-01  9.2857E-02
 68 1.7199E-01 8.1916E+00 1.6765E+02  0.00E+00  -1.5836E-04  1.6798E+02  2.5854E-08  2.5854E-08  6.7772E-13 -9.3750E-02  8.8830E-02
 69 1.8487E-01 7.8462E+00 1.6176E+02  0.00E+00   3.0259E-03  1.6200E+02  2.4432E-08  2.4432E-08  6.0662E-13  9.4548E-03  8.4557E-02
 70 1.9849E-01 7.5192E+00 1.5498E+02  1.00E+00   5.4035E-03  1.5504E+02  1.1213E-08  1.1213E-08  5.3678E-13  8.7753E-02  8.0127E-02
 71 2.1288E-01 7.2114E+00 1.4797E+02  1.00E+00   6.7387E-03  1.4782E+02  4.4946E-09  4.4946E-09  4.5594E-13  1.3345E-01  7.5912E-02
 72 2.2806E-01 6.9220E+00 1.4152E+02  1.00E+00   7.3697E-03  1.4117E+02  1.7981E-09  1.7981E-09  3.7246E-13  1.5676E-01  7.2206E-02
 73 2.4405E-01 6.6487E+00 1.3637E+02  1.00E+00   7.3224E-03  1.3590E+02  7.1927E-10  7.1927E-10  2.8051E-13  1.5858E-01  6.8920E-02
 74 2.6087E-01 6.3882E+00 1.3295E+02  1.00E+00   7.0393E-03  1.3248E+02  2.8773E-10  2.8773E-10  1.9690E-13  1.5260E-01  6.6102E-02
 75 2.7854E-01 6.1367E+00 1.3144E+02  1.00E+00   6.6756E-03  1.3089E+02  1.1516E-10  1.1515E-10  1.3438E-13  1.4366E-01  6.3742E-02
 76 2.9708E-01 5.8910E+00 1.3147E+02  1.00E+00  -4.0167E-02  1.3151E+02  1.3653E-13  4.6175E-11  8.8106E-14  1.2455E-01  6.1952E-02
 77 3.1649E-01 5.6467E+00 1.3444E+02  1.00E+00  -4.0167E-02  1.3448E+02  3.8483E-13  3.9011E-13  5.2731E-14  9.6665E-02  6.0831E-02
 78 3.3680E-01 5.4006E+00 1.3836E+02  1.00E+00  -4.0167E-02  1.3840E+02  1.4044E-12  1.4226E-12  2.8041E-14  7.2390E-02  6.0098E-02
 79 3.5802E-01 5.1520E+00 1.4219E+02  1.00E+00  -4.0167E-02  1.4223E+02  4.6550E-12  4.7121E-12  1.2880E-14  5.4429E-02  5.9495E-02
 80 3.8014E-01 4.9014E+00 1.4592E+02  1.00E+00  -4.0167E-02  1.4596E+02  1.4063E-11  1.4226E-11  5.1103E-15  3.9204E-02  5.8983E-02
 81 4.0319E-01 4.6492E+00 1.4952E+02  1.00E+00  -4.0167E-02  1.4956E+02  3.8859E-11  3.9290E-11  1.8109E-15  2.5241E-02  5.8525E-02
 82 4.2715E-01 4.3959E+00 1.5298E+02  1.00E+00  -4.0167E-02  1.5302E+02  9.8620E-11  9.9663E-11  6.2103E-16  1.4254E-02  5.8181E-02
 83 4.5204E-01 4.1419E+00 1.5629E+02  1.00E+00  -4.0167E-02  1.5633E+02  2.3095E-10  2.3329E-10  2.2437E-16  5.2025E-03  5.7860E-02
 84 4.7784E-01 3.8877E+00 1.5943E+02  1.00E+00  -4.0167E-02  1.5947E+02  5.0177E-10  5.0666E-10  8.5975E-17 -2.7844E-03  5.7545E-02
 85 5.0455E-01 3.6339E+00 1.6241E+02  1.00E+00  -4.0167E-02  1.6245E+02  1.0174E-09  1.0270E-09  3.4838E-17 -1.0289E-02  5.7232E-02
 86 5.3217E-01 3.3808E+00 1.6522E+02  1.00E+00  -4.0167E-02  1.6526E+02  1.9373E-09  1.9548E-09  1.4848E-17 -1.7657E-02  5.6922E-02
 87 5.6067E-01 3.1289E+00 1.6786E+02  1.00E+00  -4.0167E-02  1.6790E+02  3.4856E-09  3.5162E-09  6.6368E-18 -2.5019E-02  5.6618E-02
 88 5.9003E-01 2.8785E+00 1.7036E+02  1.00E+00  -4.0167E-02  1.7040E+02  5.9614E-09  6.0122E-09  3.2339E-18 -3.2372E-02  5.6324E-02
 89 6.2025E-01 2.6302E+00 1.7271E+02  1.00E+00  -4.0167E-02  1.7275E+02  9.7460E-09  9.8268E-09  2.1396E-18 -3.9694E-02  5.6048E-02
 90 6.5129E-01 2.3842E+00 1.7492E+02  1.00E+00  -4.0167E-02  1.7497E+02  1.5307E-08  1.5431E-08  2.3886E-18 -4.6997E-02  5.5795E-02
 91 6.8312E-01 2.1408E+00 1.7702E+02  1.00E+00  -4.0167E-02  1.7706E+02  2.3200E-08  2.3383E-08  5.2073E-18 -5.3307E-02  5.5573E-02
 92 7.1570E-01 1.9004E+00 1.7900E+02  1.00E+00  -4.0167E-02  1.7904E+02  3.4067E-08  3.4330E-08  1.9434E-17 -6.3318E-02  5.5392E-02
 93 7.4901E-01 1.6630E+00 1.8107E+02  1.00E+00  -4.0167E-02  1.8111E+02  5.0489E-08  5.0870E-08  9.0803E-17 -7.9021E-02  5.5323E-02
 94 7.8299E-01 1.4289E+00 1.8306E+02  1.00E+00  -4.0167E-02  1.8310E+02  7.3051E-08  7.3589E-08  5.0803E-16 -9.7173E-02  5.5323E-02
 95 8.1760E-01 1.1983E+00 1.8497E+02  1.00E+00  -4.0167E-02  1.8501E+02  1.0343E-07  1.0417E-07  3.4378E-15 -1.1955E-01  5.5405E-02
 96 8.5280E-01 9.7127E-01 1.8680E+02  1.00E+00  -4.0167E-02  1.8684E+02  1.4316E-07  1.4417E-07  1.8997E-14 -1.4640E-01  5.5577E-02
 97 8.8852E-01 7.4818E-01 1.8854E+02  1.00E+00  -4.0167E-02  1.8858E+02  1.9414E-07  1.9549E-07  8.3406E-14 -1.7861E-01  5.5783E-02
 98 9.2470E-01 5.2917E-01 1.9022E+02  1.00E+00  -4.0167E-02  1.9026E+02  2.5904E-07  2.6081E-07  2.7282E-13 -2.1677E-01  5.5984E-02
 99 9.6128E-01 3.1445E-01 1.9183E+02  1.00E+00  -4.0167E-02  1.9187E+02  3.3953E-07  3.4181E-07  5.5491E-13 -2.6474E-01  5.6343E-02
100 9.9821E-01 1.0419E-01 1.9336E+02  1.00E+00  -4.0167E-02  1.9340E+02  4.3805E-07  4.4095E-07  1.0400E-12 -3.0670E-01  5.6882E-02
101 1.0169E+00 0.0000E+00 1.9412E+02  1.00E+00  -4.0167E-02  1.9416E+02  4.9551E-07  4.9876E-07  8.6100E-13  0.0000E+00  0.0000E+00
  J     P         ALT         T        CONVEC       DT          TOLD        FH20       FSAVE        FO3        TCOOL       THEAT

 FCO2
  1.00E-02 1.00E-02 1.00E-02 1.00E-02 1.00E-02 1.00E-02 1.00E-02 1.00E-02 1.00E-02 1.00E-02
  1.00E-02 1.00E-02 1.00E-02 1.00E-02 1.00E-02 1.00E-02 1.00E-02 1.00E-02 1.00E-02 1.00E-02
  1.00E-02 1.00E-02 1.00E-02 1.00E-02 1.00E-02 1.00E-02 1.00E-02 1.00E-02 1.00E-02 1.00E-02
  1.00E-02 1.00E-02 1.00E-02 1.00E-02 1.00E-02 1.00E-02 1.00E-02 1.00E-02 1.00E-02 1.00E-02
  1.00E-02 1.00E-02 1.00E-02 1.00E-02 1.00E-02 1.00E-02 1.00E-02 1.00E-02 1.00E-02 1.00E-02
  1.00E-02 1.00E-02 1.00E-02 1.00E-02 1.00E-02 1.00E-02 1.00E-02 1.00E-02 1.00E-02 1.00E-02
  1.00E-02 1.00E-02 1.00E-02 1.00E-02 1.00E-02 1.00E-02 1.00E-02 1.00E-02 1.00E-02 1.00E-02
  1.00E-02 1.00E-02 1.00E-02 1.00E-02 1.00E-02 1.00E-02 1.00E-02 1.00E-02 1.00E-02 1.00E-02
  1.00E-02 1.00E-02 1.00E-02 1.00E-02 1.00E-02 1.00E-02 1.00E-02 1.00E-02 1.00E-02 1.00E-02
  1.00E-02 1.00E-02 1.00E-02 1.00E-02 1.00E-02 1.00E-02 1.00E-02 1.00E-02 1.00E-02 1.00E-02
  1.00E-02

  J    PF         ALT       FTOTAL       FTIR       FDNIR       FUPIR       FTSOL       FDNSOL       FUPSOL       DIVF
  1 1.0000E-04 4.8782E+01 -1.5081E+02 -7.2898E+04  0.0000E+00  7.2898E+04  7.2747E+04  1.0527E+05  3.2520E+04 -2.0688E-03
  2 1.1588E-04 4.7942E+01 -7.9953E+01 -7.2812E+04  8.8269E+01  7.2900E+04  7.2732E+04  1.0525E+05  3.2520E+04 -1.0967E-03
  3 1.3414E-04 4.7103E+01 -5.2149E+01 -7.2779E+04  1.2358E+02  7.2902E+04  7.2727E+04  1.0525E+05  3.2520E+04 -7.1533E-04
  4 1.5510E-04 4.6266E+01 -2.7276E+01 -7.2749E+04  1.5480E+02  7.2904E+04  7.2722E+04  1.0524E+05  3.2520E+04 -3.7414E-04
  5 1.7913E-04 4.5433E+01 -1.2779E+00 -7.2718E+04  1.8634E+02  7.2904E+04  7.2717E+04  1.0524E+05  3.2520E+04 -1.7529E-05
  6 2.0666E-04 4.4604E+01  2.6240E+01 -7.2686E+04  2.1882E+02  7.2904E+04  7.2712E+04  1.0523E+05  3.2520E+04  3.5993E-04
  7 2.3816E-04 4.3780E+01  5.4977E+01 -7.2652E+04  2.5212E+02  7.2904E+04  7.2707E+04  1.0523E+05  3.2519E+04  7.5410E-04
  8 2.7414E-04 4.2962E+01  8.4875E+01 -7.2617E+04  2.8633E+02  7.2903E+04  7.2701E+04  1.0522E+05  3.2519E+04  1.1642E-03
  9 3.1522E-04 4.2150E+01  1.1628E+02 -7.2580E+04  3.2195E+02  7.2901E+04  7.2696E+04  1.0521E+05  3.2519E+04  1.5950E-03
 10 3.6204E-04 4.1345E+01  1.4982E+02 -7.2540E+04  3.5974E+02  7.2900E+04  7.2690E+04  1.0521E+05  3.2519E+04  2.0551E-03
 11 4.1536E-04 4.0545E+01  1.8617E+02 -7.2497E+04  4.0047E+02  7.2897E+04  7.2683E+04  1.0520E+05  3.2518E+04  2.5539E-03
 12 4.7600E-04 3.9753E+01  2.2581E+02 -7.2449E+04  4.4466E+02  7.2894E+04  7.2675E+04  1.0519E+05  3.2518E+04  3.0978E-03
 13 5.4489E-04 3.8966E+01  2.6909E+02 -7.2397E+04  4.9261E+02  7.2890E+04  7.2666E+04  1.0518E+05  3.2517E+04  3.6918E-03
 14 6.2305E-04 3.8187E+01  3.1650E+02 -7.2340E+04  5.4470E+02  7.2885E+04  7.2656E+04  1.0517E+05  3.2517E+04  4.3426E-03
 15 7.1163E-04 3.7414E+01  3.6900E+02 -7.2276E+04  6.0162E+02  7.2878E+04  7.2645E+04  1.0516E+05  3.2516E+04  5.0633E-03
 16 8.1190E-04 3.6648E+01  4.2823E+02 -7.2205E+04  6.6466E+02  7.2869E+04  7.2633E+04  1.0515E+05  3.2515E+04  5.8768E-03
 17 9.2526E-04 3.5888E+01  4.9649E+02 -7.2122E+04  7.3557E+02  7.2858E+04  7.2619E+04  1.0513E+05  3.2514E+04  6.8145E-03
 18 1.0533E-03 3.5136E+01  5.7648E+02 -7.2027E+04  8.1625E+02  7.2843E+04  7.2604E+04  1.0512E+05  3.2514E+04  7.9140E-03
 19 1.1977E-03 3.4390E+01  6.7395E+02 -7.1913E+04  9.1041E+02  7.2823E+04  7.2587E+04  1.0510E+05  3.2512E+04  9.2547E-03
 20 1.3603E-03 3.3652E+01  7.8878E+02 -7.1779E+04  1.0170E+03  7.2796E+04  7.2568E+04  1.0508E+05  3.2511E+04  1.0835E-02
 21 1.5434E-03 3.2921E+01  9.2271E+02 -7.1625E+04  1.1356E+03  7.2761E+04  7.2548E+04  1.0506E+05  3.2510E+04  1.2681E-02
 22 1.7491E-03 3.2200E+01  1.0759E+03 -7.1451E+04  1.2639E+03  7.2715E+04  7.2527E+04  1.0504E+05  3.2509E+04  1.4796E-02
 23 1.9801E-03 3.1488E+01  1.2459E+03 -7.1260E+04  1.3978E+03  7.2657E+04  7.2505E+04  1.0501E+05  3.2507E+04  1.7148E-02
 24 2.2390E-03 3.0787E+01  1.4267E+03 -7.1057E+04  1.5308E+03  7.2588E+04  7.2484E+04  1.0499E+05  3.2505E+04  1.9655E-02
 25 2.5290E-03 3.0100E+01  1.6090E+03 -7.0853E+04  1.6558E+03  7.2509E+04  7.2462E+04  1.0497E+05  3.2503E+04  2.2191E-02
 26 2.8534E-03 2.9426E+01  1.7818E+03 -7.0659E+04  1.7664E+03  7.2426E+04  7.2441E+04  1.0494E+05  3.2501E+04  2.4601E-02
 27 3.2158E-03 2.8766E+01  1.9350E+03 -7.0486E+04  1.8588E+03  7.2345E+04  7.2421E+04  1.0492E+05  3.2498E+04  2.6747E-02
 28 3.6202E-03 2.8121E+01  2.0632E+03 -7.0337E+04  1.9342E+03  7.2271E+04  7.2400E+04  1.0490E+05  3.2495E+04  2.8548E-02
 29 4.0709E-03 2.7490E+01  2.1671E+03 -7.0212E+04  1.9983E+03  7.2211E+04  7.2379E+04  1.0487E+05  3.2492E+04  3.0011E-02
 30 4.5726E-03 2.6870E+01  2.2531E+03 -7.0104E+04  2.0601E+03  7.2164E+04  7.2357E+04  1.0485E+05  3.2488E+04  3.1222E-02
 31 5.1304E-03 2.6261E+01  2.3307E+03 -7.0002E+04  2.1293E+03  7.2132E+04  7.2333E+04  1.0482E+05  3.2484E+04  3.2312E-02
 32 5.7499E-03 2.5662E+01  2.4090E+03 -6.9897E+04  2.2135E+03  7.2111E+04  7.2306E+04  1.0479E+05  3.2480E+04  3.3407E-02
 33 6.4369E-03 2.5070E+01  2.4946E+03 -6.9782E+04  2.3166E+03  7.2099E+04  7.2277E+04  1.0475E+05  3.2475E+04  3.4600E-02
 34 7.1981E-03 2.4485E+01  2.5905E+03 -6.9653E+04  2.4390E+03  7.2092E+04  7.2244E+04  1.0471E+05  3.2470E+04  3.5933E-02
 35 8.0403E-03 2.3906E+01  2.6971E+03 -6.9511E+04  2.5788E+03  7.2089E+04  7.2208E+04  1.0467E+05  3.2464E+04  3.7413E-02
 36 8.9711E-03 2.3334E+01  2.8124E+03 -6.9356E+04  2.7325E+03  7.2088E+04  7.2168E+04  1.0463E+05  3.2457E+04  3.9013E-02
 37 9.9984E-03 2.2767E+01  2.9327E+03 -6.9192E+04  2.8954E+03  7.2088E+04  7.2125E+04  1.0457E+05  3.2450E+04  4.0683E-02
 38 1.1131E-02 2.2207E+01  3.0599E+03 -6.9019E+04  3.0683E+03  7.2087E+04  7.2079E+04  1.0452E+05  3.2442E+04  4.2447E-02
 39 1.2378E-02 2.1652E+01  3.1835E+03 -6.8846E+04  3.2403E+03  7.2087E+04  7.2030E+04  1.0446E+05  3.2433E+04  4.4162E-02
 40 1.3750E-02 2.1104E+01  3.2993E+03 -6.8680E+04  3.4063E+03  7.2086E+04  7.1979E+04  1.0440E+05  3.2423E+04  4.5768E-02
 41 1.5256E-02 2.0561E+01  3.4055E+03 -6.8521E+04  3.5638E+03  7.2085E+04  7.1927E+04  1.0434E+05  3.2413E+04  4.7243E-02
 42 1.6909E-02 2.0025E+01  3.5030E+03 -6.8371E+04  3.7128E+03  7.2084E+04  7.1874E+04  1.0428E+05  3.2401E+04  4.8597E-02
 43 1.8720E-02 1.9494E+01  3.5952E+03 -6.8226E+04  3.8559E+03  7.2082E+04  7.1821E+04  1.0421E+05  3.2389E+04  4.9876E-02
 44 2.0701E-02 1.8969E+01  3.6867E+03 -6.8083E+04  3.9974E+03  7.2080E+04  7.1769E+04  1.0414E+05  3.2375E+04  5.1147E-02
 45 2.2867E-02 1.8450E+01  3.7826E+03 -6.7935E+04  4.1424E+03  7.2077E+04  7.1718E+04  1.0408E+05  3.2360E+04  5.2479E-02
 46 2.5232E-02 1.7937E+01  3.8868E+03 -6.7779E+04  4.2948E+03  7.2074E+04  7.1666E+04  1.0401E+05  3.2344E+04  5.3928E-02
 47 2.7810E-02 1.7430E+01  4.0014E+03 -6.7613E+04  4.4574E+03  7.2070E+04  7.1614E+04  1.0394E+05  3.2326E+04  5.5521E-02
 48 3.0617E-02 1.6928E+01  4.1264E+03 -6.7434E+04  4.6309E+03  7.2065E+04  7.1561E+04  1.0387E+05  3.2307E+04  5.7259E-02
 49 3.3670E-02 1.6433E+01  4.2601E+03 -6.7245E+04  4.8145E+03  7.2060E+04  7.1505E+04  1.0379E+05  3.2287E+04  5.9120E-02
 50 3.6987E-02 1.5944E+01  4.4000E+03 -6.7047E+04  5.0060E+03  7.2053E+04  7.1447E+04  1.0371E+05  3.2264E+04  6.1066E-02
 51 4.0585E-02 1.5460E+01  4.5428E+03 -6.6842E+04  5.2028E+03  7.2044E+04  7.1384E+04  1.0362E+05  3.2240E+04  6.3055E-02
 52 4.4483E-02 1.4983E+01  4.6856E+03 -6.6633E+04  5.4018E+03  7.2034E+04  7.1318E+04  1.0353E+05  3.2214E+04  6.5046E-02
 53 4.8701E-02 1.4511E+01  4.8257E+03 -6.6422E+04  5.6005E+03  7.2022E+04  7.1248E+04  1.0343E+05  3.2187E+04  6.7003E-02
 54 5.3260E-02 1.4045E+01  4.9616E+03 -6.6211E+04  5.7965E+03  7.2008E+04  7.1173E+04  1.0333E+05  3.2157E+04  6.8903E-02
 55 5.8181E-02 1.3585E+01  5.0927E+03 -6.6001E+04  5.9889E+03  7.1990E+04  7.1094E+04  1.0322E+05  3.2125E+04  7.0742E-02
 56 6.3486E-02 1.3131E+01  5.2202E+03 -6.5790E+04  6.1779E+03  7.1968E+04  7.1010E+04  1.0310E+05  3.2091E+04  7.2535E-02
 57 6.9198E-02 1.2683E+01  5.3466E+03 -6.5576E+04  6.3649E+03  7.1941E+04  7.0923E+04  1.0298E+05  3.2054E+04  7.4319E-02
 58 7.5339E-02 1.2241E+01  5.4757E+03 -6.5355E+04  6.5521E+03  7.1907E+04  7.0831E+04  1.0285E+05  3.2015E+04  7.6149E-02
 59 8.1934E-02 1.1805E+01  5.6118E+03 -6.5123E+04  6.7416E+03  7.1864E+04  7.0735E+04  1.0271E+05  3.1974E+04  7.8089E-02
 60 8.9007E-02 1.1374E+01  5.7599E+03 -6.4874E+04  6.9347E+03  7.1809E+04  7.0634E+04  1.0256E+05  3.1930E+04  8.0212E-02
 61 9.6583E-02 1.0950E+01  5.9250E+03 -6.4604E+04  7.1297E+03  7.1734E+04  7.0529E+04  1.0241E+05  3.1883E+04  8.2597E-02
 62 1.0469E-01 1.0531E+01  6.1626E+03 -6.4256E+04  7.3606E+03  7.1617E+04  7.0419E+04  1.0225E+05  3.1834E+04  8.6050E-02
 63 1.1335E-01 1.0119E+01  6.4179E+03 -6.3888E+04  7.5581E+03  7.1446E+04  7.0306E+04  1.0209E+05  3.1781E+04  8.9828E-02
 64 1.2258E-01 9.7144E+00  6.6963E+03 -6.3493E+04  7.6978E+03  7.1191E+04  7.0189E+04  1.0192E+05  3.1726E+04  9.4062E-02
 65 1.3243E-01 9.3173E+00  6.9924E+03 -6.3077E+04  7.7375E+03  7.0815E+04  7.0070E+04  1.0174E+05  3.1667E+04  9.8742E-02
 66 1.4290E-01 8.9296E+00  7.2838E+03 -6.2663E+04  7.6230E+03  7.0286E+04  6.9947E+04  1.0155E+05  3.1606E+04  1.0363E-01
 67 1.5403E-01 8.5536E+00  7.5291E+03 -6.2292E+04  7.3068E+03  6.9598E+04  6.9821E+04  1.0136E+05  3.1541E+04  1.0818E-01
 68 1.6584E-01 8.1916E+00  7.6767E+03 -6.2016E+04  6.7772E+03  6.8793E+04  6.9692E+04  1.0116E+05  3.1472E+04  1.1159E-01
 69 1.7836E-01 7.8462E+00  7.6839E+03 -6.1878E+04  6.0810E+03  6.7959E+04  6.9562E+04  1.0096E+05  3.1400E+04  1.1307E-01
 70 1.9161E-01 7.5192E+00  7.5382E+03 -6.1893E+04  5.3157E+03  6.7209E+04  6.9431E+04  1.0076E+05  3.1324E+04  1.1216E-01
 71 2.0562E-01 7.2114E+00  7.2633E+03 -6.2037E+04  4.5878E+03  6.6625E+04  6.9300E+04  1.0054E+05  3.1244E+04  1.0902E-01
 72 2.2040E-01 6.9220E+00  6.9017E+03 -6.2267E+04  3.9712E+03  6.6239E+04  6.9169E+04  1.0033E+05  3.1160E+04  1.0419E-01
 73 2.3599E-01 6.6487E+00  6.4849E+03 -6.2553E+04  3.4847E+03  6.6037E+04  6.9038E+04  1.0011E+05  3.1072E+04  9.8201E-02
 74 2.5239E-01 6.3882E+00  6.0491E+03 -6.2856E+04  3.1331E+03  6.5989E+04  6.8906E+04  9.9886E+04  3.0981E+04  9.1668E-02
 75 2.6964E-01 6.1367E+00  5.6089E+03 -6.3164E+04  2.9000E+03  6.6064E+04  6.8772E+04  9.9657E+04  3.0885E+04  8.4901E-02
 76 2.8774E-01 5.8910E+00  5.1707E+03 -6.3467E+04  2.7911E+03  6.6258E+04  6.8638E+04  9.9423E+04  3.0785E+04  7.8038E-02
 77 3.0672E-01 5.6467E+00  4.7576E+03 -6.3743E+04  2.8295E+03  6.6573E+04  6.8501E+04  9.9182E+04  3.0681E+04  7.1465E-02
 78 3.2658E-01 5.4006E+00  4.3925E+03 -6.3967E+04  2.9943E+03  6.6961E+04  6.8360E+04  9.8933E+04  3.0573E+04  6.5597E-02
 79 3.4734E-01 5.1520E+00  4.0714E+03 -6.4143E+04  3.2448E+03  6.7387E+04  6.8214E+04  9.8676E+04  3.0462E+04  6.0417E-02
 80 3.6902E-01 4.9014E+00  3.7832E+03 -6.4280E+04  3.5675E+03  6.7848E+04  6.8063E+04  9.8410E+04  3.0347E+04  5.5760E-02
 81 3.9160E-01 4.6492E+00  3.5242E+03 -6.4384E+04  3.9543E+03  6.8338E+04  6.7908E+04  9.8136E+04  3.0228E+04  5.1571E-02
 82 4.1511E-01 4.3959E+00  3.2943E+03 -6.4453E+04  4.3978E+03  6.8851E+04  6.7747E+04  9.7853E+04  3.0106E+04  4.7848E-02
 83 4.3954E-01 4.1419E+00  3.0877E+03 -6.4494E+04  4.8988E+03  6.9392E+04  6.7581E+04  9.7561E+04  2.9980E+04  4.4497E-02
 84 4.6489E-01 3.8877E+00  2.9011E+03 -6.4509E+04  5.4505E+03  6.9959E+04  6.7410E+04  9.7261E+04  2.9851E+04  4.1468E-02
 85 4.9115E-01 3.6339E+00  2.7331E+03 -6.4500E+04  6.0464E+03  7.0547E+04  6.7233E+04  9.6952E+04  2.9718E+04  3.8742E-02
 86 5.1832E-01 3.3808E+00  2.5841E+03 -6.4468E+04  6.6817E+03  7.1149E+04  6.7052E+04  9.6634E+04  2.9582E+04  3.6320E-02
 87 5.4638E-01 3.1289E+00  2.4554E+03 -6.4410E+04  7.3532E+03  7.1763E+04  6.6865E+04  9.6309E+04  2.9444E+04  3.4216E-02
 88 5.7532E-01 2.8785E+00  2.3486E+03 -6.4325E+04  8.0590E+03  7.2384E+04  6.6674E+04  9.5976E+04  2.9302E+04  3.2446E-02
 89 6.0512E-01 2.6302E+00  2.2652E+03 -6.4213E+04  8.7973E+03  7.3010E+04  6.6478E+04  9.5636E+04  2.9158E+04  3.1026E-02
 90 6.3576E-01 2.3842E+00  2.2067E+03 -6.4071E+04  9.5676E+03  7.3638E+04  6.6277E+04  9.5289E+04  2.9012E+04  2.9966E-02
 91 6.6720E-01 2.1408E+00  2.1744E+03 -6.3898E+04  1.0370E+04  7.4268E+04  6.6072E+04  9.4935E+04  2.8863E+04  2.9277E-02
 92 6.9941E-01 1.9004E+00  2.1658E+03 -6.3697E+04  1.1206E+04  7.4903E+04  6.5863E+04  9.4576E+04  2.8713E+04  2.8915E-02
 93 7.3237E-01 1.6630E+00  2.1963E+03 -6.3453E+04  1.2123E+04  7.5576E+04  6.5650E+04  9.4210E+04  2.8561E+04  2.9061E-02
 94 7.6602E-01 1.4289E+00  2.2896E+03 -6.3143E+04  1.3107E+04  7.6249E+04  6.5432E+04  9.3839E+04  2.8407E+04  3.0027E-02
 95 8.0033E-01 1.1983E+00  2.4574E+03 -6.2753E+04  1.4167E+04  7.6920E+04  6.5210E+04  9.3464E+04  2.8253E+04  3.1947E-02
 96 8.3525E-01 9.7127E-01  2.7191E+03 -6.2265E+04  1.5315E+04  7.7580E+04  6.4984E+04  9.3083E+04  2.8099E+04  3.5050E-02
 97 8.7072E-01 7.4818E-01  3.0957E+03 -6.1658E+04  1.6567E+04  7.8225E+04  6.4754E+04  9.2698E+04  2.7945E+04  3.9574E-02
 98 9.0668E-01 5.2917E-01  3.6120E+03 -6.0907E+04  1.7942E+04  7.8850E+04  6.4519E+04  9.2310E+04  2.7791E+04  4.5809E-02
 99 9.4308E-01 3.1445E-01  4.2961E+03 -5.9985E+04  1.9449E+04  7.9434E+04  6.4281E+04  9.1920E+04  2.7638E+04  5.4084E-02
100 9.7984E-01 1.0419E-01  5.1919E+03 -5.8847E+04  2.1093E+04  7.9940E+04  6.4039E+04  9.1527E+04  2.7488E+04  6.4947E-02
101 1.0169E+00 0.0000E+00  6.2744E+03 -5.7518E+04  2.2649E+04  8.0167E+04  6.3792E+04  9.1132E+04  2.7340E+04  7.8267E-02

