HO2 XS from JPL -19 from 190 to 260 nm, >260 nm MPI using Nick Wogan's script.
Air:  
Temp:           
Angstroms       XS
1.900000E+03    3.680000E-18
1.950000E+03    4.020000E-18
2.000000E+03    4.230000E-18
2.050000E+03    4.270000E-18
2.100000E+03    4.150000E-18
2.150000E+03    3.850000E-18
2.200000E+03    3.410000E-18
2.250000E+03    2.880000E-18
2.300000E+03    2.300000E-18
2.350000E+03    1.730000E-18
2.400000E+03    1.220000E-18
2.450000E+03    7.970000E-19
2.500000E+03    4.800000E-19
2.550000E+03    2.630000E-19
2.600000E+03    1.290000E-19
2.615195E+03    1.777000E-19
2.620337E+03    1.535000E-19
2.625480E+03    1.421000E-19
2.630622E+03    1.591000E-19
2.635765E+03    1.746000E-19
2.640907E+03    1.627000E-19
2.646049E+03    1.437000E-19
2.651192E+03    1.370000E-19
2.656334E+03    1.391000E-19
2.661476E+03    1.653000E-19
2.666619E+03    1.627000E-19
2.671761E+03    1.524000E-19
2.676904E+03    1.313000E-19
2.682046E+03    1.185000E-19
2.687188E+03    9.630000E-20
2.692331E+03    8.500000E-20
