 NW =          556    WAVELENGTH GRID:   1216.0000000000000       -   8550.0000000000000       Angstroms
 using high resolution O2 cross section
 using high resolution SO2 cross section for          34
   1216.0000000000000        0.0000000000000000     
   1300.0000000000000        0.0000000000000000     
   1350.0000000000000        0.0000000000000000     
   1400.0000000000000        0.0000000000000000     
   1450.0000000000000        0.0000000000000000     
   1500.0000000000000        0.0000000000000000     
   1550.0000000000000        0.0000000000000000     
   1600.0000000000000        0.0000000000000000     
   1650.0000000000000        0.0000000000000000     
   1700.0000000000000        0.0000000000000000     
   1754.0000000000000        0.0000000000000000     
   1770.0000000000000        0.0000000000000000     
   1786.0000000000000        0.0000000000000000     
   1787.0000000000000        0.0000000000000000     
   1788.0000000000000        0.0000000000000000     
   1789.0000000000000        0.0000000000000000     
   1790.0000000000000        0.0000000000000000     
   1791.0000000000000        0.0000000000000000     
   1792.0000000000000        0.0000000000000000     
   1793.0000000000000        0.0000000000000000     
   1794.0000000000000        0.0000000000000000     
   1795.0000000000000        0.0000000000000000     
   1796.0000000000000        0.0000000000000000     
   1797.0000000000000        0.0000000000000000     
   1798.0000000000000        0.0000000000000000     
   1799.0000000000000        0.0000000000000000     
   1800.0000000000000        0.0000000000000000     
   1801.0000000000000        0.0000000000000000     
   1802.0000000000000        0.0000000000000000     
   1803.0000000000000        0.0000000000000000     
   1804.0000000000000        0.0000000000000000     
   1805.0000000000000        0.0000000000000000     
   1806.0000000000000        0.0000000000000000     
   1807.0000000000000        0.0000000000000000     
   1808.0000000000000        0.0000000000000000     
   1809.0000000000000        0.0000000000000000     
   1810.0000000000000        0.0000000000000000     
   1811.0000000000000        0.0000000000000000     
   1812.0000000000000        0.0000000000000000     
   1813.0000000000000        0.0000000000000000     
   1814.0000000000000        0.0000000000000000     
   1815.0000000000000        0.0000000000000000     
   1816.0000000000000        0.0000000000000000     
   1817.0000000000000        0.0000000000000000     
   1818.0000000000000        0.0000000000000000     
   1819.0000000000000        0.0000000000000000     
   1820.0000000000000        0.0000000000000000     
   1821.0000000000000        0.0000000000000000     
   1822.0000000000000        0.0000000000000000     
   1823.0000000000000        0.0000000000000000     
   1824.0000000000000        0.0000000000000000     
   1825.0000000000000        0.0000000000000000     
   1826.0000000000000        0.0000000000000000     
   1827.0000000000000        0.0000000000000000     
   1828.0000000000000        0.0000000000000000     
   1829.0000000000000        0.0000000000000000     
   1830.0000000000000        0.0000000000000000     
   1831.0000000000000        0.0000000000000000     
   1832.0000000000000        0.0000000000000000     
   1833.0000000000000        0.0000000000000000     
   1834.0000000000000        0.0000000000000000     
   1835.0000000000000       1.06140708344882988E-018
   1836.0000000000000       9.34302617307685174E-019
   1837.0000000000000       1.46796545769227733E-018
   1838.0000000000000       1.74311860384614435E-018
   1839.0000000000000       2.22428899038458883E-018
   1840.0000000000000       2.68307492307695813E-018
   1841.0000000000000       2.53970215961533745E-018
   1842.0000000000000       3.42838898824779614E-018
   1843.0000000000000       2.97348056752132265E-018
   1844.0000000000000       3.19069162692306372E-018
   1845.0000000000000       2.07946982814818561E-018
   1846.0000000000000       4.94817218518559822E-019
   1847.0000000000000       4.52023430000021463E-019
   1848.0000000000000       6.21674730256381496E-019
   1849.0000000000000       1.66432533678066194E-018
   1850.0000000000000       2.66821605783479962E-018
   1851.0000000000000       3.98022273846159951E-018
   1852.0000000000000       3.85990827592595138E-018
   1853.0000000000000       3.17927209074070962E-018
   1854.0000000000000       2.81271833333334358E-018
   1855.0000000000000       3.94927652499993439E-018
   1856.0000000000000       3.62156510833334463E-018
   1857.0000000000000       3.63251121474358750E-018
   1858.0000000000000       3.06708211488612998E-018
   1859.0000000000000       2.33494244999998848E-018
   1860.0000000000000       2.99549113703701041E-018
   1861.0000000000000       3.58392813888887094E-018
   1862.0000000000000       3.03182064074075530E-018
   1863.0000000000000       3.13235445370368427E-018
   1864.0000000000000       3.58720844629623097E-018
   1865.0000000000000       4.56839865370370744E-018
   1866.0000000000000       5.43977093205130072E-018
   1867.0000000000000       5.10835953461542167E-018
   1868.0000000000000       3.80561649259260730E-018
   1869.0000000000000       3.46791421111109315E-018
   1870.0000000000000       2.96609506296295519E-018
   1871.0000000000000       3.10525184629630156E-018
   1872.0000000000000       2.69686332222223011E-018
   1873.0000000000000       2.63023423148149248E-018
   1874.0000000000000       3.48876286666660715E-018
   1875.0000000000000       4.79903418333336055E-018
   1876.0000000000000       6.18737612222221835E-018
   1877.0000000000000       5.30378383253975920E-018
   1878.0000000000000       4.64983243749993332E-018
   1879.0000000000000       5.81853394821425044E-018
   1880.0000000000000       5.49148328544976714E-018
   1881.0000000000000       5.52142578419313885E-018
   1882.0000000000000       5.73282188802909321E-018
   1883.0000000000000       5.27378362037034109E-018
   1884.0000000000000       4.72301507195769989E-018
   1885.0000000000000       4.35101794285713226E-018
   1886.0000000000000       4.50884637142861226E-018
   1887.0000000000000       4.48427107857142708E-018
   1888.0000000000000       3.16985337499994243E-018
   1890.0000000000000       4.69566794285711679E-018
   1891.0000000000000       6.11386835714290708E-018
   1892.0000000000000       5.89126870740738120E-018
   1893.0000000000000       5.41087300509257740E-018
   1894.0000000000000       5.33278373750000022E-018
   1895.0000000000000       5.60343647142858244E-018
   1896.0000000000000       5.85262878571424477E-018
   1897.0000000000000       5.41273108392858109E-018
   1898.0000000000000       5.07738893855819677E-018
   1899.0000000000000       4.10231894179890561E-018
   1900.0000000000000       3.27043166428577393E-018
   1901.0000000000000       5.04402999285690329E-018
   1902.0000000000000       6.83588123035708947E-018
   1903.0000000000000       5.88472039285707592E-018
   1904.0000000000000       4.90149341071429585E-018
   1905.0000000000000       5.16800549821430720E-018
   1906.0000000000000       6.04964633928576547E-018
   1907.0000000000000       7.52995935535719127E-018
   1908.0000000000000       7.74443549999999440E-018
   1909.0000000000000       6.88193008750002977E-018
   1910.0000000000000       5.52948367093590383E-018
   1911.0000000000000       5.31577793084980256E-018
   1912.0000000000000       4.80052629821431560E-018
   1913.0000000000000       5.36090411964285120E-018
   1914.0000000000000       4.89675737321418129E-018
   1915.0000000000000       3.90733751071429436E-018
   1916.0000000000000       5.18232835357127565E-018
   1917.0000000000000       5.69637211428576274E-018
   1918.0000000000000       5.93208671330040123E-018
   1919.0000000000000       6.91544847241373715E-018
   1920.0000000000000       6.48166244285709133E-018
   1921.0000000000000       5.89541847678572451E-018
   1922.0000000000000       7.88610914070186912E-018
   1923.0000000000000       8.87949345036947608E-018
   1924.0000000000000       7.82100142321431044E-018
   1925.0000000000000       6.01252727678566761E-018
   1926.0000000000000       4.95255452204432742E-018
   1927.0000000000000       4.31124618103449863E-018
   1928.0000000000000       5.31809236896546127E-018
   1929.0000000000000       6.17668918275864727E-018
   1930.0000000000000       6.20530213965513467E-018
   1931.0000000000000       5.25486241206882752E-018
   1932.0000000000000       4.46691421311576151E-018
   1933.0000000000000       5.18436463516017145E-018
   1934.0000000000000       8.48700185948313761E-018
   1935.0000000000000       1.05038119612069621E-017
   1936.0000000000000       9.15294915172386507E-018
   1937.0000000000000       7.73125345172402545E-018
   1938.0000000000000       8.00739124999996869E-018
   1939.0000000000000       7.02848375517244602E-018
   1940.0000000000000       5.53336238275868104E-018
   1941.0000000000000       4.99791218448274216E-018
   1942.0000000000000       5.06230946206892261E-018
   1943.0000000000000       5.15700010862071898E-018
   1944.0000000000000       5.19632091896552653E-018
   1945.0000000000000       5.72875864160918081E-018
   1946.0000000000000       6.46675523770119244E-018
   1947.0000000000000       6.91162073448262967E-018
   1948.0000000000000       5.95873348448277968E-018
   1949.0000000000000       6.88277832413793010E-018
   1950.0000000000000       1.06826484758618646E-017
   1951.0000000000000       1.18480339999999484E-017
   1952.0000000000000       1.00667008999998610E-017
   1953.0000000000000       7.71156780000027812E-018
   1954.0000000000000       5.90413678793108414E-018
   1955.0000000000000       5.82762269137928446E-018
   1956.0000000000000       5.88414475902298821E-018
   1957.0000000000000       5.74050404833329886E-018
   1958.0000000000000       5.46445377999994991E-018
   1959.0000000000000       4.48097851833332617E-018
   1960.0000000000000       3.42532064086202906E-018
   1961.0000000000000       3.95412055580445995E-018
   1962.0000000000000       6.78947690833275700E-018
   1963.0000000000000       1.22526888766660443E-017
   1964.0000000000000       1.41836521833334297E-017
   1965.0000000000000       1.17276627793106682E-017
   1966.0000000000000       9.80530423402319660E-018
   1967.0000000000000       8.42944584873556231E-018
   1968.0000000000000       7.07034762459793218E-018
   1969.0000000000000       5.79433666666666936E-018
   1970.0000000000000       6.04507668666670791E-018
   1971.0000000000000       6.20988902666667133E-018
   1972.0000000000000       5.54812301999995365E-018
   1973.0000000000000       4.36037661333337234E-018
   1974.0000000000000       3.77616306666669629E-018
   1975.0000000000000       3.96139817526863885E-018
   1976.0000000000000       7.18564166306453203E-018
   1977.0000000000000       8.69431483854842265E-018
   1978.0000000000000       1.03599993064514190E-017
   1979.0000000000000       1.16144100000000017E-017
   1980.0000000000000       1.19355894000000531E-017
   1981.0000000000000       1.09853649799998418E-017
   1982.0000000000000       9.27442523000011359E-018
   1983.0000000000000       7.83678923000001950E-018
   1984.0000000000000       6.58979030999994224E-018
   1985.0000000000000       5.77524785322582916E-018
   1986.0000000000000       5.22292328844090222E-018
   1987.0000000000000       4.97437792446237388E-018
   1988.0000000000000       4.33266206290329108E-018
   1989.0000000000000       3.38579693096771592E-018
   1990.0000000000000       3.35938042333323126E-018
   1991.0000000000000       5.38145631344087848E-018
   1992.0000000000000       7.52902753322573531E-018
   1993.0000000000000       1.11173227866665024E-017
   1994.0000000000000       1.41236982333335118E-017
   1995.0000000000000       1.27867570741933864E-017
   1996.0000000000000       1.01613999580645985E-017
   1997.0000000000000       7.71523435483852443E-018
   1998.0000000000000       6.51843769956989917E-018
   1999.0000000000000       6.36907236494623785E-018
   2000.0000000000000       6.24626446451613056E-018
   2001.0000000000000       5.57523520322583185E-018
   2002.0000000000000       4.60622964838710944E-018
   2003.0000000000000       3.51426711612911421E-018
   2004.0000000000000       2.60722748387096759E-018
   2005.0000000000000       2.13325334354841527E-018
   2006.0000000000000       4.41643910645140050E-018
   2007.0000000000000       1.15978991274191933E-017
   2008.0000000000000       1.44185133548387431E-017
   2009.0000000000000       1.19749495937500009E-017
   2010.0000000000000       1.01556852417338645E-017
   2011.0000000000000       9.46386253064514919E-018
   2012.0000000000000       8.85293487137094307E-018
   2013.0000000000000       7.77687624687493854E-018
   2014.0000000000000       6.41816339062499591E-018
   2015.0000000000000       5.43232942187500485E-018
   2016.0000000000000       5.01560605625001561E-018
   2017.0000000000000       4.50304980493957585E-018
   2018.0000000000000       3.60183855483870049E-018
   2019.0000000000000       2.93170763709676627E-018
   2020.0000000000000       3.00226132499997474E-018
   2021.0000000000000       5.47446943790303726E-018
   2022.0000000000000       7.25865340584675631E-018
   2023.0000000000000       8.51871109375012971E-018
   2024.0000000000000       1.28679186468748566E-017
   2025.0000000000000       1.34392267777217761E-017
   2026.0000000000000       1.09870066983870739E-017
   2027.0000000000000       8.47596432258072023E-018
   2028.0000000000000       6.93742160756044262E-018
   2029.0000000000000       6.18852508437498852E-018
   2030.0000000000000       5.57702787500001515E-018
   2031.0000000000000       5.00679583906253521E-018
   2032.0000000000000       4.47577119375000379E-018
   2033.0000000000000       3.70857621093743770E-018
   2034.0000000000000       3.03212356874997160E-018
   2035.0000000000000       2.13535873124999956E-018
   2036.0000000000000       1.60156480000001955E-018
   2037.0000000000000       4.30890278749997613E-018
   2038.0000000000000       1.09631499187499153E-017
   2039.0000000000000       1.33317505000000452E-017
   2040.0000000000000       1.12719501953124009E-017
   2041.0000000000000       9.52913106150566660E-018
   2042.0000000000000       8.44139864318176909E-018
   2043.0000000000000       7.54733434218741063E-018
   2044.0000000000000       6.07102483584292942E-018
   2045.0000000000000       4.71890804696974543E-018
   2046.0000000000000       3.80049220000004009E-018
   2047.0000000000000       3.70086800000002572E-018
   2048.0000000000000       4.01403538437502469E-018
   2049.0000000000000       3.56912317031247644E-018
   2050.0000000000000       2.55624504531240450E-018
   2051.0000000000000       2.14108201969680336E-018
   2052.0000000000000       4.52294338655294445E-018
   2053.0000000000000       7.52211979375003341E-018
   2054.0000000000000       8.49239203333357835E-018
   2055.0000000000000       1.09590123166667897E-017
   2056.0000000000000       1.20022463124998164E-017
   2057.0000000000000       1.02083720125002669E-017
   2058.0000000000000       7.68452950833301937E-018
   2059.0000000000000       5.94390729393964057E-018
   2060.0000000000000       4.90213359696965221E-018
   2061.0000000000000       4.33031803200753786E-018
   2062.0000000000000       4.09927339678030314E-018
   2063.0000000000000       3.92358553181817442E-018
   2064.0000000000000       3.16315569242419940E-018
   2065.0000000000000       2.59417477272732345E-018
   2066.0000000000000       2.16769101363635341E-018
   2067.0000000000000       1.53198874545467467E-018
   2068.0000000000000       1.49648976363637738E-018
   2069.0000000000000       4.94700496666622852E-018
   2070.0000000000000       1.05639912787881909E-017
   2071.0000000000000       1.24752662727274048E-017
   2072.0000000000000       1.03656547090908648E-017
   2073.0000000000000       8.30049799848500579E-018
   2074.0000000000000       6.83673021363626505E-018
   2075.0000000000000       6.08830892023183552E-018
   2076.0000000000000       5.00260963734419249E-018
   2077.0000000000000       4.13862324242419152E-018
   2078.0000000000000       3.31978941060612619E-018
   2079.0000000000000       2.64223508030305452E-018
   2080.0000000000000       2.39477199108735046E-018
   2081.0000000000000       2.37881465588237794E-018
   2082.0000000000000       1.84664929696973827E-018
   2083.0000000000000       1.13077621920678493E-018
   2084.0000000000000       1.53224062018719720E-018
   2085.0000000000000       4.78536772424239946E-018
   2086.0000000000000       8.45378325998257844E-018
   2087.0000000000000       9.18977625882355853E-018
   2088.0000000000000       8.65322905000004798E-018
   2089.0000000000000       8.23387602352937726E-018
   2090.0000000000000       7.53180454117641647E-018
   2091.0000000000000       6.19883548970577358E-018
   2092.0000000000000       4.88963048088230523E-018
   2093.0000000000000       4.07118541711225972E-018
   2094.0000000000000       3.42545033729943153E-018
   2095.0000000000000       2.93678033676471407E-018
   2096.0000000000000       2.50830420294117506E-018
   2097.0000000000000       1.98792320588240098E-018
   2098.0000000000000       1.45601084117644322E-018
   2099.0000000000000       1.12845965294114307E-018
   2100.0000000000000       8.44934697647116420E-019
   2101.0000000000000       1.96928211882328888E-018
   2102.0000000000000       4.70240927647078179E-018
   2103.0000000000000       6.80466982647057630E-018
   2104.0000000000000       9.00351631605043463E-018
   2105.0000000000000       9.13425434571431055E-018
   2106.0000000000000       7.31248255882351369E-018
   2107.0000000000000       5.83416559117638398E-018
   2108.0000000000000       4.97317383529411007E-018
   2109.0000000000000       4.21651031470587651E-018
   2110.0000000000000       3.59296058857151064E-018
   2111.0000000000000       3.14547559857141025E-018
   2112.0000000000000       2.53461855109241714E-018
   2113.0000000000000       1.92204942647056696E-018
   2114.0000000000000       1.51038060386558424E-018
   2115.0000000000000       1.17428261285710086E-018
   2116.0000000000000       9.17438860483188951E-019
   2117.0000000000000       8.23738293088212427E-019
   2118.0000000000000       1.63046704735311172E-018
   2119.0000000000000       4.62634327647045018E-018
   2120.0000000000000       7.05249655588241291E-018
   2121.0000000000000       6.36951073529443368E-018
   2122.0000000000000       5.30993139285714430E-018
   2123.0000000000000       4.80823713714287673E-018
   2124.0000000000000       4.25474970999996593E-018
   2125.0000000000000       3.68905123714282699E-018
   2126.0000000000000       3.52122971714285776E-018
   2127.0000000000000       3.46590502571423782E-018
   2128.0000000000000       2.99603920428568136E-018
   2129.0000000000000       2.36053259285720600E-018
   2130.0000000000000       1.85979103571428742E-018
   2131.0000000000000       1.50340524714290408E-018
   2132.0000000000000       1.22639822857140892E-018
   2133.0000000000000       9.74318608428542875E-019
   2134.0000000000000       1.00607445942856366E-018
   2135.0000000000000       2.23631594428542022E-018
   2136.0000000000000       3.80823748285713239E-018
   2137.0000000000000       4.83956453714282743E-018
   2138.0000000000000       5.31984887400797026E-018
   2139.0000000000000       4.89941443313491723E-018
   2140.0000000000000       3.96035692714296415E-018
   2141.0000000000000       3.12846046333330484E-018
   2142.0000000000000       3.03014160555556829E-018
   2143.0000000000000       3.27623572539682911E-018
   2144.0000000000000       3.07032818571426288E-018
   2145.0000000000000       2.56255482777784484E-018
   2146.0000000000000       1.94801609365085519E-018
   2147.0000000000000       1.52129018285714549E-018
   2148.0000000000000       1.38788709571429547E-018
   2149.0000000000000       1.27358655972222028E-018
   2150.0000000000000       1.05025845799205954E-018
   2151.0000000000000       7.93436760571437766E-019
   2152.0000000000000       1.13886428838101728E-018
   2153.0000000000000       3.05953680833321552E-018
   2154.0000000000000       5.01001079999987085E-018
   2155.0000000000000       4.67120745000012424E-018
   2156.0000000000000       3.72259671527791842E-018
   2157.0000000000000       3.00081215416674136E-018
   2158.0000000000000       2.51119344484124724E-018
   2159.0000000000000       2.40016394682539278E-018
   2160.0000000000000       2.20479888888887729E-018
   2161.0000000000000       1.80307272499996627E-018
   2162.0000000000000       1.43329720138891413E-018
   2163.0000000000000       1.16362598472223498E-018
   2164.0000000000000       1.15574307402402023E-018
   2165.0000000000000       1.29961766486485884E-018
   2166.0000000000000       1.21322314594595060E-018
   2167.0000000000000       1.02009390766519894E-018
   2168.0000000000000       8.10763905833352501E-019
   2169.0000000000000       9.50908422499970417E-019
   2170.0000000000000       2.10472612916667376E-018
   2171.0000000000000       3.31234944027781934E-018
   2172.0000000000000       3.52271289861109166E-018
   2173.0000000000000       3.12518958055558084E-018
   2174.0000000000000       2.56834937214719625E-018
   2175.0000000000000       2.02393459729726144E-018
   2176.0000000000000       1.58672331250004611E-018
   2177.0000000000000       1.31439653194446176E-018
   2178.0000000000000       1.22577122717717918E-018
   2179.0000000000000       1.17400901081080860E-018
   2180.0000000000000       1.04478696756756026E-018
   2181.0000000000000       1.03876399324324328E-018
   2182.0000000000000       1.07578115540540238E-018
   2183.0000000000000       1.00075230635134653E-018
   2184.0000000000000       8.51621568108085772E-019
   2185.0000000000000       6.55359701891895666E-019
   2186.0000000000000       5.47336530945948526E-019
   2187.0000000000000       7.57939860540514924E-019
   2188.0000000000000       1.66950282486487597E-018
   2189.0000000000000       2.65677711756751990E-018
   2190.0000000000000       2.84698757162162094E-018
   2191.0000000000000       2.44452498918920951E-018
   2192.0000000000000       1.94066610270270455E-018
   2193.0000000000000       1.54450788783781871E-018
   2194.0000000000000       1.33096422972972986E-018
   2195.0000000000000       1.20790687894736508E-018
   2196.0000000000000       1.02240168402563768E-018
   2197.0000000000000       8.37716318918916224E-019
   2198.0000000000000       7.26345337318630049E-019
   2199.0000000000000       6.72772509210517615E-019
   2200.0000000000000       5.81817291849226263E-019
   2201.0000000000000       4.70927667229728889E-019
   2202.0000000000000       3.77430278815792067E-019
   2203.0000000000000       3.44083698421051263E-019
   2204.0000000000000       3.32353147830727825E-019
   2205.0000000000000       5.69096678748280338E-019
   2206.0000000000000       1.31143460263152630E-018
   2207.0000000000000       1.97298622105263198E-018
   2208.0000000000000       1.91602508157894828E-018
   2209.0000000000000       1.60117476052629568E-018
   2210.0000000000000       1.39572946315788082E-018
   2211.0000000000000       1.27786542176385907E-018
   2212.0000000000000       1.10934363626244795E-018
   2213.0000000000000       9.31005955088920745E-019
   2214.0000000000000       8.25424588990032593E-019
   2215.0000000000000       7.09947458421069246E-019
   2216.0000000000000       5.76803277763150223E-019
   2217.0000000000000       4.62334169342104460E-019
   2218.0000000000000       3.79633382105255745E-019
   2219.0000000000000       3.15185787236847578E-019
   2220.0000000000000       3.13894474473684660E-019
   2221.0000000000000       3.38812215468962670E-019
   2222.0000000000000       3.20685823346825697E-019
   2223.0000000000000       4.26504989999958723E-019
   2224.0000000000000       8.11419088026333943E-019
   2225.0000000000000       1.07465153355263161E-018
   2226.0000000000000       1.06250598552632031E-018
   2227.0000000000000       9.90307969932519590E-019
   2228.0000000000000       9.82777819804317758E-019
   2229.0000000000000       9.80301077631583656E-019
   2230.0000000000000       8.63860545256402213E-019
   2231.0000000000000       7.32391275128198075E-019
   2232.0000000000000       6.58842453461532968E-019
   2233.0000000000000       5.94273233589743985E-019
   2234.0000000000000       4.88353497300945838E-019
   2235.0000000000000       3.76102185263156213E-019
   2236.0000000000000       2.87264920789476803E-019
   2237.0000000000000       2.33991216447370117E-019
   2238.0000000000000       2.45514336993930914E-019
   2239.0000000000000       3.10783528717943082E-019
   2240.0000000000000       3.51733379615386779E-019
   2241.0000000000000       3.22538408225369141E-019
   2242.0000000000000       3.65460731133598641E-019
   2243.0000000000000       4.84992119743600148E-019
   2244.0000000000000       5.50765248589744063E-019
   2245.0000000000000       5.54619644358975053E-019
   2246.0000000000000       5.41166433461538369E-019
   2247.0000000000000       5.07748454999998403E-019
   2248.0000000000000       2.67504010501923129E-019
   2273.0000000000000       1.52268637322115029E-019
   2299.0000000000000       8.05044683562609656E-020
   2326.0000000000000       4.74465618439973531E-020
   2353.0000000000000       3.93044727289716340E-020
   2381.0000000000000       4.21945637648903062E-020
   2410.0000000000000       5.20555911637931010E-020
   2439.0000000000000       6.91296650796099947E-020
   2469.0000000000000       8.78759695170441521E-020
   2500.0000000000000       1.21428682994791649E-019
   2532.0000000000000       1.61586103037683788E-019
   2564.0000000000000       2.06674476526977982E-019
   2597.0000000000000       2.81902580372914218E-019
   2632.0000000000000       3.49854555663299552E-019
   2667.0000000000000       4.45793943132197851E-019
   2703.0000000000000       5.48604939739213081E-019
   2740.0000000000000       6.27715331259462823E-019
   2778.0000000000000       7.14012907535800444E-019
   2817.0000000000000       7.66487447897834029E-019
   2857.0000000000000       7.76432071983778162E-019
   2899.0000000000000       6.93194969404595853E-019
   2941.0000000000000       6.25075585827942815E-019
   2985.0000000000000       5.02940115431150630E-019
   3030.0000000000000       3.29020522141110019E-019
   3077.0000000000000       2.07973581800323387E-019
   3125.0000000000000       1.12670268567179750E-019
   3175.0000000000000       4.98158994843019672E-020
   3225.0000000000000       1.79271117051048669E-020
   3275.0000000000000       8.56378353579403688E-021
   3325.0000000000000       5.49058587140749018E-021
   3375.0000000000000       5.14540462470101545E-021
   3425.0000000000000       5.86154964499329300E-021
   3450.0000000000000       2.73739711675174172E-021
   3550.0000000000000        0.0000000000000000     
   3650.0000000000000        0.0000000000000000     
   3750.0000000000000        0.0000000000000000     
   3850.0000000000000        0.0000000000000000     
   3950.0000000000000        0.0000000000000000     
   4050.0000000000000        0.0000000000000000     
   4150.0000000000000        0.0000000000000000     
   4250.0000000000000        0.0000000000000000     
   4350.0000000000000        0.0000000000000000     
   4450.0000000000000        0.0000000000000000     
   4550.0000000000000        0.0000000000000000     
   4650.0000000000000        0.0000000000000000     
   4750.0000000000000        0.0000000000000000     
   4850.0000000000000        0.0000000000000000     
   4950.0000000000000        0.0000000000000000     
   5050.0000000000000        0.0000000000000000     
   5150.0000000000000        0.0000000000000000     
   5250.0000000000000        0.0000000000000000     
   5350.0000000000000        0.0000000000000000     
   5450.0000000000000        0.0000000000000000     
   5550.0000000000000        0.0000000000000000     
   5650.0000000000000        0.0000000000000000     
   5750.0000000000000        0.0000000000000000     
   5850.0000000000000        0.0000000000000000     
   5950.0000000000000        0.0000000000000000     
   6050.0000000000000        0.0000000000000000     
   6150.0000000000000        0.0000000000000000     
   6250.0000000000000        0.0000000000000000     
   6350.0000000000000        0.0000000000000000     
   6450.0000000000000        0.0000000000000000     
   6550.0000000000000        0.0000000000000000     
   6650.0000000000000        0.0000000000000000     
   6750.0000000000000        0.0000000000000000     
   6850.0000000000000        0.0000000000000000     
   6950.0000000000000        0.0000000000000000     
   7050.0000000000000        0.0000000000000000     
   7150.0000000000000        0.0000000000000000     
   7250.0000000000000        0.0000000000000000     
   7350.0000000000000        0.0000000000000000     
   7450.0000000000000        0.0000000000000000     
   7550.0000000000000        0.0000000000000000     
   7650.0000000000000        0.0000000000000000     
   7750.0000000000000        0.0000000000000000     
   7850.0000000000000        0.0000000000000000     
   7950.0000000000000        0.0000000000000000     
   8050.0000000000000        0.0000000000000000     
   8150.0000000000000        0.0000000000000000     
   8250.0000000000000        0.0000000000000000     
   8350.0000000000000        0.0000000000000000     
   8450.0000000000000        0.0000000000000000     
