 1754.0 1770.0  0.3505253 34.1804504  0.9496078
 1770.0 1786.0  0.3516715 34.0791206  0.9493361
 1786.0 1802.0  0.3528318 33.9777184  0.9490792
 1802.0 1818.0  0.3538812 34.0051804  0.9486666
 1818.0 1835.0  0.3550825 33.9038391  0.9484358
 1835.0 1852.0  0.3563902 33.7939987  0.9481975
 1852.0 1869.0  0.3577616 33.6794815  0.9479619
 1869.0 1887.0  0.3592771 33.5531311  0.9477103
 1887.0 1905.0  0.3609070 33.4181213  0.9474516
 1905.0 1923.0  0.3626422 33.2748413  0.9471815
 1923.0 1942.0  0.3645716 33.1156502  0.9468799
 1942.0 1961.0  0.3665853 32.9512291  0.9465744
 1961.0 1980.0  0.3687418 32.7739601  0.9462283
 1980.0 2000.0  0.3707190 32.6031113  0.9458333
 2000.0 2020.0  0.3728357 32.4214592  0.9454043
 2020.0 2041.0  0.3750888 32.2295685  0.9449399
 2041.0 2062.0  0.3775850 32.0185204  0.9444137
 2062.0 2083.0  0.3793399 32.0007095  0.9439860
 2083.0 2105.0  0.3821880 31.7643909  0.9433834
 2105.0 2128.0  0.3851815 31.5188503  0.9427383
 2128.0 2151.0  0.3884259 31.2554398  0.9420217
 2151.0 2174.0  0.3918344 30.9876709  0.9412627
 2174.0 2200.0  0.3955780 30.6903801  0.9403984
 2200.0 2222.0  0.3990577 30.3891106  0.9395686
 2222.0 2247.0  0.4029239 30.1207199  0.9386756
 2247.0 2273.0  0.4070654 29.8051395  0.9376765
 2273.0 2299.0  0.4104819 29.6838703  0.9370193
 2299.0 2326.0  0.4147894 29.3653603  0.9359994
 2326.0 2353.0  0.4193196 29.0405407  0.9349325
 2353.0 2381.0  0.4239947 28.7077007  0.9338160
 2381.0 2410.0  0.4297996 28.3261395  0.9326942
 2410.0 2439.0  0.4375252 27.8597107  0.9315249
 2439.0 2469.0  0.4459231 27.4031696  0.9301534
 2469.0 2500.0  0.4539341 26.9188004  0.9291399
 2500.0 2532.0  0.4628032 26.4353695  0.9279000
 2532.0 2564.0  0.4718587 25.9606991  0.9266920
 2564.0 2597.0  0.4810940 25.4950008  0.9255210
 2597.0 2632.0  0.4909098 25.0161095  0.9244142
 2632.0 2667.0  0.5009553 24.5434799  0.9231201
 2667.0 2703.0  0.5102453 24.1157093  0.9220145
 2703.0 2740.0  0.5194935 23.5744305  0.9205493
 2740.0 2778.0  0.5294245 23.1492805  0.9195018
 2778.0 2817.0  0.5395186 22.7324505  0.9185238
 2817.0 2857.0  0.5500935 22.3162804  0.9175869
 2857.0 2899.0  0.5601686 21.7973995  0.9163495
 2899.0 2941.0  0.5712602 21.3866596  0.9155268
 2941.0 2985.0  0.5821180 20.9956207  0.9147708
 2985.0 3030.0  0.5915409 20.6508293  0.9140940
 3030.0 3077.0  0.6001890 20.2071705  0.9130904
 3077.0 3125.0  0.6100138 19.8632202  0.9126246
 3125.0 3175.0  0.6201847 19.5196095  0.9121333
 3175.0 3225.0  0.6290023 19.0889702  0.9114587
 3225.0 3275.0  0.6391753 18.7616692  0.9111124
 3275.0 3325.0  0.6498376 18.4357204  0.9108218
 3325.0 3375.0  0.6606600 18.1174107  0.9105847
 3375.0 3425.0  0.6714196 17.8095303  0.9103978
 3425.0 3450.0  0.6776879 17.4901009  0.9100885
 3450.0 3550.0  0.6909785 17.1295795  0.9099659
 3550.0 3650.0  0.7123340 16.6987305  0.9100599
 3650.0 3750.0  0.7301507 16.2156906  0.9104037
 3750.0 3850.0  0.7497618 15.8656597  0.9103357
 3850.0 3950.0  0.7688762 15.5324697  0.9106350
 3950.0 4050.0  0.7876535 15.2204399  0.9109642
 4050.0 4150.0  0.8075516 15.0168800  0.9114399
 4150.0 4250.0  0.8247231 14.7498903  0.9117931
 4250.0 4350.0  0.8411324 14.5026999  0.9121501
 4350.0 4450.0  0.8570049 14.2739496  0.9125044
 4450.0 4550.0  0.8675497 14.0030699  0.9127560
 4550.0 4650.0  0.8763479 13.7522497  0.9130105
 4650.0 4750.0  0.8848516 13.5073204  0.9132565
 4750.0 4850.0  0.8918738 13.1755505  0.9134096
 4850.0 4950.0  0.8998727 12.9403200  0.9136430
 4950.0 5050.0  0.9076130 12.7101898  0.9138636
 5050.0 5150.0  0.9151576 12.4846201  0.9140701
 5150.0 5250.0  0.9225047 12.2634096  0.9142617
 5250.0 5350.0  0.9296523 12.0463600  0.9144373
 5350.0 5450.0  0.9357816 11.7266302  0.9145333
 5450.0 5550.0  0.9426940 11.5156498  0.9146797
 5550.0 5650.0  0.9495011 11.3081598  0.9148095
 5650.0 5750.0  0.9536203 11.1151400  0.9149248
 5750.0 5850.0  0.9562740 10.9299803  0.9150245
 5850.0 5950.0  0.9588656 10.7465296  0.9151076
 5950.0 6050.0  0.9607950 10.4511995  0.9147052
 6050.0 6150.0  0.9632993 10.2677402  0.9151780
 6150.0 6250.0  0.9657712 10.0889301  0.9152154
 6250.0 6350.0  0.9682246  9.9114819  0.9152376
 6350.0 6450.0  0.9706280  9.7368708  0.9152453
 6450.0 6550.0  0.9730044  9.5644751  0.9152386
 6550.0 6650.0  0.9749109  9.2723370  0.9151786
 6650.0 6750.0  0.9772822  9.1041164  0.9151461
 6750.0 6850.0  0.9796401  8.9383154  0.9151005
 6850.0 6950.0  0.9818020  8.7754221  0.9150425
 6950.0 7050.0  0.9825319  8.6189384  0.9149729
 7050.0 7150.0  0.9832547  8.4647312  0.9148917
 7150.0 7250.0  0.9839510  8.3128977  0.9147992
 7250.0 7350.0  0.9846632  8.1633549  0.9146958
 7350.0 7450.0  0.9850530  7.8937421  0.9145516
 7450.0 7550.0  0.9857706  7.7495160  0.9144287
 7550.0 7650.0  0.9864656  7.6078100  0.9142959
 7650.0 7750.0  0.9871812  7.4685140  0.9141538
 7750.0 7850.0  0.9878972  7.3315759  0.9140408
 7850.0 7950.0  0.9885931  7.1973720  0.9138430
 7950.0 8050.0  0.9893121  7.0654550  0.9136750
 8050.0 8150.0  0.9900336  6.9359770  0.9134988
 8150.0 8250.0  0.9907653  6.8140321  0.9127007
 8250.0 8350.0  0.9912565  6.5673690  0.9131001
 8350.0 8450.0  0.9920061  6.4464669  0.9128074
 8450.0 8550.0  0.9927603  6.3271642  0.9126976
