 1754.0 1770.0  0.3608130 31.2575207  0.9467410
 1770.0 1786.0  0.3619756 31.1665401  0.9464519
 1786.0 1802.0  0.3631529 31.0755405  0.9461782
 1802.0 1818.0  0.3642605 31.1043205  0.9457403
 1818.0 1835.0  0.3654797 31.0134506  0.9454941
 1835.0 1852.0  0.3668064 30.9149303  0.9452397
 1852.0 1869.0  0.3681973 30.8122005  0.9449878
 1869.0 1887.0  0.3697341 30.6988392  0.9447190
 1887.0 1905.0  0.3714245 30.5795498  0.9444433
 1905.0 1923.0  0.3731791 30.4507694  0.9441546
 1923.0 1942.0  0.3747594 30.2897205  0.9438974
 1942.0 1961.0  0.3771674 30.1599808  0.9435061
 1961.0 1980.0  0.3793271 29.9996204  0.9431371
 1980.0 2000.0  0.3813268 29.8459091  0.9427158
 2000.0 2020.0  0.3834592 29.6821003  0.9422584
 2020.0 2041.0  0.3857227 29.5087509  0.9417628
 2041.0 2062.0  0.3882473 29.3189201  0.9412549
 2062.0 2083.0  0.3900819 29.3078709  0.9407473
 2083.0 2105.0  0.3929424 29.0944004  0.9401072
 2105.0 2128.0  0.3959598 28.8731308  0.9394209
 2128.0 2151.0  0.3985972 28.6056499  0.9388793
 2151.0 2174.0  0.4026205 28.3924599  0.9378551
 2174.0 2200.0  0.4063939 28.1246204  0.9369370
 2200.0 2222.0  0.4101290 27.8635292  0.9360175
 2222.0 2247.0  0.4137903 27.6111507  0.9351066
 2247.0 2273.0  0.4179647 27.3269501  0.9340483
 2273.0 2299.0  0.4214586 27.2223492  0.9333468
 2299.0 2326.0  0.4258276 26.9368992  0.9321835
 2326.0 2353.0  0.4303370 26.6419697  0.9311275
 2353.0 2381.0  0.4350344 26.3417892  0.9299415
 2381.0 2410.0  0.4408702 25.9983006  0.9287496
 2410.0 2439.0  0.4486580 25.5800304  0.9275108
 2439.0 2469.0  0.4567671 25.1551704  0.9262361
 2469.0 2500.0  0.4652112 24.7378006  0.9249899
 2500.0 2532.0  0.4740951 24.3026791  0.9236719
 2532.0 2564.0  0.4831570 23.8753891  0.9223872
 2564.0 2597.0  0.4924091 23.4570007  0.9211400
 2597.0 2632.0  0.5022179 23.0259609  0.9198673
 2632.0 2667.0  0.5122463 22.6004696  0.9185817
 2667.0 2703.0  0.5215023 22.2147408  0.9174042
 2703.0 2740.0  0.5306213 21.7199898  0.9158468
 2740.0 2778.0  0.5404809 21.3356400  0.9147276
 2778.0 2817.0  0.5505136 20.9596691  0.9136842
 2817.0 2857.0  0.5609449 20.5810509  0.9126704
 2857.0 2899.0  0.5708282 20.1049099  0.9113578
 2899.0 2941.0  0.5818331 19.7346592  0.9104781
 2941.0 2985.0  0.5925736 19.3809795  0.9096699
 2985.0 3030.0  0.6020759 19.0778008  0.9087325
 3030.0 3077.0  0.6102656 18.6566696  0.9079570
 3077.0 3125.0  0.6199840 18.3459206  0.9073681
 3125.0 3175.0  0.6299993 18.0336494  0.9068360
 3175.0 3225.0  0.6385511 17.6339397  0.9061105
 3225.0 3275.0  0.6485627 17.3365402  0.9057297
 3275.0 3325.0  0.6590346 17.0396900  0.9054096
 3325.0 3375.0  0.6696483 16.7493191  0.9051465
 3375.0 3425.0  0.6801919 16.4682503  0.9049364
 3425.0 3450.0  0.6861928 16.1677094  0.9045995
 3450.0 3550.0  0.6992115 15.8386002  0.9044306
 3550.0 3650.0  0.7201676 15.4495802  0.9045264
 3650.0 3750.0  0.7376209 15.0096397  0.9045225
 3750.0 3850.0  0.7567157 14.6872396  0.9047670
 3850.0 3950.0  0.7754354 14.3875399  0.9050575
 3950.0 4050.0  0.7937664 14.1044302  0.9053816
 4050.0 4150.0  0.8132664 13.9288197  0.9058607
 4150.0 4250.0  0.8299853 13.6857700  0.9062111
 4250.0 4350.0  0.8459461 13.4602804  0.9065661
 4350.0 4450.0  0.8613491 13.2490597  0.9069188
 4450.0 4550.0  0.8715062 12.9908199  0.9071623
 4550.0 4650.0  0.8799610 12.7495604  0.9074077
 4650.0 4750.0  0.8881375 12.5136805  0.9076478
 4750.0 4850.0  0.8948074 12.1886902  0.9077880
 4850.0 4950.0  0.9025055 11.9607897  0.9080134
 4950.0 5050.0  0.9099609 11.7374601  0.9082257
 5050.0 5150.0  0.9172350 11.5181799  0.9084232
 5150.0 5250.0  0.9243274 11.3029003  0.9086052
 5250.0 5350.0  0.9312370 11.0915899  0.9087704
 5350.0 5450.0  0.9371119 10.7772198  0.9088513
 5450.0 5550.0  0.9438156 10.5709801  0.9089857
 5550.0 5650.0  0.9504317 10.3684101  0.9091030
 5650.0 5750.0  0.9544185 10.1787996  0.9092045
 5750.0 5850.0  0.9569710  9.9963331  0.9092895
 5850.0 5950.0  0.9594675  9.8155117  0.9093809
 5950.0 6050.0  0.9612752  9.5227032  0.9093552
 6050.0 6150.0  0.9637103  9.3456402  0.9093907
 6150.0 6250.0  0.9661100  9.1708069  0.9094098
 6250.0 6350.0  0.9684996  8.9982061  0.9094129
 6350.0 6450.0  0.9708437  8.8280191  0.9094003
 6450.0 6550.0  0.9731671  8.6602325  0.9093726
 6550.0 6650.0  0.9750064  8.3770056  0.9092884
 6650.0 6750.0  0.9773390  8.2142544  0.9092333
 6750.0 6850.0  0.9796643  8.0540915  0.9091643
 6850.0 6950.0  0.9818001  7.8970199  0.9090821
 6950.0 7050.0  0.9825075  7.7462158  0.9089875
 7050.0 7150.0  0.9832099  7.5979538  0.9088805
 7150.0 7250.0  0.9838879  7.4523101  0.9087614
 7250.0 7350.0  0.9845839  7.3091931  0.9086307
 7350.0 7450.0  0.9849436  7.0527182  0.9084566
 7450.0 7550.0  0.9856492  6.9155569  0.9083049
 7550.0 7650.0  0.9863339  6.7810831  0.9081427
 7650.0 7750.0  0.9870415  6.6491780  0.9079705
 7750.0 7850.0  0.9877514  6.5198779  0.9077887
 7850.0 7950.0  0.9884425  6.3932180  0.9075975
 7950.0 8050.0  0.9891589  6.2690659  0.9073973
 8050.0 8150.0  0.9898797  6.1474509  0.9071886
 8150.0 8250.0  0.9906055  6.0283418  0.9069715
 8250.0 8350.0  0.9910948  5.8032732  0.9067212
 8350.0 8450.0  0.9918493  5.6901932  0.9064890
 8450.0 8550.0  0.9926112  5.5795350  0.9062493
