 1754.0 1770.0  0.0092595  0.0915847  0.0096415
 1770.0 1786.0  0.0090457  0.0903232  0.0094699
 1786.0 1802.0  0.0088390  0.0890866  0.0093030
 1802.0 1818.0  0.0088866  0.0872328  0.0091858
 1818.0 1835.0  0.0086888  0.0860404  0.0090267
 1835.0 1852.0  0.0084848  0.0848100  0.0088621
 1852.0 1869.0  0.0082878  0.0836043  0.0087020
 1869.0 1887.0  0.0080855  0.0823645  0.0085371
 1887.0 1905.0  0.0078913  0.0811399  0.0083769
 1905.0 1923.0  0.0077039  0.0799405  0.0082212
 1923.0 1942.0  0.0075121  0.0787148  0.0080615
 1942.0 1961.0  0.0073393  0.0775440  0.0079145
 1961.0 1980.0  0.0071595  0.0763857  0.0077636
 1980.0 2000.0  0.0069616  0.0754046  0.0076090
 2000.0 2020.0  0.0067713  0.0744415  0.0074590
 2020.0 2041.0  0.0065884  0.0734959  0.0073134
 2041.0 2062.0  0.0064034  0.0725261  0.0071650
 2062.0 2083.0  0.0064042  0.0710451  0.0070561
 2083.0 2105.0  0.0062198  0.0700848  0.0069092
 2105.0 2128.0  0.0060430  0.0691398  0.0067669
 2128.0 2151.0  0.0058652  0.0681790  0.0066228
 2151.0 2174.0  0.0056948  0.0672373  0.0064832
 2174.0 2200.0  0.0055166  0.0662467  0.0063365
 2200.0 2222.0  0.0053532  0.0653116  0.0062002
 2222.0 2247.0  0.0052031  0.0644315  0.0060738
 2247.0 2273.0  0.0050398  0.0634699  0.0059354
 2273.0 2299.0  0.0050232  0.0620535  0.0058307
 2299.0 2326.0  0.0048699  0.0611358  0.0057008
 2326.0 2353.0  0.0047172  0.0602102  0.0055705
 2353.0 2381.0  0.0045655  0.0592780  0.0054400
 2381.0 2410.0  0.0044397  0.0580633  0.0053145
 2410.0 2439.0  0.0043424  0.0564046  0.0051895
 2439.0 2469.0  0.0042464  0.0547447  0.0050649
 2469.0 2500.0  0.0041577  0.0530975  0.0049447
 2500.0 2532.0  0.0040665  0.0514170  0.0048211
 2532.0 2564.0  0.0039820  0.0497649  0.0047021
 2564.0 2597.0  0.0039038  0.0481401  0.0045875
 2597.0 2632.0  0.0038250  0.0464767  0.0044703
 2632.0 2667.0  0.0037410  0.0448546  0.0043509
 2667.0 2703.0  0.0036579  0.0434146  0.0042392
 2703.0 2740.0  0.0034750  0.0422983  0.0041083
 2740.0 2778.0  0.0033963  0.0408325  0.0039969
 2778.0 2817.0  0.0033245  0.0393841  0.0038900
 2817.0 2857.0  0.0032526  0.0379270  0.0037820
 2857.0 2899.0  0.0030919  0.0367468  0.0036578
 2899.0 2941.0  0.0030302  0.0352821  0.0035542
 2941.0 2985.0  0.0029665  0.0339026  0.0034526
 2985.0 3030.0  0.0028889  0.0327549  0.0033529
 3030.0 3077.0  0.0027254  0.0318324  0.0032351
 3077.0 3125.0  0.0026552  0.0306732  0.0031383
 3125.0 3175.0  0.0025867  0.0295089  0.0030420
 3175.0 3225.0  0.0024449  0.0285771  0.0029337
 3225.0 3275.0  0.0023867  0.0274555  0.0028446
 3275.0 3325.0  0.0023377  0.0263111  0.0027596
 3325.0 3375.0  0.0022948  0.0251814  0.0026784
 3375.0 3425.0  0.0022560  0.0240876  0.0026006
 3425.0 3450.0  0.0021590  0.0234644  0.0025313
 3450.0 3550.0  0.0021223  0.0221641  0.0024429
 3550.0 3650.0  0.0021264  0.0201766  0.0023212
 3650.0 3750.0  0.0020642  0.0185714  0.0021979
 3750.0 3850.0  0.0020800  0.0169187  0.0020946
 3850.0 3950.0  0.0021078  0.0153663  0.0019988
 3950.0 4050.0  0.0021500  0.0138998  0.0019100
 4050.0 4150.0  0.0022750  0.0124232  0.0018364
 4150.0 4250.0  0.0023437  0.0111741  0.0017591
 4250.0 4350.0  0.0024284  0.0100139  0.0016869
 4350.0 4450.0  0.0025360  0.0089214  0.0016194
 4450.0 4550.0  0.0025219  0.0081924  0.0015483
 4550.0 4650.0  0.0024917  0.0075881  0.0014819
 4650.0 4750.0  0.0024736  0.0070086  0.0014196
 4750.0 4850.0  0.0023960  0.0065062  0.0013544
 4850.0 4950.0  0.0024030  0.0059698  0.0012998
 4950.0 5050.0  0.0024236  0.0054565  0.0012484
 5050.0 5150.0  0.0024606  0.0049622  0.0012000
 5150.0 5250.0  0.0025164  0.0044872  0.0011543
 5250.0 5350.0  0.0025942  0.0040315  0.0011113
 5350.0 5450.0  0.0026218  0.0036201  0.0010652
 5450.0 5550.0  0.0027599  0.0031942  0.0010269
 5550.0 5650.0  0.0029469  0.0027825  0.0009906
 5650.0 5750.0  0.0030212  0.0025280  0.0009561
 5750.0 5850.0  0.0030209  0.0023581  0.0009235
 5850.0 5950.0  0.0030319  0.0021939  0.0008925
 5950.0 6050.0  0.0029661  0.0020503  0.0008587
 6050.0 6150.0  0.0030023  0.0018958  0.0008308
 6150.0 6250.0  0.0030538  0.0017463  0.0008042
 6250.0 6350.0  0.0031250  0.0016005  0.0007789
 6350.0 6450.0  0.0032156  0.0014603  0.0007548
 6450.0 6550.0  0.0033318  0.0013245  0.0007317
 6550.0 6650.0  0.0033780  0.0012013  0.0007062
 6650.0 6750.0  0.0035621  0.0010726  0.0006853
 6750.0 6850.0  0.0037992  0.0009477  0.0006653
 6850.0 6950.0  0.0040670  0.0008351  0.0006462
 6950.0 7050.0  0.0040575  0.0007902  0.0006278
 7050.0 7150.0  0.0040574  0.0007466  0.0006103
 7150.0 7250.0  0.0040622  0.0007051  0.0005935
 7250.0 7350.0  0.0040826  0.0006639  0.0005773
 7350.0 7450.0  0.0039891  0.0006287  0.0005590
 7450.0 7550.0  0.0040327  0.0005894  0.0005442
 7550.0 7650.0  0.0040836  0.0005520  0.0005300
 7650.0 7750.0  0.0041562  0.0005147  0.0005163
 7750.0 7850.0  0.0042467  0.0004784  0.0005032
 7850.0 7950.0  0.0043498  0.0004439  0.0004905
 7950.0 8050.0  0.0044850  0.0004093  0.0004784
 8050.0 8150.0  0.0046497  0.0003757  0.0004666
 8150.0 8250.0  0.0048508  0.0003429  0.0004553
 8250.0 8350.0  0.0049270  0.0003141  0.0004422
 8350.0 8450.0  0.0052203  0.0002826  0.0004317
 8450.0 8550.0  0.0055873  0.0002518  0.0004217
