 1754.0 1770.0  0.4640058 19.4661694  0.9009807
 1770.0 1786.0  0.4652666 19.4198895  0.9003690
 1786.0 1802.0  0.4665431 19.3737106  0.8997833
 1802.0 1818.0  0.4683651 19.4242706  0.8988826
 1818.0 1835.0  0.4696982 19.3789692  0.8983436
 1835.0 1852.0  0.4711456 19.3297691  0.8977830
 1852.0 1869.0  0.4726566 19.2782993  0.8972262
 1869.0 1887.0  0.4743206 19.2213097  0.8966323
 1887.0 1905.0  0.4761063 19.1603508  0.8960243
 1905.0 1923.0  0.4779967 19.0953007  0.8953949
 1923.0 1942.0  0.4800882 19.0226498  0.8946993
 1942.0 1961.0  0.4822724 18.9478092  0.8940027
 1961.0 1980.0  0.4845839 18.8659496  0.8932229
 1980.0 2000.0  0.4866257 18.7832298  0.8923451
 2000.0 2020.0  0.4888066 18.6951694  0.8914028
 2020.0 2041.0  0.4911166 18.6018105  0.8903934
 2041.0 2062.0  0.4936631 18.4987507  0.8892598
 2062.0 2083.0  0.4962645 18.5315399  0.8882900
 2083.0 2105.0  0.4991603 18.4161491  0.8870035
 2105.0 2128.0  0.5021892 18.2958908  0.8856364
 2128.0 2151.0  0.5054497 18.1662292  0.8841251
 2151.0 2174.0  0.5088132 18.0328693  0.8825355
 2174.0 2200.0  0.5125277 17.8851795  0.8807269
 2200.0 2222.0  0.5161830 17.7406807  0.8789204
 2222.0 2247.0  0.5197456 17.6004696  0.8771337
 2247.0 2273.0  0.5237736 17.4415493  0.8750592
 2273.0 2299.0  0.5280257 17.4260902  0.8736043
 2299.0 2326.0  0.5322053 17.2660408  0.8714787
 2326.0 2353.0  0.5365222 17.1006908  0.8692515
 2353.0 2381.0  0.5409319 16.9296703  0.8669198
 2381.0 2410.0  0.5465577 16.7414703  0.8645758
 2410.0 2439.0  0.5541978 16.5210705  0.8621278
 2439.0 2469.0  0.5621129 16.2970695  0.8596139
 2469.0 2500.0  0.5701933 16.0741596  0.8571231
 2500.0 2532.0  0.5786888 15.8422403  0.8545122
 2532.0 2564.0  0.5872827 15.6140203  0.8519592
 2564.0 2597.0  0.5959595 15.3893204  0.8494736
 2597.0 2632.0  0.6050846 15.1569300  0.8469217
 2632.0 2667.0  0.6142293 14.9226904  0.8443378
 2667.0 2703.0  0.6225444 14.7066402  0.8419505
 2703.0 2740.0  0.6294196 14.3667603  0.8388900
 2740.0 2778.0  0.6380557 14.1457396  0.8365859
 2778.0 2817.0  0.6467668 13.9282799  0.8344190
 2817.0 2857.0  0.6557084 13.7062397  0.8322914
 2857.0 2899.0  0.6627577 13.3613195  0.8296351
 2899.0 2941.0  0.6719809 13.1382704  0.8277414
 2941.0 2985.0  0.6808212 12.9195995  0.8259720
 2985.0 3030.0  0.6881827 12.7141304  0.8243509
 3030.0 3077.0  0.6931922 12.3764000  0.8222573
 3077.0 3125.0  0.7007049 12.1646605  0.8208679
 3125.0 3175.0  0.7083647 11.9482403  0.8195507
 3175.0 3225.0  0.7131660 11.6044302  0.8179485
 3225.0 3275.0  0.7206575 11.3901997  0.8169323
 3275.0 3325.0  0.7285177 11.1760597  0.8160339
 3325.0 3375.0  0.7364548 10.9641895  0.8152449
 3375.0 3425.0  0.7442799 10.7554903  0.8145595
 3425.0 3450.0  0.7469069 10.4686098  0.8137369
 3450.0 3550.0  0.7564832 10.2166204  0.8131098
 3550.0 3650.0  0.7733389  9.9608326  0.8126720
 3650.0 3750.0  0.7855402  9.5898418  0.8121409
 3750.0 3850.0  0.8006297  9.3594837  0.8120815
 3850.0 3950.0  0.8153411  9.1372490  0.8121402
 3950.0 4050.0  0.8297743  8.9237604  0.8121042
 4050.0 4150.0  0.8463430  8.8398056  0.8127453
 4150.0 4250.0  0.8593517  8.6393185  0.8130026
 4250.0 4350.0  0.8717833  8.4457903  0.8132948
 4350.0 4450.0  0.8838336  8.2582006  0.8136085
 4450.0 4550.0  0.8905842  7.9670382  0.8137502
 4550.0 4650.0  0.8960218  7.6865869  0.8139164
 4650.0 4750.0  0.9013914  7.4133229  0.8140922
 4750.0 4850.0  0.9047846  7.0322342  0.8141040
 4850.0 4950.0  0.9101221  6.7755580  0.8142877
 4950.0 5050.0  0.9154392  6.5267081  0.8144636
 5050.0 5150.0  0.9207969  6.2856002  0.8146277
 5150.0 5250.0  0.9261979  6.0522680  0.8147772
 5250.0 5350.0  0.9316427  5.8266902  0.8149093
 5350.0 5450.0  0.9356968  5.5042791  0.8148977
 5450.0 5550.0  0.9414352  5.2960510  0.8149969
 5550.0 5650.0  0.9473237  5.0951791  0.8150747
 5650.0 5750.0  0.9506333  4.9080482  0.8151346
 5750.0 5850.0  0.9525246  4.7314172  0.8151735
 5850.0 5950.0  0.9544543  4.5617061  0.8151895
 5950.0 6050.0  0.9552993  4.3081779  0.8150831
 6050.0 6150.0  0.9573632  4.1539998  0.8150553
 6150.0 6250.0  0.9594840  4.0060010  0.8150039
 6250.0 6350.0  0.9616906  3.8638921  0.8149294
 6350.0 6450.0  0.9639397  3.7275510  0.8148322
 6450.0 6550.0  0.9662595  3.5966899  0.8147127
 6550.0 6650.0  0.9677895  3.3945191  0.8144919
 6650.0 6750.0  0.9703273  3.2760279  0.8143315
 6750.0 6850.0  0.9729530  3.1623731  0.8141501
 6850.0 6950.0  0.9754215  3.0537729  0.8139483
 6950.0 7050.0  0.9760399  2.9533250  0.8137277
 7050.0 7150.0  0.9766818  2.8570180  0.8134874
 7150.0 7250.0  0.9773196  2.7647181  0.8132281
 7250.0 7350.0  0.9780114  2.6761291  0.8129502
 7350.0 7450.0  0.9780861  2.5305691  0.8125926
 7450.0 7550.0  0.9788520  2.4507210  0.8122811
 7550.0 7650.0  0.9796157  2.3741319  0.8119527
 7650.0 7750.0  0.9804407  2.3005180  0.8116341
 7750.0 7850.0  0.9813012  2.2303400  0.8111731
 7850.0 7950.0  0.9821522  2.1620100  0.8108704
 7950.0 8050.0  0.9830727  2.0967469  0.8104790
 8050.0 8150.0  0.9840267  2.0340030  0.8100731
 8150.0 8250.0  0.9850151  1.9736609  0.8096531
 8250.0 8350.0  0.9855592  1.8689049  0.8091710
 8350.0 8450.0  0.9866503  1.8142990  0.8087252
 8450.0 8550.0  0.9877794  1.7617340  0.8082666
