 1754.0 1770.0  0.5536062 11.4365797  0.7960514
 1770.0 1786.0  0.5549480 11.4168701  0.7945753
 1786.0 1802.0  0.5563257 11.3978100  0.7931936
 1802.0 1818.0  0.5590730 11.4594898  0.7910404
 1818.0 1835.0  0.5605061 11.4412804  0.7896903
 1835.0 1852.0  0.5620516 11.4212503  0.7882763
 1852.0 1869.0  0.5636586 11.4001198  0.7868655
 1869.0 1887.0  0.5654211 11.3765097  0.7853632
 1887.0 1905.0  0.5672888 11.3506899  0.7838296
 1905.0 1923.0  0.5692513 11.3226900  0.7822524
 1923.0 1942.0  0.5713989 11.2907000  0.7805313
 1942.0 1961.0  0.5736081 11.2570601  0.7788134
 1961.0 1980.0  0.5759195 11.2192001  0.7769181
 1980.0 2000.0  0.5778448 11.1765003  0.7748110
 2000.0 2020.0  0.5798854 11.1306496  0.7725739
 2020.0 2041.0  0.5820171 11.0812397  0.7702006
 2041.0 2062.0  0.5843295 11.0256996  0.7675578
 2062.0 2083.0  0.5879027 11.0837803  0.7651391
 2083.0 2105.0  0.5905161 11.0213404  0.7621635
 2105.0 2128.0  0.5932180 10.9554396  0.7590201
 2128.0 2151.0  0.5960832 10.8832102  0.7555621
 2151.0 2174.0  0.5989995 10.8078699  0.7519397
 2174.0 2200.0  0.6021654 10.7229500  0.7478284
 2200.0 2222.0  0.6052381 10.6387300  0.7437335
 2222.0 2247.0  0.6082325 10.5570097  0.7396941
 2247.0 2273.0  0.6115103 10.4614697  0.7350090
 2273.0 2299.0  0.6164958 10.4935398  0.7314506
 2299.0 2326.0  0.6198247 10.3953199  0.7266482
 2326.0 2353.0  0.6231955 10.2920103  0.7215989
 2353.0 2381.0  0.6265855 10.1837597  0.7163251
 2381.0 2410.0  0.6311969 10.0715103  0.7110048
 2410.0 2439.0  0.6378190  9.9501190  0.7054437
 2439.0 2469.0  0.6445397  9.8232231  0.6997104
 2469.0 2500.0  0.6513288  9.6952496  0.6940235
 2500.0 2532.0  0.6583339  9.5585337  0.6880516
 2532.0 2564.0  0.6653181  9.4212542  0.6821954
 2564.0 2597.0  0.6722777  9.2835064  0.6764777
 2597.0 2632.0  0.6794620  9.1371183  0.6705852
 2632.0 2667.0  0.6864434  8.9832592  0.6645911
 2667.0 2703.0  0.6925640  8.8348284  0.6590248
 2703.0 2740.0  0.6952433  8.5479412  0.6522716
 2740.0 2778.0  0.7013035  8.3870821  0.6468246
 2778.0 2817.0  0.7073523  8.2259779  0.6416582
 2817.0 2857.0  0.7134132  8.0567913  0.6365357
 2857.0 2899.0  0.7155054  7.7498121  0.6305272
 2899.0 2941.0  0.7215380  7.5726032  0.6258444
 2941.0 2985.0  0.7270734  7.3928308  0.6213937
 2985.0 3030.0  0.7310797  7.2133470  0.6172396
 3030.0 3077.0  0.7304589  6.8930192  0.6122649
 3077.0 3125.0  0.7342988  6.7047038  0.6085191
 3125.0 3175.0  0.7381018  6.5100670  0.6049320
 3175.0 3225.0  0.7368385  6.1887870  0.6008385
 3225.0 3275.0  0.7403694  5.9963388  0.5978054
 3275.0 3325.0  0.7442602  5.8050451  0.5950169
 3325.0 3375.0  0.7482470  5.6160460  0.5924633
 3375.0 3425.0  0.7521901  5.4306259  0.5901203
 3425.0 3450.0  0.7496493  5.1783848  0.5879000
 3450.0 3550.0  0.7544998  4.9585881  0.5854886
 3550.0 3650.0  0.7662686  4.7263861  0.5826818
 3650.0 3750.0  0.7714801  4.4035931  0.5799024
 3750.0 3850.0  0.7822086  4.1922312  0.5780494
 3850.0 3950.0  0.7930078  3.9884610  0.5765311
 3950.0 4050.0  0.8039792  3.7917919  0.5753025
 4050.0 4150.0  0.8196750  3.6856360  0.5747125
 4150.0 4250.0  0.8302222  3.5019259  0.5739130
 4250.0 4350.0  0.8407308  3.3268001  0.5732844
 4350.0 4450.0  0.8514410  3.1596620  0.5727957
 4450.0 4550.0  0.8550349  2.9423020  0.5721103
 4550.0 4650.0  0.8574762  2.7438619  0.5715515
 4650.0 4750.0  0.8602509  2.5594840  0.5710937
 4750.0 4850.0  0.8596722  2.3346961  0.5704206
 4850.0 4950.0  0.8632839  2.1794760  0.5701218
 4950.0 5050.0  0.8673311  2.0354850  0.5698783
 5050.0 5150.0  0.8719110  1.9017390  0.5696784
 5150.0 5250.0  0.8770419  1.7774740  0.5695141
 5250.0 5350.0  0.8827391  1.6619850  0.5693771
 5350.0 5450.0  0.8859354  1.5182950  0.5690316
 5450.0 5550.0  0.8931509  1.4203390  0.5689411
 5550.0 5650.0  0.9011806  1.3289400  0.5688614
 5650.0 5750.0  0.9051217  1.2495390  0.5687970
 5750.0 5850.0  0.9067531  1.1786880  0.5687397
 5850.0 5950.0  0.9086376  1.1127070  0.5686803
 5950.0 6050.0  0.9081692  1.0261080  0.5684319
 6050.0 6150.0  0.9106639  0.9700568  0.5683697
 6150.0 6250.0  0.9134575  0.9176593  0.5683003
 6250.0 6350.0  0.9166136  0.8685769  0.5682219
 6350.0 6450.0  0.9200491  0.8226283  0.5681335
 6450.0 6550.0  0.9238310  0.7795616  0.5680449
 6550.0 6650.0  0.9258063  0.7210789  0.5677686
 6650.0 6750.0  0.9304520  0.6839023  0.5676486
 6750.0 6850.0  0.9355051  0.6489052  0.5675153
 6850.0 6950.0  0.9404084  0.6162820  0.5673683
 6950.0 7050.0  0.9411374  0.5882136  0.5672090
 7050.0 7150.0  0.9419782  0.5618107  0.5670385
 7150.0 7250.0  0.9428565  0.5369185  0.5668461
 7250.0 7350.0  0.9439207  0.5134220  0.5666420
 7350.0 7450.0  0.9433684  0.4791291  0.5663003
 7450.0 7550.0  0.9447134  0.4586869  0.5660692
 7550.0 7650.0  0.9461069  0.4393812  0.5658229
 7650.0 7750.0  0.9477116  0.4210640  0.5655615
 7750.0 7850.0  0.9494528  0.4037026  0.5652850
 7850.0 7950.0  0.9512466  0.3872679  0.5649937
 7950.0 8050.0  0.9532700  0.3716315  0.5646877
 8050.0 8150.0  0.9554420  0.3567746  0.5643671
 8150.0 8250.0  0.9577669  0.3426472  0.5640321
 8250.0 8350.0  0.9588608  0.3209924  0.5635853
 8350.0 8450.0  0.9615852  0.3084989  0.5632246
 8450.0 8550.0  0.9644821  0.2965908  0.5628499
