 1754.0 1770.0  0.0011882  0.0443680  0.0024169
 1770.0 1786.0  0.0011602  0.0437826  0.0023738
 1786.0 1802.0  0.0011331  0.0432079  0.0023319
 1802.0 1818.0  0.0011390  0.0423086  0.0023025
 1818.0 1835.0  0.0011131  0.0417533  0.0022625
 1835.0 1852.0  0.0010865  0.0411797  0.0022212
 1852.0 1869.0  0.0010607  0.0406167  0.0021810
 1869.0 1887.0  0.0010344  0.0400373  0.0021396
 1887.0 1905.0  0.0010090  0.0394638  0.0020993
 1905.0 1923.0  0.0009846  0.0389013  0.0020602
 1923.0 1942.0  0.0009597  0.0383259  0.0020201
 1942.0 1961.0  0.0009372  0.0377749  0.0019832
 1961.0 1980.0  0.0009138  0.0372300  0.0019453
 1980.0 2000.0  0.0008881  0.0367718  0.0019065
 2000.0 2020.0  0.0008635  0.0363213  0.0018689
 2020.0 2041.0  0.0008398  0.0358782  0.0018323
 2041.0 2062.0  0.0008159  0.0354232  0.0017951
 2062.0 2083.0  0.0008158  0.0347028  0.0017678
 2083.0 2105.0  0.0007920  0.0342515  0.0017309
 2105.0 2128.0  0.0007691  0.0338067  0.0016952
 2128.0 2151.0  0.0007462  0.0333538  0.0016590
 2151.0 2174.0  0.0007242  0.0329093  0.0016240
 2174.0 2200.0  0.0007013  0.0324412  0.0015872
 2200.0 2222.0  0.0006802  0.0319985  0.0015530
 2222.0 2247.0  0.0006609  0.0315813  0.0015213
 2247.0 2273.0  0.0006399  0.0311250  0.0014866
 2273.0 2299.0  0.0006377  0.0304344  0.0014603
 2299.0 2326.0  0.0006180  0.0299980  0.0014277
 2326.0 2353.0  0.0005984  0.0295574  0.0013951
 2353.0 2381.0  0.0005789  0.0291131  0.0013623
 2381.0 2410.0  0.0005627  0.0285287  0.0013308
 2410.0 2439.0  0.0005502  0.0277248  0.0012995
 2439.0 2469.0  0.0005379  0.0269196  0.0012683
 2469.0 2500.0  0.0005265  0.0261196  0.0012381
 2500.0 2532.0  0.0005148  0.0253029  0.0012071
 2532.0 2564.0  0.0005039  0.0244991  0.0011773
 2564.0 2597.0  0.0004939  0.0237077  0.0011486
 2597.0 2632.0  0.0004838  0.0228969  0.0011192
 2632.0 2667.0  0.0004730  0.0221061  0.0010892
 2667.0 2703.0  0.0004624  0.0214041  0.0010613
 2703.0 2740.0  0.0004391  0.0208660  0.0010284
 2740.0 2778.0  0.0004290  0.0201499  0.0010005
 2778.0 2817.0  0.0004198  0.0194416  0.0009737
 2817.0 2857.0  0.0004107  0.0187286  0.0009467
 2857.0 2899.0  0.0003902  0.0181557  0.0009155
 2899.0 2941.0  0.0003823  0.0174375  0.0008896
 2941.0 2985.0  0.0003742  0.0167608  0.0008641
 2985.0 3030.0  0.0003643  0.0161986  0.0008391
 3030.0 3077.0  0.0003436  0.0157505  0.0008096
 3077.0 3125.0  0.0003346  0.0151815  0.0007854
 3125.0 3175.0  0.0003259  0.0146096  0.0007613
 3175.0 3225.0  0.0003080  0.0141549  0.0007341
 3225.0 3275.0  0.0003006  0.0136030  0.0007118
 3275.0 3325.0  0.0002943  0.0130393  0.0006905
 3325.0 3375.0  0.0002889  0.0124824  0.0006702
 3375.0 3425.0  0.0002839  0.0119429  0.0006507
 3425.0 3450.0  0.0002717  0.0116376  0.0006333
 3450.0 3550.0  0.0002670  0.0109954  0.0006112
 3550.0 3650.0  0.0002675  0.0100118  0.0005807
 3650.0 3750.0  0.0002596  0.0092185  0.0005499
 3750.0 3850.0  0.0002615  0.0083997  0.0005240
 3850.0 3950.0  0.0002650  0.0076303  0.0005000
 3950.0 4050.0  0.0002702  0.0069031  0.0004778
 4050.0 4150.0  0.0002859  0.0061697  0.0004594
 4150.0 4250.0  0.0002945  0.0055499  0.0004400
 4250.0 4350.0  0.0003052  0.0049740  0.0004220
 4350.0 4450.0  0.0003187  0.0044316  0.0004051
 4450.0 4550.0  0.0003169  0.0040703  0.0003873
 4550.0 4650.0  0.0003130  0.0037708  0.0003707
 4650.0 4750.0  0.0003107  0.0034835  0.0003551
 4750.0 4850.0  0.0003009  0.0032346  0.0003388
 4850.0 4950.0  0.0003018  0.0029684  0.0003251
 4950.0 5050.0  0.0003043  0.0027134  0.0003122
 5050.0 5150.0  0.0003089  0.0024679  0.0003001
 5150.0 5250.0  0.0003159  0.0022318  0.0002887
 5250.0 5350.0  0.0003257  0.0020052  0.0002779
 5350.0 5450.0  0.0003291  0.0018008  0.0002664
 5450.0 5550.0  0.0003465  0.0015889  0.0002568
 5550.0 5650.0  0.0003700  0.0013841  0.0002477
 5650.0 5750.0  0.0003793  0.0012575  0.0002391
 5750.0 5850.0  0.0003793  0.0011731  0.0002309
 5850.0 5950.0  0.0003806  0.0010915  0.0002232
 5950.0 6050.0  0.0003723  0.0010202  0.0002147
 6050.0 6150.0  0.0003769  0.0009433  0.0002078
 6150.0 6250.0  0.0003833  0.0008690  0.0002011
 6250.0 6350.0  0.0003923  0.0007964  0.0001948
 6350.0 6450.0  0.0004037  0.0007267  0.0001887
 6450.0 6550.0  0.0004183  0.0006591  0.0001830
 6550.0 6650.0  0.0004241  0.0005978  0.0001766
 6650.0 6750.0  0.0004472  0.0005337  0.0001714
 6750.0 6850.0  0.0004771  0.0004715  0.0001664
 6850.0 6950.0  0.0005108  0.0004153  0.0001616
 6950.0 7050.0  0.0005096  0.0003931  0.0001570
 7050.0 7150.0  0.0005096  0.0003714  0.0001526
 7150.0 7250.0  0.0005102  0.0003508  0.0001484
 7250.0 7350.0  0.0005127  0.0003303  0.0001444
 7350.0 7450.0  0.0005009  0.0003128  0.0001398
 7450.0 7550.0  0.0005064  0.0002933  0.0001361
 7550.0 7650.0  0.0005128  0.0002746  0.0001325
 7650.0 7750.0  0.0005219  0.0002561  0.0001291
 7750.0 7850.0  0.0005333  0.0002380  0.0001258
 7850.0 7950.0  0.0005463  0.0002208  0.0001227
 7950.0 8050.0  0.0005633  0.0002036  0.0001196
 8050.0 8150.0  0.0005841  0.0001869  0.0001167
 8150.0 8250.0  0.0006095  0.0001705  0.0001138
 8250.0 8350.0  0.0006191  0.0001562  0.0001106
 8350.0 8450.0  0.0006561  0.0001405  0.0001080
 8450.0 8550.0  0.0007024  0.0001251  0.0001054
