 1754.0 1770.0  0.5735940  6.7710729  0.7378619
 1770.0 1786.0  0.5751078  6.7630959  0.7359043
 1786.0 1802.0  0.5766416  6.7552910  0.7339982
 1802.0 1818.0  0.5796795  6.7985740  0.7310969
 1818.0 1835.0  0.5813051  6.7919779  0.7292897
 1835.0 1852.0  0.5834244  6.7906189  0.7274230
 1852.0 1869.0  0.5848715  6.7767272  0.7254918
 1869.0 1887.0  0.5868439  6.7675261  0.7234633
 1887.0 1905.0  0.5889338  6.7573318  0.7213929
 1905.0 1923.0  0.5911146  6.7458792  0.7192565
 1923.0 1942.0  0.5934812  6.7322488  0.7169247
 1942.0 1961.0  0.5959222  6.7179351  0.7146124
 1961.0 1980.0  0.5984403  6.7008042  0.7120536
 1980.0 2000.0  0.6005296  6.6797462  0.7092097
 2000.0 2020.0  0.6027123  6.6565590  0.7061930
 2020.0 2041.0  0.6049777  6.6311979  0.7029969
 2041.0 2062.0  0.6074240  6.6023488  0.6994386
 2062.0 2083.0  0.6113824  6.6470928  0.6961125
 2083.0 2105.0  0.6141005  6.6139898  0.6921049
 2105.0 2128.0  0.6168726  6.5783200  0.6879873
 2128.0 2151.0  0.6197866  6.5386510  0.6833367
 2151.0 2174.0  0.6227223  6.4966660  0.6784681
 2174.0 2200.0  0.6258957  6.4489770  0.6728358
 2200.0 2222.0  0.6289257  6.4007478  0.6673387
 2222.0 2247.0  0.6318081  6.3527489  0.6619143
 2247.0 2273.0  0.6349642  6.2965608  0.6556246
 2273.0 2299.0  0.6402639  6.3266611  0.6507116
 2299.0 2326.0  0.6434206  6.2680449  0.6442659
 2326.0 2353.0  0.6465735  6.2055979  0.6374945
 2353.0 2381.0  0.6496956  6.1393189  0.6304270
 2381.0 2410.0  0.6540453  6.0720682  0.6233002
 2410.0 2439.0  0.6603932  6.0012851  0.6158471
 2439.0 2469.0  0.6667793  5.9262481  0.6081763
 2469.0 2500.0  0.6731860  5.8498001  0.6005722
 2500.0 2532.0  0.6797177  5.7666922  0.5925929
 2532.0 2564.0  0.6861823  5.6823769  0.5847782
 2564.0 2597.0  0.6925486  5.5963941  0.5771460
 2597.0 2632.0  0.6990434  5.5036602  0.5692822
 2632.0 2667.0  0.7052249  5.4041290  0.5612832
 2667.0 2703.0  0.7105103  5.3062339  0.5538501
 2703.0 2740.0  0.7115800  5.1080599  0.5450764
 2740.0 2778.0  0.7166154  4.9995561  0.5377841
 2778.0 2817.0  0.7215643  4.8896122  0.5308574
 2817.0 2857.0  0.7264386  4.7734270  0.5239626
 2857.0 2899.0  0.7264940  4.5589499  0.5161110
 2899.0 2941.0  0.7311713  4.4361062  0.5097480
 2941.0 2985.0  0.7352771  4.3105412  0.5036674
 2985.0 3030.0  0.7377893  4.1838551  0.4979302
 3030.0 3077.0  0.7346918  3.9605050  0.4912804
 3077.0 3125.0  0.7368519  3.8285961  0.4860038
 3125.0 3175.0  0.7388749  3.6926291  0.4808887
 3175.0 3225.0  0.7348592  3.4739070  0.4752576
 3225.0 3275.0  0.7365202  3.3416531  0.4707946
 3275.0 3325.0  0.7385371  3.2111490  0.4666270
 3325.0 3375.0  0.7406535  3.0831289  0.4627425
 3375.0 3425.0  0.7427505  2.9585619  0.4591149
 3425.0 3450.0  0.7377746  2.7959859  0.4559273
 3450.0 3550.0  0.7403574  2.6515541  0.4520167
 3550.0 3650.0  0.7496035  2.4950809  0.4469259
 3650.0 3750.0  0.7513416  2.2887299  0.4419736
 3750.0 3850.0  0.7597917  2.1496351  0.4380837
 3850.0 3950.0  0.7685481  2.0172760  0.4346237
 3950.0 4050.0  0.7777475  1.8913270  0.4315363
 4050.0 4150.0  0.7930008  1.8157940  0.4291890
 4150.0 4250.0  0.8023116  1.7008780  0.4266869
 4250.0 4350.0  0.8118882  1.5929750  0.4244200
 4350.0 4450.0  0.8220037  1.4914041  0.4223565
 4450.0 4550.0  0.8238364  1.3693070  0.4201240
 4550.0 4650.0  0.8244951  1.2601640  0.4180734
 4650.0 4750.0  0.8257087  1.1606261  0.4161675
 4750.0 4850.0  0.8227574  1.0453759  0.4140591
 4850.0 4950.0  0.8252589  0.9643687  0.4123994
 4950.0 5050.0  0.8284517  0.8902603  0.4108348
 5050.0 5150.0  0.8324699  0.8223115  0.4093225
 5150.0 5250.0  0.8373463  0.7599120  0.4079397
 5250.0 5350.0  0.8431233  0.7025680  0.4065892
 5350.0 5450.0  0.8457221  0.6348483  0.4050283
 5450.0 5550.0  0.8538299  0.5871792  0.4037876
 5550.0 5650.0  0.8632423  0.5430787  0.4025855
 5650.0 5750.0  0.8674502  0.5058295  0.4014268
 5750.0 5850.0  0.8686702  0.4733001  0.4003012
 5850.0 5950.0  0.8702917  0.4432480  0.3991990
 5950.0 6050.0  0.8686842  0.4058176  0.3979002
 6050.0 6150.0  0.8712471  0.3806569  0.3968407
 6150.0 6250.0  0.8742934  0.3572890  0.3957950
 6250.0 6350.0  0.8779202  0.3355264  0.3947605
 6350.0 6450.0  0.8820217  0.3152763  0.3937353
 6450.0 6550.0  0.8866968  0.2963829  0.3927174
 6550.0 6650.0  0.8888403  0.2721880  0.3915235
 6650.0 6750.0  0.8949381  0.2560354  0.3905200
 6750.0 6850.0  0.9017475  0.2408961  0.3895192
 6850.0 6950.0  0.9084618  0.2268970  0.3885201
 6950.0 7050.0  0.9090613  0.2153237  0.3875237
 7050.0 7150.0  0.9098440  0.2044811  0.3865267
 7150.0 7250.0  0.9107115  0.1943329  0.3855280
 7250.0 7350.0  0.9118885  0.1848041  0.3845256
 7350.0 7450.0  0.9105921  0.1716333  0.3833770
 7450.0 7550.0  0.9122223  0.1633874  0.3823741
 7550.0 7650.0  0.9139546  0.1556372  0.3813674
 7650.0 7750.0  0.9160420  0.1483057  0.3803568
 7750.0 7850.0  0.9183736  0.1413823  0.3793417
 7850.0 7950.0  0.9208214  0.1348577  0.3783220
 7950.0 8050.0  0.9236667  0.1286651  0.3772976
 8050.0 8150.0  0.9267874  0.1228004  0.3762681
 8150.0 8250.0  0.9301950  0.1172413  0.3752335
 8250.0 8350.0  0.9316597  0.1092800  0.3740746
 8350.0 8450.0  0.9357934  0.1043853  0.3730320
 8450.0 8550.0  0.9402645  0.0997330  0.3719829
