 1754.0 1770.0  0.5501813 13.3259802  0.8017582
 1770.0 1786.0  0.5515293 13.3029003  0.8003325
 1786.0 1802.0  0.5528944 13.2799997  0.7989507
 1802.0 1818.0  0.5555923 13.3497400  0.7968661
 1818.0 1835.0  0.5570366 13.3285198  0.7955673
 1835.0 1852.0  0.5585930 13.3051500  0.7942075
 1852.0 1869.0  0.5602125 13.2805405  0.7928529
 1869.0 1887.0  0.5620906 13.2560997  0.7914333
 1887.0 1905.0  0.5638635 13.2227097  0.7899388
 1905.0 1923.0  0.5658441 13.1901703  0.7884279
 1923.0 1942.0  0.5680060 13.1528301  0.7867721
 1942.0 1961.0  0.5702528 13.1142597  0.7851314
 1961.0 1980.0  0.5725881 13.0703201  0.7833143
 1980.0 2000.0  0.5745442 13.0210505  0.7812943
 2000.0 2020.0  0.5766047 12.9677496  0.7791492
 2020.0 2041.0  0.5787723 12.9107904  0.7768717
 2041.0 2062.0  0.5811334 12.8470201  0.7743348
 2062.0 2083.0  0.5846645 12.9125204  0.7720132
 2083.0 2105.0  0.5873196 12.8404398  0.7691533
 2105.0 2128.0  0.5900686 12.7644796  0.7661330
 2128.0 2151.0  0.5929849 12.6812201  0.7628082
 2151.0 2174.0  0.5959567 12.5944700  0.7593253
 2174.0 2200.0  0.5991850 12.4967003  0.7553723
 2200.0 2222.0  0.6023195 12.3997602  0.7514338
 2222.0 2247.0  0.6053351 12.3044796  0.7475411
 2247.0 2273.0  0.6086828 12.1945496  0.7430259
 2273.0 2299.0  0.6136618 12.2305698  0.7396044
 2299.0 2326.0  0.6170643 12.1176500  0.7349770
 2326.0 2353.0  0.6205136 11.9989300  0.7301118
 2353.0 2381.0  0.6239179 11.8724203  0.7249927
 2381.0 2410.0  0.6286120 11.7431297  0.7198602
 2410.0 2439.0  0.6353055 11.6023798  0.7144907
 2439.0 2469.0  0.6421219 11.4559898  0.7089603
 2469.0 2500.0  0.6490172 11.3086796  0.7034755
 2500.0 2532.0  0.6561333 11.1513004  0.6977187
 2532.0 2564.0  0.6632317 10.9934101  0.6920760
 2564.0 2597.0  0.6703022 10.8348904  0.6865668
 2597.0 2632.0  0.6776201 10.6670303  0.6808959
 2632.0 2667.0  0.6847439 10.4908104  0.6751329
 2667.0 2703.0  0.6910115 10.3212700  0.6697878
 2703.0 2740.0  0.6939483  9.9940729  0.6632836
 2740.0 2778.0  0.7001714  9.8104849  0.6580631
 2778.0 2817.0  0.7063819  9.6265869  0.6531184
 2817.0 2857.0  0.7126147  9.4335766  0.6482229
 2857.0 2899.0  0.7149960  9.0831575  0.6424692
 2899.0 2941.0  0.7212160  8.8810816  0.6380070
 2941.0 2985.0  0.7270126  8.6783419  0.6338659
 2985.0 3030.0  0.7312115  8.4736853  0.6299283
 3030.0 3077.0  0.7309096  8.1069784  0.6251989
 3077.0 3125.0  0.7349535  7.8917551  0.6216737
 3125.0 3175.0  0.7389675  7.6691251  0.6183088
 3175.0 3225.0  0.7380404  7.2998891  0.6144536
 3225.0 3275.0  0.7417892  7.0792971  0.6116351
 3275.0 3325.0  0.7458889  6.8596640  0.6090546
 3325.0 3375.0  0.7500808  6.6424508  0.6067036
 3375.0 3425.0  0.7542037  6.4285908  0.6045687
 3425.0 3450.0  0.7519445  6.1364441  0.6025088
 3450.0 3550.0  0.7570343  5.8828459  0.6003301
 3550.0 3650.0  0.7690374  5.6160030  0.5978749
 3650.0 3750.0  0.7746003  5.2420411  0.5954463
 3750.0 3850.0  0.7855330  4.9985962  0.5939167
 3850.0 3950.0  0.7964837  4.7630239  0.5927415
 3950.0 4050.0  0.8075925  4.5357318  0.5917995
 4050.0 4150.0  0.8232502  4.4150152  0.5915035
 4150.0 4250.0  0.8338616  4.2018471  0.5910007
 4250.0 4350.0  0.8444006  3.9982791  0.5906626
 4350.0 4450.0  0.8551028  3.8036630  0.5904592
 4450.0 4550.0  0.8588551  3.5481989  0.5900573
 4550.0 4650.0  0.8614309  3.3136420  0.5897861
 4650.0 4750.0  0.8643275  3.0955100  0.5896072
 4750.0 4850.0  0.8639688  2.8278630  0.5892183
 4850.0 4950.0  0.8676521  2.6434870  0.5891909
 4950.0 5050.0  0.8717343  2.4720030  0.5892177
 5050.0 5150.0  0.8763276  2.3126640  0.5892823
 5150.0 5250.0  0.8814413  2.1644621  0.5893790
 5250.0 5350.0  0.8870795  2.0264220  0.5895024
 5350.0 5450.0  0.8903032  1.8536830  0.5894204
 5450.0 5550.0  0.8973777  1.7363750  0.5895848
 5550.0 5650.0  0.9052166  1.6268160  0.5897580
 5650.0 5750.0  0.9090964  1.5312930  0.5899447
 5750.0 5850.0  0.9107440  1.4458340  0.5901363
 5850.0 5950.0  0.9126294  1.3661720  0.5903253
 5950.0 6050.0  0.9122590  1.2609600  0.5903293
 6050.0 6150.0  0.9147251  1.1932330  0.5905117
 6150.0 6250.0  0.9174668  1.1298079  0.5906867
 6250.0 6350.0  0.9205498  1.0703630  0.5908518
 6350.0 6450.0  0.9238934  1.0146750  0.5910059
 6450.0 6550.0  0.9275573  0.9624024  0.5911478
 6550.0 6650.0  0.9295013  0.8910273  0.5911286
 6650.0 6750.0  0.9339788  0.8458980  0.5912489
 6750.0 6850.0  0.9388348  0.8033873  0.5913552
 6850.0 6950.0  0.9435388  0.7637256  0.5914474
 6950.0 7050.0  0.9442685  0.7294509  0.5915265
 7050.0 7150.0  0.9451004  0.6971631  0.5915905
 7150.0 7250.0  0.9459709  0.6667612  0.5916392
 7250.0 7350.0  0.9470138  0.6380240  0.5916725
 7350.0 7450.0  0.9465251  0.5957768  0.5915722
 7450.0 7550.0  0.9478312  0.5707526  0.5915776
 7550.0 7650.0  0.9491811  0.5471070  0.5915677
 7650.0 7750.0  0.9507286  0.5246637  0.5915429
 7750.0 7850.0  0.9524027  0.5033831  0.5915019
 7850.0 7950.0  0.9541238  0.4832279  0.5914464
 7950.0 8050.0  0.9560590  0.4640462  0.5913760
 8050.0 8150.0  0.9581314  0.4458134  0.5912910
 8150.0 8250.0  0.9603445  0.4284694  0.5911915
 8250.0 8350.0  0.9613969  0.4016536  0.5909837
 8350.0 8450.0  0.9639801  0.3863066  0.5908580
 8450.0 8550.0  0.9667214  0.3716737  0.5907186
