 1754.0 1770.0  0.5394756 14.4613400  0.8224173
 1770.0 1786.0  0.5407776 14.4338303  0.8211669
 1786.0 1802.0  0.5420949 14.4064598  0.8199574
 1802.0 1818.0  0.5446629 14.4758997  0.8181352
 1818.0 1835.0  0.5460533 14.4500504  0.8170010
 1835.0 1852.0  0.5475544 14.4217300  0.8158151
 1852.0 1869.0  0.5491187 14.3919802  0.8146341
 1869.0 1887.0  0.5508282 14.3585997  0.8133756
 1887.0 1905.0  0.5526549 14.3226900  0.8120925
 1905.0 1923.0  0.5545745 14.2838497  0.8107734
 1923.0 1942.0  0.5566813 14.2398396  0.8093261
 1942.0 1961.0  0.5588762 14.1945200  0.8078904
 1961.0 1980.0  0.5611641 14.1434402  0.8062984
 1980.0 2000.0  0.5630866 14.0873604  0.8045254
 2000.0 2020.0  0.5651296 14.0273399  0.8026407
 2020.0 2041.0  0.5672782 13.9632101  0.8006383
 2041.0 2062.0  0.5696251 13.8917103  0.7984057
 2062.0 2083.0  0.5730019 13.9543200  0.7963859
 2083.0 2105.0  0.5756554 13.8739300  0.7938697
 2105.0 2128.0  0.5784082 13.7894297  0.7912086
 2128.0 2151.0  0.5813399 13.6972799  0.7882787
 2151.0 2174.0  0.5843359 13.6015797  0.7852069
 2174.0 2200.0  0.5876031 13.4942398  0.7817206
 2200.0 2222.0  0.5907876 13.3882303  0.7782449
 2222.0 2247.0  0.5938802 13.2850199  0.7748061
 2247.0 2273.0  0.5973046 13.1656599  0.7708223
 2273.0 2299.0  0.6021465 13.1951904  0.7678282
 2299.0 2326.0  0.6056420 13.0730896  0.7637641
 2326.0 2353.0  0.6092028 12.9452896  0.7594723
 2353.0 2381.0  0.6128066 12.8120403  0.7549896
 2381.0 2410.0  0.6176292 12.6721897  0.7504699
 2410.0 2439.0  0.6244541 12.5180798  0.7457412
 2439.0 2469.0  0.6314331 12.3587799  0.7408460
 2469.0 2500.0  0.6384913 12.1984100  0.7360392
 2500.0 2532.0  0.6458224 12.0287104  0.7309669
 2532.0 2564.0  0.6531495 11.8589296  0.7259951
 2564.0 2597.0  0.6604696 11.6892405  0.7211370
 2597.0 2632.0  0.6680710 11.5103998  0.7161449
 2632.0 2667.0  0.6755171 11.3241396  0.7110666
 2667.0 2703.0  0.6821107 11.1461296  0.7063554
 2703.0 2740.0  0.6856872 10.8118401  0.7005641
 2740.0 2778.0  0.6923078 10.6211500  0.6959672
 2778.0 2817.0  0.6989325 10.4307499  0.6916159
 2817.0 2857.0  0.7056172 10.2318201  0.6873116
 2857.0 2899.0  0.7087744  9.8760357  0.6821899
 2899.0 2941.0  0.7154992  9.6688433  0.6782802
 2941.0 2985.0  0.7217531  9.4596109  0.6745831
 2985.0 3030.0  0.7265000  9.2523079  0.6711433
 3030.0 3077.0  0.7271152  8.8818216  0.6669583
 3077.0 3125.0  0.7317696  8.6638737  0.6638992
 3125.0 3175.0  0.7364284  8.4385176  0.6609899
 3175.0 3225.0  0.7365057  8.0631332  0.6576020
 3225.0 3275.0  0.7409251  7.8390532  0.6551889
 3275.0 3325.0  0.7456972  7.6155238  0.6529894
 3325.0 3375.0  0.7505594  7.3940969  0.6509963
 3375.0 3425.0  0.7553471  7.1757131  0.6491974
 3425.0 3450.0  0.7539571  6.8735209  0.6474035
 3450.0 3550.0  0.7598551  6.6127701  0.6455954
 3550.0 3650.0  0.7727489  6.3414330  0.6436575
 3650.0 3750.0  0.7795319  5.9543209  0.6417070
 3750.0 3850.0  0.7912351  5.7052612  0.6405839
 3850.0 3950.0  0.8028807  5.4635792  0.6397493
 3950.0 4050.0  0.8145847  5.2293558  0.6391498
 4050.0 4150.0  0.8303874  5.1116061  0.6390971
 4150.0 4250.0  0.8414101  4.8905649  0.6388692
 4250.0 4350.0  0.8522971  4.6796799  0.6387410
 4350.0 4450.0  0.8631952  4.4759498  0.6387340
 4450.0 4550.0  0.8674931  4.1991282  0.6385285
 4550.0 4650.0  0.8705924  3.9421830  0.6384342
 4650.0 4750.0  0.8739715  3.7023671  0.6384013
 4750.0 4850.0  0.8743595  3.4016631  0.6381582
 4850.0 4950.0  0.8783633  3.1956120  0.6382740
 4950.0 5050.0  0.8826904  3.0029650  0.6383623
 5050.0 5150.0  0.8874212  2.8226230  0.6385092
 5150.0 5250.0  0.8925691  2.6538620  0.6386757
 5250.0 5350.0  0.8981426  2.4959431  0.6388551
 5350.0 5450.0  0.9015141  2.2939279  0.6388354
 5450.0 5550.0  0.9082690  2.1582100  0.6390350
 5550.0 5650.0  0.9156463  2.0309081  0.6392342
 5650.0 5750.0  0.9193954  1.9186860  0.6394375
 5750.0 5850.0  0.9211109  1.8174520  0.6396371
 5850.0 5950.0  0.9230191  1.7227089  0.6398269
 5950.0 6050.0  0.9229342  1.5950220  0.6398386
 6050.0 6150.0  0.9253188  1.5137700  0.6400092
 6150.0 6250.0  0.9279312  1.4375089  0.6401654
 6250.0 6350.0  0.9308244  1.3658330  0.6403061
 6350.0 6450.0  0.9339237  1.2984580  0.6404303
 6450.0 6550.0  0.9372817  1.2350399  0.6405392
 6550.0 6650.0  0.9391332  1.1466120  0.6404939
 6650.0 6750.0  0.9431577  1.0915750  0.6405718
 6750.0 6850.0  0.9474857  1.0396230  0.6406319
 6850.0 6950.0  0.9516556  0.9909800  0.6406743
 6950.0 7050.0  0.9523758  0.9484040  0.6407006
 7050.0 7150.0  0.9531786  0.9082041  0.6407089
 7150.0 7250.0  0.9540092  0.8702648  0.6406991
 7250.0 7350.0  0.9549822  0.8343337  0.6406714
 7350.0 7450.0  0.9546463  0.7804500  0.6405182
 7450.0 7550.0  0.9558350  0.7490388  0.6404582
 7550.0 7650.0  0.9570550  0.7192976  0.6403807
 7650.0 7750.0  0.9584371  0.6910274  0.6402862
 7750.0 7850.0  0.9599205  0.6641766  0.6401748
 7850.0 7950.0  0.9614373  0.6386988  0.6400469
 7950.0 8050.0  0.9631287  0.6144211  0.6399027
 8050.0 8150.0  0.9649288  0.5913107  0.6397426
 8150.0 8250.0  0.9668404  0.5692961  0.6395665
 8250.0 8350.0  0.9677712  0.5345081  0.6392905
 8350.0 8450.0  0.9699802  0.5149815  0.6390865
 8450.0 8550.0  0.9723133  0.4963405  0.6388678
