 1754.0 1770.0  0.5617298 10.1304302  0.7741783
 1770.0 1786.0  0.5631514 10.1153898  0.7725136
 1786.0 1802.0  0.5645913 10.1005297  0.7708999
 1802.0 1818.0  0.5674435 10.1588497  0.7684606
 1818.0 1835.0  0.5689584 10.1452799  0.7669401
 1835.0 1852.0  0.5706018 10.1305304  0.7653434
 1852.0 1869.0  0.5723090 10.1148996  0.7637506
 1869.0 1887.0  0.5741758 10.0972500  0.7620504
 1887.0 1905.0  0.5761439 10.0776100  0.7603198
 1905.0 1923.0  0.5782136 10.0562601  0.7585406
 1923.0 1942.0  0.5804681 10.0314798  0.7565934
 1942.0 1961.0  0.5828024 10.0057096  0.7546656
 1961.0 1980.0  0.5852208  9.9758291  0.7525322
 1980.0 2000.0  0.5872384  9.9410992  0.7501628
 2000.0 2020.0  0.5893586  9.9033279  0.7476468
 2020.0 2041.0  0.5915736  9.8625441  0.7449811
 2041.0 2062.0  0.5939752  9.8165474  0.7420145
 2062.0 2083.0  0.5976995  9.8739929  0.7392684
 2083.0 2105.0  0.6003885  9.8217487  0.7359275
 2105.0 2128.0  0.6031569  9.7662630  0.7323992
 2128.0 2151.0  0.6060805  9.7050371  0.7285184
 2151.0 2174.0  0.6090439  9.6407938  0.7244526
 2174.0 2200.0  0.6122472  9.5679207  0.7198421
 2200.0 2222.0  0.6153446  9.4953032  0.7152487
 2222.0 2247.0  0.6183241  9.4238911  0.7107135
 2247.0 2273.0  0.6215963  9.3405523  0.7054529
 2273.0 2299.0  0.6267141  9.3757496  0.7014085
 2299.0 2326.0  0.6300183  9.2896042  0.6960154
 2326.0 2353.0  0.6333444  9.1984262  0.6903538
 2353.0 2381.0  0.6366787  9.1025696  0.6844352
 2381.0 2410.0  0.6412265  9.0037746  0.6784647
 2410.0 2439.0  0.6477822  8.8981228  0.6722154
 2439.0 2469.0  0.6544278  8.7874346  0.6657784
 2469.0 2500.0  0.6611205  8.6753178  0.6593958
 2500.0 2532.0  0.6679967  8.5547323  0.6526956
 2532.0 2564.0  0.6748273  8.4330101  0.6461272
 2564.0 2597.0  0.6816103  8.3102627  0.6397159
 2597.0 2632.0  0.6885818  8.1790066  0.6331115
 2632.0 2667.0  0.6953112  8.0398712  0.6263957
 2667.0 2703.0  0.7011638  7.9045191  0.6201602
 2703.0 2740.0  0.7033151  7.6361618  0.6126783
 2740.0 2778.0  0.7090379  7.4879041  0.6065764
 2778.0 2817.0  0.7147246  7.3387842  0.6007870
 2817.0 2857.0  0.7203832  7.1814270  0.5950438
 2857.0 2899.0  0.7217794  6.8917832  0.5883896
 2899.0 2941.0  0.7273434  6.7259059  0.5831289
 2941.0 2985.0  0.7323807  6.5568471  0.5781270
 2985.0 3030.0  0.7358686  6.3869872  0.5734395
 3030.0 3077.0  0.7343849  6.0832758  0.5679065
 3077.0 3125.0  0.7376540  5.9054680  0.5636487
 3125.0 3175.0  0.7408281  5.7211800  0.5595700
 3175.0 3225.0  0.7385941  5.4183660  0.5549868
 3225.0 3275.0  0.7414573  5.2367940  0.5515077
 3275.0 3325.0  0.7446495  5.0561862  0.5483079
 3325.0 3375.0  0.7479603  4.8785658  0.5453506
 3375.0 3425.0  0.7512331  4.7046962  0.5426220
 3425.0 3450.0  0.7477948  4.4703832  0.5401283
 3450.0 3550.0  0.7518228  4.2658310  0.5372788
 3550.0 3650.0  0.7626357  4.0474982  0.5338334
 3650.0 3750.0  0.7666059  3.7497029  0.5304488
 3750.0 3850.0  0.7764968  3.5526969  0.5280554
 3850.0 3950.0  0.7865135  3.3631389  0.5260460
 3950.0 4050.0  0.7968112  3.1812849  0.5243577
 4050.0 4150.0  0.8122651  3.0787840  0.5233585
 4150.0 4250.0  0.8223104  2.9099219  0.5221727
 4250.0 4350.0  0.8324211  2.7497590  0.5211857
 4350.0 4450.0  0.8428523  2.5976901  0.5203632
 4450.0 4550.0  0.8457921  2.4054680  0.5193604
 4550.0 4650.0  0.8475782  2.2313011  0.5185083
 4650.0 4750.0  0.8497839  2.0708120  0.5177731
 4750.0 4850.0  0.8483610  1.8789660  0.5168297
 4850.0 4950.0  0.8515645  1.7457800  0.5162908
 4950.0 5050.0  0.8552938  1.6229510  0.5158222
 5050.0 5150.0  0.8596575  1.5094870  0.5154127
 5150.0 5250.0  0.8646803  1.4046080  0.5150530
 5250.0 5350.0  0.8703834  1.3076010  0.5147344
 5350.0 5450.0  0.8733581  1.1892830  0.5142073
 5450.0 5550.0  0.8808561  1.1077631  0.5139595
 5550.0 5650.0  0.8893297  1.0319819  0.5137430
 5650.0 5750.0  0.8933586  0.9668221  0.5135343
 5750.0 5850.0  0.8948611  0.9091289  0.5133515
 5850.0 5950.0  0.8966671  0.8555890  0.5131769
 5950.0 6050.0  0.8958298  0.7866716  0.5128097
 6050.0 6150.0  0.8983584  0.7414951  0.5126489
 6150.0 6250.0  0.9012471  0.6993858  0.5124884
 6250.0 6350.0  0.9045697  0.6600446  0.5123261
 6350.0 6450.0  0.9082353  0.6233136  0.5121607
 6450.0 6550.0  0.9123184  0.5889463  0.5119905
 6550.0 6650.0  0.9143615  0.5432957  0.5116501
 6650.0 6750.0  0.9194881  0.5137765  0.5114716
 6750.0 6850.0  0.9251157  0.4860396  0.5112854
 6850.0 6950.0  0.9306087  0.4602729  0.5110903
 6950.0 7050.0  0.9313148  0.4383960  0.5108881
 7050.0 7150.0  0.9321539  0.4178418  0.5106756
 7150.0 7250.0  0.9330491  0.3985429  0.5104526
 7250.0 7350.0  0.9341643  0.3803398  0.5102186
 7350.0 7450.0  0.9333991  0.3543125  0.5098412
 7450.0 7550.0  0.9348531  0.3385306  0.5095876
 7550.0 7650.0  0.9363720  0.3236550  0.5093222
 7650.0 7750.0  0.9381465  0.3095599  0.5090450
 7750.0 7850.0  0.9400901  0.2962210  0.5087558
 7850.0 7950.0  0.9421050  0.2836166  0.5084546
 7950.0 8050.0  0.9444002  0.2716380  0.5081415
 8050.0 8150.0  0.9468812  0.2602718  0.5078162
 8150.0 8250.0  0.9495544  0.2494782  0.5074791
 8250.0 8350.0  0.9507766  0.2333111  0.5070244
 8350.0 8450.0  0.9539451  0.2237855  0.5066661
 8450.0 8550.0  0.9573328  0.2147167  0.5062960
