 1754.0 1770.0  0.4394884 19.8027401  0.9159864
 1770.0 1786.0  0.4407364 19.7531700  0.9154884
 1786.0 1802.0  0.4419999 19.7036705  0.9150128
 1802.0 1818.0  0.4436279 19.7452297  0.9142749
 1818.0 1835.0  0.4449441 19.6963692  0.9138396
 1835.0 1852.0  0.4463734 19.6433392  0.9133878
 1852.0 1869.0  0.4478696 19.5879993  0.9129385
 1869.0 1887.0  0.4495164 19.5266991  0.9124590
 1887.0 1905.0  0.4512846 19.4611702  0.9119671
 1905.0 1923.0  0.4531616 19.3914509  0.9114563
 1923.0 1942.0  0.4552382 19.3136005  0.9108897
 1942.0 1961.0  0.4574067 19.2333698  0.9103207
 1961.0 1980.0  0.4597090 19.1460094  0.9096811
 1980.0 2000.0  0.4617645 19.0590496  0.9089580
 2000.0 2020.0  0.4639595 18.9664593  0.9081790
 2020.0 2041.0  0.4662896 18.8684902  0.9073422
 2041.0 2062.0  0.4688762 18.7609806  0.9063451
 2062.0 2083.0  0.4712576 18.7818909  0.9056084
 2083.0 2105.0  0.4741865 18.6610107  0.9045361
 2105.0 2128.0  0.4772527 18.5351200  0.9033952
 2128.0 2151.0  0.4805749 18.4001694  0.9021293
 2151.0 2174.0  0.4840035 18.2614002  0.9008008
 2174.0 2200.0  0.4877822 18.1074791  0.8992864
 2200.0 2222.0  0.4915291 17.9578609  0.8977453
 2222.0 2247.0  0.4951455 17.8114300  0.8962759
 2247.0 2273.0  0.4992661 17.6466007  0.8945372
 2273.0 2299.0  0.5033369 17.6167507  0.8933387
 2299.0 2326.0  0.5076010 17.4501991  0.8915599
 2326.0 2353.0  0.5120276 17.2789192  0.8896914
 2353.0 2381.0  0.5165891 17.1032391  0.8877414
 2381.0 2410.0  0.5223501 16.9073391  0.8857799
 2410.0 2439.0  0.5301241 16.6750202  0.8837351
 2439.0 2469.0  0.5381873 16.4389896  0.8816326
 2469.0 2500.0  0.5464426 16.2046108  0.8795521
 2500.0 2532.0  0.5551554 15.9617500  0.8773733
 2532.0 2564.0  0.5639806 15.7228298  0.8752442
 2564.0 2597.0  0.5729120 15.4880400  0.8731731
 2597.0 2632.0  0.5823330 15.2459402  0.8710490
 2632.0 2667.0  0.5918176 15.0034599  0.8689006
 2667.0 2703.0  0.6004850 14.7813997  0.8669183
 2703.0 2740.0  0.6080884 14.4518204  0.8643519
 2740.0 2778.0  0.6171520 14.2269001  0.8624448
 2778.0 2817.0  0.6263129 14.0061998  0.8606546
 2817.0 2857.0  0.6357290 13.7812796  0.8589841
 2857.0 2899.0  0.6436815 13.4531097  0.8566849
 2899.0 2941.0  0.6534699 13.2301798  0.8551320
 2941.0 2985.0  0.6629097 13.0138597  0.8536875
 2985.0 3030.0  0.6708595 12.8137102  0.8523783
 3030.0 3077.0  0.6768754 12.5014400  0.8506341
 3077.0 3125.0  0.6850373 12.2973003  0.8495140
 3125.0 3175.0  0.6933826 12.0897303  0.8484744
 3175.0 3225.0  0.6992711 11.7746601  0.8471531
 3225.0 3275.0  0.7074926 11.5718002  0.8463341
 3275.0 3325.0  0.7160949 11.3691101  0.8456261
 3325.0 3375.0  0.7247803 11.1691904  0.8450101
 3375.0 3425.0  0.7335001 10.9791098  0.8443031
 3425.0 3450.0  0.7369404 10.7148199  0.8438096
 3450.0 3550.0  0.7474368 10.4793797  0.8433375
 3550.0 3650.0  0.7653424 10.2354603  0.8430636
 3650.0 3750.0  0.7789149  9.8961763  0.8426917
 3750.0 3850.0  0.7949635  9.6816778  0.8427176
 3850.0 3950.0  0.8105919  9.4766893  0.8428329
 3950.0 4050.0  0.8258663  9.2802467  0.8430141
 4050.0 4150.0  0.8429704  9.2020102  0.8434510
 4150.0 4250.0  0.8567310  9.0225906  0.8437029
 4250.0 4350.0  0.8698425  8.8508501  0.8439751
 4350.0 4450.0  0.8824996  8.6855202  0.8442565
 4450.0 4550.0  0.8899927  8.4299469  0.8443795
 4550.0 4650.0  0.8960965  8.1830492  0.8445156
 4650.0 4750.0  0.9020672  7.9408822  0.8446526
 4750.0 4850.0  0.9062321  7.5965390  0.8446411
 4850.0 4950.0  0.9120341  7.3646641  0.8447715
 4950.0 5050.0  0.9177476  7.1381221  0.8448888
 5050.0 5150.0  0.9234319  6.9168830  0.8449901
 5150.0 5250.0  0.9290890  6.7010498  0.8450732
 5250.0 5350.0  0.9347191  6.4906769  0.8451360
 5350.0 5450.0  0.9390910  6.1818891  0.8450703
 5450.0 5550.0  0.9448563  5.9836030  0.8450951
 5550.0 5650.0  0.9506932  5.7907810  0.8450970
 5650.0 5750.0  0.9540452  5.6089549  0.8450792
 5750.0 5850.0  0.9560366  5.4354711  0.8450394
 5850.0 5950.0  0.9580379  5.2672811  0.8449754
 5950.0 6050.0  0.9590979  5.0087762  0.8448035
 6050.0 6150.0  0.9611725  4.8526621  0.8446952
 6150.0 6250.0  0.9632751  4.7016058  0.8445634
 6250.0 6350.0  0.9654334  4.5555730  0.8444087
 6350.0 6450.0  0.9676069  4.4143839  0.8442315
 6450.0 6550.0  0.9698218  4.2779012  0.8440322
 6550.0 6650.0  0.9713576  4.0610309  0.8437436
 6650.0 6750.0  0.9737222  3.9353671  0.8435040
 6750.0 6850.0  0.9761426  3.8139861  0.8432437
 6850.0 6950.0  0.9784032  3.6971860  0.8429636
 6950.0 7050.0  0.9790179  3.5877459  0.8426651
 7050.0 7150.0  0.9796472  3.4821939  0.8423475
 7150.0 7250.0  0.9802668  3.3804410  0.8420116
 7250.0 7350.0  0.9809278  3.2822509  0.8416577
 7350.0 7450.0  0.9810728  3.1168880  0.8412338
 7450.0 7550.0  0.9817866  3.0271990  0.8408473
 7550.0 7650.0  0.9824929  2.9407420  0.8404444
 7650.0 7750.0  0.9832469  2.8572919  0.8400257
 7750.0 7850.0  0.9840223  2.7767799  0.8395916
 7850.0 7950.0  0.9847915  2.6991391  0.8391427
 7950.0 8050.0  0.9856116  2.6241579  0.8386793
 8050.0 8150.0  0.9864552  2.5517790  0.8382019
 8150.0 8250.0  0.9873231  2.4818981  0.8377110
 8250.0 8350.0  0.9878223  2.3576641  0.8371656
 8350.0 8450.0  0.9887672  2.2938230  0.8366498
 8450.0 8550.0  0.9897393  2.2321551  0.8361216
