   TAUGH2OCO101   PATH_L         Temp@top        KAPPA         FH2O         INT
   2.28327E-14   3.39364E+20   2.00000E+02   6.72811E-35   2.17151E-06      1
   2.83235E-12   3.39364E+20   2.00000E+02   8.34606E-33   2.17151E-06      2
   4.50668E-12   3.39364E+20   2.00000E+02   1.32798E-32   2.17151E-06      3
   1.55475E-12   3.39364E+20   2.00000E+02   4.58138E-33   2.17151E-06      4
   5.90125E-13   3.39364E+20   2.00000E+02   1.73892E-33   2.17151E-06      5
   2.07069E-14   3.39364E+20   2.00000E+02   6.10170E-35   2.17151E-06      6
   3.84097E-15   3.39364E+20   2.00000E+02   1.13182E-35   2.17151E-06      7
   3.40822E-15   3.39364E+20   2.00000E+02   1.00430E-35   2.17151E-06      8
   1.38494E-15   3.39364E+20   2.00000E+02   4.08100E-36   2.17151E-06      9
   1.46275E-16   3.39364E+20   2.00000E+02   4.31027E-37   2.17151E-06     10
   1.02670E-15   3.39364E+20   2.00000E+02   3.02537E-36   2.17151E-06     11
   1.46220E-11   3.39364E+20   2.00000E+02   4.30864E-32   2.17151E-06     12
   2.47071E-11   3.39364E+20   2.00000E+02   7.28042E-32   2.17151E-06     13
   4.64816E-17   3.39364E+20   2.00000E+02   1.36967E-37   2.17151E-06     14
   1.42868E-18   3.39364E+20   2.00000E+02   4.20989E-39   2.17151E-06     15
   9.56719E-19   3.39364E+20   2.00000E+02   2.81916E-39   2.17151E-06     16
   5.77144E-17   3.39364E+20   2.00000E+02   1.70067E-37   2.17151E-06     17
   3.01932E-17   3.39364E+20   2.00000E+02   8.89701E-38   2.17151E-06     18
   6.51096E-17   3.39364E+20   2.00000E+02   1.91858E-37   2.17151E-06     19
   9.55319E-19   3.39364E+20   2.00000E+02   2.81503E-39   2.17151E-06     20
   3.12097E-17   3.39364E+20   2.00000E+02   9.19654E-38   2.17151E-06     21
   9.91841E-17   3.39364E+20   2.00000E+02   2.92265E-37   2.17151E-06     22
   2.62258E-15   3.39364E+20   2.00000E+02   7.72795E-36   2.17151E-06     23
   3.69848E-13   3.39364E+20   2.00000E+02   1.08983E-33   2.17151E-06     24
   7.48264E-14   3.39364E+20   2.00000E+02   2.20490E-34   2.17151E-06     25
   3.89378E-13   3.39364E+20   2.00000E+02   1.14738E-33   2.17151E-06     26
   6.70042E-15   3.39364E+20   2.00000E+02   1.97441E-35   2.17151E-06     27
   1.69340E-15   3.39364E+20   2.00000E+02   4.98992E-36   2.17151E-06     28
   2.03930E-17   3.39364E+20   2.00000E+02   6.00919E-38   2.17151E-06     29
   2.28366E-18   3.39364E+20   2.00000E+02   6.72923E-39   2.17151E-06     30
   2.46242E-17   3.39364E+20   2.00000E+02   7.25600E-38   2.17151E-06     31
   9.24486E-21   3.39364E+20   2.00000E+02   2.72418E-41   2.17151E-06     32
   3.49150E-22   3.39364E+20   2.00000E+02   1.02884E-42   2.17151E-06     33
   1.38146E-19   3.39364E+20   2.00000E+02   4.07073E-40   2.17151E-06     34
   8.98245E-17   3.39364E+20   2.00000E+02   2.64685E-37   2.17151E-06     35
   2.37891E-15   3.39364E+20   2.00000E+02   7.00990E-36   2.17151E-06     36
   2.22195E-16   3.39364E+20   2.00000E+02   6.54742E-37   2.17151E-06     37
   9.23211E-21   3.39364E+20   2.00000E+02   2.72042E-41   2.17151E-06     38
   4.42604E-19   3.39364E+20   2.00000E+02   1.30422E-39   2.17151E-06     39
   2.95301E-15   3.39364E+20   2.00000E+02   8.70160E-36   2.17151E-06     40
   1.23551E-18   3.39364E+20   2.00000E+02   3.64066E-39   2.17151E-06     41
   1.38475E-20   3.39364E+20   2.00000E+02   4.08044E-41   2.17151E-06     42
   3.39851E-19   3.39364E+20   2.00000E+02   1.00144E-39   2.17151E-06     43
   3.87770E-18   3.39364E+20   2.00000E+02   1.14264E-38   2.17151E-06     44
   2.71512E-21   3.39364E+20   2.00000E+02   8.00064E-42   2.17151E-06     45
   1.59545E-18   3.39364E+20   2.00000E+02   4.70131E-39   2.17151E-06     46
   8.26047E-19   3.39364E+20   2.00000E+02   2.43411E-39   2.17151E-06     47
   6.32815E-22   3.39364E+20   2.00000E+02   1.86471E-42   2.17151E-06     48
   5.68062E-21   3.39364E+20   2.00000E+02   1.67390E-41   2.17151E-06     49
   1.28076E-18   3.39364E+20   2.00000E+02   3.77401E-39   2.17151E-06     50
   3.89563E-21   3.39364E+20   2.00000E+02   1.14792E-41   2.17151E-06     51
   6.25420E-20   3.39364E+20   2.00000E+02   1.84292E-40   2.17151E-06     52
   1.53319E-25   3.39364E+20   2.00000E+02   4.51784E-46   2.17151E-06     53
   3.39688E-21   3.39364E+20   2.00000E+02   1.00096E-41   2.17151E-06     54
   2.08857E-21   3.39364E+20   2.00000E+02   6.15437E-42   2.17151E-06     55
