   TAUGH2OCO75   PATH_L         Temp@top        KAPPA         FH2O         INT
   1.86907E-14   4.70705E+20   2.00000E+02   3.97080E-35   1.28157E-06      1
   2.31854E-12   4.70705E+20   2.00000E+02   4.92569E-33   1.28157E-06      2
   3.68913E-12   4.70705E+20   2.00000E+02   7.83747E-33   1.28157E-06      3
   1.27271E-12   4.70705E+20   2.00000E+02   2.70383E-33   1.28157E-06      4
   4.83071E-13   4.70705E+20   2.00000E+02   1.02627E-33   1.28157E-06      5
   1.69505E-14   4.70705E+20   2.00000E+02   3.60109E-35   1.28157E-06      6
   3.14418E-15   4.70705E+20   2.00000E+02   6.67973E-36   1.28157E-06      7
   2.78993E-15   4.70705E+20   2.00000E+02   5.92715E-36   1.28157E-06      8
   1.13370E-15   4.70705E+20   2.00000E+02   2.40852E-36   1.28157E-06      9
   1.19739E-16   4.70705E+20   2.00000E+02   2.54383E-37   1.28157E-06     10
   8.84511E-16   4.70705E+20   2.00000E+02   1.87912E-36   1.28157E-06     11
   2.02810E-11   4.70705E+20   2.00000E+02   4.30864E-32   1.28157E-06     12
   3.42693E-11   4.70705E+20   2.00000E+02   7.28042E-32   1.28157E-06     13
   3.81214E-17   4.70705E+20   2.00000E+02   8.09880E-38   1.28157E-06     14
   1.20410E-18   4.70705E+20   2.00000E+02   2.55807E-39   1.28157E-06     15
   7.67162E-19   4.70705E+20   2.00000E+02   1.62982E-39   1.28157E-06     16
   6.96320E-17   4.70705E+20   2.00000E+02   1.47931E-37   1.28157E-06     17
   3.74586E-17   4.70705E+20   2.00000E+02   7.95798E-38   1.28157E-06     18
   5.90663E-17   4.70705E+20   2.00000E+02   1.25485E-37   1.28157E-06     19
   7.82013E-19   4.70705E+20   2.00000E+02   1.66137E-39   1.28157E-06     20
   2.55479E-17   4.70705E+20   2.00000E+02   5.42759E-38   1.28157E-06     21
   8.11910E-17   4.70705E+20   2.00000E+02   1.72488E-37   1.28157E-06     22
   2.14682E-15   4.70705E+20   2.00000E+02   4.56086E-36   1.28157E-06     23
   3.02754E-13   4.70705E+20   2.00000E+02   6.43193E-34   1.28157E-06     24
   6.12520E-14   4.70705E+20   2.00000E+02   1.30128E-34   1.28157E-06     25
   3.18741E-13   4.70705E+20   2.00000E+02   6.77156E-34   1.28157E-06     26
   5.48489E-15   4.70705E+20   2.00000E+02   1.16525E-35   1.28157E-06     27
   1.38620E-15   4.70705E+20   2.00000E+02   2.94494E-36   1.28157E-06     28
   1.68764E-17   4.70705E+20   2.00000E+02   3.58534E-38   1.28157E-06     29
   2.43422E-18   4.70705E+20   2.00000E+02   5.17143E-39   1.28157E-06     30
   2.89702E-17   4.70705E+20   2.00000E+02   6.15465E-38   1.28157E-06     31
   7.63337E-21   4.70705E+20   2.00000E+02   1.62169E-41   1.28157E-06     32
   2.85810E-22   4.70705E+20   2.00000E+02   6.07197E-43   1.28157E-06     33
   1.13084E-19   4.70705E+20   2.00000E+02   2.40245E-40   1.28157E-06     34
   7.18445E-17   4.70705E+20   2.00000E+02   1.52632E-37   1.28157E-06     35
   1.95386E-15   4.70705E+20   2.00000E+02   4.15092E-36   1.28157E-06     36
   1.81887E-16   4.70705E+20   2.00000E+02   3.86414E-37   1.28157E-06     37
   7.55730E-21   4.70705E+20   2.00000E+02   1.60553E-41   1.28157E-06     38
   3.63952E-19   4.70705E+20   2.00000E+02   7.73206E-40   1.28157E-06     39
   3.24474E-15   4.70705E+20   2.00000E+02   6.89336E-36   1.28157E-06     40
   1.01137E-18   4.70705E+20   2.00000E+02   2.14863E-39   1.28157E-06     41
   1.10488E-20   4.70705E+20   2.00000E+02   2.34729E-41   1.28157E-06     42
   2.73706E-19   4.70705E+20   2.00000E+02   5.81481E-40   1.28157E-06     43
   3.17424E-18   4.70705E+20   2.00000E+02   6.74359E-39   1.28157E-06     44
   2.22092E-21   4.70705E+20   2.00000E+02   4.71829E-42   1.28157E-06     45
   1.30602E-18   4.70705E+20   2.00000E+02   2.77461E-39   1.28157E-06     46
   6.76193E-19   4.70705E+20   2.00000E+02   1.43655E-39   1.28157E-06     47
   5.18734E-22   4.70705E+20   2.00000E+02   1.10204E-42   1.28157E-06     48
   4.65009E-21   4.70705E+20   2.00000E+02   9.87900E-42   1.28157E-06     49
   1.04842E-18   4.70705E+20   2.00000E+02   2.22734E-39   1.28157E-06     50
   3.18916E-21   4.70705E+20   2.00000E+02   6.77530E-42   1.28157E-06     51
   5.11962E-20   4.70705E+20   2.00000E+02   1.08765E-40   1.28157E-06     52
   1.25505E-25   4.70705E+20   2.00000E+02   2.66633E-46   1.28157E-06     53
   2.78065E-21   4.70705E+20   2.00000E+02   5.90741E-42   1.28157E-06     54
   1.70968E-21   4.70705E+20   2.00000E+02   3.63217E-42   1.28157E-06     55
