 1216.0 1216.0  0.0147966  0.1665587  0.0144862
 1300.0 1350.0  0.0123459  0.1242367  0.0121239
 1350.0 1400.0  0.0115413  0.1094811  0.0112327
 1400.0 1450.0  0.0102865  0.1038626  0.0104138
 1450.0 1500.0  0.0091983  0.0986574  0.0096782
 1500.0 1550.0  0.0082512  0.0938089  0.0090151
 1550.0 1600.0  0.0074233  0.0892835  0.0084154
 1600.0 1650.0  0.0066973  0.0850387  0.0078714
 1650.0 1700.0  0.0061885  0.0812223  0.0074116
 1700.0 1750.0  0.0057284  0.0777468  0.0069909
 1754.0 1770.0  0.0054189  0.0753143  0.0067022
 1770.0 1786.0  0.0052927  0.0742953  0.0065829
 1786.0 1802.0  0.0051706  0.0732957  0.0064668
 1802.0 1818.0  0.0051981  0.0717698  0.0063853
 1818.0 1835.0  0.0050814  0.0708051  0.0062746
 1835.0 1852.0  0.0049611  0.0698092  0.0061601
 1852.0 1869.0  0.0048449  0.0688328  0.0060488
 1869.0 1887.0  0.0047257  0.0678283  0.0059341
 1887.0 1905.0  0.0046112  0.0668353  0.0058227
 1905.0 1923.0  0.0045008  0.0658622  0.0057144
 1923.0 1942.0  0.0043879  0.0648674  0.0056033
 1942.0 1961.0  0.0042862  0.0639160  0.0055010
 1961.0 1980.0  0.0041804  0.0629751  0.0053961
 1980.0 2000.0  0.0040640  0.0621805  0.0052886
 2000.0 2020.0  0.0039522  0.0613999  0.0051842
 2020.0 2041.0  0.0038447  0.0606330  0.0050830
 2041.0 2062.0  0.0037360  0.0598461  0.0049798
 2062.0 2083.0  0.0037362  0.0586258  0.0049041
 2083.0 2105.0  0.0036279  0.0578461  0.0048019
 2105.0 2128.0  0.0035242  0.0570782  0.0047030
 2128.0 2151.0  0.0034199  0.0562971  0.0046027
 2151.0 2174.0  0.0033199  0.0555310  0.0045057
 2174.0 2200.0  0.0032155  0.0547249  0.0044036
 2200.0 2222.0  0.0031197  0.0539632  0.0043089
 2222.0 2247.0  0.0030317  0.0532460  0.0042209
 2247.0 2273.0  0.0029360  0.0524620  0.0041247
 2273.0 2299.0  0.0029261  0.0512939  0.0040519
 2299.0 2326.0  0.0028364  0.0505451  0.0039616
 2326.0 2353.0  0.0027470  0.0497894  0.0038710
 2353.0 2381.0  0.0026582  0.0490281  0.0037803
 2381.0 2410.0  0.0025846  0.0480320  0.0036930
 2410.0 2439.0  0.0025276  0.0466676  0.0036061
 2439.0 2469.0  0.0024714  0.0453018  0.0035195
 2469.0 2500.0  0.0024194  0.0439457  0.0034359
 2500.0 2532.0  0.0023661  0.0425618  0.0033500
 2532.0 2564.0  0.0023166  0.0412006  0.0032673
 2564.0 2597.0  0.0022708  0.0398614  0.0031876
 2597.0 2632.0  0.0022247  0.0384898  0.0031061
 2632.0 2667.0  0.0021756  0.0371523  0.0030231
 2667.0 2703.0  0.0021270  0.0359650  0.0029455
 2703.0 2740.0  0.0020203  0.0350490  0.0028545
 2740.0 2778.0  0.0019743  0.0338393  0.0027770
 2778.0 2817.0  0.0019323  0.0326434  0.0027027
 2817.0 2857.0  0.0018904  0.0314401  0.0026277
 2857.0 2899.0  0.0017967  0.0304687  0.0025413
 2899.0 2941.0  0.0017606  0.0292581  0.0024693
 2941.0 2985.0  0.0017234  0.0281177  0.0023987
 2985.0 3030.0  0.0016781  0.0271695  0.0023294
 3030.0 3077.0  0.0015829  0.0264101  0.0022475
 3077.0 3125.0  0.0015420  0.0254515  0.0021803
 3125.0 3175.0  0.0015021  0.0244885  0.0021133
 3175.0 3225.0  0.0014195  0.0237199  0.0020381
 3225.0 3275.0  0.0013856  0.0227915  0.0019762
 3275.0 3325.0  0.0013570  0.0218438  0.0019171
 3325.0 3375.0  0.0013320  0.0209079  0.0018606
 3375.0 3425.0  0.0013094  0.0200016  0.0018066
 3425.0 3450.0  0.0012530  0.0194868  0.0017584
 3450.0 3550.0  0.0012316  0.0184088  0.0016970
 3550.0 3650.0  0.0012338  0.0167596  0.0016124
 3650.0 3750.0  0.0011976  0.0154286  0.0015268
 3750.0 3850.0  0.0012067  0.0140566  0.0014550
 3850.0 3950.0  0.0012228  0.0127676  0.0013885
 3950.0 4050.0  0.0012472  0.0115498  0.0013267
 4050.0 4150.0  0.0013197  0.0103227  0.0012756
 4150.0 4250.0  0.0013595  0.0092851  0.0012219
 4250.0 4350.0  0.0014086  0.0083212  0.0011717
 4350.0 4450.0  0.0014710  0.0074135  0.0011248
 4450.0 4550.0  0.0014627  0.0068083  0.0010755
 4550.0 4650.0  0.0014451  0.0063066  0.0010293
 4650.0 4750.0  0.0014345  0.0058254  0.0009860
 4750.0 4850.0  0.0013894  0.0054084  0.0009407
 4850.0 4950.0  0.0013934  0.0049629  0.0009028
 4950.0 5050.0  0.0014053  0.0045363  0.0008671
 5050.0 5150.0  0.0014268  0.0041255  0.0008335
 5150.0 5250.0  0.0014591  0.0037307  0.0008018
 5250.0 5350.0  0.0015042  0.0033519  0.0007718
 5350.0 5450.0  0.0015201  0.0030100  0.0007398
 5450.0 5550.0  0.0016003  0.0026558  0.0007132
 5550.0 5650.0  0.0017088  0.0023134  0.0006880
 5650.0 5750.0  0.0017519  0.0021019  0.0006641
 5750.0 5850.0  0.0017517  0.0019606  0.0006414
 5850.0 5950.0  0.0017580  0.0018242  0.0006198
 5950.0 6050.0  0.0017198  0.0017049  0.0005964
 6050.0 6150.0  0.0017408  0.0015764  0.0005770
 6150.0 6250.0  0.0017706  0.0014521  0.0005585
 6250.0 6350.0  0.0018119  0.0013309  0.0005410
 6350.0 6450.0  0.0018645  0.0012143  0.0005242
 6450.0 6550.0  0.0019319  0.0011014  0.0005082
 6550.0 6650.0  0.0019587  0.0009989  0.0004905
 6650.0 6750.0  0.0020656  0.0008919  0.0004760
 6750.0 6850.0  0.0022033  0.0007880  0.0004621
 6850.0 6950.0  0.0023588  0.0006942  0.0004488
 6950.0 7050.0  0.0023532  0.0006569  0.0004360
 7050.0 7150.0  0.0023532  0.0006207  0.0004238
 7150.0 7250.0  0.0023559  0.0005862  0.0004122
 7250.0 7350.0  0.0023678  0.0005520  0.0004009
 7350.0 7450.0  0.0023134  0.0005227  0.0003883
 7450.0 7550.0  0.0023387  0.0004901  0.0003780
 7550.0 7650.0  0.0023683  0.0004590  0.0003681
 7650.0 7750.0  0.0024104  0.0004280  0.0003586
 7750.0 7850.0  0.0024629  0.0003977  0.0003495
 7850.0 7950.0  0.0025228  0.0003690  0.0003407
 7950.0 8050.0  0.0026013  0.0003403  0.0003322
 8050.0 8150.0  0.0026971  0.0003123  0.0003241
 8150.0 8250.0  0.0028139  0.0002850  0.0003162
 8250.0 8350.0  0.0028582  0.0002611  0.0003071
 8350.0 8450.0  0.0030287  0.0002348  0.0002998
 8450.0 8550.0  0.0032421  0.0002092  0.0002928
