 1216.0 1216.0  0.4460992  9.1702538  0.8527617
 1300.0 1350.0  0.4824659  9.4078398  0.8395111
 1350.0 1400.0  0.5017884  9.4744902  0.8326625
 1400.0 1450.0  0.5123153  9.4143362  0.8246929
 1450.0 1500.0  0.5236902  9.2889128  0.8148426
 1500.0 1550.0  0.5345749  9.1316280  0.8043036
 1550.0 1600.0  0.5439808  8.9730129  0.7942995
 1600.0 1650.0  0.5516420  8.8296633  0.7856241
 1650.0 1700.0  0.5572885  8.7630348  0.7780223
 1700.0 1750.0  0.5619603  8.7114353  0.7715503
 1754.0 1770.0  0.5652120  8.6795378  0.7673219
 1770.0 1786.0  0.5666202  8.6666040  0.7656009
 1786.0 1802.0  0.5680478  8.6538610  0.7639287
 1802.0 1818.0  0.5709561  8.7054224  0.7614078
 1818.0 1835.0  0.5724655  8.6939287  0.7598256
 1835.0 1852.0  0.5740895  8.6811666  0.7581648
 1852.0 1869.0  0.5757800  8.6677170  0.7565069
 1869.0 1887.0  0.5776172  8.6522923  0.7547372
 1887.0 1905.0  0.5795682  8.6354456  0.7529321
 1905.0 1923.0  0.5816112  8.6169462  0.7510751
 1923.0 1942.0  0.5838360  8.5954695  0.7490426
 1942.0 1961.0  0.5861403  8.5731602  0.7470303
 1961.0 1980.0  0.5885231  8.5472193  0.7448031
 1980.0 2000.0  0.5904968  8.5168800  0.7423289
 2000.0 2020.0  0.5925699  8.4838905  0.7397044
 2020.0 2041.0  0.5947352  8.4482756  0.7369226
 2041.0 2062.0  0.5970812  8.4081011  0.7338281
 2062.0 2083.0  0.6008502  8.4588556  0.7309631
 2083.0 2105.0  0.6034769  8.4132271  0.7274786
 2105.0 2128.0  0.6061797  8.3647575  0.7238007
 2128.0 2151.0  0.6090311  8.3112564  0.7197567
 2151.0 2174.0  0.6119192  8.2551107  0.7155221
 2174.0 2200.0  0.6150361  8.1913738  0.7107210
 2200.0 2222.0  0.6180469  8.1278362  0.7059388
 2222.0 2247.0  0.6209261  8.0650167  0.7012167
 2247.0 2273.0  0.6240954  7.9919839  0.6957514
 2273.0 2299.0  0.6292394  8.0233955  0.6915082
 2299.0 2326.0  0.6324407  7.9479361  0.6858959
 2326.0 2353.0  0.6356601  7.8680911  0.6799963
 2353.0 2381.0  0.6388749  7.7839751  0.6738361
 2381.0 2410.0  0.6433129  7.6977129  0.6676218
 2410.0 2439.0  0.6497445  7.6055198  0.6611212
 2439.0 2469.0  0.6562464  7.5085802  0.6544414
 2469.0 2500.0  0.6627994  7.4104848  0.6478021
 2500.0 2532.0  0.6695274  7.3049560  0.6407976
 2532.0 2564.0  0.6761946  7.1980810  0.6339917
 2564.0 2597.0  0.6828166  7.0903468  0.6273146
 2597.0 2632.0  0.6896151  6.9750638  0.6204329
 2632.0 2667.0  0.6961566  6.8526721  0.6134288
 2667.0 2703.0  0.7018239  6.7334862  0.6069188
 2703.0 2740.0  0.7036709  6.4983101  0.5991032
 2740.0 2778.0  0.7091897  6.3678231  0.5927176
 2778.0 2817.0  0.7146704  6.2365689  0.5866516
 2817.0 2857.0  0.7201110  6.0980701  0.5806242
 2857.0 2899.0  0.7211446  5.8444810  0.5736585
 2899.0 2941.0  0.7264411  5.6979709  0.5681457
 2941.0 2985.0  0.7312890  5.5504889  0.5628269
 2985.0 3030.0  0.7345406  5.4015961  0.5578573
 3030.0 3077.0  0.7326550  5.1371531  0.5520126
 3077.0 3125.0  0.7356505  4.9814372  0.5474872
 3125.0 3175.0  0.7385601  4.8206530  0.5431209
 3175.0 3225.0  0.7359082  4.5586152  0.5382320
 3225.0 3275.0  0.7385046  4.4008641  0.5344704
 3275.0 3325.0  0.7414644  4.2446671  0.5309840
 3325.0 3375.0  0.7445251  4.0908842  0.5277594
 3375.0 3425.0  0.7475287  3.9401841  0.5247795
 3425.0 3450.0  0.7437866  3.7402539  0.5220574
 3450.0 3550.0  0.7475225  3.5640769  0.5188955
 3550.0 3650.0  0.7580547  3.3751190  0.5149683
 3650.0 3750.0  0.7615684  3.1198039  0.5111137
 3750.0 3850.0  0.7712334  2.9502139  0.5082616
 3850.0 3950.0  0.7810616  2.7873881  0.5058036
 3950.0 4050.0  0.7912087  2.6314449  0.5036781
 4050.0 4150.0  0.8067241  2.5418539  0.5022587
 4150.0 4250.0  0.8167099  2.3977749  0.5006465
 4250.0 4350.0  0.8268052  2.2614310  0.4992407
 4350.0 4450.0  0.8372697  2.1322150  0.4980079
 4450.0 4550.0  0.8400400  1.9710560  0.4965877
 4550.0 4650.0  0.8416443  1.8254740  0.4953250
 4650.0 4750.0  0.8436978  1.6915940  0.4941844
 4750.0 4850.0  0.8419964  1.5327350  0.4928313
 4850.0 4950.0  0.8451116  1.4220430  0.4918966
 4950.0 5050.0  0.8487864  1.3200970  0.4910360
 5050.0 5150.0  0.8531398  1.2260790  0.4902381
 5150.0 5250.0  0.8581945  1.1392720  0.4894937
 5250.0 5350.0  0.8639770  1.0590780  0.4887936
 5350.0 5450.0  0.8669242  0.9619838  0.4878808
 5450.0 5550.0  0.8746172  0.8947148  0.4872575
 5550.0 5650.0  0.8833572  0.8322419  0.4866588
 5650.0 5750.0  0.8874664  0.7787437  0.4860890
 5750.0 5850.0  0.8889392  0.7315304  0.4855382
 5850.0 5950.0  0.8907359  0.6877503  0.4849976
 5950.0 6050.0  0.8897576  0.6318188  0.4842601
 6050.0 6150.0  0.8923230  0.5949234  0.4837372
 6150.0 6250.0  0.8952746  0.5605561  0.4832169
 6250.0 6350.0  0.8986910  0.5284642  0.4826964
 6350.0 6450.0  0.9024776  0.4985194  0.4821741
 6450.0 6550.0  0.9067153  0.4705202  0.4816486
 6550.0 6650.0  0.9088021  0.4336356  0.4809489
 6650.0 6750.0  0.9141619  0.4095985  0.4804182
 6750.0 6850.0  0.9200668  0.3870251  0.4798808
 6850.0 6950.0  0.9258418  0.3660707  0.4793362
 6950.0 7050.0  0.9265366  0.3483880  0.4787855
 7050.0 7150.0  0.9273748  0.3317828  0.4782255
 7150.0 7250.0  0.9282749  0.3162014  0.4776562
 7250.0 7350.0  0.9294113  0.3015102  0.4770770
 7350.0 7450.0  0.9285439  0.2806929  0.4763508
 7450.0 7550.0  0.9300451  0.2679650  0.4757542
 7550.0 7650.0  0.9316187  0.2559747  0.4751468
 7650.0 7750.0  0.9334694  0.2446200  0.4745154
 7750.0 7850.0  0.9355031  0.2338728  0.4738989
 7850.0 7950.0  0.9376178  0.2237258  0.4732583
 7950.0 8050.0  0.9400371  0.2140847  0.4726066
 8050.0 8150.0  0.9426607  0.2049403  0.4719438
 8150.0 8250.0  0.9454958  0.1962595  0.4712698
 8250.0 8350.0  0.9467750  0.1833980  0.4704751
 8350.0 8450.0  0.9501528  0.1757404  0.4697816
 8450.0 8550.0  0.9537739  0.1684522  0.4690771
