 1216.0 1216.0     2.6439097e-01    4.2143684e+01     9.6525526e-01
 1300.0 1350.0     2.6627972e-01    4.2261494e+01     9.6441115e-01
 1350.0 1400.0     2.6801342e-01    4.2190806e+01     9.6360025e-01
 1400.0 1450.0     2.7090048e-01    4.1956681e+01     9.6223186e-01
 1450.0 1500.0     2.7409525e-01    4.1684805e+01     9.6072967e-01
 1500.0 1550.0     2.7732770e-01    4.1414691e+01     9.5922747e-01
 1550.0 1600.0     2.8059827e-01    4.1146327e+01     9.5772528e-01
 1600.0 1650.0     2.8377728e-01    4.0868372e+01     9.5621063e-01
 1650.0 1700.0     2.8664787e-01    4.0562626e+01     9.5466320e-01
 1700.0 1750.0     2.8933329e-01    4.0240834e+01     9.5309545e-01
 1754.0 1770.0     2.9133385e-01    4.0004068e+01     9.5193531e-01
 1770.0 1786.0     2.9220447e-01    3.9902237e+01     9.5143363e-01
 1786.0 1802.0     2.9307769e-01    3.9800666e+01     9.5093195e-01
 1802.0 1818.0     2.9395351e-01    3.9699353e+01     9.5043027e-01
 1818.0 1835.0     2.9485950e-01    3.9595148e+01     9.4991291e-01
 1835.0 1852.0     2.9579581e-01    3.9488067e+01     9.4937988e-01
 1852.0 1869.0     2.9673509e-01    3.9381276e+01     9.4884684e-01
 1869.0 1887.0     2.9770517e-01    3.9271651e+01     9.4829813e-01
 1887.0 1905.0     2.9870622e-01    3.9159206e+01     9.4773374e-01
 1905.0 1923.0     2.9971063e-01    3.9047084e+01     9.4716935e-01
 1923.0 1942.0     3.0074652e-01    3.8932187e+01     9.4658928e-01
 1942.0 1961.0     3.0181408e-01    3.8814531e+01     9.4599353e-01
 1961.0 1980.0     3.0290523e-01    3.8695055e+01     9.4544567e-01
 1980.0 2000.0     3.0406181e-01    3.8569258e+01     9.4496194e-01
 2000.0 2020.0     3.0526447e-01    3.8439358e+01     9.4449446e-01
 2020.0 2041.0     3.0650220e-01    3.8306671e+01     9.4401529e-01
 2041.0 2062.0     3.0777525e-01    3.8171216e+01     9.4352444e-01
 2062.0 2083.0     3.0905360e-01    3.8036240e+01     9.4303359e-01
 2083.0 2105.0     3.1036794e-01    3.7898550e+01     9.4253104e-01
 2105.0 2128.0     3.1174940e-01    3.7754990e+01     9.4200513e-01
 2128.0 2151.0     3.1316785e-01    3.7608796e+01     9.4146752e-01
 2151.0 2174.0     3.1459275e-01    3.7463168e+01     9.4092992e-01
 2174.0 2200.0     3.1611794e-01    3.7308682e+01     9.4035726e-01
 2200.0 2222.0     3.1761865e-01    3.7157922e+01     9.3979628e-01
 2222.0 2247.0     3.1909552e-01    3.7010937e+01     9.3924699e-01
 2247.0 2273.0     3.2070568e-01    3.6852086e+01     9.3865095e-01
 2273.0 2299.0     3.2235570e-01    3.6690816e+01     9.3804323e-01
 2299.0 2326.0     3.2404627e-01    3.6527178e+01     9.3742381e-01
 2326.0 2353.0     3.2577776e-01    3.6361196e+01     9.3679272e-01
 2353.0 2381.0     3.2755093e-01    3.6192923e+01     9.3614993e-01
 2381.0 2410.0     3.3107930e-01    3.5854690e+01     9.3540559e-01
 2410.0 2439.0     3.3656586e-01    3.5334069e+01     9.3456236e-01
 2439.0 2469.0     3.4244289e-01    3.4793354e+01     9.3369542e-01
 2469.0 2500.0     3.4862706e-01    3.4243008e+01     9.3279909e-01
 2500.0 2532.0     3.5513125e-01    3.3683755e+01     9.3187337e-01
 2532.0 2564.0     3.6186195e-01    3.3124903e+01     9.3093295e-01
 2564.0 2597.0     3.6882942e-01    3.2566882e+01     9.2997785e-01
 2597.0 2632.0     3.7626321e-01    3.1993238e+01     9.2897866e-01
 2632.0 2667.0     3.8406674e-01    3.1390178e+01     9.2796966e-01
 2667.0 2703.0     3.9214447e-01    3.0762170e+01     9.2697027e-01
 2703.0 2740.0     4.0062623e-01    3.0124793e+01     9.2594689e-01
 2740.0 2778.0     4.0953147e-01    2.9483705e+01     9.2489548e-01
 2778.0 2817.0     4.1888017e-01    2.8839713e+01     9.2381602e-01
 2817.0 2857.0     4.2869352e-01    2.8193609e+01     9.2270853e-01
 2857.0 2899.0     4.3912432e-01    2.7538369e+01     9.2155899e-01
 2899.0 2941.0     4.5006948e-01    2.6882748e+01     9.2038140e-01
 2941.0 2985.0     4.6040777e-01    2.6273363e+01     9.1937028e-01
 2985.0 3030.0     4.6981767e-01    2.5717380e+01     9.1858234e-01
 3030.0 3077.0     4.7934337e-01    2.5170449e+01     9.1783486e-01
 3077.0 3125.0     4.8938131e-01    2.4617823e+01     9.1706300e-01
 3125.0 3175.0     4.9995773e-01    2.4060521e+01     9.1626677e-01
 3175.0 3225.0     5.1098321e-01    2.3504720e+01     9.1545429e-01
 3225.0 3275.0     5.2222517e-01    2.2965121e+01     9.1469940e-01
 3275.0 3325.0     5.3360149e-01    2.2451686e+01     9.1418453e-01
 3325.0 3375.0     5.4513936e-01    2.1960149e+01     9.1385206e-01
 3375.0 3425.0     5.5692670e-01    2.1479372e+01     9.1351959e-01
 3425.0 3450.0     5.6590989e-01    2.1124740e+01     9.1327023e-01
 3450.0 3550.0     5.8124465e-01    2.0562834e+01     9.1288087e-01
 3550.0 3650.0     6.0487863e-01    1.9801294e+01     9.1257004e-01
 3650.0 3750.0     6.2796225e-01    1.9178176e+01     9.1256087e-01
 3750.0 3850.0     6.5192679e-01    1.8574666e+01     9.1255169e-01
 3850.0 3950.0     6.7603476e-01    1.8020934e+01     9.1263383e-01
 3950.0 4050.0     7.0001213e-01    1.7524018e+01     9.1283612e-01
 4050.0 4150.0     7.2423437e-01    1.7055963e+01     9.1307007e-01
 4150.0 4250.0     7.4716002e-01    1.6633169e+01     9.1332067e-01
 4250.0 4350.0     7.6903447e-01    1.6247975e+01     9.1358507e-01
 4350.0 4450.0     7.9012836e-01    1.5877927e+01     9.1383478e-01
 4450.0 4550.0     8.0525669e-01    1.5544159e+01     9.1401773e-01
 4550.0 4650.0     8.1558140e-01    1.5239059e+01     9.1414860e-01
 4650.0 4750.0     8.2603849e-01    1.4939947e+01     9.1427946e-01
 4750.0 4850.0     8.3662966e-01    1.4646707e+01     9.1441033e-01
 4850.0 4950.0     8.4735663e-01    1.4359222e+01     9.1454120e-01
 4950.0 5050.0     8.5822113e-01    1.4077380e+01     9.1467207e-01
 5050.0 5150.0     8.6922493e-01    1.3801070e+01     9.1480294e-01
 5150.0 5250.0     8.8036982e-01    1.3530183e+01     9.1493381e-01
 5250.0 5350.0     8.9165761e-01    1.3264613e+01     9.1506468e-01
 5350.0 5450.0     9.0309012e-01    1.3004256e+01     9.1519554e-01
 5450.0 5550.0     9.1466922e-01    1.2749009e+01     9.1532641e-01
 5550.0 5650.0     9.2576451e-01    1.2501105e+01     9.1544707e-01
 5650.0 5750.0     9.3275505e-01    1.2273340e+01     9.1549966e-01
 5750.0 5850.0     9.3620477e-01    1.2062722e+01     9.1549438e-01
 5850.0 5950.0     9.3966724e-01    1.1855719e+01     9.1548910e-01
 5950.0 6050.0     9.4314253e-01    1.1652268e+01     9.1548383e-01
 6050.0 6150.0     9.4663067e-01    1.1452308e+01     9.1547855e-01
 6150.0 6250.0     9.5013170e-01    1.1255780e+01     9.1547328e-01
 6250.0 6350.0     9.5364569e-01    1.1062624e+01     9.1546800e-01
 6350.0 6450.0     9.5717267e-01    1.0872783e+01     9.1546273e-01
 6450.0 6550.0     9.6071270e-01    1.0686200e+01     9.1545745e-01
 6550.0 6650.0     9.6426582e-01    1.0502818e+01     9.1545218e-01
 6650.0 6750.0     9.6783208e-01    1.0322584e+01     9.1544690e-01
 6750.0 6850.0     9.7141153e-01    1.0145442e+01     9.1544163e-01
 6850.0 6950.0     9.7419110e-01    9.9691735e+00     9.1538732e-01
 6950.0 7050.0     9.7566749e-01    9.7924963e+00     9.1525395e-01
 7050.0 7150.0     9.7664768e-01    9.6176461e+00     9.1509052e-01
 7150.0 7250.0     9.7762885e-01    9.4459179e+00     9.1492709e-01
 7250.0 7350.0     9.7861101e-01    9.2772560e+00     9.1476367e-01
 7350.0 7450.0     9.7959416e-01    9.1116057e+00     9.1460024e-01
 7450.0 7550.0     9.8057829e-01    8.9489131e+00     9.1443682e-01
 7550.0 7650.0     9.8156342e-01    8.7891255e+00     9.1427339e-01
 7650.0 7750.0     9.8254953e-01    8.6321910e+00     9.1410996e-01
 7750.0 7850.0     9.8353663e-01    8.4780587e+00     9.1394654e-01
 7850.0 7950.0     9.8452473e-01    8.3266784e+00     9.1378311e-01
 7950.0 8050.0     9.8551381e-01    8.1780012e+00     9.1361969e-01
 8050.0 8150.0     9.8650389e-01    8.0319786e+00     9.1345626e-01
 8150.0 8250.0     9.8749497e-01    7.8885634e+00     9.1329283e-01
 8250.0 8350.0     9.8848704e-01    7.7477089e+00     9.1312941e-01
 8350.0 8450.0     9.8948011e-01    7.6093694e+00     9.1296598e-01
 8450.0 8550.0     9.9047418e-01    7.4735001e+00     9.1280255e-01
