 1216.0 1216.0     3.2716778e-01    2.4420221e+01     9.4566546e-01
 1300.0 1350.0     3.3448760e-01    2.4695578e+01     9.4268157e-01
 1350.0 1400.0     3.3781135e-01    2.4718399e+01     9.4103735e-01
 1400.0 1450.0     3.4105401e-01    2.4604485e+01     9.3903067e-01
 1450.0 1500.0     3.4430022e-01    2.4458435e+01     9.3693701e-01
 1500.0 1550.0     3.4757732e-01    2.4313251e+01     9.3484335e-01
 1550.0 1600.0     3.5088562e-01    2.4168928e+01     9.3274969e-01
 1600.0 1650.0     3.5417706e-01    2.4021630e+01     9.3056720e-01
 1650.0 1700.0     3.5737145e-01    2.3865184e+01     9.2815097e-01
 1700.0 1750.0     3.6051508e-01    2.3703547e+01     9.2558982e-01
 1754.0 1770.0     3.6285603e-01    2.3584518e+01     9.2369457e-01
 1770.0 1786.0     3.6387440e-01    2.3533285e+01     9.2287500e-01
 1786.0 1802.0     3.6489562e-01    2.3482162e+01     9.2205543e-01
 1802.0 1818.0     3.6591970e-01    2.3431151e+01     9.2123586e-01
 1818.0 1835.0     3.6697884e-01    2.3378663e+01     9.2039068e-01
 1835.0 1852.0     3.6807324e-01    2.3324706e+01     9.1951989e-01
 1852.0 1869.0     3.6917091e-01    2.3270873e+01     9.1864910e-01
 1869.0 1887.0     3.7030432e-01    2.3215589e+01     9.1775269e-01
 1887.0 1905.0     3.7147370e-01    2.3158860e+01     9.1683068e-01
 1905.0 1923.0     3.7264677e-01    2.3102270e+01     9.1590866e-01
 1923.0 1942.0     3.7385634e-01    2.3044254e+01     9.1496104e-01
 1942.0 1961.0     3.7510263e-01    2.2984820e+01     9.1398780e-01
 1961.0 1980.0     3.7636528e-01    2.2924446e+01     9.1308294e-01
 1980.0 2000.0     3.7768567e-01    2.2860859e+01     9.1226642e-01
 2000.0 2020.0     3.7905199e-01    2.2795170e+01     9.1146988e-01
 2020.0 2041.0     3.8045767e-01    2.2728038e+01     9.1065342e-01
 2041.0 2062.0     3.8190297e-01    2.2659471e+01     9.0981705e-01
 2062.0 2083.0     3.8335376e-01    2.2591110e+01     9.0898068e-01
 2083.0 2105.0     3.8484488e-01    2.2521338e+01     9.0812439e-01
 2105.0 2128.0     3.8641155e-01    2.2448552e+01     9.0722828e-01
 2128.0 2151.0     3.8801957e-01    2.2374388e+01     9.0631225e-01
 2151.0 2174.0     3.8963427e-01    2.2300470e+01     9.0539623e-01
 2174.0 2200.0     3.9136190e-01    2.2222008e+01     9.0442046e-01
 2200.0 2222.0     3.9306117e-01    2.2145395e+01     9.0346460e-01
 2222.0 2247.0     3.9473272e-01    2.2070654e+01     9.0252867e-01
 2247.0 2273.0     3.9655440e-01    2.1989830e+01     9.0151307e-01
 2273.0 2299.0     3.9842037e-01    2.1907724e+01     9.0047756e-01
 2299.0 2326.0     4.0033135e-01    2.1824358e+01     8.9942214e-01
 2326.0 2353.0     4.0228772e-01    2.1739742e+01     8.9834681e-01
 2353.0 2381.0     4.0429024e-01    2.1653899e+01     8.9725156e-01
 2381.0 2410.0     4.0819450e-01    2.1481475e+01     8.9598838e-01
 2410.0 2439.0     4.1421398e-01    2.1215883e+01     8.9456240e-01
 2439.0 2469.0     4.2064689e-01    2.0939439e+01     8.9309680e-01
 2469.0 2500.0     4.2740291e-01    2.0657411e+01     8.9158151e-01
 2500.0 2532.0     4.3449437e-01    2.0370123e+01     8.9001655e-01
 2532.0 2564.0     4.4181792e-01    2.0082334e+01     8.8842674e-01
 2564.0 2597.0     4.4938326e-01    1.9794241e+01     8.8681210e-01
 2597.0 2632.0     4.5743751e-01    1.9497307e+01     8.8512293e-01
 2632.0 2667.0     4.6565858e-01    1.9179787e+01     8.8339987e-01
 2667.0 2703.0     4.7388000e-01    1.8842967e+01     8.8167156e-01
 2703.0 2740.0     4.8243704e-01    1.8499396e+01     8.7989793e-01
 2740.0 2778.0     4.9138946e-01    1.8152936e+01     8.7807571e-01
 2778.0 2817.0     5.0075348e-01    1.7803985e+01     8.7620490e-01
 2817.0 2857.0     5.1054621e-01    1.7452942e+01     8.7428549e-01
 2857.0 2899.0     5.2091470e-01    1.7095931e+01     8.7229319e-01
 2899.0 2941.0     5.3175177e-01    1.6737694e+01     8.7025230e-01
 2941.0 2985.0     5.4174591e-01    1.6397354e+01     8.6849402e-01
 2985.0 3030.0     5.5050472e-01    1.6076944e+01     8.6711447e-01
 3030.0 3077.0     5.5924135e-01    1.5758622e+01     8.6580255e-01
 3077.0 3125.0     5.6840760e-01    1.5436499e+01     8.6444784e-01
 3125.0 3175.0     5.7802161e-01    1.5111136e+01     8.6305035e-01
 3175.0 3225.0     5.8799774e-01    1.4786132e+01     8.6162435e-01
 3225.0 3275.0     5.9811081e-01    1.4469616e+01     8.6028158e-01
 3275.0 3325.0     6.0824913e-01    1.4166019e+01     8.5928566e-01
 3325.0 3375.0     6.1844586e-01    1.3873439e+01     8.5855333e-01
 3375.0 3425.0     6.2881353e-01    1.3586902e+01     8.5782101e-01
 3425.0 3450.0     6.3668668e-01    1.3375344e+01     8.5727176e-01
 3450.0 3550.0     6.5005641e-01    1.3040704e+01     8.5640302e-01
 3550.0 3650.0     6.7086439e-01    1.2600667e+01     8.5556834e-01
 3650.0 3750.0     6.9134116e-01    1.2255105e+01     8.5527030e-01
 3750.0 3850.0     7.1244293e-01    1.1919019e+01     8.5497226e-01
 3850.0 3950.0     7.3349134e-01    1.1612278e+01     8.5481321e-01
 3950.0 4050.0     7.5423854e-01    1.1339810e+01     8.5483704e-01
 4050.0 4150.0     7.7501474e-01    1.1081645e+01     8.5491194e-01
 4150.0 4250.0     7.9437277e-01    1.0839104e+01     8.5502903e-01
 4250.0 4350.0     8.1255880e-01    1.0609936e+01     8.5518113e-01
 4350.0 4450.0     8.2993941e-01    1.0376617e+01     8.5531599e-01
 4450.0 4550.0     8.4208300e-01    1.0108394e+01     8.5537242e-01
 4550.0 4650.0     8.5003819e-01    9.8161531e+00     8.5536770e-01
 4650.0 4750.0     8.5806854e-01    9.5323613e+00     8.5536297e-01
 4750.0 4850.0     8.6617474e-01    9.2567740e+00     8.5535825e-01
 4850.0 4950.0     8.7435753e-01    8.9891541e+00     8.5535352e-01
 4950.0 5050.0     8.8261763e-01    8.7292714e+00     8.5534879e-01
 5050.0 5150.0     8.9095575e-01    8.4769020e+00     8.5534407e-01
 5150.0 5250.0     8.9937265e-01    8.2318288e+00     8.5533934e-01
 5250.0 5350.0     9.0786906e-01    7.9938409e+00     8.5533462e-01
 5350.0 5450.0     9.1644574e-01    7.7627333e+00     8.5532989e-01
 5450.0 5550.0     9.2510344e-01    7.5383072e+00     8.5532516e-01
 5550.0 5650.0     9.3339269e-01    7.3198260e+00     8.5530740e-01
 5650.0 5750.0     9.3874143e-01    7.1041450e+00     8.5520273e-01
 5750.0 5850.0     9.4156305e-01    6.8918318e+00     8.5502417e-01
 5850.0 5950.0     9.4439315e-01    6.6858637e+00     8.5484562e-01
 5950.0 6050.0     9.4723177e-01    6.4860511e+00     8.5466707e-01
 6050.0 6150.0     9.5007891e-01    6.2922101e+00     8.5448852e-01
 6150.0 6250.0     9.5293461e-01    6.1041622e+00     8.5430996e-01
 6250.0 6350.0     9.5579889e-01    5.9217343e+00     8.5413141e-01
 6350.0 6450.0     9.5867179e-01    5.7447584e+00     8.5395286e-01
 6450.0 6550.0     9.6155332e-01    5.5730715e+00     8.5377431e-01
 6550.0 6650.0     9.6444351e-01    5.4065157e+00     8.5359575e-01
 6650.0 6750.0     9.6734238e-01    5.2449375e+00     8.5341720e-01
 6750.0 6850.0     9.7024998e-01    5.0881882e+00     8.5323865e-01
 6850.0 6950.0     9.7255731e-01    4.9388612e+00     8.5298415e-01
 6950.0 7050.0     9.7388800e-01    4.7982869e+00     8.5260714e-01
 7050.0 7150.0     9.7484713e-01    4.6633453e+00     8.5218359e-01
 7150.0 7250.0     9.7580720e-01    4.5321987e+00     8.5176003e-01
 7250.0 7350.0     9.7676821e-01    4.4047403e+00     8.5133648e-01
 7350.0 7450.0     9.7773017e-01    4.2808665e+00     8.5091292e-01
 7450.0 7550.0     9.7869308e-01    4.1604763e+00     8.5048937e-01
 7550.0 7650.0     9.7965694e-01    4.0434718e+00     8.5006581e-01
 7650.0 7750.0     9.8062174e-01    3.9297578e+00     8.4964226e-01
 7750.0 7850.0     9.8158750e-01    3.8192418e+00     8.4921870e-01
 7850.0 7950.0     9.8255421e-01    3.7118338e+00     8.4879514e-01
 7950.0 8050.0     9.8352187e-01    3.6074464e+00     8.4837159e-01
 8050.0 8150.0     9.8449048e-01    3.5059947e+00     8.4794803e-01
 8150.0 8250.0     9.8546005e-01    3.4073961e+00     8.4752448e-01
 8250.0 8350.0     9.8643057e-01    3.3115704e+00     8.4710092e-01
 8350.0 8450.0     9.8740205e-01    3.2184396e+00     8.4667737e-01
 8450.0 8550.0     9.8837448e-01    3.1279278e+00     8.4625381e-01
