 1216.0 1216.0     3.0295962e-01    2.8019654e+01     9.5457921e-01
 1300.0 1350.0     3.0896939e-01    2.8270549e+01     9.5224386e-01
 1350.0 1400.0     3.1182084e-01    2.8272188e+01     9.5093326e-01
 1400.0 1450.0     3.1477296e-01    2.8124390e+01     9.4930776e-01
 1450.0 1500.0     3.1777100e-01    2.7941688e+01     9.4760668e-01
 1500.0 1550.0     3.2079760e-01    2.7760173e+01     9.4590560e-01
 1550.0 1600.0     3.2385303e-01    2.7579838e+01     9.4420452e-01
 1600.0 1650.0     3.2690406e-01    2.7396697e+01     9.4243037e-01
 1650.0 1700.0     3.2989521e-01    2.7204354e+01     9.4046394e-01
 1700.0 1750.0     3.3285858e-01    2.7006921e+01     9.3837829e-01
 1754.0 1770.0     3.3506560e-01    2.6861584e+01     9.3683490e-01
 1770.0 1786.0     3.3602582e-01    2.6799047e+01     9.3616750e-01
 1786.0 1802.0     3.3698879e-01    2.6736655e+01     9.3550009e-01
 1802.0 1818.0     3.3795451e-01    2.6674409e+01     9.3483268e-01
 1818.0 1835.0     3.3895336e-01    2.6610372e+01     9.3414442e-01
 1835.0 1852.0     3.3998552e-01    2.6544552e+01     9.3343529e-01
 1852.0 1869.0     3.4102083e-01    2.6478896e+01     9.3272617e-01
 1869.0 1887.0     3.4208992e-01    2.6411480e+01     9.3199620e-01
 1887.0 1905.0     3.4319301e-01    2.6342315e+01     9.3124536e-01
 1905.0 1923.0     3.4429965e-01    2.6273331e+01     9.3049453e-01
 1923.0 1942.0     3.4544081e-01    2.6202621e+01     9.2972284e-01
 1942.0 1961.0     3.4661669e-01    2.6130196e+01     9.2893029e-01
 1961.0 1980.0     3.4781377e-01    2.6056715e+01     9.2819634e-01
 1980.0 2000.0     3.4907496e-01    2.5979461e+01     9.2753918e-01
 2000.0 2020.0     3.5038351e-01    2.5899712e+01     9.2690023e-01
 2020.0 2041.0     3.5172992e-01    2.5818227e+01     9.2624531e-01
 2041.0 2062.0     3.5311448e-01    2.5735017e+01     9.2557441e-01
 2062.0 2083.0     3.5450449e-01    2.5652075e+01     9.2490351e-01
 2083.0 2105.0     3.5593332e-01    2.5567438e+01     9.2421664e-01
 2105.0 2128.0     3.5743479e-01    2.5479164e+01     9.2349782e-01
 2128.0 2151.0     3.5897609e-01    2.5389239e+01     9.2276303e-01
 2151.0 2174.0     3.6052404e-01    2.5299632e+01     9.2202823e-01
 2174.0 2200.0     3.6218052e-01    2.5204540e+01     9.2124552e-01
 2200.0 2222.0     3.6381003e-01    2.5111711e+01     9.2047878e-01
 2222.0 2247.0     3.6541323e-01    2.5021170e+01     9.1972801e-01
 2247.0 2273.0     3.6716070e-01    2.4923286e+01     9.1891335e-01
 2273.0 2299.0     3.6895095e-01    2.4823873e+01     9.1808272e-01
 2299.0 2326.0     3.7078471e-01    2.4722960e+01     9.1723611e-01
 2326.0 2353.0     3.7266234e-01    2.4620562e+01     9.1637352e-01
 2353.0 2381.0     3.7458461e-01    2.4516706e+01     9.1549497e-01
 2381.0 2410.0     3.7836699e-01    2.4308370e+01     9.1447925e-01
 2410.0 2439.0     3.8422086e-01    2.3987728e+01     9.1333021e-01
 2439.0 2469.0     3.9048275e-01    2.3654275e+01     9.1214901e-01
 2469.0 2500.0     3.9706424e-01    2.3314392e+01     9.1092777e-01
 2500.0 2532.0     4.0397797e-01    2.2968492e+01     9.0966649e-01
 2532.0 2564.0     4.1112374e-01    2.2622314e+01     9.0838518e-01
 2564.0 2597.0     4.1851156e-01    2.2276108e+01     9.0708386e-01
 2597.0 2632.0     4.2638359e-01    2.1919634e+01     9.0572247e-01
 2632.0 2667.0     4.3451132e-01    2.1541910e+01     9.0434448e-01
 2667.0 2703.0     4.4275669e-01    2.1145158e+01     9.0297554e-01
 2703.0 2740.0     4.5136969e-01    2.0741379e+01     9.0157302e-01
 2740.0 2778.0     4.6039320e-01    2.0334566e+01     9.0013208e-01
 2778.0 2817.0     4.6984503e-01    1.9925205e+01     8.9865272e-01
 2817.0 2857.0     4.7974407e-01    1.9513774e+01     8.9713493e-01
 2857.0 2899.0     4.9024108e-01    1.9095757e+01     8.9555950e-01
 2899.0 2941.0     5.0122937e-01    1.8676719e+01     8.9394565e-01
 2941.0 2985.0     5.1147499e-01    1.8283527e+01     8.9254732e-01
 2985.0 3030.0     5.2061547e-01    1.7919942e+01     8.9143766e-01
 3030.0 3077.0     5.2979495e-01    1.7560592e+01     8.9037809e-01
 3077.0 3125.0     5.3944273e-01    1.7197045e+01     8.8928398e-01
 3125.0 3175.0     5.4958028e-01    1.6829942e+01     8.8815531e-01
 3175.0 3225.0     5.6011911e-01    1.6463345e+01     8.8700361e-01
 3225.0 3275.0     5.7082458e-01    1.6106890e+01     8.8592441e-01
 3275.0 3325.0     5.8158490e-01    1.5766998e+01     8.8514731e-01
 3325.0 3375.0     5.9243373e-01    1.5440969e+01     8.8459980e-01
 3375.0 3425.0     6.0348494e-01    1.5121681e+01     8.8405229e-01
 3425.0 3450.0     6.1188883e-01    1.4885946e+01     8.8364166e-01
 3450.0 3550.0     6.2618379e-01    1.4512668e+01     8.8299542e-01
 3550.0 3650.0     6.4828438e-01    1.4016980e+01     8.8241533e-01
 3650.0 3750.0     6.6990470e-01    1.3622280e+01     8.8227387e-01
 3750.0 3850.0     6.9224606e-01    1.3238694e+01     8.8213242e-01
 3850.0 3950.0     7.1457636e-01    1.2888954e+01     8.8209912e-01
 3950.0 4050.0     7.3662575e-01    1.2578654e+01     8.8220813e-01
 4050.0 4150.0     7.5876372e-01    1.2285840e+01     8.8235586e-01
 4150.0 4250.0     7.7948660e-01    1.2016569e+01     8.8253044e-01
 4250.0 4350.0     7.9904473e-01    1.1767047e+01     8.8272730e-01
 4350.0 4450.0     8.1779558e-01    1.1518707e+01     8.8290639e-01
 4450.0 4550.0     8.3102118e-01    1.1257759e+01     8.8300473e-01
 4550.0 4650.0     8.3981745e-01    1.0988889e+01     8.8304009e-01
 4650.0 4750.0     8.4870682e-01    1.0726440e+01     8.8307545e-01
 4750.0 4850.0     8.5769028e-01    1.0470260e+01     8.8311081e-01
 4850.0 4950.0     8.6676884e-01    1.0220198e+01     8.8314616e-01
 4950.0 5050.0     8.7594349e-01    9.9761076e+00     8.8318152e-01
 5050.0 5150.0     8.8521525e-01    9.7378473e+00     8.8321688e-01
 5150.0 5250.0     8.9458516e-01    9.5052774e+00     8.8325224e-01
 5250.0 5350.0     9.0405424e-01    9.2782619e+00     8.8328759e-01
 5350.0 5450.0     9.1362355e-01    9.0566683e+00     8.8332295e-01
 5450.0 5550.0     9.2329415e-01    8.8403671e+00     8.8335831e-01
 5550.0 5650.0     9.3255048e-01    8.6290512e+00     8.8338073e-01
 5650.0 5750.0     9.3843874e-01    8.4216077e+00     8.8331688e-01
 5750.0 5850.0     9.4142890e-01    8.2181528e+00     8.8317972e-01
 5850.0 5950.0     9.4442859e-01    8.0196132e+00     8.8304255e-01
 5950.0 6050.0     9.4743783e-01    7.8258700e+00     8.8290538e-01
 6050.0 6150.0     9.5045666e-01    7.6368074e+00     8.8276822e-01
 6150.0 6250.0     9.5348511e-01    7.4523123e+00     8.8263105e-01
 6250.0 6350.0     9.5652321e-01    7.2722743e+00     8.8249388e-01
 6350.0 6450.0     9.5957099e-01    7.0965858e+00     8.8235672e-01
 6450.0 6550.0     9.6262848e-01    6.9251418e+00     8.8221955e-01
 6550.0 6650.0     9.6569571e-01    6.7578396e+00     8.8208238e-01
 6650.0 6750.0     9.6877272e-01    6.5945791e+00     8.8194522e-01
 6750.0 6850.0     9.7185953e-01    6.4352629e+00     8.8180805e-01
 6850.0 6950.0     9.7428276e-01    6.2800880e+00     8.8160345e-01
 6950.0 7050.0     9.7562605e-01    6.1291226e+00     8.8129009e-01
 7050.0 7150.0     9.7655836e-01    5.9819611e+00     8.8093540e-01
 7150.0 7250.0     9.7749155e-01    5.8383331e+00     8.8058072e-01
 7250.0 7350.0     9.7842564e-01    5.6981535e+00     8.8022603e-01
 7350.0 7450.0     9.7936062e-01    5.5613398e+00     8.7987134e-01
 7450.0 7550.0     9.8029649e-01    5.4278109e+00     8.7951665e-01
 7550.0 7650.0     9.8123326e-01    5.2974881e+00     8.7916196e-01
 7650.0 7750.0     9.8217092e-01    5.1702943e+00     8.7880728e-01
 7750.0 7850.0     9.8310948e-01    5.0461546e+00     8.7845259e-01
 7850.0 7950.0     9.8404894e-01    4.9249954e+00     8.7809790e-01
 7950.0 8050.0     9.8498929e-01    4.8067453e+00     8.7774321e-01
 8050.0 8150.0     9.8593054e-01    4.6913344e+00     8.7738852e-01
 8150.0 8250.0     9.8687269e-01    4.5786945e+00     8.7703383e-01
 8250.0 8350.0     9.8781575e-01    4.4687592e+00     8.7667915e-01
 8350.0 8450.0     9.8875970e-01    4.3614634e+00     8.7632446e-01
 8450.0 8550.0     9.8970455e-01    4.2567438e+00     8.7596977e-01
