 1216.0 1216.0     7.4323515e-02    5.3961487e-01     4.7414137e-02
 1300.0 1350.0     6.1090838e-02    3.9315003e-01     4.0465092e-02
 1350.0 1400.0     5.5613019e-02    3.5039551e-01     3.7638182e-02
 1400.0 1450.0     5.0373813e-02    3.2674669e-01     3.5285911e-02
 1450.0 1500.0     4.5572081e-02    3.0802138e-01     3.3047552e-02
 1500.0 1550.0     4.1228061e-02    2.9036918e-01     3.0809194e-02
 1550.0 1600.0     3.7298120e-02    2.7372861e-01     2.8570836e-02
 1600.0 1650.0     3.3939043e-02    2.5859588e-01     2.6533338e-02
 1650.0 1700.0     3.1377847e-02    2.4571630e-01     2.5024423e-02
 1700.0 1750.0     2.9310752e-02    2.3434240e-01     2.3843230e-02
 1754.0 1770.0     2.7854768e-02    2.2620904e-01     2.2969147e-02
 1770.0 1786.0     2.7253907e-02    2.2280419e-01     2.2591165e-02
 1786.0 1802.0     2.6666008e-02    2.1945060e-01     2.2213183e-02
 1802.0 1818.0     2.6090790e-02    2.1614748e-01     2.1835201e-02
 1818.0 1835.0     2.5510785e-02    2.1279400e-01     2.1445407e-02
 1835.0 1852.0     2.4926489e-02    2.0939250e-01     2.1043801e-02
 1852.0 1869.0     2.4355577e-02    2.0604538e-01     2.0642196e-02
 1869.0 1887.0     2.3781722e-02    2.0265648e-01     2.0228778e-02
 1887.0 1905.0     2.3205379e-02    1.9922810e-01     1.9803548e-02
 1905.0 1923.0     2.2643004e-02    1.9585771e-01     1.9378319e-02
 1923.0 1942.0     2.2079396e-02    1.9245391e-01     1.8941277e-02
 1942.0 1961.0     2.1514965e-02    1.8901887e-01     1.8492423e-02
 1961.0 1980.0     2.0991924e-02    1.8594542e-01     1.8104720e-02
 1980.0 2000.0     2.0512365e-02    1.8333417e-01     1.7807120e-02
 2000.0 2020.0     2.0047533e-02    1.8087109e-01     1.7538475e-02
 2020.0 2041.0     1.9582141e-02    1.7838120e-01     1.7263114e-02
 2041.0 2062.0     1.9116467e-02    1.7586569e-01     1.6981036e-02
 2062.0 2083.0     1.8661866e-02    1.7338566e-01     1.6698958e-02
 2083.0 2105.0     1.8207768e-02    1.7088322e-01     1.6410165e-02
 2105.0 2128.0     1.7744377e-02    1.6830306e-01     1.6107939e-02
 2128.0 2151.0     1.7282745e-02    1.6570539e-01     1.5798997e-02
 2151.0 2174.0     1.6833123e-02    1.6314781e-01     1.5490055e-02
 2174.0 2200.0     1.6367432e-02    1.6046819e-01     1.5160964e-02
 2200.0 2222.0     1.5922860e-02    1.5788290e-01     1.4838590e-02
 2222.0 2247.0     1.5500090e-02    1.5539476e-01     1.4522931e-02
 2247.0 2273.0     1.5053777e-02    1.5273830e-01     1.4180409e-02
 2273.0 2299.0     1.4611817e-02    1.5007607e-01     1.3831170e-02
 2299.0 2326.0     1.4174831e-02    1.4741083e-01     1.3475215e-02
 2326.0 2353.0     1.3742916e-02    1.4474353e-01     1.3112544e-02
 2353.0 2381.0     1.3316649e-02    1.4207689e-01     1.2743156e-02
 2381.0 2410.0     1.2953679e-02    1.3872515e-01     1.2420748e-02
 2410.0 2439.0     1.2665798e-02    1.3469786e-01     1.2159004e-02
 2439.0 2469.0     1.2387051e-02    1.3064958e-01     1.1899839e-02
 2469.0 2500.0     1.2105304e-02    1.2659195e-01     1.1631888e-02
 2500.0 2532.0     1.1821044e-02    1.2253353e-01     1.1355151e-02
 2532.0 2564.0     1.1539054e-02    1.1854288e-01     1.1074023e-02
 2564.0 2597.0     1.1259594e-02    1.1462387e-01     1.0788501e-02
 2597.0 2632.0     1.0974530e-02    1.1066359e-01     1.0489802e-02
 2632.0 2667.0     1.0685110e-02    1.0691771e-01     1.0211961e-02
 2667.0 2703.0     1.0395253e-02    1.0348076e-01     9.9665256e-03
 2703.0 2740.0     1.0104724e-02    1.0010131e-01     9.7204828e-03
 2740.0 2778.0     9.8146896e-03    9.6744175e-02     9.4676991e-03
 2778.0 2817.0     9.5255796e-03    9.3414617e-02     9.2081744e-03
 2817.0 2857.0     9.2378090e-03    9.0117635e-02     8.9419089e-03
 2857.0 2899.0     8.9483573e-03    8.6819209e-02     8.6655321e-03
 2899.0 2941.0     8.6611377e-03    8.3564022e-02     8.3824143e-03
 2941.0 2985.0     8.3801473e-03    8.0571194e-02     8.1224383e-03
 2985.0 3030.0     8.1033895e-03    7.7866007e-02     7.8930999e-03
 3030.0 3077.0     7.8280928e-03    7.5236304e-02     7.6663275e-03
 3077.0 3125.0     7.5535797e-03    7.2613535e-02     7.4321604e-03
 3125.0 3175.0     7.2805318e-03    7.0004193e-02     7.1905986e-03
 3175.0 3225.0     7.0119843e-03    6.7437289e-02     6.9441069e-03
 3225.0 3275.0     6.7647840e-03    6.4916399e-02     6.7052728e-03
 3275.0 3325.0     6.5730275e-03    6.2295590e-02     6.4983453e-03
 3325.0 3375.0     6.4221650e-03    5.9634851e-02     6.3156668e-03
 3375.0 3425.0     6.2747650e-03    5.7087756e-02     6.1329883e-03
 3425.0 3450.0     6.1661278e-03    5.5239219e-02     5.9959794e-03
 3450.0 3550.0     6.0013518e-03    5.2342444e-02     5.7721806e-03
 3550.0 3650.0     5.8625526e-03    4.7839643e-02     5.4682410e-03
 3650.0 3750.0     5.8429534e-03    4.3616994e-02     5.2166201e-03
 3750.0 3850.0     5.8234197e-03    3.9767064e-02     4.9649991e-03
 3850.0 3950.0     5.8619669e-03    3.6093987e-02     4.7346771e-03
 3950.0 4050.0     5.9782340e-03    3.2551748e-02     4.5323799e-03
 4050.0 4150.0     6.1219453e-03    2.9293438e-02     4.3394486e-03
 4150.0 4250.0     6.3065846e-03    2.6266808e-02     4.1620461e-03
 4250.0 4350.0     6.5282064e-03    2.3476221e-02     3.9975326e-03
 4350.0 4450.0     6.7422214e-03    2.1012495e-02     3.8377278e-03
 4450.0 4550.0     6.8922172e-03    1.8935028e-02     3.6993262e-03
 4550.0 4650.0     6.9903203e-03    1.7160727e-02     3.5776192e-03
 4650.0 4750.0     7.0898198e-03    1.5552686e-02     3.4559122e-03
 4750.0 4850.0     7.1907356e-03    1.4095326e-02     3.3342051e-03
 4850.0 4950.0     7.2930878e-03    1.2774528e-02     3.2124981e-03
 4950.0 5050.0     7.3968969e-03    1.1577495e-02     3.0907911e-03
 5050.0 5150.0     7.5021836e-03    1.0492629e-02     2.9690840e-03
 5150.0 5250.0     7.6089689e-03    9.5094205e-03     2.8473770e-03
 5250.0 5350.0     7.7172742e-03    8.6183431e-03     2.7256699e-03
 5350.0 5450.0     7.8271211e-03    7.8107638e-03     2.6039629e-03
 5450.0 5550.0     7.9385316e-03    7.0788586e-03     2.4822559e-03
 5550.0 5650.0     8.0574429e-03    6.4187572e-03     2.3649940e-03
 5650.0 5750.0     8.2182662e-03    5.8400499e-03     2.2773661e-03
 5750.0 5850.0     8.4166537e-03    5.3301829e-03     2.2149272e-03
 5850.0 5950.0     8.6198302e-03    4.8648300e-03     2.1524883e-03
 5950.0 6050.0     8.8279114e-03    4.4401048e-03     2.0900493e-03
 6050.0 6150.0     9.0410156e-03    4.0524604e-03     2.0276104e-03
 6150.0 6250.0     9.2592641e-03    3.6986593e-03     1.9651714e-03
 6250.0 6350.0     9.4827811e-03    3.3757470e-03     1.9027325e-03
 6350.0 6450.0     9.7116937e-03    3.0810265e-03     1.8402936e-03
 6450.0 6550.0     9.9461323e-03    2.8120368e-03     1.7778546e-03
 6550.0 6650.0     1.0186230e-02    2.5665312e-03     1.7154157e-03
 6650.0 6750.0     1.0432124e-02    2.3424596e-03     1.6529767e-03
 6750.0 6850.0     1.0683954e-02    2.1379506e-03     1.5905378e-03
 6850.0 6950.0     1.0959133e-02    1.9563539e-03     1.5375357e-03
 6950.0 7050.0     1.1269598e-02    1.7981099e-03     1.4997542e-03
 7050.0 7150.0     1.1599771e-02    1.6555273e-03     1.4677564e-03
 7150.0 7250.0     1.1939618e-02    1.5242509e-03     1.4357587e-03
 7250.0 7350.0     1.2289421e-02    1.4033842e-03     1.4037610e-03
 7350.0 7450.0     1.2649472e-02    1.2921018e-03     1.3717633e-03
 7450.0 7550.0     1.3020072e-02    1.1896435e-03     1.3397656e-03
 7550.0 7650.0     1.3401530e-02    1.0953098e-03     1.3077679e-03
 7650.0 7750.0     1.3794164e-02    1.0084563e-03     1.2757701e-03
 7750.0 7850.0     1.4198301e-02    9.2848996e-04     1.2437724e-03
 7850.0 7950.0     1.4614278e-02    8.5486461e-04     1.2117747e-03
 7950.0 8050.0     1.5042443e-02    7.8707743e-04     1.1797770e-03
 8050.0 8150.0     1.5483151e-02    7.2466550e-04     1.1477793e-03
 8150.0 8250.0     1.5936772e-02    6.6720256e-04     1.1157816e-03
 8250.0 8350.0     1.6403682e-02    6.1429620e-04     1.0837838e-03
 8350.0 8450.0     1.6884272e-02    5.6558509e-04     1.0517861e-03
 8450.0 8550.0     1.7378942e-02    5.2073657e-04     1.0197884e-03
