 1216.0 1216.0     4.0820553e-01    1.3096446e+01     8.7136799e-01
 1300.0 1350.0     4.2428712e-01    1.3469241e+01     8.6082938e-01
 1350.0 1400.0     4.3088082e-01    1.3568621e+01     8.5560449e-01
 1400.0 1450.0     4.3627884e-01    1.3570552e+01     8.4986557e-01
 1450.0 1500.0     4.4143018e-01    1.3548957e+01     8.4400328e-01
 1500.0 1550.0     4.4664235e-01    1.3527397e+01     8.3814098e-01
 1550.0 1600.0     4.5191606e-01    1.3505871e+01     8.3227869e-01
 1600.0 1650.0     4.5699018e-01    1.3478137e+01     8.2617650e-01
 1650.0 1700.0     4.6142841e-01    1.3434072e+01     8.1944298e-01
 1700.0 1750.0     4.6547900e-01    1.3380011e+01     8.1231803e-01
 1754.0 1770.0     4.6849530e-01    1.3340122e+01     8.0704558e-01
 1770.0 1786.0     4.6980743e-01    1.3322920e+01     8.0476560e-01
 1786.0 1802.0     4.7112324e-01    1.3305741e+01     8.0248562e-01
 1802.0 1818.0     4.7244273e-01    1.3288583e+01     8.0020563e-01
 1818.0 1835.0     4.7380738e-01    1.3270913e+01     7.9785440e-01
 1835.0 1852.0     4.7521746e-01    1.3252731e+01     7.9543192e-01
 1852.0 1869.0     4.7663172e-01    1.3234575e+01     7.9300944e-01
 1869.0 1887.0     4.7809205e-01    1.3215911e+01     7.9051571e-01
 1887.0 1905.0     4.7959870e-01    1.3196740e+01     7.8795074e-01
 1905.0 1923.0     4.8111009e-01    1.3177598e+01     7.8538576e-01
 1923.0 1942.0     4.8266850e-01    1.3157952e+01     7.8274953e-01
 1942.0 1961.0     4.8427422e-01    1.3137807e+01     7.8004205e-01
 1961.0 1980.0     4.8585491e-01    1.3116688e+01     7.7747040e-01
 1980.0 2000.0     4.8743276e-01    1.3093405e+01     7.7505387e-01
 2000.0 2020.0     4.8903809e-01    1.3068968e+01     7.7265665e-01
 2020.0 2041.0     4.9068910e-01    1.3043969e+01     7.7019950e-01
 2041.0 2062.0     4.9238610e-01    1.3018408e+01     7.6768241e-01
 2062.0 2083.0     4.9408897e-01    1.2992898e+01     7.6516532e-01
 2083.0 2105.0     4.9583855e-01    1.2966832e+01     7.6258831e-01
 2105.0 2128.0     4.9767615e-01    1.2939611e+01     7.5989143e-01
 2128.0 2151.0     4.9956154e-01    1.2911842e+01     7.5713462e-01
 2151.0 2174.0     5.0145407e-01    1.2884134e+01     7.5437782e-01
 2174.0 2200.0     5.0347817e-01    1.2854685e+01     7.5144122e-01
 2200.0 2222.0     5.0546831e-01    1.2825899e+01     7.4856455e-01
 2222.0 2247.0     5.0742517e-01    1.2797779e+01     7.4574781e-01
 2247.0 2273.0     5.0955697e-01    1.2767334e+01     7.4269135e-01
 2273.0 2299.0     5.1173970e-01    1.2736366e+01     7.3957496e-01
 2299.0 2326.0     5.1397412e-01    1.2704881e+01     7.3639863e-01
 2326.0 2353.0     5.1626064e-01    1.2672880e+01     7.3316238e-01
 2353.0 2381.0     5.1860006e-01    1.2640371e+01     7.2986620e-01
 2381.0 2410.0     5.2278694e-01    1.2567963e+01     7.2607878e-01
 2410.0 2439.0     5.2901309e-01    1.2452276e+01     7.2181720e-01
 2439.0 2469.0     5.3563219e-01    1.2331201e+01     7.1743856e-01
 2469.0 2500.0     5.4256275e-01    1.2207260e+01     7.1291149e-01
 2500.0 2532.0     5.4981470e-01    1.2080562e+01     7.0823600e-01
 2532.0 2564.0     5.5728021e-01    1.1953189e+01     7.0348629e-01
 2564.0 2597.0     5.6496696e-01    1.1825211e+01     6.9866236e-01
 2597.0 2632.0     5.7312285e-01    1.1692804e+01     6.9361579e-01
 2632.0 2667.0     5.8072871e-01    1.1528602e+01     6.8849931e-01
 2667.0 2703.0     5.8742824e-01    1.1328533e+01     6.8340607e-01
 2703.0 2740.0     5.9420132e-01    1.1120320e+01     6.7818606e-01
 2740.0 2778.0     6.0124130e-01    1.0910387e+01     6.7282303e-01
 2778.0 2817.0     6.0855579e-01    1.0698979e+01     6.6731700e-01
 2817.0 2857.0     6.1615277e-01    1.0486336e+01     6.6166794e-01
 2857.0 2899.0     6.2413919e-01    1.0270114e+01     6.5580437e-01
 2899.0 2941.0     6.3242644e-01    1.0053186e+01     6.4979779e-01
 2941.0 2985.0     6.3934446e-01    9.8221037e+00     6.4445638e-01
 2985.0 3030.0     6.4434915e-01    9.5703509e+00     6.4000255e-01
 3030.0 3077.0     6.4898166e-01    9.3123147e+00     6.3567706e-01
 3077.0 3125.0     6.5380001e-01    9.0531254e+00     6.3121052e-01
 3125.0 3175.0     6.5880819e-01    8.7933462e+00     6.2660294e-01
 3175.0 3225.0     6.6395773e-01    8.5358727e+00     6.2190132e-01
 3225.0 3275.0     6.6913019e-01    8.2829741e+00     6.1742997e-01
 3275.0 3325.0     6.7427030e-01    8.0255146e+00     6.1391805e-01
 3325.0 3375.0     6.7939460e-01    7.7669772e+00     6.1113531e-01
 3375.0 3425.0     6.8455784e-01    7.5167684e+00     6.0835256e-01
 3425.0 3450.0     6.8845231e-01    7.3336786e+00     6.0626550e-01
 3450.0 3550.0     6.9510943e-01    7.0477819e+00     6.0290744e-01
 3550.0 3650.0     7.0697856e-01    6.6609847e+00     5.9896694e-01
 3650.0 3750.0     7.2012992e-01    6.3467099e+00     5.9641069e-01
 3750.0 3850.0     7.3352593e-01    6.0472631e+00     5.9385444e-01
 3850.0 3950.0     7.4738386e-01    5.7646811e+00     5.9178034e-01
 3950.0 4050.0     7.6178487e-01    5.4988665e+00     5.9034064e-01
 4050.0 4150.0     7.7635943e-01    5.2443594e+00     5.8910166e-01
 4150.0 4250.0     7.9018373e-01    4.9916159e+00     5.8814771e-01
 4250.0 4350.0     8.0339843e-01    4.7428244e+00     5.8743033e-01
 4350.0 4450.0     8.1591106e-01    4.4971103e+00     5.8675359e-01
 4450.0 4550.0     8.2439348e-01    4.2238510e+00     5.8626158e-01
 4550.0 4650.0     8.2967422e-01    3.9364497e+00     5.8591366e-01
 4650.0 4750.0     8.3498878e-01    3.6686039e+00     5.8556573e-01
 4750.0 4850.0     8.4033738e-01    3.4189830e+00     5.8521781e-01
 4850.0 4950.0     8.4572024e-01    3.1863469e+00     5.8486989e-01
 4950.0 5050.0     8.5113759e-01    2.9695400e+00     5.8452196e-01
 5050.0 5150.0     8.5658963e-01    2.7674851e+00     5.8417404e-01
 5150.0 5250.0     8.6207660e-01    2.5791785e+00     5.8382611e-01
 5250.0 5350.0     8.6759871e-01    2.4036848e+00     5.8347819e-01
 5350.0 5450.0     8.7315620e-01    2.2401321e+00     5.8313027e-01
 5450.0 5550.0     8.7874929e-01    2.0877080e+00     5.8278234e-01
 5550.0 5650.0     8.8420703e-01    1.9472464e+00     5.8245686e-01
 5650.0 5750.0     8.8855299e-01    1.8262932e+00     5.8228102e-01
 5750.0 5850.0     8.9194682e-01    1.7213578e+00     5.8223238e-01
 5850.0 5950.0     8.9535362e-01    1.6224519e+00     5.8218374e-01
 5950.0 6050.0     8.9877343e-01    1.5292288e+00     5.8213509e-01
 6050.0 6150.0     9.0220630e-01    1.4413622e+00     5.8208645e-01
 6150.0 6250.0     9.0565228e-01    1.3585443e+00     5.8203780e-01
 6250.0 6350.0     9.0911143e-01    1.2804849e+00     5.8198916e-01
 6350.0 6450.0     9.1258379e-01    1.2069107e+00     5.8194051e-01
 6450.0 6550.0     9.1606941e-01    1.1375639e+00     5.8189187e-01
 6550.0 6650.0     9.1956834e-01    1.0722016e+00     5.8184322e-01
 6650.0 6750.0     9.2308064e-01    1.0105949e+00     5.8179458e-01
 6750.0 6850.0     9.2660635e-01    9.5252804e-01     5.8174593e-01
 6850.0 6950.0     9.2966259e-01    9.0162086e-01     5.8165203e-01
 6950.0 7050.0     9.3194964e-01    8.5951771e-01     5.8148514e-01
 7050.0 7150.0     9.3394584e-01    8.2163031e-01     5.8129051e-01
 7150.0 7250.0     9.3594632e-01    7.8541298e-01     5.8109588e-01
 7250.0 7350.0     9.3795108e-01    7.5079211e-01     5.8090126e-01
 7350.0 7450.0     9.3996013e-01    7.1769731e-01     5.8070663e-01
 7450.0 7550.0     9.4197349e-01    6.8606133e-01     5.8051200e-01
 7550.0 7650.0     9.4399116e-01    6.5581986e-01     5.8031737e-01
 7650.0 7750.0     9.4601316e-01    6.2691143e-01     5.8012274e-01
 7750.0 7850.0     9.4803948e-01    5.9927728e-01     5.7992811e-01
 7850.0 7950.0     9.5007014e-01    5.7286123e-01     5.7973348e-01
 7950.0 8050.0     9.5210516e-01    5.4760960e-01     5.7953885e-01
 8050.0 8150.0     9.5414453e-01    5.2347106e-01     5.7934423e-01
 8150.0 8250.0     9.5618827e-01    5.0039654e-01     5.7914960e-01
 8250.0 8350.0     9.5823639e-01    4.7833915e-01     5.7895497e-01
 8350.0 8450.0     9.6028890e-01    4.5725403e-01     5.7876034e-01
 8450.0 8550.0     9.6234580e-01    4.3709835e-01     5.7856571e-01
