 1216.0 1216.0     4.1838679e-01    5.3303193e+00     8.2190917e-01
 1300.0 1350.0     4.3888980e-01    5.5290550e+00     8.0641811e-01
 1350.0 1400.0     4.4719421e-01    5.5883859e+00     7.9880605e-01
 1400.0 1450.0     4.5378465e-01    5.6035922e+00     7.9052813e-01
 1450.0 1500.0     4.6001857e-01    5.6080955e+00     7.8209040e-01
 1500.0 1550.0     4.6633814e-01    5.6126024e+00     7.7365266e-01
 1550.0 1600.0     4.7274452e-01    5.6171129e+00     7.6521493e-01
 1600.0 1650.0     4.7883460e-01    5.6178056e+00     7.5645904e-01
 1650.0 1700.0     4.8393304e-01    5.6084589e+00     7.4686588e-01
 1700.0 1750.0     4.8842053e-01    5.5929142e+00     7.3675363e-01
 1754.0 1770.0     4.9176335e-01    5.5814340e+00     7.2927055e-01
 1770.0 1786.0     4.9321800e-01    5.5764790e+00     7.2603463e-01
 1786.0 1802.0     4.9467696e-01    5.5715284e+00     7.2279871e-01
 1802.0 1818.0     4.9614024e-01    5.5665822e+00     7.1956279e-01
 1818.0 1835.0     4.9765385e-01    5.5614861e+00     7.1622574e-01
 1835.0 1852.0     4.9921808e-01    5.5562403e+00     7.1278757e-01
 1852.0 1869.0     5.0078723e-01    5.5509996e+00     7.0934941e-01
 1869.0 1887.0     5.0240775e-01    5.5456099e+00     7.0581012e-01
 1887.0 1905.0     5.0407997e-01    5.5400716e+00     7.0216970e-01
 1905.0 1923.0     5.0575776e-01    5.5345388e+00     6.9852929e-01
 1923.0 1942.0     5.0748805e-01    5.5288582e+00     6.9478775e-01
 1942.0 1961.0     5.0927119e-01    5.5230300e+00     6.9094510e-01
 1961.0 1980.0     5.1098263e-01    5.5163534e+00     6.8722618e-01
 1980.0 2000.0     5.1261715e-01    5.5081087e+00     6.8361237e-01
 2000.0 2020.0     5.1425215e-01    5.4991549e+00     6.7997994e-01
 2020.0 2041.0     5.1593352e-01    5.4899926e+00     6.7625669e-01
 2041.0 2062.0     5.1766152e-01    5.4806224e+00     6.7244263e-01
 2062.0 2083.0     5.1939531e-01    5.4712682e+00     6.6862858e-01
 2083.0 2105.0     5.2117647e-01    5.4617080e+00     6.6472371e-01
 2105.0 2128.0     5.2304701e-01    5.4517211e+00     6.6063722e-01
 2128.0 2151.0     5.2496599e-01    5.4415308e+00     6.5645992e-01
 2151.0 2174.0     5.2689200e-01    5.4313597e+00     6.5228261e-01
 2174.0 2200.0     5.2895165e-01    5.4205467e+00     6.4783288e-01
 2200.0 2222.0     5.3097650e-01    5.4099738e+00     6.4347396e-01
 2222.0 2247.0     5.3296723e-01    5.3996427e+00     6.3920585e-01
 2247.0 2273.0     5.3513566e-01    5.3884541e+00     6.3457449e-01
 2273.0 2299.0     5.3735560e-01    5.3770698e+00     6.2985232e-01
 2299.0 2326.0     5.3962780e-01    5.3654916e+00     6.2503935e-01
 2326.0 2353.0     5.4195266e-01    5.3537202e+00     6.2013556e-01
 2353.0 2381.0     5.4433097e-01    5.3417577e+00     6.1514096e-01
 2381.0 2410.0     5.4839473e-01    5.3120982e+00     6.0937819e-01
 2410.0 2439.0     5.5431102e-01    5.2631838e+00     6.0287038e-01
 2439.0 2469.0     5.6058445e-01    5.2118893e+00     5.9618152e-01
 2469.0 2500.0     5.6714520e-01    5.1593815e+00     5.8926592e-01
 2500.0 2532.0     5.7400167e-01    5.1057075e+00     5.8212357e-01
 2532.0 2564.0     5.8105117e-01    5.0517487e+00     5.7486786e-01
 2564.0 2597.0     5.8830013e-01    4.9975350e+00     5.6749878e-01
 2597.0 2632.0     5.9598122e-01    4.9414463e+00     5.5978958e-01
 2632.0 2667.0     6.0267449e-01    4.8646749e+00     5.5198604e-01
 2667.0 2703.0     6.0792535e-01    4.7640782e+00     5.4423348e-01
 2703.0 2740.0     6.1308988e-01    4.6587401e+00     5.3629070e-01
 2740.0 2778.0     6.1844160e-01    4.5529412e+00     5.2813031e-01
 2778.0 2817.0     6.2398464e-01    4.4468201e+00     5.1975231e-01
 2817.0 2857.0     6.2972329e-01    4.3405129e+00     5.1115670e-01
 2857.0 2899.0     6.3573604e-01    4.2328721e+00     5.0223467e-01
 2899.0 2941.0     6.4195426e-01    4.1253407e+00     4.9309503e-01
 2941.0 2985.0     6.4651259e-01    4.0070477e+00     4.8484112e-01
 2985.0 3030.0     6.4878146e-01    3.8736533e+00     4.7776534e-01
 3030.0 3077.0     6.5049042e-01    3.7367890e+00     4.7083122e-01
 3077.0 3125.0     6.5225981e-01    3.6005085e+00     4.6367098e-01
 3125.0 3175.0     6.5409014e-01    3.4651563e+00     4.5628464e-01
 3175.0 3225.0     6.5596306e-01    3.3322346e+00     4.4874755e-01
 3225.0 3275.0     6.5783816e-01    3.2027007e+00     4.4150905e-01
 3275.0 3325.0     6.5970530e-01    3.0712996e+00     4.3551465e-01
 3325.0 3375.0     6.6156761e-01    2.9401057e+00     4.3046577e-01
 3375.0 3425.0     6.6343518e-01    2.8145158e+00     4.2541689e-01
 3425.0 3450.0     6.6483882e-01    2.7233702e+00     4.2163023e-01
 3450.0 3550.0     6.6738250e-01    2.5829220e+00     4.1547331e-01
 3550.0 3650.0     6.7380304e-01    2.3905785e+00     4.0745699e-01
 3650.0 3750.0     6.8255025e-01    2.2327345e+00     4.0121375e-01
 3750.0 3850.0     6.9141102e-01    2.0853125e+00     3.9497052e-01
 3850.0 3950.0     7.0128350e-01    1.9476019e+00     3.8936635e-01
 3950.0 4050.0     7.1248284e-01    1.8189561e+00     3.8460307e-01
 4050.0 4150.0     7.2409653e-01    1.6981399e+00     3.8011243e-01
 4150.0 4250.0     7.3558568e-01    1.5816822e+00     3.7603842e-01
 4250.0 4350.0     7.4699603e-01    1.4702115e+00     3.7231022e-01
 4350.0 4450.0     7.5775446e-01    1.3644914e+00     3.6866875e-01
 4450.0 4550.0     7.6487644e-01    1.2574052e+00     3.6542153e-01
 4550.0 4650.0     7.6911343e-01    1.1518943e+00     3.6248183e-01
 4650.0 4750.0     7.7337390e-01    1.0552370e+00     3.5954213e-01
 4750.0 4850.0     7.7765796e-01    9.6669043e-01     3.5660243e-01
 4850.0 4950.0     7.8196575e-01    8.8557390e-01     3.5366273e-01
 4950.0 5050.0     7.8629741e-01    8.1126399e-01     3.5072303e-01
 5050.0 5150.0     7.9065307e-01    7.4318955e-01     3.4778333e-01
 5150.0 5250.0     7.9503285e-01    6.8082733e-01     3.4484362e-01
 5250.0 5350.0     7.9943689e-01    6.2369803e-01     3.4190392e-01
 5350.0 5450.0     8.0386533e-01    5.7136254e-01     3.3896422e-01
 5450.0 5550.0     8.0831830e-01    5.2341861e-01     3.3602452e-01
 5550.0 5650.0     8.1276604e-01    4.8008178e-01     3.3314584e-01
 5650.0 5750.0     8.1703809e-01    4.4398333e-01     3.3067397e-01
 5750.0 5850.0     8.2116236e-01    4.1368604e-01     3.2854789e-01
 5850.0 5950.0     8.2530745e-01    3.8545623e-01     3.2642180e-01
 5950.0 6050.0     8.2947345e-01    3.5915281e-01     3.2429572e-01
 6050.0 6150.0     8.3366049e-01    3.3464433e-01     3.2216964e-01
 6150.0 6250.0     8.3786867e-01    3.1180830e-01     3.2004355e-01
 6250.0 6350.0     8.4209808e-01    2.9053059e-01     3.1791747e-01
 6350.0 6450.0     8.4634885e-01    2.7070487e-01     3.1579139e-01
 6450.0 6550.0     8.5062107e-01    2.5223205e-01     3.1366530e-01
 6550.0 6650.0     8.5491486e-01    2.3501981e-01     3.1153922e-01
 6650.0 6750.0     8.5923032e-01    2.1898213e-01     3.0941314e-01
 6750.0 6850.0     8.6356757e-01    2.0403885e-01     3.0728706e-01
 6850.0 6950.0     8.6754372e-01    1.9108067e-01     3.0523651e-01
 6950.0 7050.0     8.7091981e-01    1.8047754e-01     3.0330779e-01
 7050.0 7150.0     8.7407356e-01    1.7102636e-01     3.0142538e-01
 7150.0 7250.0     8.7723874e-01    1.6207011e-01     2.9954296e-01
 7250.0 7350.0     8.8041537e-01    1.5358288e-01     2.9766054e-01
 7350.0 7450.0     8.8360351e-01    1.4554011e-01     2.9577812e-01
 7450.0 7550.0     8.8680319e-01    1.3791852e-01     2.9389570e-01
 7550.0 7650.0     8.9001446e-01    1.3069605e-01     2.9201328e-01
 7650.0 7750.0     8.9323736e-01    1.2385181e-01     2.9013086e-01
 7750.0 7850.0     8.9647193e-01    1.1736598e-01     2.8824845e-01
 7850.0 7950.0     8.9971821e-01    1.1121981e-01     2.8636603e-01
 7950.0 8050.0     9.0297625e-01    1.0539549e-01     2.8448361e-01
 8050.0 8150.0     9.0624608e-01    9.9876175e-02     2.8260119e-01
 8150.0 8250.0     9.0952776e-01    9.4645896e-02     2.8071877e-01
 8250.0 8350.0     9.1282132e-01    8.9689514e-02     2.7883635e-01
 8350.0 8450.0     9.1612680e-01    8.4992687e-02     2.7695394e-01
 8450.0 8550.0     9.1944426e-01    8.0541821e-02     2.7507152e-01
