 1216.0 1216.0     3.9664294e-01    1.6955960e+01     8.9665349e-01
 1300.0 1350.0     4.1004721e-01    1.7348524e+01     8.8907390e-01
 1350.0 1400.0     4.1558471e-01    1.7440547e+01     8.8520693e-01
 1400.0 1450.0     4.2020094e-01    1.7414027e+01     8.8082669e-01
 1450.0 1500.0     4.2462752e-01    1.7359058e+01     8.7632326e-01
 1500.0 1550.0     4.2910073e-01    1.7304263e+01     8.7181983e-01
 1550.0 1600.0     4.3362106e-01    1.7249642e+01     8.6731640e-01
 1600.0 1650.0     4.3801235e-01    1.7189355e+01     8.6262813e-01
 1650.0 1700.0     4.4198082e-01    1.7113964e+01     8.5745344e-01
 1700.0 1750.0     4.4569470e-01    1.7029430e+01     8.5197716e-01
 1754.0 1770.0     4.4845953e-01    1.6967097e+01     8.4792471e-01
 1770.0 1786.0     4.4966197e-01    1.6940233e+01     8.4617230e-01
 1786.0 1802.0     4.5086763e-01    1.6913412e+01     8.4441989e-01
 1802.0 1818.0     4.5207652e-01    1.6886633e+01     8.4266748e-01
 1818.0 1835.0     4.5332664e-01    1.6859063e+01     8.4086031e-01
 1835.0 1852.0     4.5461820e-01    1.6830703e+01     8.3899837e-01
 1852.0 1869.0     4.5591344e-01    1.6802391e+01     8.3713644e-01
 1869.0 1887.0     4.5725069e-01    1.6773297e+01     8.3521974e-01
 1887.0 1905.0     4.5863017e-01    1.6743423e+01     8.3324828e-01
 1905.0 1923.0     4.6001382e-01    1.6713602e+01     8.3127682e-01
 1923.0 1942.0     4.6144032e-01    1.6683010e+01     8.2925060e-01
 1942.0 1961.0     4.6290991e-01    1.6651648e+01     8.2716961e-01
 1961.0 1980.0     4.6436853e-01    1.6619232e+01     8.2520605e-01
 1980.0 2000.0     4.6584466e-01    1.6584207e+01     8.2338345e-01
 2000.0 2020.0     4.6735406e-01    1.6547696e+01     8.2158438e-01
 2020.0 2041.0     4.6890633e-01    1.6510357e+01     8.1974032e-01
 2041.0 2062.0     4.7050175e-01    1.6472193e+01     8.1785129e-01
 2062.0 2083.0     4.7210259e-01    1.6434117e+01     8.1596226e-01
 2083.0 2105.0     4.7374726e-01    1.6395227e+01     8.1402825e-01
 2105.0 2128.0     4.7547456e-01    1.6354627e+01     8.1200429e-01
 2128.0 2151.0     4.7724668e-01    1.6313227e+01     8.0993535e-01
 2151.0 2174.0     4.7902540e-01    1.6271932e+01     8.0786641e-01
 2174.0 2200.0     4.8092766e-01    1.6228063e+01     8.0566254e-01
 2200.0 2222.0     4.8279788e-01    1.6185195e+01     8.0350365e-01
 2222.0 2247.0     4.8463671e-01    1.6143338e+01     8.0138973e-01
 2247.0 2273.0     4.8663980e-01    1.6098039e+01     7.9909591e-01
 2273.0 2299.0     4.8869061e-01    1.6051981e+01     7.9675711e-01
 2299.0 2326.0     4.9078983e-01    1.6005174e+01     7.9437333e-01
 2326.0 2353.0     4.9293785e-01    1.5957623e+01     7.9194458e-01
 2353.0 2381.0     4.9513541e-01    1.5909339e+01     7.8947085e-01
 2381.0 2410.0     4.9922346e-01    1.5808362e+01     7.8663073e-01
 2410.0 2439.0     5.0540370e-01    1.5650416e+01     7.8343730e-01
 2439.0 2469.0     5.1198454e-01    1.5485467e+01     7.8015637e-01
 2469.0 2500.0     5.1887858e-01    1.5316754e+01     7.7676422e-01
 2500.0 2532.0     5.2609611e-01    1.5144438e+01     7.7326085e-01
 2532.0 2564.0     5.3353018e-01    1.4971357e+01     7.6970187e-01
 2564.0 2597.0     5.4118879e-01    1.4797611e+01     7.6608728e-01
 2597.0 2632.0     5.4931947e-01    1.4618020e+01     7.6230587e-01
 2632.0 2667.0     5.5713729e-01    1.4408105e+01     7.5846700e-01
 2667.0 2703.0     5.6434851e-01    1.4164984e+01     7.5463925e-01
 2703.0 2740.0     5.7171428e-01    1.3913602e+01     7.5071511e-01
 2740.0 2778.0     5.7938200e-01    1.3659978e+01     7.4668346e-01
 2778.0 2817.0     5.8736119e-01    1.3404400e+01     7.4254430e-01
 2817.0 2857.0     5.9566185e-01    1.3147152e+01     7.3829762e-01
 2857.0 2899.0     6.0440261e-01    1.2885388e+01     7.3388969e-01
 2899.0 2941.0     6.1348793e-01    1.2622578e+01     7.2937424e-01
 2941.0 2985.0     6.2138229e-01    1.2352570e+01     7.2537766e-01
 2985.0 3030.0     6.2759758e-01    1.2070535e+01     7.2207397e-01
 3030.0 3077.0     6.3354999e-01    1.1783594e+01     7.1887475e-01
 3077.0 3125.0     6.3975543e-01    1.1494415e+01     7.1557121e-01
 3125.0 3175.0     6.4622087e-01    1.1203576e+01     7.1216335e-01
 3175.0 3225.0     6.5288493e-01    1.0914311e+01     7.0868593e-01
 3225.0 3275.0     6.5959905e-01    1.0630381e+01     7.0539358e-01
 3275.0 3325.0     6.6630391e-01    1.0345128e+01     7.0287230e-01
 3325.0 3375.0     6.7301725e-01    1.0060958e+01     7.0093702e-01
 3375.0 3425.0     6.7979824e-01    9.7845933e+00     6.9900175e-01
 3425.0 3450.0     6.8492233e-01    9.5816166e+00     6.9755030e-01
 3450.0 3550.0     6.9363277e-01    9.2630541e+00     6.9522365e-01
 3550.0 3650.0     7.0824151e-01    8.8378317e+00     6.9260097e-01
 3650.0 3750.0     7.2363684e-01    8.4977460e+00     6.9104128e-01
 3750.0 3850.0     7.3936683e-01    8.1707469e+00     6.8948160e-01
 3850.0 3950.0     7.5534329e-01    7.8638069e+00     6.8830166e-01
 3950.0 4050.0     7.7153874e-01    7.5781577e+00     6.8762139e-01
 4050.0 4150.0     7.8781975e-01    7.3034051e+00     6.8709265e-01
 4150.0 4250.0     8.0306456e-01    7.0286025e+00     6.8674992e-01
 4250.0 4350.0     8.1745712e-01    6.7558947e+00     6.8656157e-01
 4350.0 4450.0     8.3111509e-01    6.4803975e+00     6.8638722e-01
 4450.0 4550.0     8.4045552e-01    6.1578505e+00     6.8627649e-01
 4550.0 4650.0     8.4636151e-01    5.8067419e+00     6.8621538e-01
 4650.0 4750.0     8.5230900e-01    5.4756527e+00     6.8615428e-01
 4750.0 4850.0     8.5829829e-01    5.1634416e+00     6.8609317e-01
 4850.0 4950.0     8.6432966e-01    4.8690322e+00     6.8603206e-01
 4950.0 5050.0     8.7040341e-01    4.5914095e+00     6.8597096e-01
 5050.0 5150.0     8.7651985e-01    4.3296162e+00     6.8590985e-01
 5150.0 5250.0     8.8267927e-01    4.0827499e+00     6.8584875e-01
 5250.0 5350.0     8.8888197e-01    3.8499595e+00     6.8578764e-01
 5350.0 5450.0     8.9512826e-01    3.6304422e+00     6.8572653e-01
 5450.0 5550.0     9.0141844e-01    3.4234415e+00     6.8566543e-01
 5550.0 5650.0     9.0750396e-01    3.2298127e+00     6.8560927e-01
 5650.0 5750.0     9.1196504e-01    3.0571269e+00     6.8558607e-01
 5750.0 5850.0     9.1503349e-01    2.9021187e+00     6.8559089e-01
 5850.0 5950.0     9.1811228e-01    2.7549699e+00     6.8559572e-01
 5950.0 6050.0     9.2120142e-01    2.6152822e+00     6.8560054e-01
 6050.0 6150.0     9.2430095e-01    2.4826773e+00     6.8560537e-01
 6150.0 6250.0     9.2741092e-01    2.3567959e+00     6.8561019e-01
 6250.0 6350.0     9.3053134e-01    2.2372971e+00     6.8561501e-01
 6350.0 6450.0     9.3366227e-01    2.1238575e+00     6.8561984e-01
 6450.0 6550.0     9.3680373e-01    2.0161696e+00     6.8562466e-01
 6550.0 6650.0     9.3995576e-01    1.9139420e+00     6.8562948e-01
 6650.0 6750.0     9.4311840e-01    1.8168977e+00     6.8563431e-01
 6750.0 6850.0     9.4629168e-01    1.7247739e+00     6.8563913e-01
 6850.0 6950.0     9.4896472e-01    1.6428494e+00     6.8557127e-01
 6950.0 7050.0     9.5082109e-01    1.5736200e+00     6.8538617e-01
 7050.0 7150.0     9.5236761e-01    1.5105715e+00     6.8515652e-01
 7150.0 7250.0     9.5391665e-01    1.4500491e+00     6.8492687e-01
 7250.0 7350.0     9.5546821e-01    1.3919516e+00     6.8469723e-01
 7350.0 7450.0     9.5702230e-01    1.3361818e+00     6.8446758e-01
 7450.0 7550.0     9.5857891e-01    1.2826465e+00     6.8423793e-01
 7550.0 7650.0     9.6013805e-01    1.2312561e+00     6.8400828e-01
 7650.0 7750.0     9.6169973e-01    1.1819247e+00     6.8377864e-01
 7750.0 7850.0     9.6326394e-01    1.1345699e+00     6.8354899e-01
 7850.0 7950.0     9.6483071e-01    1.0891123e+00     6.8331934e-01
 7950.0 8050.0     9.6640002e-01    1.0454761e+00     6.8308969e-01
 8050.0 8150.0     9.6797188e-01    1.0035881e+00     6.8286004e-01
 8150.0 8250.0     9.6954630e-01    9.6337847e-01     6.8263040e-01
 8250.0 8350.0     9.7112328e-01    9.2477985e-01     6.8240075e-01
 8350.0 8450.0     9.7270283e-01    8.8772772e-01     6.8217110e-01
 8450.0 8550.0     9.7428494e-01    8.5216012e-01     6.8194145e-01
