 1216.0 1216.0     4.0657827e-01    1.4105363e+01     8.7735989e-01
 1300.0 1350.0     4.2204915e-01    1.4490100e+01     8.6756458e-01
 1350.0 1400.0     4.2839278e-01    1.4590049e+01     8.6267579e-01
 1400.0 1450.0     4.3359205e-01    1.4586131e+01     8.5726656e-01
 1450.0 1500.0     4.3855436e-01    1.4557169e+01     8.5173242e-01
 1500.0 1550.0     4.4357346e-01    1.4528265e+01     8.4619829e-01
 1550.0 1600.0     4.4864999e-01    1.4499418e+01     8.4066416e-01
 1600.0 1650.0     4.5354447e-01    1.4464371e+01     8.3490351e-01
 1650.0 1700.0     4.5785696e-01    1.4412987e+01     8.2854678e-01
 1700.0 1750.0     4.6181544e-01    1.4351625e+01     8.2182047e-01
 1754.0 1770.0     4.6476286e-01    1.4306356e+01     8.1684300e-01
 1770.0 1786.0     4.6604492e-01    1.4286837e+01     8.1469058e-01
 1786.0 1802.0     4.6733051e-01    1.4267345e+01     8.1253817e-01
 1802.0 1818.0     4.6861965e-01    1.4247880e+01     8.1038575e-01
 1818.0 1835.0     4.6995285e-01    1.4227834e+01     8.0816607e-01
 1835.0 1852.0     4.7133037e-01    1.4207210e+01     8.0587912e-01
 1852.0 1869.0     4.7271192e-01    1.4186616e+01     8.0359218e-01
 1869.0 1887.0     4.7413840e-01    1.4165447e+01     8.0123797e-01
 1887.0 1905.0     4.7561006e-01    1.4143707e+01     7.9881650e-01
 1905.0 1923.0     4.7708629e-01    1.4122000e+01     7.9639503e-01
 1923.0 1942.0     4.7860837e-01    1.4099725e+01     7.9390630e-01
 1942.0 1961.0     4.8017657e-01    1.4076884e+01     7.9135030e-01
 1961.0 1980.0     4.8172282e-01    1.4053019e+01     7.8892634e-01
 1980.0 2000.0     4.8327051e-01    1.4026831e+01     7.8665517e-01
 2000.0 2020.0     4.8484672e-01    1.3999389e+01     7.8440475e-01
 2020.0 2041.0     4.8646774e-01    1.3971316e+01     7.8209808e-01
 2041.0 2062.0     4.8813385e-01    1.3942617e+01     7.7973515e-01
 2062.0 2083.0     4.8980566e-01    1.3913977e+01     7.7737221e-01
 2083.0 2105.0     4.9152329e-01    1.3884716e+01     7.7495302e-01
 2105.0 2128.0     4.9332725e-01    1.3854160e+01     7.7242130e-01
 2128.0 2151.0     4.9517807e-01    1.3822994e+01     7.6983333e-01
 2151.0 2174.0     4.9703583e-01    1.3791899e+01     7.6724535e-01
 2174.0 2200.0     4.9902266e-01    1.3758854e+01     7.6448860e-01
 2200.0 2222.0     5.0097608e-01    1.3726555e+01     7.6178810e-01
 2222.0 2247.0     5.0289677e-01    1.3695008e+01     7.5914386e-01
 2247.0 2273.0     5.0498908e-01    1.3660857e+01     7.5627459e-01
 2273.0 2299.0     5.0713129e-01    1.3626122e+01     7.5334905e-01
 2299.0 2326.0     5.0932414e-01    1.3590812e+01     7.5036725e-01
 2326.0 2353.0     5.1156802e-01    1.3554928e+01     7.4732919e-01
 2353.0 2381.0     5.1386371e-01    1.3518478e+01     7.4423488e-01
 2381.0 2410.0     5.1801497e-01    1.3438826e+01     7.4067971e-01
 2410.0 2439.0     5.2421574e-01    1.3312356e+01     7.3667977e-01
 2439.0 2469.0     5.3081032e-01    1.3180074e+01     7.3256998e-01
 2469.0 2500.0     5.3771568e-01    1.3044690e+01     7.2832088e-01
 2500.0 2532.0     5.4494176e-01    1.2906327e+01     7.2393246e-01
 2532.0 2564.0     5.5238119e-01    1.2767259e+01     7.1947439e-01
 2564.0 2597.0     5.6004163e-01    1.2627563e+01     7.1494666e-01
 2597.0 2632.0     5.6817022e-01    1.2483068e+01     7.1020995e-01
 2632.0 2667.0     5.7580643e-01    1.2306569e+01     7.0540575e-01
 2667.0 2703.0     5.8260978e-01    1.2094180e+01     7.0062103e-01
 2703.0 2740.0     5.8950525e-01    1.1873495e+01     6.9571681e-01
 2740.0 2778.0     5.9667464e-01    1.1650957e+01     6.9067823e-01
 2778.0 2817.0     6.0412594e-01    1.1426822e+01     6.8550529e-01
 2817.0 2857.0     6.1186750e-01    1.1201347e+01     6.8019798e-01
 2857.0 2899.0     6.2000865e-01    1.0972042e+01     6.7468913e-01
 2899.0 2941.0     6.2845932e-01    1.0741954e+01     6.6904592e-01
 2941.0 2985.0     6.3558661e-01    1.0498921e+01     6.6403311e-01
 2985.0 3030.0     6.4086146e-01    1.0236661e+01     6.5986161e-01
 3030.0 3077.0     6.4579047e-01    9.9682879e+00     6.5581301e-01
 3077.0 3125.0     6.5091978e-01    9.6985068e+00     6.5163239e-01
 3125.0 3175.0     6.5625398e-01    9.4278936e+00     6.4731975e-01
 3175.0 3225.0     6.6174165e-01    9.1594632e+00     6.4291910e-01
 3225.0 3275.0     6.6725934e-01    8.8958327e+00     6.3873648e-01
 3275.0 3325.0     6.7275649e-01    8.6282195e+00     6.3546233e-01
 3325.0 3375.0     6.7824826e-01    8.3599373e+00     6.3287860e-01
 3375.0 3425.0     6.8378485e-01    8.0999968e+00     6.3029488e-01
 3425.0 3450.0     6.8796268e-01    7.9096197e+00     6.2835709e-01
 3450.0 3550.0     6.9509203e-01    7.6119695e+00     6.2524371e-01
 3550.0 3650.0     7.0759552e-01    7.2103357e+00     6.2164596e-01
 3650.0 3750.0     7.2127120e-01    6.8849605e+00     6.1938534e-01
 3750.0 3850.0     7.3521120e-01    6.5742683e+00     6.1712473e-01
 3850.0 3950.0     7.4956618e-01    6.2813144e+00     6.1531235e-01
 3950.0 4050.0     7.6439392e-01    6.0062583e+00     6.1408975e-01
 4050.0 4150.0     7.7937550e-01    5.7425355e+00     6.1305373e-01
 4150.0 4250.0     7.9353818e-01    5.4800119e+00     6.1228262e-01
 4250.0 4350.0     8.0703309e-01    5.2209571e+00     6.1173139e-01
 4350.0 4450.0     8.1981868e-01    4.9637987e+00     6.1121389e-01
 4450.0 4550.0     8.2850907e-01    4.6745040e+00     6.1084973e-01
 4550.0 4650.0     8.3394513e-01    4.3678475e+00     6.1060518e-01
 4650.0 4750.0     8.3941686e-01    4.0813083e+00     6.1036063e-01
 4750.0 4850.0     8.4492449e-01    3.8135667e+00     6.1011608e-01
 4850.0 4950.0     8.5046826e-01    3.5633894e+00     6.0987152e-01
 4950.0 5050.0     8.5604840e-01    3.3296242e+00     6.0962697e-01
 5050.0 5150.0     8.6166516e-01    3.1111945e+00     6.0938242e-01
 5150.0 5250.0     8.6731876e-01    2.9070941e+00     6.0913787e-01
 5250.0 5350.0     8.7300947e-01    2.7163832e+00     6.0889332e-01
 5350.0 5450.0     8.7873751e-01    2.5381832e+00     6.0864877e-01
 5450.0 5550.0     8.8450313e-01    2.3716735e+00     6.0840421e-01
 5550.0 5650.0     8.9011676e-01    2.2177403e+00     6.0817761e-01
 5650.0 5750.0     8.9449548e-01    2.0842643e+00     6.0807062e-01
 5750.0 5850.0     8.9781629e-01    1.9676708e+00     6.0806531e-01
 5850.0 5950.0     9.0114944e-01    1.8575996e+00     6.0806000e-01
 5950.0 6050.0     9.0449496e-01    1.7536857e+00     6.0805469e-01
 6050.0 6150.0     9.0785290e-01    1.6555848e+00     6.0804938e-01
 6150.0 6250.0     9.1122331e-01    1.5629716e+00     6.0804407e-01
 6250.0 6350.0     9.1460623e-01    1.4755392e+00     6.0803877e-01
 6350.0 6450.0     9.1800171e-01    1.3929977e+00     6.0803346e-01
 6450.0 6550.0     9.2140980e-01    1.3150736e+00     6.0802815e-01
 6550.0 6650.0     9.2483053e-01    1.2415086e+00     6.0802284e-01
 6650.0 6750.0     9.2826397e-01    1.1720588e+00     6.0801753e-01
 6750.0 6850.0     9.3171016e-01    1.1064940e+00     6.0801222e-01
 6850.0 6950.0     9.3467683e-01    1.0488537e+00     6.0795342e-01
 6950.0 7050.0     9.3685861e-01    1.0009909e+00     6.0780833e-01
 7050.0 7150.0     9.3874331e-01    9.5781906e-01     6.0763046e-01
 7150.0 7250.0     9.4063180e-01    9.1650916e-01     6.0745259e-01
 7250.0 7350.0     9.4252409e-01    8.7698093e-01     6.0727471e-01
 7350.0 7450.0     9.4442019e-01    8.3915751e-01     6.0709684e-01
 7450.0 7550.0     9.4632010e-01    8.0296539e-01     6.0691897e-01
 7550.0 7650.0     9.4822383e-01    7.6833420e-01     6.0674110e-01
 7650.0 7750.0     9.5013139e-01    7.3519662e-01     6.0656322e-01
 7750.0 7850.0     9.5204279e-01    7.0348823e-01     6.0638535e-01
 7850.0 7950.0     9.5395804e-01    6.7314741e-01     6.0620748e-01
 7950.0 8050.0     9.5587714e-01    6.4411515e-01     6.0602960e-01
 8050.0 8150.0     9.5780009e-01    6.1633503e-01     6.0585173e-01
 8150.0 8250.0     9.5972692e-01    5.8975304e-01     6.0567386e-01
 8250.0 8350.0     9.6165762e-01    5.6431751e-01     6.0549599e-01
 8350.0 8450.0     9.6359221e-01    5.3997899e-01     6.0531811e-01
 8450.0 8550.0     9.6553069e-01    5.1669017e-01     6.0514024e-01
