 1216.0 1216.0     3.1583520e-01    2.5828217e+01     9.5010727e-01
 1300.0 1350.0     3.2250472e-01    2.6089370e+01     9.4746188e-01
 1350.0 1400.0     3.2559502e-01    2.6102212e+01     9.4598946e-01
 1400.0 1450.0     3.2869602e-01    2.5973965e+01     9.4417633e-01
 1450.0 1500.0     3.3182198e-01    2.5812655e+01     9.4228143e-01
 1500.0 1550.0     3.3497767e-01    2.5652347e+01     9.4038654e-01
 1550.0 1600.0     3.3816338e-01    2.5493035e+01     9.3849164e-01
 1600.0 1650.0     3.4133927e-01    2.5330891e+01     9.3651599e-01
 1650.0 1700.0     3.4443884e-01    2.5159768e+01     9.3432780e-01
 1700.0 1750.0     3.4750054e-01    2.4983611e+01     9.3200784e-01
 1754.0 1770.0     3.4978064e-01    2.4853912e+01     9.3029107e-01
 1770.0 1786.0     3.5077259e-01    2.4798094e+01     9.2954869e-01
 1786.0 1802.0     3.5176735e-01    2.4742401e+01     9.2880630e-01
 1802.0 1818.0     3.5276493e-01    2.4686833e+01     9.2806392e-01
 1818.0 1835.0     3.5379669e-01    2.4629662e+01     9.2729833e-01
 1835.0 1852.0     3.5486283e-01    2.4570895e+01     9.2650955e-01
 1852.0 1869.0     3.5593218e-01    2.4512267e+01     9.2572076e-01
 1869.0 1887.0     3.5703640e-01    2.4452064e+01     9.2490878e-01
 1887.0 1905.0     3.5817569e-01    2.4390293e+01     9.2407359e-01
 1905.0 1923.0     3.5931862e-01    2.4328677e+01     9.2323841e-01
 1923.0 1942.0     3.6049715e-01    2.4265515e+01     9.2238002e-01
 1942.0 1961.0     3.6171150e-01    2.4200814e+01     9.2149844e-01
 1961.0 1980.0     3.6294463e-01    2.4135136e+01     9.2068022e-01
 1980.0 2000.0     3.6423877e-01    2.4066035e+01     9.1994439e-01
 2000.0 2020.0     3.6557964e-01    2.3994679e+01     9.1922761e-01
 2020.0 2041.0     3.6695923e-01    2.3921761e+01     9.1849291e-01
 2041.0 2062.0     3.6837780e-01    2.3847292e+01     9.1774028e-01
 2062.0 2083.0     3.6980185e-01    2.3773055e+01     9.1698766e-01
 2083.0 2105.0     3.7126557e-01    2.3697292e+01     9.1621712e-01
 2105.0 2128.0     3.7280359e-01    2.3618265e+01     9.1541074e-01
 2128.0 2151.0     3.7438229e-01    2.3537750e+01     9.1458644e-01
 2151.0 2174.0     3.7596768e-01    2.3457510e+01     9.1376214e-01
 2174.0 2200.0     3.7766408e-01    2.3372347e+01     9.1288408e-01
 2200.0 2222.0     3.7933275e-01    2.3289200e+01     9.1202394e-01
 2222.0 2247.0     3.8097432e-01    2.3208094e+01     9.1118172e-01
 2247.0 2273.0     3.8276348e-01    2.3120397e+01     9.1026782e-01
 2273.0 2299.0     3.8459629e-01    2.3031319e+01     9.0933600e-01
 2299.0 2326.0     3.8647345e-01    2.2940885e+01     9.0838627e-01
 2326.0 2353.0     3.8839538e-01    2.2849105e+01     9.0741861e-01
 2353.0 2381.0     3.9036280e-01    2.2756008e+01     9.0643303e-01
 2381.0 2410.0     3.9421322e-01    2.2569073e+01     9.0529517e-01
 2410.0 2439.0     4.0015918e-01    2.2281215e+01     9.0400952e-01
 2439.0 2469.0     4.0651625e-01    2.1981717e+01     9.0268803e-01
 2469.0 2500.0     4.1319502e-01    2.1676298e+01     9.0132175e-01
 2500.0 2532.0     4.2020797e-01    2.1365320e+01     8.9991067e-01
 2532.0 2564.0     4.2745315e-01    2.1053937e+01     8.9847719e-01
 2564.0 2597.0     4.3494042e-01    2.0742370e+01     8.9702132e-01
 2597.0 2632.0     4.4291473e-01    2.0421393e+01     8.9549825e-01
 2632.0 2667.0     4.5110067e-01    2.0079855e+01     8.9395524e-01
 2667.0 2703.0     4.5934577e-01    1.9719480e+01     8.9242068e-01
 2703.0 2740.0     4.6794271e-01    1.9352311e+01     8.9084819e-01
 2740.0 2778.0     4.7694278e-01    1.8982201e+01     8.8923261e-01
 2778.0 2817.0     4.8636297e-01    1.8609585e+01     8.8757396e-01
 2817.0 2857.0     4.9622125e-01    1.8234890e+01     8.8587222e-01
 2857.0 2899.0     5.0666663e-01    1.7853993e+01     8.8410585e-01
 2899.0 2941.0     5.1759199e-01    1.7471957e+01     8.8229641e-01
 2941.0 2985.0     5.2772520e-01    1.7111485e+01     8.8072380e-01
 2985.0 3030.0     5.3668921e-01    1.6775461e+01     8.7946827e-01
 3030.0 3077.0     5.4566210e-01    1.6442551e+01     8.7826687e-01
 3077.0 3125.0     5.5508419e-01    1.6105681e+01     8.7702630e-01
 3125.0 3175.0     5.6497524e-01    1.5765440e+01     8.7574655e-01
 3175.0 3225.0     5.7524798e-01    1.5425591e+01     8.7444068e-01
 3225.0 3275.0     5.8567035e-01    1.5094842e+01     8.7321485e-01
 3275.0 3325.0     5.9612467e-01    1.4778466e+01     8.7232253e-01
 3325.0 3375.0     6.0664588e-01    1.4474228e+01     8.7168367e-01
 3375.0 3425.0     6.1735279e-01    1.4176253e+01     8.7104481e-01
 3425.0 3450.0     6.2548885e-01    1.3956238e+01     8.7056567e-01
 3450.0 3550.0     6.3931536e-01    1.3608048e+01     8.6980941e-01
 3550.0 3650.0     6.6076100e-01    1.3148513e+01     8.6910297e-01
 3650.0 3750.0     6.8180050e-01    1.2785743e+01     8.6888319e-01
 3750.0 3850.0     7.0350993e-01    1.2432982e+01     8.6866341e-01
 3850.0 3950.0     7.2517818e-01    1.2111345e+01     8.6856676e-01
 3950.0 4050.0     7.4654424e-01    1.1826066e+01     8.6863212e-01
 4050.0 4150.0     7.6796274e-01    1.1556362e+01     8.6874211e-01
 4150.0 4250.0     7.8795774e-01    1.1305773e+01     8.6888580e-01
 4250.0 4350.0     8.0677813e-01    1.1071347e+01     8.6905749e-01
 4350.0 4450.0     8.2479066e-01    1.0835060e+01     8.6921132e-01
 4450.0 4550.0     8.3743020e-01    1.0573853e+01     8.6928401e-01
 4550.0 4650.0     8.4576802e-01    1.0295751e+01     8.6929342e-01
 4650.0 4750.0     8.5418886e-01    1.0024963e+01     8.6930283e-01
 4750.0 4850.0     8.6269354e-01    9.7612966e+00     8.6931223e-01
 4850.0 4950.0     8.7128290e-01    9.5045652e+00     8.6932164e-01
 4950.0 5050.0     8.7995777e-01    9.2545861e+00     8.6933105e-01
 5050.0 5150.0     8.8871902e-01    9.0111817e+00     8.6934046e-01
 5150.0 5250.0     8.9756750e-01    8.7741790e+00     8.6934986e-01
 5250.0 5350.0     9.0650407e-01    8.5434097e+00     8.6935927e-01
 5350.0 5450.0     9.1552963e-01    8.3187099e+00     8.6936868e-01
 5450.0 5550.0     9.2464504e-01    8.0999199e+00     8.6937809e-01
 5550.0 5650.0     9.3337031e-01    7.8864108e+00     8.6937426e-01
 5650.0 5750.0     9.3895723e-01    7.6754452e+00     8.6928221e-01
 5750.0 5850.0     9.4184554e-01    7.4675129e+00     8.6911518e-01
 5850.0 5950.0     9.4474273e-01    7.2652136e+00     8.6894814e-01
 5950.0 6050.0     9.4764883e-01    7.0683947e+00     8.6878111e-01
 6050.0 6150.0     9.5056387e-01    6.8769077e+00     8.6861407e-01
 6150.0 6250.0     9.5348788e-01    6.6906083e+00     8.6844703e-01
 6250.0 6350.0     9.5642089e-01    6.5093558e+00     8.6828000e-01
 6350.0 6450.0     9.5936291e-01    6.3330135e+00     8.6811296e-01
 6450.0 6550.0     9.6231399e-01    6.1614484e+00     8.6794593e-01
 6550.0 6650.0     9.6527414e-01    5.9945312e+00     8.6777889e-01
 6650.0 6750.0     9.6824340e-01    5.8321358e+00     8.6761185e-01
 6750.0 6850.0     9.7122179e-01    5.6741398e+00     8.6744482e-01
 6850.0 6950.0     9.7357234e-01    5.5219789e+00     8.6720527e-01
 6950.0 7050.0     9.7490127e-01    5.3763819e+00     8.6684877e-01
 7050.0 7150.0     9.7584147e-01    5.2355520e+00     8.6644783e-01
 7150.0 7250.0     9.7678258e-01    5.0984111e+00     8.6604689e-01
 7250.0 7350.0     9.7772460e-01    4.9648625e+00     8.6564594e-01
 7350.0 7450.0     9.7866752e-01    4.8348120e+00     8.6524500e-01
 7450.0 7550.0     9.7961136e-01    4.7081682e+00     8.6484406e-01
 7550.0 7650.0     9.8055610e-01    4.5848416e+00     8.6444312e-01
 7650.0 7750.0     9.8150176e-01    4.4647455e+00     8.6404218e-01
 7750.0 7850.0     9.8244832e-01    4.3477952e+00     8.6364123e-01
 7850.0 7950.0     9.8339581e-01    4.2339084e+00     8.6324029e-01
 7950.0 8050.0     9.8434420e-01    4.1230047e+00     8.6283935e-01
 8050.0 8150.0     9.8529351e-01    4.0150060e+00     8.6243841e-01
 8150.0 8250.0     9.8624373e-01    3.9098363e+00     8.6203746e-01
 8250.0 8350.0     9.8719487e-01    3.8074214e+00     8.6163652e-01
 8350.0 8450.0     9.8814693e-01    3.7076891e+00     8.6123558e-01
 8450.0 8550.0     9.8909991e-01    3.6105693e+00     8.6083464e-01
