 1216.0 1216.0     3.7514749e-01    1.9845594e+01     9.1865092e-01
 1300.0 1350.0     3.8600139e-01    2.0203429e+01     9.1330343e-01
 1350.0 1400.0     3.9059726e-01    2.0272274e+01     9.1049735e-01
 1400.0 1450.0     3.9461066e-01    2.0213932e+01     9.0722664e-01
 1450.0 1500.0     3.9851123e-01    2.0125290e+01     9.0384442e-01
 1500.0 1550.0     4.0245035e-01    2.0037037e+01     9.0046220e-01
 1550.0 1600.0     4.0642842e-01    1.9949170e+01     8.9707998e-01
 1600.0 1650.0     4.1033187e-01    1.9856786e+01     8.9355820e-01
 1650.0 1700.0     4.1397144e-01    1.9751973e+01     8.8966915e-01
 1700.0 1750.0     4.1745590e-01    1.9639760e+01     8.8555240e-01
 1754.0 1770.0     4.2004996e-01    1.9557062e+01     8.8250600e-01
 1770.0 1786.0     4.2117813e-01    1.9521439e+01     8.8118864e-01
 1786.0 1802.0     4.2230934e-01    1.9485881e+01     8.7987128e-01
 1802.0 1818.0     4.2344359e-01    1.9450388e+01     8.7855391e-01
 1818.0 1835.0     4.2461652e-01    1.9413855e+01     8.7719538e-01
 1835.0 1852.0     4.2582834e-01    1.9376285e+01     8.7579569e-01
 1852.0 1869.0     4.2704361e-01    1.9338788e+01     8.7439599e-01
 1869.0 1887.0     4.2829831e-01    1.9300265e+01     8.7295513e-01
 1887.0 1905.0     4.2959265e-01    1.9260720e+01     8.7147310e-01
 1905.0 1923.0     4.3089090e-01    1.9221257e+01     8.6999106e-01
 1923.0 1942.0     4.3222936e-01    1.9180782e+01     8.6846787e-01
 1942.0 1961.0     4.3360826e-01    1.9139301e+01     8.6690350e-01
 1961.0 1980.0     4.3498986e-01    1.9096892e+01     8.6543599e-01
 1980.0 2000.0     4.3640966e-01    1.9051796e+01     8.6408875e-01
 2000.0 2020.0     4.3786960e-01    1.9005046e+01     8.6276492e-01
 2020.0 2041.0     4.3937117e-01    1.8957247e+01     8.6140799e-01
 2041.0 2062.0     4.4091464e-01    1.8908406e+01     8.6001797e-01
 2062.0 2083.0     4.4246353e-01    1.8859690e+01     8.5862794e-01
 2083.0 2105.0     4.4405500e-01    1.8809946e+01     8.5720482e-01
 2105.0 2128.0     4.4572663e-01    1.8758029e+01     8.5571551e-01
 2128.0 2151.0     4.4744183e-01    1.8705105e+01     8.5419310e-01
 2151.0 2174.0     4.4916364e-01    1.8652330e+01     8.5267069e-01
 2174.0 2200.0     4.5100525e-01    1.8596282e+01     8.5104900e-01
 2200.0 2222.0     4.5281607e-01    1.8541530e+01     8.4946040e-01
 2222.0 2247.0     4.5459674e-01    1.8488085e+01     8.4790489e-01
 2247.0 2273.0     4.5653671e-01    1.8430264e+01     8.4621700e-01
 2273.0 2299.0     4.5852315e-01    1.8371492e+01     8.4449602e-01
 2299.0 2326.0     4.6055678e-01    1.8311786e+01     8.4274194e-01
 2326.0 2353.0     4.6263797e-01    1.8251150e+01     8.4095477e-01
 2353.0 2381.0     4.6476746e-01    1.8189600e+01     8.3913449e-01
 2381.0 2410.0     4.6881934e-01    1.8064210e+01     8.3704409e-01
 2410.0 2439.0     4.7500308e-01    1.7869938e+01     8.3469312e-01
 2439.0 2469.0     4.8159708e-01    1.7667331e+01     8.3227768e-01
 2469.0 2500.0     4.8851086e-01    1.7460271e+01     8.2978035e-01
 2500.0 2532.0     4.9575553e-01    1.7248969e+01     8.2720115e-01
 2532.0 2564.0     5.0322433e-01    1.7036911e+01     8.2458101e-01
 2564.0 2597.0     5.1092592e-01    1.6824228e+01     8.2191993e-01
 2597.0 2632.0     5.1911012e-01    1.6604591e+01     8.1913603e-01
 2632.0 2667.0     5.2718859e-01    1.6359165e+01     8.1630969e-01
 2667.0 2703.0     5.3491993e-01    1.6086751e+01     8.1349136e-01
 2703.0 2740.0     5.4288344e-01    1.5806743e+01     8.1060204e-01
 2740.0 2778.0     5.5118862e-01    1.5524138e+01     8.0763356e-01
 2778.0 2817.0     5.5984747e-01    1.5239253e+01     8.0458592e-01
 2817.0 2857.0     5.6887261e-01    1.4952401e+01     8.0145911e-01
 2857.0 2899.0     5.7839537e-01    1.4660400e+01     7.9821357e-01
 2899.0 2941.0     5.8831367e-01    1.4367119e+01     7.9488887e-01
 2941.0 2985.0     5.9718309e-01    1.4076134e+01     7.9196198e-01
 2985.0 3030.0     6.0455549e-01    1.3785307e+01     7.8956674e-01
 3030.0 3077.0     6.1176349e-01    1.3492081e+01     7.8725511e-01
 3077.0 3125.0     6.1929623e-01    1.3195804e+01     7.8486810e-01
 3125.0 3175.0     6.2716457e-01    1.2897020e+01     7.8240571e-01
 3175.0 3225.0     6.3529549e-01    1.2599043e+01     7.7989307e-01
 3225.0 3275.0     6.4350445e-01    1.2307252e+01     7.7751874e-01
 3275.0 3325.0     6.5170431e-01    1.2019361e+01     7.7572074e-01
 3325.0 3375.0     6.5992088e-01    1.1736044e+01     7.7436074e-01
 3375.0 3425.0     6.6824104e-01    1.1459406e+01     7.7300074e-01
 3425.0 3450.0     6.7454001e-01    1.1255614e+01     7.7198074e-01
 3450.0 3550.0     6.8522424e-01    1.0934495e+01     7.7035508e-01
 3550.0 3650.0     7.0242528e-01    1.0511342e+01     7.6863873e-01
 3650.0 3750.0     7.1989922e-01    1.0178387e+01     7.6777733e-01
 3750.0 3850.0     7.3780786e-01    9.8559781e+00     7.6691594e-01
 3850.0 3950.0     7.5577048e-01    9.5564025e+00     7.6630743e-01
 3950.0 4050.0     7.7365261e-01    9.2824459e+00     7.6603168e-01
 4050.0 4150.0     7.9155548e-01    9.0194812e+00     7.6585515e-01
 4150.0 4250.0     8.0822201e-01    8.7597193e+00     7.6579249e-01
 4250.0 4350.0     8.2386693e-01    8.5039328e+00     7.6582433e-01
 4350.0 4450.0     8.3874292e-01    8.2405635e+00     7.6585142e-01
 4450.0 4550.0     8.4897560e-01    7.9191439e+00     7.6585694e-01
 4550.0 4650.0     8.5550894e-01    7.5594074e+00     7.6584562e-01
 4650.0 4750.0     8.6209254e-01    7.2160124e+00     7.6583430e-01
 4750.0 4850.0     8.6872682e-01    6.8882165e+00     7.6582298e-01
 4850.0 4950.0     8.7541214e-01    6.5753111e+00     7.6581166e-01
 4950.0 5050.0     8.8214892e-01    6.2766198e+00     7.6580035e-01
 5050.0 5150.0     8.8893753e-01    5.9914969e+00     7.6578903e-01
 5150.0 5250.0     8.9577839e-01    5.7193261e+00     7.6577771e-01
 5250.0 5350.0     9.0267190e-01    5.4595189e+00     7.6576639e-01
 5350.0 5450.0     9.0961845e-01    5.2115138e+00     7.6575507e-01
 5450.0 5550.0     9.1661846e-01    4.9747746e+00     7.6574375e-01
 5550.0 5650.0     9.2335075e-01    4.7495605e+00     7.6572636e-01
 5650.0 5750.0     9.2798018e-01    4.5394897e+00     7.6566846e-01
 5750.0 5850.0     9.3080559e-01    4.3428903e+00     7.6557614e-01
 5850.0 5950.0     9.3363961e-01    4.1548054e+00     7.6548382e-01
 5950.0 6050.0     9.3648226e-01    3.9748662e+00     7.6539149e-01
 6050.0 6150.0     9.3933356e-01    3.8027200e+00     7.6529917e-01
 6150.0 6250.0     9.4219354e-01    3.6380292e+00     7.6520685e-01
 6250.0 6350.0     9.4506223e-01    3.4804709e+00     7.6511453e-01
 6350.0 6450.0     9.4793966e-01    3.3297362e+00     7.6502220e-01
 6450.0 6550.0     9.5082584e-01    3.1855297e+00     7.6492988e-01
 6550.0 6650.0     9.5372082e-01    3.0475686e+00     7.6483756e-01
 6650.0 6750.0     9.5662460e-01    2.9155824e+00     7.6474523e-01
 6750.0 6850.0     9.5953723e-01    2.7893123e+00     7.6465291e-01
 6850.0 6950.0     9.6192870e-01    2.6746525e+00     7.6447904e-01
 6950.0 7050.0     9.6347119e-01    2.5744937e+00     7.6417363e-01
 7050.0 7150.0     9.6469106e-01    2.4817225e+00     7.6381823e-01
 7150.0 7250.0     9.6591248e-01    2.3922943e+00     7.6346284e-01
 7250.0 7350.0     9.6713545e-01    2.3060887e+00     7.6310745e-01
 7350.0 7450.0     9.6835996e-01    2.2229894e+00     7.6275205e-01
 7450.0 7550.0     9.6958603e-01    2.1428846e+00     7.6239666e-01
 7550.0 7650.0     9.7081365e-01    2.0656664e+00     7.6204127e-01
 7650.0 7750.0     9.7204282e-01    1.9912307e+00     7.6168587e-01
 7750.0 7850.0     9.7327355e-01    1.9194772e+00     7.6133048e-01
 7850.0 7950.0     9.7450583e-01    1.8503094e+00     7.6097509e-01
 7950.0 8050.0     9.7573968e-01    1.7836340e+00     7.6061969e-01
 8050.0 8150.0     9.7697509e-01    1.7193613e+00     7.6026430e-01
 8150.0 8250.0     9.7821206e-01    1.6574046e+00     7.5990891e-01
 8250.0 8350.0     9.7945060e-01    1.5976805e+00     7.5955352e-01
 8350.0 8450.0     9.8069071e-01    1.5401085e+00     7.5919812e-01
 8450.0 8550.0     9.8193239e-01    1.4846111e+00     7.5884273e-01
