 1216.0 1216.0     4.1023028e-01    8.9361848e+00     8.4960005e-01
 1300.0 1350.0     4.2841688e-01    9.2260875e+00     8.3631750e-01
 1350.0 1400.0     4.3589909e-01    9.3094536e+00     8.2985668e-01
 1400.0 1450.0     4.4203970e-01    9.3246845e+00     8.2291178e-01
 1450.0 1500.0     4.4790999e-01    9.3234157e+00     8.1585071e-01
 1500.0 1550.0     4.5385824e-01    9.3221470e+00     8.0878963e-01
 1550.0 1600.0     4.5988548e-01    9.3208785e+00     8.0172855e-01
 1600.0 1650.0     4.6564941e-01    9.3142692e+00     7.9438091e-01
 1650.0 1700.0     4.7057677e-01    9.2936365e+00     7.8627916e-01
 1700.0 1750.0     4.7499122e-01    9.2643677e+00     7.7770985e-01
 1754.0 1770.0     4.7827987e-01    9.2427577e+00     7.7136856e-01
 1770.0 1786.0     4.7971106e-01    9.2334330e+00     7.6862638e-01
 1786.0 1802.0     4.8114654e-01    9.2241176e+00     7.6588420e-01
 1802.0 1818.0     4.8258631e-01    9.2148117e+00     7.6314202e-01
 1818.0 1835.0     4.8407565e-01    9.2052249e+00     7.6031414e-01
 1835.0 1852.0     4.8561487e-01    9.1953579e+00     7.5740058e-01
 1852.0 1869.0     4.8715897e-01    9.1855015e+00     7.5448701e-01
 1869.0 1887.0     4.8875370e-01    9.1753663e+00     7.5148775e-01
 1887.0 1905.0     4.9039936e-01    9.1649531e+00     7.4840280e-01
 1905.0 1923.0     4.9205055e-01    9.1545517e+00     7.4531785e-01
 1923.0 1942.0     4.9375349e-01    9.1438739e+00     7.4214720e-01
 1942.0 1961.0     4.9550851e-01    9.1329202e+00     7.3889087e-01
 1961.0 1980.0     4.9722892e-01    9.1213022e+00     7.3577952e-01
 1980.0 2000.0     4.9893379e-01    9.1082834e+00     7.3282413e-01
 2000.0 2020.0     5.0066385e-01    9.0945452e+00     7.2987971e-01
 2020.0 2041.0     5.0244347e-01    9.0804853e+00     7.2686167e-01
 2041.0 2062.0     5.0427297e-01    9.0661048e+00     7.2377003e-01
 2062.0 2083.0     5.0610913e-01    9.0517470e+00     7.2067838e-01
 2083.0 2105.0     5.0799602e-01    9.0370712e+00     7.1751313e-01
 2105.0 2128.0     5.0997820e-01    9.0217382e+00     7.1420065e-01
 2128.0 2151.0     5.1201234e-01    9.0060912e+00     7.1081456e-01
 2151.0 2174.0     5.1405460e-01    8.9904713e+00     7.0742848e-01
 2174.0 2200.0     5.1623929e-01    8.9738634e+00     7.0382156e-01
 2200.0 2222.0     5.1838774e-01    8.9576221e+00     7.0028825e-01
 2222.0 2247.0     5.2050074e-01    8.9417497e+00     6.9682855e-01
 2247.0 2273.0     5.2280311e-01    8.9245576e+00     6.9307441e-01
 2273.0 2299.0     5.2516101e-01    8.9070621e+00     6.8924666e-01
 2299.0 2326.0     5.2757531e-01    8.8892658e+00     6.8534530e-01
 2326.0 2353.0     5.3004646e-01    8.8711700e+00     6.8137033e-01
 2353.0 2381.0     5.3257539e-01    8.8527772e+00     6.7732175e-01
 2381.0 2410.0     5.3692246e-01    8.8075830e+00     6.7265853e-01
 2410.0 2439.0     5.4327134e-01    8.7332076e+00     6.6740036e-01
 2439.0 2469.0     5.5001169e-01    8.6551647e+00     6.6199668e-01
 2469.0 2500.0     5.5706846e-01    8.5752095e+00     6.5640981e-01
 2500.0 2532.0     5.6445166e-01    8.4934080e+00     6.5063977e-01
 2532.0 2564.0     5.7205145e-01    8.4111009e+00     6.4477814e-01
 2564.0 2597.0     5.7987556e-01    8.3283303e+00     6.3882493e-01
 2597.0 2632.0     5.8817621e-01    8.2426176e+00     6.3259695e-01
 2632.0 2667.0     5.9571683e-01    8.1297534e+00     6.2629462e-01
 2667.0 2703.0     6.0208198e-01    7.9857349e+00     6.2003580e-01
 2703.0 2740.0     6.0845561e-01    7.8350072e+00     6.1362383e-01
 2740.0 2778.0     6.1507414e-01    7.6831123e+00     6.0703619e-01
 2778.0 2817.0     6.2194406e-01    7.5302300e+00     6.0027287e-01
 2817.0 2857.0     6.2907218e-01    7.3765378e+00     5.9333389e-01
 2857.0 2899.0     6.3655796e-01    7.2203463e+00     5.8613140e-01
 2899.0 2941.0     6.4431755e-01    7.0637334e+00     5.7875324e-01
 2941.0 2985.0     6.5053123e-01    6.8919239e+00     5.7216172e-01
 2985.0 3030.0     6.5459553e-01    6.6987256e+00     5.6661894e-01
 3030.0 3077.0     6.5819138e-01    6.4997267e+00     5.6122090e-01
 3077.0 3125.0     6.6192511e-01    6.3004085e+00     5.5564683e-01
 3125.0 3175.0     6.6579906e-01    6.1012309e+00     5.4989675e-01
 3175.0 3225.0     6.6977521e-01    5.9044143e+00     5.4402931e-01
 3225.0 3275.0     6.7374731e-01    5.7111242e+00     5.3842721e-01
 3275.0 3325.0     6.7762669e-01    5.5127178e+00     5.3393064e-01
 3325.0 3375.0     6.8143992e-01    5.3125946e+00     5.3027428e-01
 3375.0 3425.0     6.8527462e-01    5.1197364e+00     5.2661793e-01
 3425.0 3450.0     6.8816276e-01    4.9790630e+00     5.2387566e-01
 3450.0 3550.0     6.9314599e-01    4.7604373e+00     5.1944359e-01
 3550.0 3650.0     7.0273216e-01    4.4621718e+00     5.1399908e-01
 3650.0 3750.0     7.1395780e-01    4.2177228e+00     5.1014599e-01
 3750.0 3850.0     7.2536276e-01    3.9866653e+00     5.0629291e-01
 3850.0 3950.0     7.3740849e-01    3.7687547e+00     5.0300186e-01
 3950.0 4050.0     7.5026055e-01    3.5633902e+00     5.0045033e-01
 4050.0 4150.0     7.6335911e-01    3.3680122e+00     4.9813645e-01
 4150.0 4250.0     7.7594143e-01    3.1757845e+00     4.9617650e-01
 4250.0 4350.0     7.8811164e-01    2.9883277e+00     4.9451032e-01
 4350.0 4450.0     7.9960382e-01    2.8064119e+00     4.9290780e-01
 4450.0 4550.0     8.0728865e-01    2.6118715e+00     4.9159468e-01
 4550.0 4650.0     8.1195228e-01    2.4127567e+00     4.9050728e-01
 4650.0 4750.0     8.1664285e-01    2.2288214e+00     4.8941987e-01
 4750.0 4850.0     8.2136051e-01    2.0589083e+00     4.8833247e-01
 4850.0 4950.0     8.2610543e-01    1.9019484e+00     4.8724507e-01
 4950.0 5050.0     8.3087776e-01    1.7569543e+00     4.8615767e-01
 5050.0 5150.0     8.3567766e-01    1.6230137e+00     4.8507027e-01
 5150.0 5250.0     8.4050529e-01    1.4992840e+00     4.8398286e-01
 5250.0 5350.0     8.4536081e-01    1.3849868e+00     4.8289546e-01
 5350.0 5450.0     8.5024437e-01    1.2794030e+00     4.8180806e-01
 5450.0 5550.0     8.5515615e-01    1.1818683e+00     4.8072066e-01
 5550.0 5650.0     8.5999485e-01    1.0929100e+00     4.7967195e-01
 5650.0 5750.0     8.6418188e-01    1.0178176e+00     4.7888123e-01
 5750.0 5850.0     8.6781206e-01    9.5394877e-01     4.7830979e-01
 5850.0 5950.0     8.7145749e-01    8.9408777e-01     4.7773835e-01
 5950.0 6050.0     8.7511823e-01    8.3798310e-01     4.7716691e-01
 6050.0 6150.0     8.7879435e-01    7.8539903e-01     4.7659546e-01
 6150.0 6250.0     8.8248591e-01    7.3611466e-01     4.7602402e-01
 6250.0 6350.0     8.8619298e-01    6.8992291e-01     4.7545258e-01
 6350.0 6450.0     8.8991562e-01    6.4662974e-01     4.7488114e-01
 6450.0 6550.0     8.9365390e-01    6.0605324e-01     4.7430970e-01
 6550.0 6650.0     8.9740788e-01    5.6802294e-01     4.7373826e-01
 6650.0 6750.0     9.0117764e-01    5.3237908e-01     4.7316682e-01
 6750.0 6850.0     9.0496322e-01    4.9897190e-01     4.7259538e-01
 6850.0 6950.0     9.0833267e-01    4.6990213e-01     4.7201595e-01
 6950.0 7050.0     9.1101737e-01    4.4608826e-01     4.7142363e-01
 7050.0 7150.0     9.1344462e-01    4.2479559e-01     4.7082642e-01
 7150.0 7250.0     9.1587835e-01    4.0451926e-01     4.7022921e-01
 7250.0 7350.0     9.1831855e-01    3.8521075e-01     4.6963200e-01
 7350.0 7450.0     9.2076526e-01    3.6682389e-01     4.6903479e-01
 7450.0 7550.0     9.2321849e-01    3.4931466e-01     4.6843758e-01
 7550.0 7650.0     9.2567825e-01    3.3264118e-01     4.6784037e-01
 7650.0 7750.0     9.2814457e-01    3.1676356e-01     4.6724316e-01
 7750.0 7850.0     9.3061746e-01    3.0164381e-01     4.6664595e-01
 7850.0 7950.0     9.3309693e-01    2.8724576e-01     4.6604874e-01
 7950.0 8050.0     9.3558302e-01    2.7353495e-01     4.6545152e-01
 8050.0 8150.0     9.3807572e-01    2.6047859e-01     4.6485431e-01
 8150.0 8250.0     9.4057507e-01    2.4804544e-01     4.6425710e-01
 8250.0 8350.0     9.4308108e-01    2.3620574e-01     4.6365989e-01
 8350.0 8450.0     9.4559376e-01    2.2493117e-01     4.6306268e-01
 8450.0 8550.0     9.4811314e-01    2.1419476e-01     4.6246547e-01
