 1216.0 1216.0     2.7504259e-01    3.7203749e+01     9.6261312e-01
 1300.0 1350.0     2.7977557e-01    3.7457250e+01     9.6074391e-01
 1350.0 1400.0     2.8214727e-01    3.7428193e+01     9.5968764e-01
 1400.0 1450.0     2.8476925e-01    3.7208202e+01     9.5836974e-01
 1450.0 1500.0     2.8747122e-01    3.6943936e+01     9.5698905e-01
 1500.0 1550.0     2.9019884e-01    3.6681547e+01     9.5560837e-01
 1550.0 1600.0     2.9295233e-01    3.6421021e+01     9.5422768e-01
 1600.0 1650.0     2.9572035e-01    3.6157922e+01     9.5278784e-01
 1650.0 1700.0     2.9848379e-01    3.5885135e+01     9.5119235e-01
 1700.0 1750.0     3.0125395e-01    3.5607246e+01     9.4950036e-01
 1754.0 1770.0     3.0331750e-01    3.5402753e+01     9.4824828e-01
 1770.0 1786.0     3.0421548e-01    3.5314792e+01     9.4770684e-01
 1786.0 1802.0     3.0511612e-01    3.5227049e+01     9.4716540e-01
 1802.0 1818.0     3.0601942e-01    3.5139524e+01     9.4662397e-01
 1818.0 1835.0     3.0695380e-01    3.5049495e+01     9.4606561e-01
 1835.0 1852.0     3.0791942e-01    3.4956976e+01     9.4549033e-01
 1852.0 1869.0     3.0888809e-01    3.4864701e+01     9.4491505e-01
 1869.0 1887.0     3.0988848e-01    3.4769970e+01     9.4432285e-01
 1887.0 1905.0     3.1092078e-01    3.4672797e+01     9.4371374e-01
 1905.0 1923.0     3.1195652e-01    3.4575896e+01     9.4310462e-01
 1923.0 1942.0     3.1302468e-01    3.4476589e+01     9.4247858e-01
 1942.0 1961.0     3.1412546e-01    3.4374892e+01     9.4183562e-01
 1961.0 1980.0     3.1524972e-01    3.4271676e+01     9.4124346e-01
 1980.0 2000.0     3.1644002e-01    3.4163092e+01     9.4071904e-01
 2000.0 2020.0     3.1767723e-01    3.4050993e+01     9.4021157e-01
 2020.0 2041.0     3.1895045e-01    3.3936478e+01     9.3969141e-01
 2041.0 2062.0     3.2025995e-01    3.3819565e+01     9.3915856e-01
 2062.0 2083.0     3.2157483e-01    3.3703054e+01     9.3862572e-01
 2083.0 2105.0     3.2292667e-01    3.3584190e+01     9.3808018e-01
 2105.0 2128.0     3.2434748e-01    3.3460247e+01     9.3750927e-01
 2128.0 2151.0     3.2580625e-01    3.3334016e+01     9.3692568e-01
 2151.0 2174.0     3.2727158e-01    3.3208262e+01     9.3634209e-01
 2174.0 2200.0     3.2883995e-01    3.3074845e+01     9.3572043e-01
 2200.0 2222.0     3.3038308e-01    3.2944633e+01     9.3511146e-01
 2222.0 2247.0     3.3190160e-01    3.2817666e+01     9.3451518e-01
 2247.0 2273.0     3.3355708e-01    3.2680437e+01     9.3386815e-01
 2273.0 2299.0     3.3525345e-01    3.2541101e+01     9.3320844e-01
 2299.0 2326.0     3.3699140e-01    3.2399704e+01     9.3253604e-01
 2326.0 2353.0     3.3877132e-01    3.2256264e+01     9.3185095e-01
 2353.0 2381.0     3.4059395e-01    3.2110827e+01     9.3115317e-01
 2381.0 2410.0     3.4419994e-01    3.1818221e+01     9.3034442e-01
 2410.0 2439.0     3.4979428e-01    3.1367604e+01     9.2942751e-01
 2439.0 2469.0     3.5578401e-01    3.0899414e+01     9.2848475e-01
 2469.0 2500.0     3.6208463e-01    3.0422699e+01     9.2751002e-01
 2500.0 2532.0     3.6870899e-01    2.9938073e+01     9.2650334e-01
 2532.0 2564.0     3.7556161e-01    2.9453597e+01     9.2548068e-01
 2564.0 2597.0     3.8265269e-01    2.8969637e+01     9.2444204e-01
 2597.0 2632.0     3.9021551e-01    2.8471913e+01     9.2335546e-01
 2632.0 2667.0     3.9812050e-01    2.7947843e+01     9.2225752e-01
 2667.0 2703.0     4.0626121e-01    2.7401157e+01     9.2116918e-01
 2703.0 2740.0     4.1479741e-01    2.6845949e+01     9.2005456e-01
 2740.0 2778.0     4.2375432e-01    2.6287244e+01     9.1890940e-01
 2778.0 2817.0     4.3315133e-01    2.5725735e+01     9.1773371e-01
 2817.0 2857.0     4.4300903e-01    2.5162105e+01     9.1652748e-01
 2857.0 2899.0     4.5347994e-01    2.4590207e+01     9.1527544e-01
 2899.0 2941.0     4.6445974e-01    2.4017677e+01     9.1399286e-01
 2941.0 2985.0     4.7480278e-01    2.3484845e+01     9.1288964e-01
 2985.0 3030.0     4.8417917e-01    2.2997892e+01     9.1202684e-01
 3030.0 3077.0     4.9365475e-01    2.2518489e+01     9.1120728e-01
 3077.0 3125.0     5.0363290e-01    2.2033883e+01     9.1036099e-01
 3125.0 3175.0     5.1413866e-01    2.1544955e+01     9.0948797e-01
 3175.0 3225.0     5.2508242e-01    2.1057121e+01     9.0859714e-01
 3225.0 3275.0     5.3622804e-01    2.0583310e+01     9.0776586e-01
 3275.0 3325.0     5.4747865e-01    2.0132366e+01     9.0718267e-01
 3325.0 3375.0     5.5886481e-01    1.9700531e+01     9.0678804e-01
 3375.0 3425.0     5.7048778e-01    1.9277959e+01     9.0639341e-01
 3425.0 3450.0     5.7934036e-01    1.8966153e+01     9.0609744e-01
 3450.0 3550.0     5.9443606e-01    1.8472135e+01     9.0563530e-01
 3550.0 3650.0     6.1770733e-01    1.7806519e+01     9.0526647e-01
 3650.0 3750.0     6.4043147e-01    1.7266033e+01     9.0525579e-01
 3750.0 3850.0     6.6399158e-01    1.6741953e+01     9.0524510e-01
 3850.0 3950.0     6.8763944e-01    1.6261958e+01     9.0532081e-01
 3950.0 4050.0     7.1109733e-01    1.5832629e+01     9.0551017e-01
 4050.0 4150.0     7.3474818e-01    1.5428071e+01     9.0573001e-01
 4150.0 4250.0     7.5705617e-01    1.5061269e+01     9.0596856e-01
 4250.0 4350.0     7.7826926e-01    1.4725885e+01     9.0622266e-01
 4350.0 4450.0     7.9869082e-01    1.4400907e+01     9.0646113e-01
 4450.0 4550.0     8.1326956e-01    1.4096236e+01     9.0662858e-01
 4550.0 4650.0     8.2314978e-01    1.3808215e+01     9.0674063e-01
 4650.0 4750.0     8.3315002e-01    1.3526079e+01     9.0685268e-01
 4750.0 4850.0     8.4327176e-01    1.3249708e+01     9.0696473e-01
 4850.0 4950.0     8.5351646e-01    1.2978984e+01     9.0707677e-01
 4950.0 5050.0     8.6388562e-01    1.2713791e+01     9.0718882e-01
 5050.0 5150.0     8.7438076e-01    1.2454017e+01     9.0730087e-01
 5150.0 5250.0     8.8500340e-01    1.2199550e+01     9.0741292e-01
 5250.0 5350.0     8.9575509e-01    1.1950283e+01     9.0752497e-01
 5350.0 5450.0     9.0663740e-01    1.1706109e+01     9.0763702e-01
 5450.0 5550.0     9.1765191e-01    1.1466925e+01     9.0774907e-01
 5550.0 5650.0     9.2820141e-01    1.1233976e+01     9.0785016e-01
 5650.0 5750.0     9.3485821e-01    1.1014602e+01     9.0787823e-01
 5750.0 5850.0     9.3815964e-01    1.0807012e+01     9.0784422e-01
 5850.0 5950.0     9.4147273e-01    1.0603334e+01     9.0781021e-01
 5950.0 6050.0     9.4479752e-01    1.0403494e+01     9.0777621e-01
 6050.0 6150.0     9.4813405e-01    1.0207421e+01     9.0774220e-01
 6150.0 6250.0     9.5148237e-01    1.0015044e+01     9.0770819e-01
 6250.0 6350.0     9.5484251e-01    9.8262917e+00     9.0767418e-01
 6350.0 6450.0     9.5821451e-01    9.6410971e+00     9.0764018e-01
 6450.0 6550.0     9.6159843e-01    9.4593929e+00     9.0760617e-01
 6550.0 6650.0     9.6499429e-01    9.2811133e+00     9.0757216e-01
 6650.0 6750.0     9.6840215e-01    9.1061936e+00     9.0753815e-01
 6750.0 6850.0     9.7182204e-01    8.9345706e+00     9.0750415e-01
 6850.0 6950.0     9.7448410e-01    8.7644275e+00     9.0741661e-01
 6950.0 7050.0     9.7591198e-01    8.5947158e+00     9.0724273e-01
 7050.0 7150.0     9.7686998e-01    8.4272361e+00     9.0703604e-01
 7150.0 7250.0     9.7782893e-01    8.2630200e+00     9.0682935e-01
 7250.0 7350.0     9.7878881e-01    8.1020038e+00     9.0662266e-01
 7350.0 7450.0     9.7974964e-01    7.9441252e+00     9.0641597e-01
 7450.0 7550.0     9.8071141e-01    7.7893232e+00     9.0620928e-01
 7550.0 7650.0     9.8167413e-01    7.6375376e+00     9.0600260e-01
 7650.0 7750.0     9.8263779e-01    7.4887098e+00     9.0579591e-01
 7750.0 7850.0     9.8360240e-01    7.3427821e+00     9.0558922e-01
 7850.0 7950.0     9.8456795e-01    7.1996980e+00     9.0538253e-01
 7950.0 8050.0     9.8553445e-01    7.0594021e+00     9.0517584e-01
 8050.0 8150.0     9.8650190e-01    6.9218401e+00     9.0496915e-01
 8150.0 8250.0     9.8747030e-01    6.7869586e+00     9.0476246e-01
 8250.0 8350.0     9.8843965e-01    6.6547055e+00     9.0455577e-01
 8350.0 8450.0     9.8940996e-01    6.5250295e+00     9.0434909e-01
 8450.0 8550.0     9.9038121e-01    6.3978805e+00     9.0414240e-01
