 1216.0 1216.0     3.6376901e-01    2.0952455e+01     9.2676892e-01
 1300.0 1350.0     3.7361496e-01    2.1288672e+01     9.2217755e-01
 1350.0 1400.0     3.7784729e-01    2.1345760e+01     9.1973802e-01
 1400.0 1450.0     3.8164051e-01    2.1273609e+01     9.1685981e-01
 1450.0 1500.0     3.8535406e-01    2.1170774e+01     9.1387632e-01
 1500.0 1550.0     3.8910374e-01    2.1068435e+01     9.1089284e-01
 1550.0 1600.0     3.9288990e-01    2.0966591e+01     9.0790935e-01
 1600.0 1650.0     3.9662111e-01    2.0860752e+01     9.0479817e-01
 1650.0 1700.0     4.0014490e-01    2.0743686e+01     9.0135099e-01
 1700.0 1750.0     4.0354897e-01    2.0620002e+01     8.9769547e-01
 1754.0 1770.0     4.0608334e-01    2.0528868e+01     8.9499039e-01
 1770.0 1786.0     4.0718562e-01    2.0489619e+01     8.9382062e-01
 1786.0 1802.0     4.0829090e-01    2.0450446e+01     8.9265086e-01
 1802.0 1818.0     4.0939918e-01    2.0411347e+01     8.9148109e-01
 1818.0 1835.0     4.1054529e-01    2.0371106e+01     8.9027477e-01
 1835.0 1852.0     4.1172944e-01    2.0329727e+01     8.8903189e-01
 1852.0 1869.0     4.1291700e-01    2.0288432e+01     8.8778902e-01
 1869.0 1887.0     4.1414312e-01    2.0246012e+01     8.8650959e-01
 1887.0 1905.0     4.1540802e-01    2.0202470e+01     8.8519360e-01
 1905.0 1923.0     4.1667678e-01    2.0159023e+01     8.8387762e-01
 1923.0 1942.0     4.1798488e-01    2.0114467e+01     8.8252507e-01
 1942.0 1961.0     4.1933255e-01    2.0068808e+01     8.8113598e-01
 1961.0 1980.0     4.2068591e-01    2.0022199e+01     8.7983991e-01
 1980.0 2000.0     4.2208169e-01    1.9972751e+01     8.7866233e-01
 2000.0 2020.0     4.2351882e-01    1.9921531e+01     8.7751021e-01
 2020.0 2041.0     4.2499702e-01    1.9869169e+01     8.7632928e-01
 2041.0 2062.0     4.2651655e-01    1.9815671e+01     8.7511956e-01
 2062.0 2083.0     4.2804152e-01    1.9762317e+01     8.7390983e-01
 2083.0 2105.0     4.2960851e-01    1.9707843e+01     8.7267130e-01
 2105.0 2128.0     4.3125453e-01    1.9650997e+01     8.7137516e-01
 2128.0 2151.0     4.3294358e-01    1.9593054e+01     8.7005023e-01
 2151.0 2174.0     4.3463924e-01    1.9535283e+01     8.6872529e-01
 2174.0 2200.0     4.3645302e-01    1.9473937e+01     8.6731394e-01
 2200.0 2222.0     4.3823659e-01    1.9414016e+01     8.6593140e-01
 2222.0 2247.0     4.3999060e-01    1.9355536e+01     8.6457765e-01
 2247.0 2273.0     4.4190165e-01    1.9292273e+01     8.6310870e-01
 2273.0 2299.0     4.4385865e-01    1.9227981e+01     8.6161094e-01
 2299.0 2326.0     4.4586228e-01    1.9162675e+01     8.6008438e-01
 2326.0 2353.0     4.4791293e-01    1.9096363e+01     8.5852902e-01
 2353.0 2381.0     4.5001134e-01    1.9029061e+01     8.5694486e-01
 2381.0 2410.0     4.5403831e-01    1.8892950e+01     8.5511896e-01
 2410.0 2439.0     4.6020583e-01    1.8682653e+01     8.5305889e-01
 2439.0 2469.0     4.6678661e-01    1.8463455e+01     8.5094170e-01
 2469.0 2500.0     4.7368943e-01    1.8239530e+01     8.4875273e-01
 2500.0 2532.0     4.8092573e-01    1.8011113e+01     8.4649199e-01
 2532.0 2564.0     4.8838920e-01    1.7781977e+01     8.4419537e-01
 2564.0 2597.0     4.9608878e-01    1.7552267e+01     8.4186287e-01
 2597.0 2632.0     5.0427467e-01    1.7315154e+01     8.3942271e-01
 2632.0 2667.0     5.1243363e-01    1.7054109e+01     8.3694603e-01
 2667.0 2703.0     5.2034475e-01    1.6768640e+01     8.3447722e-01
 2703.0 2740.0     5.2851825e-01    1.6475884e+01     8.3194637e-01
 2740.0 2778.0     5.3704942e-01    1.6180429e+01     8.2934618e-01
 2778.0 2817.0     5.4595137e-01    1.5882606e+01     8.2667665e-01
 2817.0 2857.0     5.5523792e-01    1.5582745e+01     8.2393778e-01
 2857.0 2899.0     5.6504528e-01    1.5277519e+01     8.2109490e-01
 2899.0 2941.0     5.7526930e-01    1.4970973e+01     8.1818269e-01
 2941.0 2985.0     5.8450083e-01    1.4670956e+01     8.1562524e-01
 2985.0 3030.0     5.9230710e-01    1.4376529e+01     8.1354211e-01
 3030.0 3077.0     5.9998871e-01    1.4080911e+01     8.1153489e-01
 3077.0 3125.0     6.0802479e-01    1.3781998e+01     8.0946222e-01
 3125.0 3175.0     6.1642805e-01    1.3480327e+01     8.0732409e-01
 3175.0 3225.0     6.2512130e-01    1.3179238e+01     8.0514233e-01
 3225.0 3275.0     6.3390599e-01    1.2884812e+01     8.0308332e-01
 3275.0 3325.0     6.4268300e-01    1.2596708e+01     8.0153574e-01
 3325.0 3375.0     6.5148156e-01    1.2314852e+01     8.0037686e-01
 3375.0 3425.0     6.6040057e-01    1.2039303e+01     7.9921798e-01
 3425.0 3450.0     6.6715831e-01    1.1836127e+01     7.9834882e-01
 3450.0 3550.0     6.7861900e-01    1.1515575e+01     7.9696608e-01
 3550.0 3650.0     6.9684808e-01    1.1094735e+01     7.9553751e-01
 3650.0 3750.0     7.1515811e-01    1.0765204e+01     7.9486640e-01
 3750.0 3850.0     7.3394924e-01    1.0445461e+01     7.9419529e-01
 3850.0 3950.0     7.5274035e-01    1.0150103e+01     7.9374052e-01
 3950.0 4050.0     7.7135942e-01    9.8825918e+00     7.9357042e-01
 4050.0 4150.0     7.8998582e-01    9.6265453e+00     7.9348383e-01
 4150.0 4250.0     8.0730433e-01    9.3761425e+00     7.9348664e-01
 4250.0 4350.0     8.2354095e-01    9.1314350e+00     7.9356366e-01
 4350.0 4450.0     8.3899627e-01    8.8786423e+00     7.9363086e-01
 4450.0 4550.0     8.4966266e-01    8.5689675e+00     7.9365339e-01
 4550.0 4650.0     8.5651051e-01    8.2209450e+00     7.9364109e-01
 4650.0 4750.0     8.6341355e-01    7.8870571e+00     7.9362879e-01
 4750.0 4850.0     8.7037223e-01    7.5667299e+00     7.9361649e-01
 4850.0 4950.0     8.7738700e-01    7.2594126e+00     7.9360419e-01
 4950.0 5050.0     8.8445830e-01    6.9645767e+00     7.9359189e-01
 5050.0 5150.0     8.9158659e-01    6.6817154e+00     7.9357959e-01
 5150.0 5250.0     8.9877233e-01    6.4103423e+00     7.9356729e-01
 5250.0 5350.0     9.0601598e-01    6.1499908e+00     7.9355498e-01
 5350.0 5450.0     9.1331801e-01    5.9002133e+00     7.9354268e-01
 5450.0 5550.0     9.2067890e-01    5.6605803e+00     7.9353038e-01
 5550.0 5650.0     9.2774582e-01    5.4309765e+00     7.9350909e-01
 5650.0 5750.0     9.3250242e-01    5.2125963e+00     7.9342784e-01
 5750.0 5850.0     9.3527630e-01    5.0046114e+00     7.9329564e-01
 5850.0 5950.0     9.3805843e-01    4.8049251e+00     7.9316343e-01
 5950.0 6050.0     9.4084884e-01    4.6132065e+00     7.9303123e-01
 6050.0 6150.0     9.4364754e-01    4.4291374e+00     7.9289902e-01
 6150.0 6250.0     9.4645458e-01    4.2524129e+00     7.9276682e-01
 6250.0 6350.0     9.4926996e-01    4.0827397e+00     7.9263461e-01
 6350.0 6450.0     9.5209372e-01    3.9198365e+00     7.9250240e-01
 6450.0 6550.0     9.5492587e-01    3.7634333e+00     7.9237020e-01
 6550.0 6650.0     9.5776646e-01    3.6132706e+00     7.9223799e-01
 6650.0 6750.0     9.6061549e-01    3.4690995e+00     7.9210579e-01
 6750.0 6850.0     9.6347299e-01    3.3306808e+00     7.9197358e-01
 6850.0 6950.0     9.6579581e-01    3.2035801e+00     7.9175955e-01
 6950.0 7050.0     9.6724811e-01    3.0905676e+00     7.9141353e-01
 7050.0 7150.0     9.6836947e-01    2.9849786e+00     7.9101735e-01
 7150.0 7250.0     9.6949213e-01    2.8829969e+00     7.9062118e-01
 7250.0 7350.0     9.7061609e-01    2.7844995e+00     7.9022500e-01
 7350.0 7450.0     9.7174136e-01    2.6893672e+00     7.8982882e-01
 7450.0 7550.0     9.7286793e-01    2.5974851e+00     7.8943265e-01
 7550.0 7650.0     9.7399581e-01    2.5087421e+00     7.8903647e-01
 7650.0 7750.0     9.7512499e-01    2.4230311e+00     7.8864030e-01
 7750.0 7850.0     9.7625549e-01    2.3402483e+00     7.8824412e-01
 7850.0 7950.0     9.7738729e-01    2.2602939e+00     7.8784795e-01
 7950.0 8050.0     9.7852041e-01    2.1830710e+00     7.8745177e-01
 8050.0 8150.0     9.7965484e-01    2.1084865e+00     7.8705560e-01
 8150.0 8250.0     9.8079058e-01    2.0364502e+00     7.8665942e-01
 8250.0 8350.0     9.8192765e-01    1.9668750e+00     7.8626325e-01
 8350.0 8450.0     9.8306603e-01    1.8996768e+00     7.8586707e-01
 8450.0 8550.0     9.8420573e-01    1.8347744e+00     7.8547090e-01
