 1216.0 1216.0     3.0885016e-01    2.6912825e+01     9.5260837e-01
 1300.0 1350.0     3.1513771e-01    2.7166934e+01     9.5014242e-01
 1350.0 1400.0     3.1809144e-01    2.7173572e+01     9.4876274e-01
 1400.0 1450.0     3.2111032e-01    2.7035325e+01     9.4705608e-01
 1450.0 1500.0     3.2416692e-01    2.6863188e+01     9.4527095e-01
 1500.0 1550.0     3.2725261e-01    2.6692147e+01     9.4348581e-01
 1550.0 1600.0     3.3036767e-01    2.6522195e+01     9.4170067e-01
 1600.0 1650.0     3.3347585e-01    2.6349431e+01     9.3983900e-01
 1650.0 1700.0     3.3651657e-01    2.6167591e+01     9.3777590e-01
 1700.0 1750.0     3.3952487e-01    2.5980699e+01     9.3558792e-01
 1754.0 1770.0     3.4176527e-01    2.5843110e+01     9.3396882e-01
 1770.0 1786.0     3.4273998e-01    2.5783902e+01     9.3326867e-01
 1786.0 1802.0     3.4371748e-01    2.5724830e+01     9.3256851e-01
 1802.0 1818.0     3.4469776e-01    2.5665894e+01     9.3186836e-01
 1818.0 1835.0     3.4571165e-01    2.5605259e+01     9.3114633e-01
 1835.0 1852.0     3.4675933e-01    2.5542934e+01     9.3040242e-01
 1852.0 1869.0     3.4781019e-01    2.5480761e+01     9.2965850e-01
 1869.0 1887.0     3.4889534e-01    2.5416919e+01     9.2889271e-01
 1887.0 1905.0     3.5001496e-01    2.5351418e+01     9.2810504e-01
 1905.0 1923.0     3.5113819e-01    2.5286086e+01     9.2731737e-01
 1923.0 1942.0     3.5229642e-01    2.5219117e+01     9.2650782e-01
 1942.0 1961.0     3.5348987e-01    2.5150520e+01     9.2567638e-01
 1961.0 1980.0     3.5470334e-01    2.5080904e+01     9.2490567e-01
 1980.0 2000.0     3.5597937e-01    2.5007682e+01     9.2421427e-01
 2000.0 2020.0     3.5730242e-01    2.4932082e+01     9.2354148e-01
 2020.0 2041.0     3.5866370e-01    2.4854833e+01     9.2285186e-01
 2041.0 2062.0     3.6006351e-01    2.4775944e+01     9.2214542e-01
 2062.0 2083.0     3.6146877e-01    2.4697306e+01     9.2143898e-01
 2083.0 2105.0     3.6291325e-01    2.4617057e+01     9.2071572e-01
 2105.0 2128.0     3.6443109e-01    2.4533355e+01     9.1995882e-01
 2128.0 2151.0     3.6598915e-01    2.4448084e+01     9.1918510e-01
 2151.0 2174.0     3.6755387e-01    2.4363109e+01     9.1841138e-01
 2174.0 2200.0     3.6922823e-01    2.4272927e+01     9.1758721e-01
 2200.0 2222.0     3.7087527e-01    2.4184886e+01     9.1677985e-01
 2222.0 2247.0     3.7249566e-01    2.4099012e+01     9.1598931e-01
 2247.0 2273.0     3.7426179e-01    2.4006167e+01     9.1513149e-01
 2273.0 2299.0     3.7607109e-01    2.3911866e+01     9.1425685e-01
 2299.0 2326.0     3.7792427e-01    2.3816136e+01     9.1336539e-01
 2326.0 2353.0     3.7982172e-01    2.3718991e+01     9.1245711e-01
 2353.0 2381.0     3.8176419e-01    2.3620458e+01     9.1153202e-01
 2381.0 2410.0     3.8557827e-01    2.3422771e+01     9.1046301e-01
 2410.0 2439.0     3.9147603e-01    2.3118477e+01     9.0925421e-01
 2439.0 2469.0     3.9778345e-01    2.2801961e+01     9.0801162e-01
 2469.0 2500.0     4.0441154e-01    2.2479271e+01     9.0672690e-01
 2500.0 2532.0     4.1137290e-01    2.2150794e+01     9.0540007e-01
 2532.0 2564.0     4.1856648e-01    2.1821979e+01     9.0405218e-01
 2564.0 2597.0     4.2600225e-01    2.1493061e+01     9.0268322e-01
 2597.0 2632.0     4.3392370e-01    2.1154306e+01     9.0125108e-01
 2632.0 2667.0     4.4208164e-01    2.0794737e+01     8.9980098e-01
 2667.0 2703.0     4.5033157e-01    2.0416346e+01     8.9835980e-01
 2703.0 2740.0     4.5894233e-01    2.0031066e+01     8.9688316e-01
 2740.0 2778.0     4.6796050e-01    1.9642801e+01     8.9536607e-01
 2778.0 2817.0     4.7740355e-01    1.9252011e+01     8.9380852e-01
 2817.0 2857.0     4.8728995e-01    1.8859149e+01     8.9221052e-01
 2857.0 2899.0     4.9776975e-01    1.8459897e+01     8.9055183e-01
 2899.0 2941.0     5.0873602e-01    1.8059566e+01     8.8885268e-01
 2941.0 2985.0     5.1893668e-01    1.7683022e+01     8.8737830e-01
 2985.0 3030.0     5.2800238e-01    1.7333613e+01     8.8620488e-01
 3030.0 3077.0     5.3709337e-01    1.6987909e+01     8.8508329e-01
 3077.0 3125.0     5.4664420e-01    1.6638129e+01     8.8392513e-01
 3125.0 3175.0     5.5667558e-01    1.6284886e+01     8.8273040e-01
 3175.0 3225.0     5.6709951e-01    1.5932087e+01     8.8151128e-01
 3225.0 3275.0     5.7768222e-01    1.5588910e+01     8.8036801e-01
 3275.0 3325.0     5.8830860e-01    1.5261243e+01     8.7954076e-01
 3325.0 3375.0     5.9901305e-01    1.4946603e+01     8.7895367e-01
 3375.0 3425.0     6.0991227e-01    1.4638450e+01     8.7836659e-01
 3425.0 3450.0     6.1819779e-01    1.4410925e+01     8.7792628e-01
 3450.0 3550.0     6.3228539e-01    1.4050744e+01     8.7723233e-01
 3550.0 3650.0     6.5409724e-01    1.3573955e+01     8.7659701e-01
 3650.0 3750.0     6.7546262e-01    1.3195970e+01     8.7642071e-01
 3750.0 3850.0     6.9752587e-01    1.2828510e+01     8.7624441e-01
 3850.0 3950.0     7.1956129e-01    1.2493486e+01     8.7618283e-01
 3950.0 4050.0     7.4130182e-01    1.2196313e+01     8.7627219e-01
 4050.0 4150.0     7.6311287e-01    1.1915661e+01     8.7640281e-01
 4150.0 4250.0     7.8350320e-01    1.1656442e+01     8.7656308e-01
 4250.0 4350.0     8.0272267e-01    1.1415259e+01     8.7674796e-01
 4350.0 4450.0     8.2113412e-01    1.1173809e+01     8.7691493e-01
 4450.0 4550.0     8.3408942e-01    1.0914012e+01     8.7700051e-01
 4550.0 4650.0     8.4267340e-01    1.0642088e+01     8.7702261e-01
 4650.0 4750.0     8.5134572e-01    1.0376939e+01     8.7704472e-01
 4750.0 4850.0     8.6010729e-01    1.0118396e+01     8.7706682e-01
 4850.0 4950.0     8.6895903e-01    9.8662945e+00     8.7708893e-01
 4950.0 5050.0     8.7790186e-01    9.6204743e+00     8.7711103e-01
 5050.0 5150.0     8.8693673e-01    9.3807787e+00     8.7713313e-01
 5150.0 5250.0     8.9606458e-01    9.1470552e+00     8.7715524e-01
 5250.0 5350.0     9.0528637e-01    8.9191549e+00     8.7717734e-01
 5350.0 5450.0     9.1460307e-01    8.6969329e+00     8.7719944e-01
 5450.0 5550.0     9.2401565e-01    8.4802475e+00     8.7722155e-01
 5550.0 5650.0     9.3302489e-01    8.2686182e+00     8.7723051e-01
 5650.0 5750.0     9.3877161e-01    8.0600348e+00     8.7715185e-01
 5750.0 5850.0     9.4171192e-01    7.8548209e+00     8.7699873e-01
 5850.0 5950.0     9.4466145e-01    7.6548319e+00     8.7684560e-01
 5950.0 6050.0     9.4762021e-01    7.4599348e+00     8.7669248e-01
 6050.0 6150.0     9.5058824e-01    7.2699998e+00     8.7653935e-01
 6150.0 6250.0     9.5356556e-01    7.0849007e+00     8.7638622e-01
 6250.0 6350.0     9.5655221e-01    6.9045144e+00     8.7623310e-01
 6350.0 6450.0     9.5954821e-01    6.7287208e+00     8.7607997e-01
 6450.0 6550.0     9.6255360e-01    6.5574031e+00     8.7592684e-01
 6550.0 6650.0     9.6556840e-01    6.3904472e+00     8.7577372e-01
 6650.0 6750.0     9.6859265e-01    6.2277421e+00     8.7562059e-01
 6750.0 6850.0     9.7162636e-01    6.0691796e+00     8.7546746e-01
 6850.0 6950.0     9.7401338e-01    5.9155049e+00     8.7524442e-01
 6950.0 7050.0     9.7534805e-01    5.7670803e+00     8.7490860e-01
 7050.0 7150.0     9.7628225e-01    5.6228882e+00     8.7452993e-01
 7150.0 7250.0     9.7721734e-01    5.4823013e+00     8.7415125e-01
 7250.0 7350.0     9.7815333e-01    5.3452295e+00     8.7377258e-01
 7350.0 7450.0     9.7909021e-01    5.2115848e+00     8.7339391e-01
 7450.0 7550.0     9.8002799e-01    5.0812816e+00     8.7301524e-01
 7550.0 7650.0     9.8096667e-01    4.9542362e+00     8.7263657e-01
 7650.0 7750.0     9.8190625e-01    4.8303674e+00     8.7225789e-01
 7750.0 7850.0     9.8284673e-01    4.7095956e+00     8.7187922e-01
 7850.0 7950.0     9.8378811e-01    4.5918434e+00     8.7150055e-01
 7950.0 8050.0     9.8473039e-01    4.4770353e+00     8.7112188e-01
 8050.0 8150.0     9.8567358e-01    4.3650978e+00     8.7074320e-01
 8150.0 8250.0     9.8661767e-01    4.2559589e+00     8.7036453e-01
 8250.0 8350.0     9.8756266e-01    4.1495488e+00     8.6998586e-01
 8350.0 8450.0     9.8850856e-01    4.0457993e+00     8.6960719e-01
 8450.0 8550.0     9.8945536e-01    3.9446437e+00     8.6922852e-01
