 1216.0 1216.0     2.9652517e-01    2.9526116e+01     9.5661183e-01
 1300.0 1350.0     3.0223320e-01    2.9775138e+01     9.5440469e-01
 1350.0 1400.0     3.0496565e-01    2.9770581e+01     9.5316250e-01
 1400.0 1450.0     3.0782671e-01    2.9609665e+01     9.5161803e-01
 1450.0 1500.0     3.1073974e-01    2.9412295e+01     9.5000100e-01
 1500.0 1550.0     3.1368033e-01    2.9216241e+01     9.4838398e-01
 1550.0 1600.0     3.1664875e-01    2.9021494e+01     9.4676695e-01
 1600.0 1650.0     3.1962303e-01    2.8824279e+01     9.4508057e-01
 1650.0 1700.0     3.2256642e-01    2.8618538e+01     9.4321168e-01
 1700.0 1750.0     3.2550031e-01    2.8408168e+01     9.4122962e-01
 1754.0 1770.0     3.2768555e-01    2.8253317e+01     9.3976289e-01
 1770.0 1786.0     3.2863636e-01    2.8186691e+01     9.3912864e-01
 1786.0 1802.0     3.2958993e-01    2.8120222e+01     9.3849438e-01
 1802.0 1818.0     3.3054626e-01    2.8053910e+01     9.3786012e-01
 1818.0 1835.0     3.3153544e-01    2.7985691e+01     9.3720604e-01
 1835.0 1852.0     3.3255764e-01    2.7915577e+01     9.3653214e-01
 1852.0 1869.0     3.3358298e-01    2.7845638e+01     9.3585824e-01
 1869.0 1887.0     3.3464184e-01    2.7773827e+01     9.3516452e-01
 1887.0 1905.0     3.3573441e-01    2.7700156e+01     9.3445098e-01
 1905.0 1923.0     3.3683054e-01    2.7626679e+01     9.3373744e-01
 1923.0 1942.0     3.3796091e-01    2.7551368e+01     9.3300408e-01
 1942.0 1961.0     3.3912572e-01    2.7474232e+01     9.3225089e-01
 1961.0 1980.0     3.4030991e-01    2.7395865e+01     9.3155415e-01
 1980.0 2000.0     3.4155486e-01    2.7313300e+01     9.3093164e-01
 2000.0 2020.0     3.4284563e-01    2.7228009e+01     9.3032694e-01
 2020.0 2041.0     3.4417380e-01    2.7140867e+01     9.2970712e-01
 2041.0 2062.0     3.4553963e-01    2.7051884e+01     9.2907218e-01
 2062.0 2083.0     3.4691088e-01    2.6963194e+01     9.2843724e-01
 2083.0 2105.0     3.4832049e-01    2.6872696e+01     9.2778718e-01
 2105.0 2128.0     3.4980179e-01    2.6778314e+01     9.2710689e-01
 2128.0 2151.0     3.5132245e-01    2.6682174e+01     9.2641148e-01
 2151.0 2174.0     3.5284972e-01    2.6586379e+01     9.2571607e-01
 2174.0 2200.0     3.5448413e-01    2.6484727e+01     9.2497531e-01
 2200.0 2222.0     3.5609199e-01    2.6385499e+01     9.2424967e-01
 2222.0 2247.0     3.5767395e-01    2.6288725e+01     9.2353914e-01
 2247.0 2273.0     3.5939832e-01    2.6184108e+01     9.2276814e-01
 2273.0 2299.0     3.6116499e-01    2.6077865e+01     9.2198203e-01
 2299.0 2326.0     3.6297465e-01    2.5970026e+01     9.2118080e-01
 2326.0 2353.0     3.6482770e-01    2.5860606e+01     9.2036445e-01
 2353.0 2381.0     3.6672487e-01    2.5749639e+01     9.1953298e-01
 2381.0 2410.0     3.7046781e-01    2.5527085e+01     9.1857144e-01
 2410.0 2439.0     3.7626697e-01    2.5184625e+01     9.1748342e-01
 2439.0 2469.0     3.8247186e-01    2.4828566e+01     9.1636492e-01
 2469.0 2500.0     3.8899470e-01    2.4465730e+01     9.1520851e-01
 2500.0 2532.0     3.9584820e-01    2.4096562e+01     9.1401419e-01
 2532.0 2564.0     4.0293314e-01    2.3727194e+01     9.1280090e-01
 2564.0 2597.0     4.1025961e-01    2.3357893e+01     9.1156866e-01
 2597.0 2632.0     4.1806794e-01    2.2977743e+01     9.1027955e-01
 2632.0 2667.0     4.2615503e-01    2.2575734e+01     9.0897481e-01
 2667.0 2703.0     4.3439071e-01    2.2154388e+01     9.0767878e-01
 2703.0 2740.0     4.4300182e-01    2.1725819e+01     9.0635099e-01
 2740.0 2778.0     4.5202667e-01    2.1294141e+01     9.0498682e-01
 2778.0 2817.0     4.6148348e-01    2.0859873e+01     9.0358628e-01
 2817.0 2857.0     4.7139159e-01    2.0423528e+01     9.0214935e-01
 2857.0 2899.0     4.8190244e-01    1.9980323e+01     9.0065786e-01
 2899.0 2941.0     4.9290971e-01    1.9536162e+01     8.9912999e-01
 2941.0 2985.0     5.0319744e-01    1.9120318e+01     8.9780858e-01
 2985.0 3030.0     5.1240988e-01    1.8737012e+01     8.9676373e-01
 3030.0 3077.0     5.2167522e-01    1.8358552e+01     8.9576733e-01
 3077.0 3125.0     5.3141759e-01    1.7975730e+01     8.9473844e-01
 3125.0 3175.0     5.4165931e-01    1.7589224e+01     8.9367706e-01
 3175.0 3225.0     5.5231143e-01    1.7203311e+01     8.9259402e-01
 3225.0 3275.0     5.6313823e-01    1.6828190e+01     8.9158007e-01
 3275.0 3325.0     5.7403005e-01    1.6470786e+01     8.9085399e-01
 3325.0 3375.0     5.8502017e-01    1.6128186e+01     8.9034669e-01
 3375.0 3425.0     5.9622071e-01    1.5792711e+01     8.8983938e-01
 3425.0 3450.0     6.0474122e-01    1.5545049e+01     8.8945891e-01
 3450.0 3550.0     6.1924229e-01    1.5152814e+01     8.8886114e-01
 3550.0 3650.0     6.4163990e-01    1.4630335e+01     8.8833737e-01
 3650.0 3750.0     6.6353457e-01    1.4212523e+01     8.8823171e-01
 3750.0 3850.0     6.8617634e-01    1.3806644e+01     8.8812606e-01
 3850.0 3950.0     7.0882579e-01    1.3436356e+01     8.8812236e-01
 3950.0 4050.0     7.3120983e-01    1.3107451e+01     8.8825282e-01
 4050.0 4150.0     7.5370335e-01    1.2797263e+01     8.8841959e-01
 4150.0 4250.0     7.7479186e-01    1.2513214e+01     8.8861049e-01
 4250.0 4350.0     7.9472576e-01    1.2251030e+01     8.8882143e-01
 4350.0 4450.0     8.1385413e-01    1.1991762e+01     8.8901495e-01
 4450.0 4550.0     8.2738205e-01    1.1726470e+01     8.8912928e-01
 4550.0 4650.0     8.3641729e-01    1.1458119e+01     8.8918184e-01
 4650.0 4750.0     8.4555119e-01    1.1195909e+01     8.8923440e-01
 4750.0 4850.0     8.5478483e-01    1.0939700e+01     8.8928697e-01
 4850.0 4950.0     8.6411931e-01    1.0689354e+01     8.8933953e-01
 4950.0 5050.0     8.7355572e-01    1.0444737e+01     8.8939209e-01
 5050.0 5150.0     8.8309518e-01    1.0205717e+01     8.8944465e-01
 5150.0 5250.0     8.9273882e-01    9.9721675e+00     8.8949722e-01
 5250.0 5350.0     9.0248776e-01    9.7439624e+00     8.8954978e-01
 5350.0 5450.0     9.1234317e-01    9.5209797e+00     8.8960234e-01
 5450.0 5550.0     9.2230620e-01    9.3030997e+00     8.8965490e-01
 5550.0 5650.0     9.3184307e-01    9.0902586e+00     8.8969488e-01
 5650.0 5750.0     9.3789450e-01    8.8826330e+00     8.8965094e-01
 5750.0 5850.0     9.4094571e-01    8.6800428e+00     8.8953567e-01
 5850.0 5950.0     9.4400685e-01    8.4820731e+00     8.8942040e-01
 5950.0 6050.0     9.4707794e-01    8.2886185e+00     8.8930513e-01
 6050.0 6150.0     9.5015903e-01    8.0995762e+00     8.8918986e-01
 6150.0 6250.0     9.5325014e-01    7.9148455e+00     8.8907459e-01
 6250.0 6350.0     9.5635131e-01    7.7343280e+00     8.8895931e-01
 6350.0 6450.0     9.5946256e-01    7.5579276e+00     8.8884404e-01
 6450.0 6550.0     9.6258394e-01    7.3855505e+00     8.8872877e-01
 6550.0 6650.0     9.6571547e-01    7.2171048e+00     8.8861350e-01
 6650.0 6750.0     9.6885720e-01    7.0525010e+00     8.8849823e-01
 6750.0 6850.0     9.7200914e-01    6.8916514e+00     8.8838296e-01
 6850.0 6950.0     9.7447784e-01    6.7342021e+00     8.8820332e-01
 6950.0 7050.0     9.7583450e-01    6.5799210e+00     8.8791985e-01
 7050.0 7150.0     9.7676790e-01    6.4290139e+00     8.8759692e-01
 7150.0 7250.0     9.7770220e-01    6.2815678e+00     8.8727399e-01
 7250.0 7350.0     9.7863739e-01    6.1375032e+00     8.8695107e-01
 7350.0 7450.0     9.7957347e-01    5.9967427e+00     8.8662814e-01
 7450.0 7550.0     9.8051045e-01    5.8592105e+00     8.8630522e-01
 7550.0 7650.0     9.8144832e-01    5.7248325e+00     8.8598229e-01
 7650.0 7750.0     9.8238710e-01    5.5935364e+00     8.8565937e-01
 7750.0 7850.0     9.8332677e-01    5.4652515e+00     8.8533644e-01
 7850.0 7950.0     9.8426734e-01    5.3399088e+00     8.8501351e-01
 7950.0 8050.0     9.8520880e-01    5.2174407e+00     8.8469059e-01
 8050.0 8150.0     9.8615117e-01    5.0977814e+00     8.8436766e-01
 8150.0 8250.0     9.8709444e-01    4.9808664e+00     8.8404474e-01
 8250.0 8350.0     9.8803862e-01    4.8666328e+00     8.8372181e-01
 8350.0 8450.0     9.8898369e-01    4.7550190e+00     8.8339888e-01
 8450.0 8550.0     9.8992967e-01    4.6459651e+00     8.8307596e-01
