 1216.0 1216.0     3.8548356e-01    1.8665959e+01     9.0959768e-01
 1300.0 1350.0     3.9741703e-01    1.9042786e+01     9.0336560e-01
 1350.0 1400.0     4.0240707e-01    1.9122788e+01     9.0013539e-01
 1400.0 1450.0     4.0666625e-01    1.9078427e+01     8.9641644e-01
 1450.0 1500.0     4.1077862e-01    1.9004339e+01     8.9258018e-01
 1500.0 1550.0     4.1493259e-01    1.8930540e+01     8.8874393e-01
 1550.0 1600.0     4.1912856e-01    1.8857027e+01     8.8490767e-01
 1600.0 1650.0     4.2322789e-01    1.8778470e+01     8.8091311e-01
 1650.0 1700.0     4.2699943e-01    1.8686263e+01     8.7650194e-01
 1700.0 1750.0     4.3057585e-01    1.8585862e+01     8.7183248e-01
 1754.0 1770.0     4.3323829e-01    1.8511853e+01     8.6837708e-01
 1770.0 1786.0     4.3439618e-01    1.8479966e+01     8.6688286e-01
 1786.0 1802.0     4.3555716e-01    1.8448135e+01     8.6538863e-01
 1802.0 1818.0     4.3672124e-01    1.8416358e+01     8.6389440e-01
 1818.0 1835.0     4.3792501e-01    1.8383646e+01     8.6235348e-01
 1835.0 1852.0     4.3916868e-01    1.8350003e+01     8.6076586e-01
 1852.0 1869.0     4.4041587e-01    1.8316421e+01     8.5917825e-01
 1869.0 1887.0     4.4170351e-01    1.8281917e+01     8.5754394e-01
 1887.0 1905.0     4.4303180e-01    1.8246494e+01     8.5586293e-01
 1905.0 1923.0     4.4436409e-01    1.8211140e+01     8.5418193e-01
 1923.0 1942.0     4.4573762e-01    1.8174875e+01     8.5245423e-01
 1942.0 1961.0     4.4715263e-01    1.8137705e+01     8.5067983e-01
 1961.0 1980.0     4.4856499e-01    1.8099557e+01     8.4901166e-01
 1980.0 2000.0     4.5000747e-01    1.8058761e+01     8.4747384e-01
 2000.0 2020.0     4.5148741e-01    1.8016384e+01     8.4596014e-01
 2020.0 2041.0     4.5300946e-01    1.7973052e+01     8.4440860e-01
 2041.0 2062.0     4.5457389e-01    1.7928770e+01     8.4281921e-01
 2062.0 2083.0     4.5614372e-01    1.7884597e+01     8.4122983e-01
 2083.0 2105.0     4.5775661e-01    1.7839487e+01     8.3960260e-01
 2105.0 2128.0     4.5945063e-01    1.7792400e+01     8.3789969e-01
 2128.0 2151.0     4.6118870e-01    1.7744394e+01     8.3615893e-01
 2151.0 2174.0     4.6293334e-01    1.7696517e+01     8.3441818e-01
 2174.0 2200.0     4.6479926e-01    1.7645664e+01     8.3256390e-01
 2200.0 2222.0     4.6663386e-01    1.7595981e+01     8.3074746e-01
 2222.0 2247.0     4.6843777e-01    1.7547478e+01     8.2896886e-01
 2247.0 2273.0     4.7040294e-01    1.7494996e+01     8.2703889e-01
 2273.0 2299.0     4.7241505e-01    1.7441645e+01     8.2507108e-01
 2299.0 2326.0     4.7447479e-01    1.7387436e+01     8.2306543e-01
 2326.0 2353.0     4.7658254e-01    1.7332377e+01     8.2102193e-01
 2353.0 2381.0     4.7873904e-01    1.7276478e+01     8.1894060e-01
 2381.0 2410.0     4.8280696e-01    1.7161583e+01     8.1655058e-01
 2410.0 2439.0     4.8899271e-01    1.6982979e+01     8.1386285e-01
 2439.0 2469.0     4.9558483e-01    1.6796607e+01     8.1110143e-01
 2469.0 2500.0     5.0249387e-01    1.6606068e+01     8.0824640e-01
 2500.0 2532.0     5.0973055e-01    1.6411550e+01     8.0529777e-01
 2532.0 2564.0     5.1718797e-01    1.6216259e+01     8.0230233e-01
 2564.0 2597.0     5.2487447e-01    1.6020314e+01     7.9926009e-01
 2597.0 2632.0     5.3303897e-01    1.5817877e+01     7.9607743e-01
 2632.0 2667.0     5.4101180e-01    1.5587613e+01     7.9284590e-01
 2667.0 2703.0     5.4852978e-01    1.5327579e+01     7.8962309e-01
 2703.0 2740.0     5.5624723e-01    1.5059631e+01     7.8631901e-01
 2740.0 2778.0     5.6428922e-01    1.4789218e+01     7.8292440e-01
 2778.0 2817.0     5.7266663e-01    1.4516646e+01     7.7943928e-01
 2817.0 2857.0     5.8139091e-01    1.4242214e+01     7.7586363e-01
 2857.0 2899.0     5.9058799e-01    1.3962880e+01     7.7215219e-01
 2899.0 2941.0     6.0015841e-01    1.3682345e+01     7.6835024e-01
 2941.0 2985.0     6.0862043e-01    1.3399831e+01     7.6499507e-01
 2985.0 3030.0     6.1550950e-01    1.3111976e+01     7.6223680e-01
 3030.0 3077.0     6.2219229e-01    1.2820546e+01     7.5957070e-01
 3077.0 3125.0     6.2916875e-01    1.2526373e+01     7.5681766e-01
 3125.0 3175.0     6.3644792e-01    1.2230017e+01     7.5397769e-01
 3175.0 3225.0     6.4396158e-01    1.1934768e+01     7.5107975e-01
 3225.0 3275.0     6.5154093e-01    1.1645305e+01     7.4833776e-01
 3275.0 3325.0     6.5911277e-01    1.1357372e+01     7.4624555e-01
 3325.0 3375.0     6.6669891e-01    1.1072413e+01     7.4464716e-01
 3375.0 3425.0     6.7437236e-01    1.0794605e+01     7.4304878e-01
 3425.0 3450.0     6.8017699e-01    1.0590191e+01     7.4184999e-01
 3450.0 3550.0     6.9002847e-01    1.0268582e+01     7.3993581e-01
 3550.0 3650.0     7.0613300e-01    9.8425318e+00     7.3787040e-01
 3650.0 3750.0     7.2272365e-01    9.5049909e+00     7.3676876e-01
 3750.0 3850.0     7.3970410e-01    9.1790256e+00     7.3566711e-01
 3850.0 3950.0     7.5681017e-01    8.8744560e+00     7.3486083e-01
 3950.0 4050.0     7.7395035e-01    8.5933488e+00     7.3444319e-01
 4050.0 4150.0     7.9113469e-01    8.3230649e+00     7.3414318e-01
 4150.0 4250.0     8.0717101e-01    8.0543559e+00     7.3398652e-01
 4250.0 4350.0     8.2226055e-01    7.7886099e+00     7.3394884e-01
 4350.0 4450.0     8.3659487e-01    7.5168144e+00     7.3391322e-01
 4450.0 4550.0     8.4642657e-01    7.1895764e+00     7.3388697e-01
 4550.0 4650.0     8.5267358e-01    6.8267927e+00     7.3386802e-01
 4650.0 4750.0     8.5896671e-01    6.4823150e+00     7.3384908e-01
 4750.0 4850.0     8.6530628e-01    6.1552195e+00     7.3383014e-01
 4850.0 4950.0     8.7169263e-01    5.8446292e+00     7.3381120e-01
 4950.0 5050.0     8.7812613e-01    5.5497111e+00     7.3379225e-01
 5050.0 5150.0     8.8460710e-01    5.2696745e+00     7.3377331e-01
 5150.0 5250.0     8.9113591e-01    5.0037685e+00     7.3375437e-01
 5250.0 5350.0     8.9771290e-01    4.7512800e+00     7.3373542e-01
 5350.0 5450.0     9.0433844e-01    4.5115320e+00     7.3371648e-01
 5450.0 5550.0     9.1101287e-01    4.2838815e+00     7.3369754e-01
 5550.0 5650.0     9.1744652e-01    4.0689176e+00     7.3367651e-01
 5650.0 5750.0     9.2198446e-01    3.8724101e+00     7.3364163e-01
 5750.0 5850.0     9.2489661e-01    3.6918737e+00     7.3359497e-01
 5850.0 5950.0     9.2781796e-01    3.5197542e+00     7.3354831e-01
 5950.0 6050.0     9.3074853e-01    3.3556590e+00     7.3350165e-01
 6050.0 6150.0     9.3368836e-01    3.1992142e+00     7.3345499e-01
 6150.0 6250.0     9.3663748e-01    3.0500630e+00     7.3340833e-01
 6250.0 6350.0     9.3959591e-01    2.9078654e+00     7.3336167e-01
 6350.0 6450.0     9.4256368e-01    2.7722973e+00     7.3331501e-01
 6450.0 6550.0     9.4554083e-01    2.6430495e+00     7.3326835e-01
 6550.0 6650.0     9.4852738e-01    2.5198273e+00     7.3322168e-01
 6650.0 6750.0     9.5152337e-01    2.4023500e+00     7.3317502e-01
 6750.0 6850.0     9.5452882e-01    2.2903496e+00     7.3312836e-01
 6850.0 6950.0     9.5702324e-01    2.1896559e+00     7.3300228e-01
 6950.0 7050.0     9.5868454e-01    2.1030839e+00     7.3274809e-01
 7050.0 7150.0     9.6002943e-01    2.0235334e+00     7.3244523e-01
 7150.0 7250.0     9.6137621e-01    1.9469918e+00     7.3214236e-01
 7250.0 7350.0     9.6272487e-01    1.8733456e+00     7.3183950e-01
 7350.0 7450.0     9.6407543e-01    1.8024850e+00     7.3153663e-01
 7450.0 7550.0     9.6542788e-01    1.7343048e+00     7.3123377e-01
 7550.0 7650.0     9.6678223e-01    1.6687035e+00     7.3093090e-01
 7650.0 7750.0     9.6813848e-01    1.6055837e+00     7.3062804e-01
 7750.0 7850.0     9.6949663e-01    1.5448514e+00     7.3032517e-01
 7850.0 7950.0     9.7085669e-01    1.4864163e+00     7.3002231e-01
 7950.0 8050.0     9.7221865e-01    1.4301916e+00     7.2971945e-01
 8050.0 8150.0     9.7358253e-01    1.3760936e+00     7.2941658e-01
 8150.0 8250.0     9.7494832e-01    1.3240420e+00     7.2911372e-01
 8250.0 8350.0     9.7631602e-01    1.2739592e+00     7.2881085e-01
 8350.0 8450.0     9.7768564e-01    1.2257708e+00     7.2850799e-01
 8450.0 8550.0     9.7905719e-01    1.1794052e+00     7.2820512e-01
