 1216.0 1216.0     2.7244814e-01    3.8349392e+01     9.6327515e-01
 1300.0 1350.0     2.7707209e-01    3.8603929e+01     9.6143771e-01
 1350.0 1400.0     2.7940422e-01    3.8571398e+01     9.6039727e-01
 1400.0 1450.0     2.8200123e-01    3.8342785e+01     9.5909686e-01
 1450.0 1500.0     2.8468165e-01    3.8068732e+01     9.5773405e-01
 1500.0 1550.0     2.8738755e-01    3.7796637e+01     9.5637124e-01
 1550.0 1600.0     2.9011917e-01    3.7526487e+01     9.5500844e-01
 1600.0 1650.0     2.9286493e-01    3.7253667e+01     9.5359025e-01
 1650.0 1700.0     2.9560537e-01    3.6970782e+01     9.5202632e-01
 1700.0 1750.0     2.9835198e-01    3.6682598e+01     9.5037204e-01
 1754.0 1770.0     3.0039801e-01    3.6470539e+01     9.4914786e-01
 1770.0 1786.0     3.0128837e-01    3.6379326e+01     9.4861849e-01
 1786.0 1802.0     3.0218137e-01    3.6288341e+01     9.4808912e-01
 1802.0 1818.0     3.0307701e-01    3.6197583e+01     9.4755975e-01
 1818.0 1835.0     3.0400347e-01    3.6104231e+01     9.4701383e-01
 1835.0 1852.0     3.0496091e-01    3.6008297e+01     9.4645138e-01
 1852.0 1869.0     3.0592138e-01    3.5912619e+01     9.4588892e-01
 1869.0 1887.0     3.0691330e-01    3.5814396e+01     9.4530992e-01
 1887.0 1905.0     3.0793686e-01    3.5713643e+01     9.4471438e-01
 1905.0 1923.0     3.0896384e-01    3.5613174e+01     9.4411883e-01
 1923.0 1942.0     3.1002297e-01    3.5510212e+01     9.4350675e-01
 1942.0 1961.0     3.1111445e-01    3.5404773e+01     9.4287812e-01
 1961.0 1980.0     3.1222901e-01    3.5297719e+01     9.4229864e-01
 1980.0 2000.0     3.1340872e-01    3.5185029e+01     9.4178455e-01
 2000.0 2020.0     3.1463480e-01    3.5068668e+01     9.4128667e-01
 2020.0 2041.0     3.1589658e-01    3.4949803e+01     9.4077635e-01
 2041.0 2062.0     3.1719432e-01    3.4828451e+01     9.4025358e-01
 2062.0 2083.0     3.1849738e-01    3.4707520e+01     9.3973082e-01
 2083.0 2105.0     3.1983709e-01    3.4584151e+01     9.3919560e-01
 2105.0 2128.0     3.2124514e-01    3.4455512e+01     9.3863550e-01
 2128.0 2151.0     3.2269081e-01    3.4324505e+01     9.3806294e-01
 2151.0 2174.0     3.2414300e-01    3.4193995e+01     9.3749039e-01
 2174.0 2200.0     3.2569730e-01    3.4055537e+01     9.3688049e-01
 2200.0 2222.0     3.2722659e-01    3.3920409e+01     9.3628304e-01
 2222.0 2247.0     3.2873149e-01    3.3788654e+01     9.3569804e-01
 2247.0 2273.0     3.3037214e-01    3.3646253e+01     9.3506325e-01
 2273.0 2299.0     3.3205331e-01    3.3501671e+01     9.3441602e-01
 2299.0 2326.0     3.3377569e-01    3.3354955e+01     9.3375634e-01
 2326.0 2353.0     3.3553968e-01    3.3206125e+01     9.3308421e-01
 2353.0 2381.0     3.3734600e-01    3.3055228e+01     9.3239963e-01
 2381.0 2410.0     3.4093555e-01    3.2752282e+01     9.3160747e-01
 2410.0 2439.0     3.4651391e-01    3.2286116e+01     9.3071064e-01
 2439.0 2469.0     3.5248784e-01    3.1801831e+01     9.2978864e-01
 2469.0 2500.0     3.5877259e-01    3.1308765e+01     9.2883539e-01
 2500.0 2532.0     3.6538104e-01    3.0807557e+01     9.2785088e-01
 2532.0 2564.0     3.7221804e-01    3.0306544e+01     9.2685075e-01
 2564.0 2597.0     3.7929387e-01    2.9806106e+01     9.2583499e-01
 2597.0 2632.0     3.8684138e-01    2.9291478e+01     9.2477235e-01
 2632.0 2667.0     3.9473031e-01    2.8749429e+01     9.2369784e-01
 2667.0 2703.0     4.0285419e-01    2.8183776e+01     9.2263177e-01
 2703.0 2740.0     4.1137363e-01    2.7609330e+01     9.2153980e-01
 2740.0 2778.0     4.2031415e-01    2.7031337e+01     9.2041792e-01
 2778.0 2817.0     4.2969527e-01    2.6450518e+01     9.1926611e-01
 2817.0 2857.0     4.3953771e-01    2.5867580e+01     9.1808439e-01
 2857.0 2899.0     4.4999395e-01    2.5276172e+01     9.1685780e-01
 2899.0 2941.0     4.6096001e-01    2.4684192e+01     9.1560128e-01
 2941.0 2985.0     4.7129999e-01    2.4133582e+01     9.1452107e-01
 2985.0 3030.0     4.8068755e-01    2.3630798e+01     9.1367717e-01
 3030.0 3077.0     4.9017987e-01    2.3135961e+01     9.1287588e-01
 3077.0 3125.0     5.0017741e-01    2.2635804e+01     9.1204846e-01
 3125.0 3175.0     5.1070551e-01    2.2131237e+01     9.1119492e-01
 3175.0 3225.0     5.2167458e-01    2.1627850e+01     9.1032395e-01
 3225.0 3275.0     5.3284896e-01    2.1138981e+01     9.0951152e-01
 3275.0 3325.0     5.4413454e-01    2.0673733e+01     9.0894294e-01
 3325.0 3375.0     5.5556127e-01    2.0228232e+01     9.0855971e-01
 3375.0 3425.0     5.6722796e-01    1.9792332e+01     9.0817648e-01
 3425.0 3450.0     5.7611515e-01    1.9470715e+01     9.0788906e-01
 3450.0 3550.0     5.9127387e-01    1.8961149e+01     9.0744059e-01
 3550.0 3650.0     6.1464129e-01    1.8273712e+01     9.0708687e-01
 3650.0 3750.0     6.3746103e-01    1.7714578e+01     9.0708475e-01
 3750.0 3850.0     6.6112801e-01    1.7172551e+01     9.0708264e-01
 3850.0 3950.0     6.8489146e-01    1.6675696e+01     9.0716530e-01
 3950.0 4050.0     7.0847254e-01    1.6230651e+01     9.0735952e-01
 4050.0 4150.0     7.3225721e-01    1.5811266e+01     9.0758363e-01
 4150.0 4250.0     7.5471098e-01    1.5431413e+01     9.0782605e-01
 4250.0 4350.0     7.7608103e-01    1.5084439e+01     9.0808367e-01
 4350.0 4450.0     7.9666216e-01    1.4748988e+01     9.0832585e-01
 4450.0 4550.0     8.1137217e-01    1.4437641e+01     9.0849792e-01
 4550.0 4650.0     8.2135941e-01    1.4145799e+01     9.0861530e-01
 4650.0 4750.0     8.3146958e-01    1.3859857e+01     9.0873268e-01
 4750.0 4850.0     8.4170420e-01    1.3579694e+01     9.0885005e-01
 4850.0 4950.0     8.5206480e-01    1.3305195e+01     9.0896743e-01
 4950.0 5050.0     8.6255293e-01    1.3036244e+01     9.0908481e-01
 5050.0 5150.0     8.7317015e-01    1.2772730e+01     9.0920219e-01
 5150.0 5250.0     8.8391807e-01    1.2514542e+01     9.0931956e-01
 5250.0 5350.0     8.9479828e-01    1.2261574e+01     9.0943694e-01
 5350.0 5450.0     9.0581242e-01    1.2013719e+01     9.0955432e-01
 5450.0 5550.0     9.1696213e-01    1.1770874e+01     9.0967169e-01
 5550.0 5650.0     9.2764220e-01    1.1534506e+01     9.0977831e-01
 5650.0 5750.0     9.3437848e-01    1.1313175e+01     9.0981315e-01
 5750.0 5850.0     9.3771475e-01    1.1104817e+01     9.0978698e-01
 5850.0 5950.0     9.4106294e-01    1.0900297e+01     9.0976082e-01
 5950.0 6050.0     9.4442307e-01    1.0699544e+01     9.0973466e-01
 6050.0 6150.0     9.4779521e-01    1.0502487e+01     9.0970849e-01
 6150.0 6250.0     9.5117938e-01    1.0309061e+01     9.0968233e-01
 6250.0 6350.0     9.5457564e-01    1.0119196e+01     9.0965617e-01
 6350.0 6450.0     9.5798402e-01    9.9328282e+00     9.0963000e-01
 6450.0 6550.0     9.6140458e-01    9.7498929e+00     9.0960384e-01
 6550.0 6650.0     9.6483735e-01    9.5703267e+00     9.0957768e-01
 6650.0 6750.0     9.6828237e-01    9.3940676e+00     9.0955151e-01
 6750.0 6850.0     9.7173970e-01    9.2210547e+00     9.0952535e-01
 6850.0 6950.0     9.7442921e-01    9.0493402e+00     9.0944683e-01
 6950.0 7050.0     9.7586817e-01    8.8778007e+00     9.0928385e-01
 7050.0 7150.0     9.7683101e-01    8.7083781e+00     9.0908878e-01
 7150.0 7250.0     9.7779480e-01    8.5421888e+00     9.0889371e-01
 7250.0 7350.0     9.7875954e-01    8.3791709e+00     9.0869864e-01
 7350.0 7450.0     9.7972523e-01    8.2192641e+00     9.0850358e-01
 7450.0 7550.0     9.8069188e-01    8.0624089e+00     9.0830851e-01
 7550.0 7650.0     9.8165947e-01    7.9085471e+00     9.0811344e-01
 7650.0 7750.0     9.8262803e-01    7.7576216e+00     9.0791837e-01
 7750.0 7850.0     9.8359754e-01    7.6095763e+00     9.0772330e-01
 7850.0 7950.0     9.8456800e-01    7.4643563e+00     9.0752823e-01
 7950.0 8050.0     9.8553942e-01    7.3219077e+00     9.0733316e-01
 8050.0 8150.0     9.8651181e-01    7.1821775e+00     9.0713810e-01
 8150.0 8250.0     9.8748515e-01    7.0451139e+00     9.0694303e-01
 8250.0 8350.0     9.8845945e-01    6.9106660e+00     9.0674796e-01
 8350.0 8450.0     9.8943471e-01    6.7787839e+00     9.0655289e-01
 8450.0 8550.0     9.9041093e-01    6.6494186e+00     9.0635782e-01
