 1216.0 1216.0     5.4709480e-02    4.5563283e-01     3.7442927e-02
 1300.0 1350.0     4.4622478e-02    3.3442748e-01     3.1973417e-02
 1350.0 1400.0     4.0493023e-02    2.9901773e-01     2.9746469e-02
 1400.0 1450.0     3.6583816e-02    2.7960581e-01     2.7890576e-02
 1450.0 1500.0     3.3016108e-02    2.6427896e-01     2.6123736e-02
 1500.0 1550.0     2.9796328e-02    2.4979227e-01     2.4356896e-02
 1550.0 1600.0     2.6890546e-02    2.3609968e-01     2.2590056e-02
 1600.0 1650.0     2.4414879e-02    2.2357780e-01     2.0981486e-02
 1650.0 1700.0     2.2537261e-02    2.1279474e-01     1.9789419e-02
 1700.0 1750.0     2.1028761e-02    2.0318752e-01     1.8855584e-02
 1754.0 1770.0     1.9967108e-02    1.9631151e-01     1.8164546e-02
 1770.0 1786.0     1.9529323e-02    1.9343066e-01     1.7865718e-02
 1786.0 1802.0     1.9101136e-02    1.9059210e-01     1.7566891e-02
 1802.0 1818.0     1.8682338e-02    1.8779518e-01     1.7268064e-02
 1818.0 1835.0     1.8260211e-02    1.8495450e-01     1.6959898e-02
 1835.0 1852.0     1.7835121e-02    1.8207201e-01     1.6642394e-02
 1852.0 1869.0     1.7419927e-02    1.7923444e-01     1.6324890e-02
 1869.0 1887.0     1.7002758e-02    1.7636026e-01     1.5998048e-02
 1887.0 1905.0     1.6583947e-02    1.7345137e-01     1.5661867e-02
 1905.0 1923.0     1.6175452e-02    1.7059046e-01     1.5325686e-02
 1923.0 1942.0     1.5766232e-02    1.6769991e-01     1.4980167e-02
 1942.0 1961.0     1.5356587e-02    1.6478154e-01     1.4625310e-02
 1961.0 1980.0     1.4977713e-02    1.6216630e-01     1.4318757e-02
 1980.0 2000.0     1.4631452e-02    1.5993813e-01     1.4083374e-02
 2000.0 2020.0     1.4296306e-02    1.5783344e-01     1.3870854e-02
 2020.0 2041.0     1.3960843e-02    1.5570524e-01     1.3653022e-02
 2041.0 2062.0     1.3625262e-02    1.5355452e-01     1.3429876e-02
 2062.0 2083.0     1.3297748e-02    1.5143351e-01     1.3206731e-02
 2083.0 2105.0     1.2970683e-02    1.4929270e-01     1.2978273e-02
 2105.0 2128.0     1.2637018e-02    1.4708471e-01     1.2739188e-02
 2128.0 2151.0     1.2304712e-02    1.4486105e-01     1.2494791e-02
 2151.0 2174.0     1.1981145e-02    1.4267100e-01     1.2250394e-02
 2174.0 2200.0     1.1646117e-02    1.4037566e-01     1.1990057e-02
 2200.0 2222.0     1.1326372e-02    1.3816043e-01     1.1735034e-02
 2222.0 2247.0     1.1022405e-02    1.3602768e-01     1.1485324e-02
 2247.0 2273.0     1.0701607e-02    1.3374990e-01     1.1214361e-02
 2273.0 2299.0     1.0384040e-02    1.3146635e-01     1.0938086e-02
 2299.0 2326.0     1.0070150e-02    1.2917938e-01     1.0656498e-02
 2326.0 2353.0     9.7600062e-03    1.2688979e-01     1.0369597e-02
 2353.0 2381.0     9.4540231e-03    1.2459989e-01     1.0077382e-02
 2381.0 2410.0     9.1936559e-03    1.2170093e-01     9.8223213e-03
 2410.0 2439.0     8.9873439e-03    1.1819946e-01     9.6152392e-03
 2439.0 2469.0     8.7876403e-03    1.1467731e-01     9.4101947e-03
 2469.0 2500.0     8.5858317e-03    1.1114609e-01     9.1981995e-03
 2500.0 2532.0     8.3822701e-03    1.0761319e-01     8.9792536e-03
 2532.0 2564.0     8.1803805e-03    1.0413830e-01     8.7568324e-03
 2564.0 2597.0     7.9803505e-03    1.0072481e-01     8.5309358e-03
 2597.0 2632.0     7.7763598e-03    9.7274332e-02     8.2946133e-03
 2632.0 2667.0     7.5694922e-03    9.4009154e-02     8.0748022e-03
 2667.0 2703.0     7.3625892e-03    9.1011675e-02     7.8806410e-03
 2703.0 2740.0     7.1552891e-03    8.8063405e-02     7.6860014e-03
 2740.0 2778.0     6.9483868e-03    8.5133799e-02     7.4860292e-03
 2778.0 2817.0     6.7421898e-03    8.2227433e-02     7.2807244e-03
 2817.0 2857.0     6.5369947e-03    7.9348664e-02     7.0700870e-03
 2857.0 2899.0     6.3306499e-03    7.6467765e-02     6.8514507e-03
 2899.0 2941.0     6.1259454e-03    7.3623763e-02     6.6274818e-03
 2941.0 2985.0     5.9258587e-03    7.1007519e-02     6.4218296e-03
 2985.0 3030.0     5.7290020e-03    6.8641088e-02     6.2404274e-03
 3030.0 3077.0     5.5332687e-03    6.6339817e-02     6.0610593e-03
 3077.0 3125.0     5.3381319e-03    6.4044023e-02     5.8758421e-03
 3125.0 3175.0     5.1440773e-03    6.1759369e-02     5.6847761e-03
 3175.0 3225.0     4.9532617e-03    5.9511263e-02     5.4898107e-03
 3225.0 3275.0     4.7776464e-03    5.7301876e-02     5.3009045e-03
 3275.0 3325.0     4.6414261e-03    5.5000492e-02     5.1372449e-03
 3325.0 3375.0     4.5342579e-03    5.2660911e-02     4.9927726e-03
 3375.0 3425.0     4.4295642e-03    5.0420849e-02     4.8483003e-03
 3425.0 3450.0     4.3524106e-03    4.8794916e-02     4.7399461e-03
 3450.0 3550.0     4.2353920e-03    4.6245885e-02     4.5629546e-03
 3550.0 3650.0     4.1365860e-03    4.2278412e-02     4.3225948e-03
 3650.0 3750.0     4.1222001e-03    3.8552766e-02     4.1236222e-03
 3750.0 3850.0     4.1078642e-03    3.5155431e-02     3.9246495e-03
 3850.0 3950.0     4.1346151e-03    3.1912401e-02     3.7425229e-03
 3950.0 4050.0     4.2163351e-03    2.8782996e-02     3.5825623e-03
 4050.0 4150.0     4.3174533e-03    2.5903782e-02     3.4300096e-03
 4150.0 4250.0     4.4475160e-03    2.3228615e-02     3.2897393e-03
 4250.0 4350.0     4.6037282e-03    2.0761570e-02     3.1596635e-03
 4350.0 4450.0     4.7545618e-03    1.8583479e-02     3.0333125e-03
 4450.0 4550.0     4.8602037e-03    1.6747081e-02     2.9238925e-03
 4550.0 4650.0     4.9292146e-03    1.5178817e-02     2.8276786e-03
 4650.0 4750.0     4.9992055e-03    1.3757412e-02     2.7314647e-03
 4750.0 4850.0     5.0701902e-03    1.2469113e-02     2.6352507e-03
 4850.0 4950.0     5.1421828e-03    1.1301455e-02     2.5390368e-03
 4950.0 5050.0     5.2151977e-03    1.0243141e-02     2.4428229e-03
 5050.0 5150.0     5.2892493e-03    9.2839324e-03     2.3466090e-03
 5150.0 5250.0     5.3643524e-03    8.4145477e-03     2.2503950e-03
 5250.0 5350.0     5.4405219e-03    7.6265757e-03     2.1541811e-03
 5350.0 5450.0     5.5177729e-03    6.9123925e-03     2.0579672e-03
 5450.0 5550.0     5.5961209e-03    6.2650883e-03     1.9617533e-03
 5550.0 5650.0     5.6797799e-03    5.6812174e-03     1.8690540e-03
 5650.0 5750.0     5.7931751e-03    5.1691126e-03     1.7997858e-03
 5750.0 5850.0     5.9332203e-03    4.7177440e-03     1.7504339e-03
 5850.0 5950.0     6.0766509e-03    4.3057890e-03     1.7010820e-03
 5950.0 6050.0     6.2235489e-03    3.9298061e-03     1.6517302e-03
 6050.0 6150.0     6.3739980e-03    3.5866542e-03     1.6023783e-03
 6150.0 6250.0     6.5280841e-03    3.2734663e-03     1.5530264e-03
 6250.0 6350.0     6.6858950e-03    2.9876262e-03     1.5036745e-03
 6350.0 6450.0     6.8475210e-03    2.7267457e-03     1.4543227e-03
 6450.0 6550.0     7.0130541e-03    2.4886454e-03     1.4049708e-03
 6550.0 6650.0     7.1825888e-03    2.2713360e-03     1.3556189e-03
 6650.0 6750.0     7.3562219e-03    2.0730022e-03     1.3062670e-03
 6750.0 6850.0     7.5340524e-03    1.8919870e-03     1.2569151e-03
 6850.0 6950.0     7.7285397e-03    1.7312116e-03     1.2150231e-03
 6950.0 7050.0     7.9482269e-03    1.5910474e-03     1.1851629e-03
 7050.0 7150.0     8.1819680e-03    1.4647395e-03     1.1598748e-03
 7150.0 7250.0     8.4225830e-03    1.3484587e-03     1.1345866e-03
 7250.0 7350.0     8.6702740e-03    1.2414091e-03     1.1092985e-03
 7350.0 7450.0     8.9252491e-03    1.1428577e-03     1.0840104e-03
 7450.0 7550.0     9.1877224e-03    1.0521301e-03     1.0587223e-03
 7550.0 7650.0     9.4579146e-03    9.6860499e-04     1.0334342e-03
 7650.0 7750.0     9.7360526e-03    8.9171068e-04     1.0081461e-03
 7750.0 7850.0     1.0022370e-02    8.2092075e-04     9.8285798e-04
 7850.0 7950.0     1.0317108e-02    7.5575059e-04     9.5756987e-04
 7950.0 8050.0     1.0620513e-02    6.9575408e-04     9.3228176e-04
 8050.0 8150.0     1.0932840e-02    6.4052048e-04     9.0699365e-04
 8150.0 8250.0     1.1254353e-02    5.8967170e-04     8.8170554e-04
 8250.0 8350.0     1.1585320e-02    5.4285964e-04     8.5641743e-04
 8350.0 8450.0     1.1926021e-02    4.9976382e-04     8.3112932e-04
 8450.0 8550.0     1.2276741e-02    4.6008924e-04     8.0584121e-04
