 1216.0 1216.0     9.6656869e-02    6.3360698e-01     5.8655809e-02
 1300.0 1350.0     8.0135201e-02    4.5836047e-01     5.0007134e-02
 1350.0 1400.0     7.3208141e-02    4.0721148e-01     4.6494284e-02
 1400.0 1450.0     6.6504429e-02    3.7862631e-01     4.3579368e-02
 1450.0 1500.0     6.0331007e-02    3.5591924e-01     4.0807956e-02
 1500.0 1550.0     5.4730648e-02    3.3457396e-01     3.8036545e-02
 1550.0 1600.0     4.9650154e-02    3.1450881e-01     3.5265133e-02
 1600.0 1650.0     4.5291561e-02    2.9636440e-01     3.2743143e-02
 1650.0 1700.0     4.1947847e-02    2.8109901e-01     3.0877528e-02
 1700.0 1750.0     3.9235040e-02    2.6773744e-01     2.9418865e-02
 1754.0 1770.0     3.7322440e-02    2.5819177e-01     2.8339455e-02
 1770.0 1786.0     3.6532437e-02    2.5419929e-01     2.7872683e-02
 1786.0 1802.0     3.5759156e-02    2.5026854e-01     2.7405911e-02
 1802.0 1818.0     3.5002243e-02    2.4639858e-01     2.6939139e-02
 1818.0 1835.0     3.4238706e-02    2.4247129e-01     2.6457780e-02
 1835.0 1852.0     3.3469194e-02    2.3848950e-01     2.5961835e-02
 1852.0 1869.0     3.2716977e-02    2.3457309e-01     2.5465889e-02
 1869.0 1887.0     3.1960540e-02    2.3060962e-01     2.4955357e-02
 1887.0 1905.0     3.1200482e-02    2.2660180e-01     2.4430239e-02
 1905.0 1923.0     3.0458499e-02    2.2266362e-01     2.3905120e-02
 1923.0 1942.0     2.9714535e-02    2.1868833e-01     2.3365415e-02
 1942.0 1961.0     2.8969128e-02    2.1467849e-01     2.2811123e-02
 1961.0 1980.0     2.8276833e-02    2.1109620e-01     2.2332461e-02
 1980.0 2000.0     2.7639723e-02    2.0806078e-01     2.1965261e-02
 2000.0 2020.0     2.7021153e-02    2.0520155e-01     2.1633893e-02
 2020.0 2041.0     2.6401657e-02    2.0231210e-01     2.1294241e-02
 2041.0 2062.0     2.5781602e-02    1.9939386e-01     2.0946305e-02
 2062.0 2083.0     2.5176109e-02    1.9651772e-01     2.0598369e-02
 2083.0 2105.0     2.4571098e-02    1.9361657e-01     2.0242149e-02
 2105.0 2128.0     2.3953510e-02    1.9062634e-01     1.9869361e-02
 2128.0 2151.0     2.3338068e-02    1.8761686e-01     1.9488288e-02
 2151.0 2174.0     2.2738438e-02    1.8465490e-01     1.9107215e-02
 2174.0 2200.0     2.2117159e-02    1.8155278e-01     1.8701290e-02
 2200.0 2222.0     2.1523864e-02    1.7856092e-01     1.8303648e-02
 2222.0 2247.0     2.0959457e-02    1.7568262e-01     1.7914292e-02
 2247.0 2273.0     2.0363413e-02    1.7261078e-01     1.7491798e-02
 2273.0 2299.0     1.9772966e-02    1.6953346e-01     1.7061020e-02
 2299.0 2326.0     1.9188942e-02    1.6645395e-01     1.6621958e-02
 2326.0 2353.0     1.8611475e-02    1.6337333e-01     1.6174611e-02
 2353.0 2381.0     1.8041334e-02    1.6029479e-01     1.5718981e-02
 2381.0 2410.0     1.7555455e-02    1.5645521e-01     1.5321339e-02
 2410.0 2439.0     1.7169662e-02    1.5186801e-01     1.4998574e-02
 2439.0 2469.0     1.6795974e-02    1.4726041e-01     1.4678995e-02
 2469.0 2500.0     1.6418168e-02    1.4264354e-01     1.4348582e-02
 2500.0 2532.0     1.6036893e-02    1.3802720e-01     1.4007336e-02
 2532.0 2564.0     1.5658561e-02    1.3348936e-01     1.3660674e-02
 2564.0 2597.0     1.5283522e-02    1.2903443e-01     1.3308595e-02
 2597.0 2632.0     1.4900854e-02    1.2453409e-01     1.2940266e-02
 2632.0 2667.0     1.4511818e-02    1.2027939e-01     1.2597656e-02
 2667.0 2703.0     1.4121599e-02    1.1637767e-01     1.2295003e-02
 2703.0 2740.0     1.3730297e-02    1.1254254e-01     1.1991601e-02
 2740.0 2778.0     1.3339563e-02    1.0873393e-01     1.1679886e-02
 2778.0 2817.0     1.2949976e-02    1.0495781e-01     1.1359859e-02
 2817.0 2857.0     1.2562091e-02    1.0121985e-01     1.1031520e-02
 2857.0 2899.0     1.2171834e-02    9.7481524e-02     1.0690711e-02
 2899.0 2941.0     1.1784480e-02    9.3793476e-02     1.0341591e-02
 2941.0 2985.0     1.1405138e-02    9.0404717e-02     1.0020998e-02
 2985.0 3030.0     1.1031039e-02    8.7343916e-02     9.7381711e-03
 3030.0 3077.0     1.0658730e-02    8.4369762e-02     9.4585048e-03
 3077.0 3125.0     1.0287395e-02    8.1404317e-02     9.1697189e-03
 3125.0 3175.0     9.9179518e-03    7.8454950e-02     8.8718135e-03
 3175.0 3225.0     9.5545092e-03    7.5554445e-02     8.5678283e-03
 3225.0 3275.0     9.2198850e-03    7.2708230e-02     8.2732838e-03
 3275.0 3325.0     8.9602933e-03    6.9755618e-02     8.0180749e-03
 3325.0 3375.0     8.7560538e-03    6.6762564e-02     7.7927610e-03
 3375.0 3425.0     8.5564697e-03    6.3897935e-02     7.5674471e-03
 3425.0 3450.0     8.4093536e-03    6.1819273e-02     7.3984617e-03
 3450.0 3550.0     8.1862041e-03    5.8563451e-02     7.1224292e-03
 3550.0 3650.0     7.9987375e-03    5.3510109e-02     6.7475351e-03
 3650.0 3750.0     7.9731953e-03    4.8778442e-02     6.4371548e-03
 3750.0 3850.0     7.9477346e-03    4.4465175e-02     6.1267745e-03
 3850.0 3950.0     8.0012749e-03    4.0352573e-02     5.8426620e-03
 3950.0 4050.0     8.1605508e-03    3.6389189e-02     5.5931122e-03
 4050.0 4150.0     8.3571884e-03    3.2744400e-02     5.3551131e-03
 4150.0 4250.0     8.6095077e-03    2.9359728e-02     5.1362652e-03
 4250.0 4350.0     8.9121502e-03    2.6239732e-02     4.9333128e-03
 4350.0 4450.0     9.2044384e-03    2.3485163e-02     4.7361665e-03
 4450.0 4550.0     9.4094441e-03    2.1162082e-02     4.5654114e-03
 4550.0 4650.0     9.5437002e-03    1.9177753e-02     4.4152414e-03
 4650.0 4750.0     9.6798718e-03    1.7379492e-02     4.2650713e-03
 4750.0 4850.0     9.8179864e-03    1.5749850e-02     4.1149013e-03
 4850.0 4950.0     9.9580716e-03    1.4273016e-02     3.9647312e-03
 4950.0 5050.0     1.0100156e-02    1.2934663e-02     3.8145611e-03
 5050.0 5150.0     1.0244267e-02    1.1721804e-02     3.6643911e-03
 5150.0 5250.0     1.0390434e-02    1.0622672e-02     3.5142210e-03
 5250.0 5350.0     1.0538687e-02    9.6266046e-03     3.3640510e-03
 5350.0 5450.0     1.0689056e-02    8.7239361e-03     3.2138809e-03
 5450.0 5550.0     1.0841570e-02    7.9059092e-03     3.0637109e-03
 5550.0 5650.0     1.1004272e-02    7.1682335e-03     2.9190245e-03
 5650.0 5750.0     1.1223774e-02    6.5218489e-03     2.8108956e-03
 5750.0 5850.0     1.1494186e-02    5.9526180e-03     2.7338406e-03
 5850.0 5950.0     1.1771114e-02    5.4330699e-03     2.6567855e-03
 5950.0 6050.0     1.2054713e-02    4.9588683e-03     2.5797305e-03
 6050.0 6150.0     1.2345145e-02    4.5260553e-03     2.5026754e-03
 6150.0 6250.0     1.2642575e-02    4.1310185e-03     2.4256204e-03
 6250.0 6350.0     1.2947170e-02    3.7704607e-03     2.3485653e-03
 6350.0 6450.0     1.3259104e-02    3.4413726e-03     2.2715103e-03
 6450.0 6550.0     1.3578553e-02    3.1410076e-03     2.1944552e-03
 6550.0 6650.0     1.3905699e-02    2.8668585e-03     2.1174002e-03
 6650.0 6750.0     1.4240727e-02    2.6166374e-03     2.0403452e-03
 6750.0 6850.0     1.4583826e-02    2.3882557e-03     1.9632901e-03
 6850.0 6950.0     1.4958347e-02    2.1855210e-03     1.8978793e-03
 6950.0 7050.0     1.5380293e-02    2.0089528e-03     1.8512496e-03
 7050.0 7150.0     1.5828770e-02    1.8498827e-03     1.8117566e-03
 7150.0 7250.0     1.6290324e-02    1.7034080e-03     1.7722636e-03
 7250.0 7350.0     1.6765336e-02    1.5685311e-03     1.7327705e-03
 7350.0 7450.0     1.7254200e-02    1.4443339e-03     1.6932775e-03
 7450.0 7550.0     1.7757318e-02    1.3299707e-03     1.6537845e-03
 7550.0 7650.0     1.8275107e-02    1.2246629e-03     1.6142915e-03
 7650.0 7750.0     1.8807994e-02    1.1276934e-03     1.5747985e-03
 7750.0 7850.0     1.9356420e-02    1.0384020e-03     1.5353055e-03
 7850.0 7950.0     1.9920837e-02    9.5618069e-04     1.4958125e-03
 7950.0 8050.0     2.0501712e-02    8.8046976e-04     1.4563195e-03
 8050.0 8150.0     2.1099525e-02    8.1075365e-04     1.4168265e-03
 8150.0 8250.0     2.1714770e-02    7.4655771e-04     1.3773335e-03
 8250.0 8350.0     2.2347955e-02    6.8744484e-04     1.3378405e-03
 8350.0 8450.0     2.2999603e-02    6.3301256e-04     1.2983474e-03
 8450.0 8550.0     2.3670253e-02    5.8289026e-04     1.2588544e-03
