 1216.0 1216.0     2.4865623e-02    3.1309372e-01     2.1107292e-02
 1300.0 1350.0     2.0027304e-02    2.3307174e-01     1.8024711e-02
 1350.0 1400.0     1.8081133e-02    2.0963113e-01     1.6769574e-02
 1400.0 1450.0     1.6268543e-02    1.9695963e-01     1.5723504e-02
 1450.0 1500.0     1.4625383e-02    1.8700053e-01     1.4727610e-02
 1500.0 1550.0     1.3148186e-02    1.7754501e-01     1.3731717e-02
 1550.0 1600.0     1.1820189e-02    1.6856759e-01     1.2735823e-02
 1600.0 1650.0     1.0694479e-02    1.6027206e-01     1.1829059e-02
 1650.0 1700.0     9.8477033e-03    1.5296856e-01     1.1156850e-02
 1700.0 1750.0     9.1722013e-03    1.4635422e-01     1.0630065e-02
 1754.0 1770.0     8.6974143e-03    1.4161339e-01     1.0240244e-02
 1770.0 1786.0     8.5018711e-03    1.3962439e-01     1.0071673e-02
 1786.0 1802.0     8.3107243e-03    1.3766333e-01     9.9031016e-03
 1802.0 1818.0     8.1238750e-03    1.3572982e-01     9.7345303e-03
 1818.0 1835.0     7.9356517e-03    1.3376475e-01     9.5606912e-03
 1835.0 1852.0     7.7462182e-03    1.3176944e-01     9.3815842e-03
 1852.0 1869.0     7.5613068e-03    1.2980390e-01     9.2024772e-03
 1869.0 1887.0     7.3756316e-03    1.2781161e-01     9.0181024e-03
 1887.0 1905.0     7.1893416e-03    1.2579385e-01     8.8284597e-03
 1905.0 1923.0     7.0077568e-03    1.2380794e-01     8.6388170e-03
 1923.0 1942.0     6.8259699e-03    1.2179998e-01     8.4439065e-03
 1942.0 1961.0     6.6441136e-03    1.1977119e-01     8.2437281e-03
 1961.0 1980.0     6.4764186e-03    1.1794776e-01     8.0707960e-03
 1980.0 2000.0     6.3239197e-03    1.1638583e-01     7.9380064e-03
 2000.0 2020.0     6.1766458e-03    1.1490654e-01     7.8181130e-03
 2020.0 2041.0     6.0292918e-03    1.1341003e-01     7.6952222e-03
 2041.0 2062.0     5.8819452e-03    1.1189697e-01     7.5693340e-03
 2062.0 2083.0     5.7381995e-03    1.1040411e-01     7.4434459e-03
 2083.0 2105.0     5.5947117e-03    1.0889657e-01     7.3145604e-03
 2105.0 2128.0     5.4483908e-03    1.0734095e-01     7.1796803e-03
 2128.0 2151.0     5.3027305e-03    1.0577349e-01     7.0418028e-03
 2151.0 2174.0     5.1609644e-03    1.0422891e-01     6.9039253e-03
 2174.0 2200.0     5.0142470e-03    1.0260917e-01     6.7570558e-03
 2200.0 2222.0     4.8742846e-03    1.0104515e-01     6.6131836e-03
 2222.0 2247.0     4.7412949e-03    9.9538502e-02     6.4723088e-03
 2247.0 2273.0     4.6010072e-03    9.7928517e-02     6.3194446e-03
 2273.0 2299.0     4.4622014e-03    9.6313516e-02     6.1635831e-03
 2299.0 2326.0     4.3250744e-03    9.4695119e-02     6.0047243e-03
 2326.0 2353.0     4.1896540e-03    9.3073895e-02     5.8428681e-03
 2353.0 2381.0     4.0561223e-03    9.1451435e-02     5.6780146e-03
 2381.0 2410.0     3.9426121e-03    8.9372298e-02     5.5341280e-03
 2410.0 2439.0     3.8527887e-03    8.6839072e-02     5.4173165e-03
 2439.0 2469.0     3.7658839e-03    8.4287993e-02     5.3016556e-03
 2469.0 2500.0     3.6780937e-03    8.1729207e-02     5.1820740e-03
 2500.0 2532.0     3.5895729e-03    7.9168041e-02     5.0585716e-03
 2532.0 2564.0     3.5018114e-03    7.6647761e-02     4.9331090e-03
 2564.0 2597.0     3.4148912e-03    7.4170827e-02     4.8056859e-03
 2597.0 2632.0     3.3262845e-03    7.1665823e-02     4.6723818e-03
 2632.0 2667.0     3.2365928e-03    6.9293357e-02     4.5484100e-03
 2667.0 2703.0     3.1470750e-03    6.7113255e-02     4.4389297e-03
 2703.0 2740.0     3.0574418e-03    6.4967795e-02     4.3291847e-03
 2740.0 2778.0     2.9680108e-03    6.2834964e-02     4.2164330e-03
 2778.0 2817.0     2.8789158e-03    6.0718080e-02     4.1006746e-03
 2817.0 2857.0     2.7902855e-03    5.8620310e-02     3.9819094e-03
 2857.0 2899.0     2.7011917e-03    5.6519961e-02     3.8586342e-03
 2899.0 2941.0     2.6128394e-03    5.4445485e-02     3.7323523e-03
 2941.0 2985.0     2.5266005e-03    5.2535320e-02     3.6164125e-03
 2985.0 3030.0     2.4418998e-03    5.0805485e-02     3.5141654e-03
 3030.0 3077.0     2.3577392e-03    4.9122217e-02     3.4130713e-03
 3077.0 3125.0     2.2738615e-03    4.7442263e-02     3.3086806e-03
 3125.0 3175.0     2.1904762e-03    4.5769741e-02     3.2009934e-03
 3175.0 3225.0     2.1085098e-03    4.4123259e-02     3.0911085e-03
 3225.0 3275.0     2.0330939e-03    4.2503270e-02     2.9846415e-03
 3275.0 3325.0     1.9745975e-03    4.0810596e-02     2.8924154e-03
 3325.0 3375.0     1.9285755e-03    3.9086123e-02     2.8110125e-03
 3375.0 3425.0     1.8836262e-03    3.7434518e-02     2.7296095e-03
 3425.0 3450.0     1.8505066e-03    3.6235444e-02     2.6685573e-03
 3450.0 3550.0     1.8002766e-03    3.4354323e-02     2.5688325e-03
 3550.0 3650.0     1.7576987e-03    3.1420291e-02     2.4334161e-03
 3650.0 3750.0     1.7511950e-03    2.8659175e-02     2.3213316e-03
 3750.0 3850.0     1.7447154e-03    2.6140697e-02     2.2092470e-03
 3850.0 3950.0     1.7557599e-03    2.3734514e-02     2.1066565e-03
 3950.0 4050.0     1.7902416e-03    2.1410387e-02     2.0165582e-03
 4050.0 4150.0     1.8329851e-03    1.9271269e-02     1.9306347e-03
 4150.0 4250.0     1.8880654e-03    1.7282919e-02     1.8516335e-03
 4250.0 4350.0     1.9542875e-03    1.5448627e-02     1.7783776e-03
 4350.0 4450.0     2.0182163e-03    1.3829114e-02     1.7072214e-03
 4450.0 4550.0     2.0629382e-03    1.2463851e-02     1.6456088e-03
 4550.0 4650.0     2.0920925e-03    1.1298049e-02     1.5914402e-03
 4650.0 4750.0     2.1216588e-03    1.0241290e-02     1.5372716e-03
 4750.0 4850.0     2.1516430e-03    9.2833750e-03     1.4831030e-03
 4850.0 4950.0     2.1820510e-03    8.4150580e-03     1.4289344e-03
 4950.0 5050.0     2.2128886e-03    7.6279587e-03     1.3747659e-03
 5050.0 5150.0     2.2441621e-03    6.9144805e-03     1.3205973e-03
 5150.0 5250.0     2.2758776e-03    6.2677371e-03     1.2664287e-03
 5250.0 5350.0     2.3080412e-03    5.6814867e-03     1.2122601e-03
 5350.0 5450.0     2.3406595e-03    5.1500710e-03     1.1580915e-03
 5450.0 5550.0     2.3737387e-03    4.6683610e-03     1.1039229e-03
 5550.0 5650.0     2.4090848e-03    4.2337682e-03     1.0517337e-03
 5650.0 5750.0     2.4571654e-03    3.8523257e-03     1.0127404e-03
 5750.0 5850.0     2.5166574e-03    3.5159099e-03     9.8496362e-04
 5850.0 5950.0     2.5775898e-03    3.2088726e-03     9.5718681e-04
 5950.0 6050.0     2.6399975e-03    2.9286483e-03     9.2941000e-04
 6050.0 6150.0     2.7039162e-03    2.6728954e-03     9.0163319e-04
 6150.0 6250.0     2.7693824e-03    2.4394769e-03     8.7385638e-04
 6250.0 6350.0     2.8364337e-03    2.2264423e-03     8.4607957e-04
 6350.0 6450.0     2.9051084e-03    2.0320116e-03     8.1830276e-04
 6450.0 6550.0     2.9754458e-03    1.8545602e-03     7.9052595e-04
 6550.0 6650.0     3.0474862e-03    1.6926052e-03     7.6274914e-04
 6650.0 6750.0     3.1212709e-03    1.5447934e-03     7.3497233e-04
 6750.0 6850.0     3.1968419e-03    1.4098898e-03     7.0719553e-04
 6850.0 6950.0     3.2795964e-03    1.2900245e-03     6.8361820e-04
 6950.0 7050.0     3.3732357e-03    1.1854554e-03     6.6681423e-04
 7050.0 7150.0     3.4729325e-03    1.0912052e-03     6.5258410e-04
 7150.0 7250.0     3.5755757e-03    1.0044485e-03     6.3835398e-04
 7250.0 7350.0     3.6812526e-03    9.2458931e-04     6.2412385e-04
 7350.0 7450.0     3.7900528e-03    8.5107940e-04     6.0989373e-04
 7450.0 7550.0     3.9020687e-03    7.8341393e-04     5.9566361e-04
 7550.0 7650.0     4.0173951e-03    7.2112824e-04     5.8143348e-04
 7650.0 7750.0     4.1361301e-03    6.6379460e-04     5.6720336e-04
 7750.0 7850.0     4.2583743e-03    6.1101930e-04     5.5297323e-04
 7850.0 7950.0     4.3842315e-03    5.6243992e-04     5.3874311e-04
 7950.0 8050.0     4.5138084e-03    5.1772287e-04     5.2451299e-04
 8050.0 8150.0     4.6472150e-03    4.7656107e-04     5.1028286e-04
 8150.0 8250.0     4.7845644e-03    4.3867186e-04     4.9605274e-04
 8250.0 8350.0     4.9259732e-03    4.0379505e-04     4.8182261e-04
 8350.0 8450.0     5.0715614e-03    3.7169114e-04     4.6759249e-04
 8450.0 8550.0     5.2214525e-03    3.4213966e-04     4.5336237e-04
