 1216.0 1216.0     2.8451960e-01    3.3363606e+01     9.6009613e-01
 1300.0 1350.0     2.8965203e-01    3.3612894e+01     9.5808933e-01
 1350.0 1400.0     2.9217558e-01    3.3595552e+01     9.5695680e-01
 1400.0 1450.0     2.9490512e-01    3.3405065e+01     9.5554535e-01
 1450.0 1500.0     2.9770464e-01    3.3174332e+01     9.5406696e-01
 1500.0 1550.0     3.0053074e-01    3.2945193e+01     9.5258856e-01
 1550.0 1600.0     3.0338367e-01    3.2717636e+01     9.5111017e-01
 1600.0 1650.0     3.0624596e-01    3.2487493e+01     9.4956846e-01
 1650.0 1700.0     3.0908839e-01    3.2248076e+01     9.4786015e-01
 1700.0 1750.0     3.1192803e-01    3.2003692e+01     9.4604854e-01
 1754.0 1770.0     3.1404320e-01    3.1823833e+01     9.4470795e-01
 1770.0 1786.0     3.1496359e-01    3.1746459e+01     9.4412823e-01
 1786.0 1802.0     3.1588667e-01    3.1669273e+01     9.4354852e-01
 1802.0 1818.0     3.1681245e-01    3.1592275e+01     9.4296880e-01
 1818.0 1835.0     3.1777005e-01    3.1513070e+01     9.4237097e-01
 1835.0 1852.0     3.1875966e-01    3.1431669e+01     9.4175502e-01
 1852.0 1869.0     3.1975234e-01    3.1350478e+01     9.4113908e-01
 1869.0 1887.0     3.2077750e-01    3.1267122e+01     9.4050501e-01
 1887.0 1905.0     3.2183533e-01    3.1181612e+01     9.3985283e-01
 1905.0 1923.0     3.2289665e-01    3.1096336e+01     9.3920065e-01
 1923.0 1942.0     3.2399114e-01    3.1008937e+01     9.3853036e-01
 1942.0 1961.0     3.2511903e-01    3.0919428e+01     9.3784195e-01
 1961.0 1980.0     3.2626869e-01    3.0828547e+01     9.3720661e-01
 1980.0 2000.0     3.2748222e-01    3.0732882e+01     9.3664162e-01
 2000.0 2020.0     3.2874221e-01    3.0634096e+01     9.3609390e-01
 2020.0 2041.0     3.3003880e-01    3.0533174e+01     9.3553249e-01
 2041.0 2062.0     3.3137225e-01    3.0430132e+01     9.3495738e-01
 2062.0 2083.0     3.3271109e-01    3.0327436e+01     9.3438227e-01
 2083.0 2105.0     3.3408748e-01    3.0222659e+01     9.3379347e-01
 2105.0 2128.0     3.3553398e-01    3.0113397e+01     9.3317729e-01
 2128.0 2151.0     3.3701903e-01    3.0002110e+01     9.3254741e-01
 2151.0 2174.0     3.3851065e-01    2.9891234e+01     9.3191753e-01
 2174.0 2200.0     3.4010704e-01    2.9773592e+01     9.3124657e-01
 2200.0 2222.0     3.4167762e-01    2.9658768e+01     9.3058931e-01
 2222.0 2247.0     3.4322304e-01    2.9546796e+01     9.2994574e-01
 2247.0 2273.0     3.4490772e-01    2.9425763e+01     9.2924739e-01
 2273.0 2299.0     3.4663386e-01    2.9302863e+01     9.2853535e-01
 2299.0 2326.0     3.4840218e-01    2.9178133e+01     9.2780962e-01
 2326.0 2353.0     3.5021305e-01    2.9051589e+01     9.2707020e-01
 2353.0 2381.0     3.5206722e-01    2.8923272e+01     9.2631709e-01
 2381.0 2410.0     3.5573609e-01    2.8665687e+01     9.2544532e-01
 2410.0 2439.0     3.6142764e-01    2.8269266e+01     9.2445805e-01
 2439.0 2469.0     3.6751994e-01    2.7857267e+01     9.2344306e-01
 2469.0 2500.0     3.7392676e-01    2.7437614e+01     9.2239365e-01
 2500.0 2532.0     3.8066089e-01    2.7010837e+01     9.2130984e-01
 2532.0 2564.0     3.8762512e-01    2.6584029e+01     9.2020883e-01
 2564.0 2597.0     3.9482961e-01    2.6157508e+01     9.1909061e-01
 2597.0 2632.0     4.0251108e-01    2.5718678e+01     9.1792079e-01
 2632.0 2667.0     4.1050779e-01    2.5255856e+01     9.1673786e-01
 2667.0 2703.0     4.1870276e-01    2.4772189e+01     9.1556417e-01
 2703.0 2740.0     4.2728517e-01    2.4280666e+01     9.1436195e-01
 2740.0 2778.0     4.3628597e-01    2.3785832e+01     9.1312680e-01
 2778.0 2817.0     4.4572408e-01    2.3288291e+01     9.1185871e-01
 2817.0 2857.0     4.5561957e-01    2.2788642e+01     9.1055768e-01
 2857.0 2899.0     4.6612474e-01    2.2281423e+01     9.0920724e-01
 2899.0 2941.0     4.7713424e-01    2.1773399e+01     9.0782387e-01
 2941.0 2985.0     4.8747038e-01    2.1299522e+01     9.0663093e-01
 2985.0 3030.0     4.9679159e-01    2.0865049e+01     9.0569319e-01
 3030.0 3077.0     5.0619213e-01    2.0436818e+01     9.0480080e-01
 3077.0 3125.0     5.1608490e-01    2.0003796e+01     9.0387932e-01
 3125.0 3175.0     5.2649379e-01    1.9566761e+01     9.0292873e-01
 3175.0 3225.0     5.3732931e-01    1.9130550e+01     9.0195875e-01
 3225.0 3275.0     5.4835387e-01    1.8706707e+01     9.0105238e-01
 3275.0 3325.0     5.5946093e-01    1.8303086e+01     9.0041108e-01
 3325.0 3375.0     5.7068327e-01    1.7916367e+01     8.9997124e-01
 3375.0 3425.0     5.8213072e-01    1.7537819e+01     8.9953139e-01
 3425.0 3450.0     5.9084490e-01    1.7258428e+01     8.9920151e-01
 3450.0 3550.0     6.0569132e-01    1.6815832e+01     8.9868499e-01
 3550.0 3650.0     6.2859433e-01    1.6222591e+01     8.9825465e-01
 3650.0 3750.0     6.5096586e-01    1.5744184e+01     8.9820709e-01
 3750.0 3850.0     6.7413359e-01    1.5279886e+01     8.9815953e-01
 3850.0 3950.0     6.9735149e-01    1.4855523e+01     8.9820464e-01
 3950.0 4050.0     7.2034319e-01    1.4477326e+01     8.9837168e-01
 4050.0 4150.0     7.4348889e-01    1.4120895e+01     8.9857154e-01
 4150.0 4250.0     7.6525951e-01    1.3796569e+01     8.9879233e-01
 4250.0 4350.0     7.8590451e-01    1.3499006e+01     8.9903049e-01
 4350.0 4450.0     8.0575010e-01    1.3208156e+01     8.9925214e-01
 4450.0 4550.0     8.1985746e-01    1.2924893e+01     8.9939879e-01
 4550.0 4650.0     8.2935547e-01    1.2648731e+01     8.9948694e-01
 4650.0 4750.0     8.3896352e-01    1.2378470e+01     8.9957509e-01
 4750.0 4850.0     8.4868288e-01    1.2113983e+01     8.9966323e-01
 4850.0 4950.0     8.5851484e-01    1.1855148e+01     8.9975138e-01
 4950.0 5050.0     8.6846070e-01    1.1601843e+01     8.9983953e-01
 5050.0 5150.0     8.7852178e-01    1.1353950e+01     8.9992768e-01
 5150.0 5250.0     8.8869942e-01    1.1111354e+01     9.0001583e-01
 5250.0 5350.0     8.9899497e-01    1.0873941e+01     9.0010397e-01
 5350.0 5450.0     9.0940979e-01    1.0641602e+01     9.0019212e-01
 5450.0 5550.0     9.1994526e-01    1.0414226e+01     9.0028027e-01
 5550.0 5650.0     9.3003275e-01    1.0192379e+01     9.0035673e-01
 5650.0 5750.0     9.3641076e-01    9.9796478e+00     9.0035530e-01
 5750.0 5850.0     9.3959335e-01    9.7750776e+00     9.0028766e-01
 5850.0 5950.0     9.4278675e-01    9.5747008e+00     9.0022002e-01
 5950.0 6050.0     9.4599101e-01    9.3784316e+00     9.0015238e-01
 6050.0 6150.0     9.4920615e-01    9.1861856e+00     9.0008475e-01
 6150.0 6250.0     9.5243223e-01    8.9978804e+00     9.0001711e-01
 6250.0 6350.0     9.5566926e-01    8.8134352e+00     8.9994947e-01
 6350.0 6450.0     9.5891730e-01    8.6327709e+00     8.9988183e-01
 6450.0 6550.0     9.6217638e-01    8.4558100e+00     8.9981419e-01
 6550.0 6650.0     9.6544654e-01    8.2824766e+00     8.9974655e-01
 6650.0 6750.0     9.6872781e-01    8.1126962e+00     8.9967891e-01
 6750.0 6850.0     9.7202023e-01    7.9463962e+00     8.9961127e-01
 6850.0 6950.0     9.7458946e-01    7.7823309e+00     8.9948547e-01
 6950.0 7050.0     9.7598125e-01    7.6197743e+00     8.9926588e-01
 7050.0 7150.0     9.7692484e-01    7.4599088e+00     8.9901063e-01
 7150.0 7250.0     9.7786933e-01    7.3033972e+00     8.9875539e-01
 7250.0 7350.0     9.7881474e-01    7.1501694e+00     8.9850015e-01
 7350.0 7450.0     9.7976106e-01    7.0001563e+00     8.9824491e-01
 7450.0 7550.0     9.8070830e-01    6.8532905e+00     8.9798966e-01
 7550.0 7650.0     9.8165646e-01    6.7095061e+00     8.9773442e-01
 7650.0 7750.0     9.8260553e-01    6.5687382e+00     8.9747918e-01
 7750.0 7850.0     9.8355551e-01    6.4309238e+00     8.9722394e-01
 7850.0 7950.0     9.8450642e-01    6.2960007e+00     8.9696870e-01
 7950.0 8050.0     9.8545825e-01    6.1639084e+00     8.9671345e-01
 8050.0 8150.0     9.8641099e-01    6.0345874e+00     8.9645821e-01
 8150.0 8250.0     9.8736466e-01    5.9079796e+00     8.9620297e-01
 8250.0 8350.0     9.8831925e-01    5.7840281e+00     8.9594773e-01
 8350.0 8450.0     9.8927476e-01    5.6626771e+00     8.9569248e-01
 8450.0 8550.0     9.9023119e-01    5.5438722e+00     8.9543724e-01
