 1216.0 1216.0     3.2121230e-01    2.5119392e+01     9.4806631e-01
 1300.0 1350.0     3.2817915e-01    2.5386698e+01     9.4526742e-01
 1350.0 1400.0     3.3137645e-01    2.5404205e+01     9.4371694e-01
 1400.0 1450.0     3.3454291e-01    2.5282955e+01     9.4181568e-01
 1450.0 1500.0     3.3772464e-01    2.5129143e+01     9.3983024e-01
 1500.0 1550.0     3.4093664e-01    2.4976267e+01     9.3784479e-01
 1550.0 1600.0     3.4417917e-01    2.4824322e+01     9.3585935e-01
 1600.0 1650.0     3.4740889e-01    2.4669491e+01     9.3378943e-01
 1650.0 1700.0     3.5055337e-01    2.4505642e+01     9.3149720e-01
 1700.0 1750.0     3.5365446e-01    2.4336710e+01     9.2906715e-01
 1754.0 1770.0     3.5596381e-01    2.4212320e+01     9.2726890e-01
 1770.0 1786.0     3.5696845e-01    2.4158784e+01     9.2649129e-01
 1786.0 1802.0     3.5797594e-01    2.4105365e+01     9.2571367e-01
 1802.0 1818.0     3.5898626e-01    2.4052065e+01     9.2493605e-01
 1818.0 1835.0     3.6003119e-01    2.3997224e+01     9.2413413e-01
 1835.0 1852.0     3.6111092e-01    2.3940850e+01     9.2330791e-01
 1852.0 1869.0     3.6219389e-01    2.3884609e+01     9.2248169e-01
 1869.0 1887.0     3.6331215e-01    2.3826853e+01     9.2163117e-01
 1887.0 1905.0     3.6446591e-01    2.3767591e+01     9.2075635e-01
 1905.0 1923.0     3.6562334e-01    2.3708477e+01     9.1988153e-01
 1923.0 1942.0     3.6681680e-01    2.3647876e+01     9.1898241e-01
 1942.0 1961.0     3.6804652e-01    2.3585795e+01     9.1805899e-01
 1961.0 1980.0     3.6929382e-01    2.3522756e+01     9.1720122e-01
 1980.0 2000.0     3.7060051e-01    2.3456395e+01     9.1642857e-01
 2000.0 2020.0     3.7195352e-01    2.3387856e+01     9.1567539e-01
 2020.0 2041.0     3.7334556e-01    2.3317813e+01     9.1490337e-01
 2041.0 2062.0     3.7477688e-01    2.3246277e+01     9.1411253e-01
 2062.0 2083.0     3.7621369e-01    2.3174960e+01     9.1332169e-01
 2083.0 2105.0     3.7769048e-01    2.3102175e+01     9.1251202e-01
 2105.0 2128.0     3.7924217e-01    2.3026249e+01     9.1166469e-01
 2128.0 2151.0     3.8083485e-01    2.2948891e+01     9.1079853e-01
 2151.0 2174.0     3.8243423e-01    2.2871792e+01     9.0993237e-01
 2174.0 2200.0     3.8414554e-01    2.2789960e+01     9.0900973e-01
 2200.0 2222.0     3.8582880e-01    2.2710061e+01     9.0810591e-01
 2222.0 2247.0     3.8748468e-01    2.2632118e+01     9.0722092e-01
 2247.0 2273.0     3.8928936e-01    2.2547838e+01     9.0626061e-01
 2273.0 2299.0     3.9113799e-01    2.2462225e+01     9.0528147e-01
 2299.0 2326.0     3.9303130e-01    2.2375304e+01     9.0428351e-01
 2326.0 2353.0     3.9496966e-01    2.2287085e+01     9.0326671e-01
 2353.0 2381.0     3.9695384e-01    2.2197593e+01     9.0223109e-01
 2381.0 2410.0     4.0083062e-01    2.2017898e+01     9.0103605e-01
 2410.0 2439.0     4.0681311e-01    2.1741162e+01     8.9968637e-01
 2439.0 2469.0     4.1320797e-01    2.1453182e+01     8.9829913e-01
 2469.0 2500.0     4.1992531e-01    2.1159450e+01     8.9686487e-01
 2500.0 2532.0     4.2697755e-01    2.0860309e+01     8.9538358e-01
 2532.0 2564.0     4.3426203e-01    2.0560715e+01     8.9387878e-01
 2564.0 2597.0     4.4178856e-01    2.0260878e+01     8.9235047e-01
 2597.0 2632.0     4.4980318e-01    1.9951916e+01     8.9075162e-01
 2632.0 2667.0     4.5800766e-01    1.9622389e+01     8.8913138e-01
 2667.0 2703.0     4.6624264e-01    1.9273804e+01     8.8751947e-01
 2703.0 2740.0     4.7482164e-01    1.8918451e+01     8.8586760e-01
 2740.0 2778.0     4.8380011e-01    1.8560184e+01     8.8417047e-01
 2778.0 2817.0     4.9319466e-01    1.8199420e+01     8.8242809e-01
 2817.0 2857.0     5.0302286e-01    1.7836573e+01     8.8064046e-01
 2857.0 2899.0     5.1343279e-01    1.7467642e+01     8.7878493e-01
 2899.0 2941.0     5.2431729e-01    1.7097531e+01     8.7688416e-01
 2941.0 2985.0     5.3438803e-01    1.6747315e+01     8.7523020e-01
 2985.0 3030.0     5.4326167e-01    1.6419503e+01     8.7390665e-01
 3030.0 3077.0     5.5213070e-01    1.6094347e+01     8.7263914e-01
 3077.0 3125.0     5.6144009e-01    1.5765309e+01     8.7133028e-01
 3125.0 3175.0     5.7120883e-01    1.5432963e+01     8.6998010e-01
 3175.0 3225.0     5.8135036e-01    1.5100984e+01     8.6860236e-01
 3225.0 3275.0     5.9163526e-01    1.4777788e+01     8.6730814e-01
 3275.0 3325.0     6.0194721e-01    1.4468239e+01     8.6636193e-01
 3325.0 3375.0     6.1232072e-01    1.4170265e+01     8.6568021e-01
 3375.0 3425.0     6.2287299e-01    1.3878428e+01     8.6499848e-01
 3425.0 3450.0     6.3088909e-01    1.3662947e+01     8.6448719e-01
 3450.0 3550.0     6.4450669e-01    1.3322006e+01     8.6367935e-01
 3550.0 3650.0     6.6565882e-01    1.2872867e+01     8.6291421e-01
 3650.0 3750.0     6.8643699e-01    1.2519236e+01     8.6265873e-01
 3750.0 3850.0     7.0786374e-01    1.2175319e+01     8.6240326e-01
 3850.0 3950.0     7.2924206e-01    1.1861645e+01     8.6227804e-01
 3950.0 4050.0     7.5031667e-01    1.1583308e+01     8.6232422e-01
 4050.0 4150.0     7.7143172e-01    1.1319911e+01     8.6241790e-01
 4150.0 4250.0     7.9112428e-01    1.1073943e+01     8.6254903e-01
 4250.0 4350.0     8.0964212e-01    1.0842787e+01     8.6271123e-01
 4350.0 4450.0     8.2735293e-01    1.0608638e+01     8.6285579e-01
 4450.0 4550.0     8.3975501e-01    1.0344726e+01     8.6292014e-01
 4550.0 4650.0     8.4790899e-01    1.0060441e+01     8.6292192e-01
 4650.0 4750.0     8.5614215e-01    9.7839693e+00     8.6292370e-01
 4750.0 4850.0     8.6445525e-01    9.5150951e+00     8.6292549e-01
 4850.0 4950.0     8.7284907e-01    9.2536098e+00     8.6292727e-01
 4950.0 5050.0     8.8132439e-01    8.9993105e+00     8.6292905e-01
 5050.0 5150.0     8.8988201e-01    8.7519996e+00     8.6293083e-01
 5150.0 5250.0     8.9852272e-01    8.5114851e+00     8.6293262e-01
 5250.0 5350.0     9.0724734e-01    8.2775801e+00     8.6293440e-01
 5350.0 5450.0     9.1605667e-01    8.0501032e+00     8.6293618e-01
 5450.0 5550.0     9.2495153e-01    7.8288775e+00     8.6293796e-01
 5550.0 5650.0     9.3346649e-01    7.6132033e+00     8.6292655e-01
 5650.0 5750.0     9.3893733e-01    7.4000339e+00     8.6282719e-01
 5750.0 5850.0     9.4179129e-01    7.1899259e+00     8.6265307e-01
 5850.0 5950.0     9.4465393e-01    6.9857834e+00     8.6247896e-01
 5950.0 6050.0     9.4752526e-01    6.7874371e+00     8.6230484e-01
 6050.0 6150.0     9.5040533e-01    6.5947224e+00     8.6213072e-01
 6150.0 6250.0     9.5329414e-01    6.4074795e+00     8.6195660e-01
 6250.0 6350.0     9.5619174e-01    6.2255529e+00     8.6178248e-01
 6350.0 6450.0     9.5909815e-01    6.0487917e+00     8.6160836e-01
 6450.0 6550.0     9.6201339e-01    5.8770493e+00     8.6143424e-01
 6550.0 6650.0     9.6493749e-01    5.7101831e+00     8.6126012e-01
 6650.0 6750.0     9.6787048e-01    5.5480547e+00     8.6108601e-01
 6750.0 6850.0     9.7081238e-01    5.3905296e+00     8.6091189e-01
 6850.0 6950.0     9.7313996e-01    5.2395891e+00     8.6066352e-01
 6950.0 7050.0     9.7446796e-01    5.0962474e+00     8.6029538e-01
 7050.0 7150.0     9.7541566e-01    4.9580870e+00     8.5988175e-01
 7150.0 7250.0     9.7636427e-01    4.8236721e+00     8.5946811e-01
 7250.0 7350.0     9.7731380e-01    4.6929013e+00     8.5905447e-01
 7350.0 7450.0     9.7826426e-01    4.5656757e+00     8.5864083e-01
 7450.0 7550.0     9.7921565e-01    4.4418992e+00     8.5822719e-01
 7550.0 7650.0     9.8016795e-01    4.3214783e+00     8.5781355e-01
 7650.0 7750.0     9.8112119e-01    4.2043221e+00     8.5739991e-01
 7750.0 7850.0     9.8207535e-01    4.0903420e+00     8.5698627e-01
 7850.0 7950.0     9.8303044e-01    3.9794519e+00     8.5657263e-01
 7950.0 8050.0     9.8398646e-01    3.8715680e+00     8.5615899e-01
 8050.0 8150.0     9.8494341e-01    3.7666090e+00     8.5574535e-01
 8150.0 8250.0     9.8590128e-01    3.6644953e+00     8.5533171e-01
 8250.0 8350.0     9.8686009e-01    3.5651501e+00     8.5491807e-01
 8350.0 8450.0     9.8781984e-01    3.4684980e+00     8.5450443e-01
 8450.0 8550.0     9.8878051e-01    3.3744663e+00     8.5409079e-01
