 1216.0 1216.0     3.3169671e-03    1.4382926e-01     5.3116891e-03
 1300.0 1350.0     2.6414838e-03    1.0872273e-01     4.5298545e-03
 1350.0 1400.0     2.3739525e-03    9.8396985e-02     4.2122022e-03
 1400.0 1450.0     2.1283510e-03    9.2881164e-02     3.9484806e-03
 1450.0 1500.0     1.9070194e-03    8.8563425e-02     3.6977025e-03
 1500.0 1550.0     1.7087046e-03    8.4446403e-02     3.4469243e-03
 1550.0 1600.0     1.5310129e-03    8.0520768e-02     3.1961461e-03
 1600.0 1650.0     1.3810303e-03    7.6852987e-02     2.9678564e-03
 1650.0 1700.0     1.2689765e-03    7.3545508e-02     2.7987468e-03
 1700.0 1750.0     1.1801130e-03    7.0498354e-02     2.6663291e-03
 1754.0 1770.0     1.1177241e-03    6.8311312e-02     2.5683400e-03
 1770.0 1786.0     1.0920562e-03    6.7392556e-02     2.5259663e-03
 1786.0 1802.0     1.0669778e-03    6.6486158e-02     2.4835926e-03
 1802.0 1818.0     1.0424754e-03    6.5591950e-02     2.4412190e-03
 1818.0 1835.0     1.0178052e-03    6.4682583e-02     2.3975211e-03
 1835.0 1852.0     9.9298910e-04    6.3758650e-02     2.3524991e-03
 1852.0 1869.0     9.6877803e-04    6.2847915e-02     2.3074771e-03
 1869.0 1887.0     9.4448004e-04    6.1924174e-02     2.2611308e-03
 1887.0 1905.0     9.2011473e-04    6.0988007e-02     2.2134605e-03
 1905.0 1923.0     8.9637799e-04    6.0065993e-02     2.1657901e-03
 1923.0 1942.0     8.7262835e-04    5.9133086e-02     2.1167955e-03
 1942.0 1961.0     8.4888316e-04    5.8189847e-02     2.0664768e-03
 1961.0 1980.0     8.2704178e-04    5.7339361e-02     2.0230185e-03
 1980.0 2000.0     8.0726272e-04    5.6606536e-02     1.9896700e-03
 2000.0 2020.0     7.8819752e-04    5.5910509e-02     1.9595710e-03
 2020.0 2041.0     7.6912851e-04    5.5206071e-02     1.9287195e-03
 2041.0 2062.0     7.5006705e-04    5.4493543e-02     1.8971155e-03
 2062.0 2083.0     7.3147799e-04    5.3790212e-02     1.8655114e-03
 2083.0 2105.0     7.1292898e-04    5.3079648e-02     1.8331550e-03
 2105.0 2128.0     6.9402073e-04    5.2346084e-02     1.7992935e-03
 2128.0 2151.0     6.7520498e-04    5.1606581e-02     1.7646796e-03
 2151.0 2174.0     6.5689934e-04    5.0877526e-02     1.7300657e-03
 2174.0 2200.0     6.3796217e-04    5.0112602e-02     1.6931944e-03
 2200.0 2222.0     6.1990371e-04    4.9373647e-02     1.6570755e-03
 2222.0 2247.0     6.0275228e-04    4.8661411e-02     1.6217091e-03
 2247.0 2273.0     5.8466693e-04    4.7899945e-02     1.5833328e-03
 2273.0 2299.0     5.6678029e-04    4.7135698e-02     1.5442041e-03
 2299.0 2326.0     5.4911786e-04    4.6369418e-02     1.5043228e-03
 2326.0 2353.0     5.3168302e-04    4.5601372e-02     1.4636891e-03
 2353.0 2381.0     5.1449929e-04    4.4832298e-02     1.4223029e-03
 2381.0 2410.0     4.9990281e-04    4.3835190e-02     1.3861880e-03
 2410.0 2439.0     4.8836314e-04    4.2610317e-02     1.3568787e-03
 2439.0 2469.0     4.7720278e-04    4.1375499e-02     1.3278594e-03
 2469.0 2500.0     4.6593218e-04    4.0136433e-02     1.2978564e-03
 2500.0 2532.0     4.5457141e-04    3.8895681e-02     1.2668696e-03
 2532.0 2564.0     4.4331173e-04    3.7674203e-02     1.2353911e-03
 2564.0 2597.0     4.3216371e-04    3.6473189e-02     1.2034206e-03
 2597.0 2632.0     4.2080329e-04    3.5258001e-02     1.1699747e-03
 2632.0 2667.0     4.0932246e-04    3.4106073e-02     1.1388784e-03
 2667.0 2703.0     3.9788540e-04    3.3046406e-02     1.1114284e-03
 2703.0 2740.0     3.8643993e-04    3.2003030e-02     1.0839142e-03
 2740.0 2778.0     3.7502368e-04    3.0965366e-02     1.0556462e-03
 2778.0 2817.0     3.6365377e-04    2.9935025e-02     1.0266244e-03
 2817.0 2857.0     3.5234671e-04    2.8913541e-02     9.9684883e-04
 2857.0 2899.0     3.4098420e-04    2.7890340e-02     9.6594250e-04
 2899.0 2941.0     3.2971996e-04    2.6879279e-02     9.3428236e-04
 2941.0 2985.0     3.1873860e-04    2.5947419e-02     9.0522051e-04
 2985.0 3030.0     3.0796942e-04    2.5102516e-02     8.7959897e-04
 3030.0 3077.0     2.9727521e-04    2.4279857e-02     8.5426880e-04
 3077.0 3125.0     2.8661984e-04    2.3458510e-02     8.2811265e-04
 3125.0 3175.0     2.7603004e-04    2.2640475e-02     8.0113052e-04
 3175.0 3225.0     2.6562341e-04    2.1834857e-02     7.7359773e-04
 3225.0 3275.0     2.5605061e-04    2.1041372e-02     7.4692223e-04
 3275.0 3325.0     2.4862503e-04    2.0209954e-02     7.2381877e-04
 3325.0 3375.0     2.4278227e-04    1.9361268e-02     7.0343005e-04
 3375.0 3425.0     2.3707680e-04    1.8548220e-02     6.8304134e-04
 3425.0 3450.0     2.3287353e-04    1.7957822e-02     6.6774980e-04
 3450.0 3550.0     2.2649890e-04    1.7031014e-02     6.4277239e-04
 3550.0 3650.0     2.2107521e-04    1.5582728e-02     6.0885958e-04
 3650.0 3750.0     2.2020985e-04    1.4217162e-02     5.8079442e-04
 3750.0 3850.0     2.1934788e-04    1.2971266e-02     5.5272926e-04
 3850.0 3950.0     2.2069632e-04    1.1779976e-02     5.2704276e-04
 3950.0 4050.0     2.2500006e-04    1.0628298e-02     5.0448607e-04
 4050.0 4150.0     2.3034428e-04    9.5679130e-03     4.8297537e-04
 4150.0 4250.0     2.3724309e-04    8.5818737e-03     4.6319895e-04
 4250.0 4350.0     2.4554535e-04    7.6719269e-03     4.4486198e-04
 4350.0 4450.0     2.5355818e-04    6.8684593e-03     4.2705111e-04
 4450.0 4550.0     2.5915679e-04    6.1911537e-03     4.1163154e-04
 4550.0 4650.0     2.6279877e-04    5.6128094e-03     3.9807720e-04
 4650.0 4750.0     2.6649192e-04    5.0884909e-03     3.8452285e-04
 4750.0 4850.0     2.7023698e-04    4.6131514e-03     3.7096851e-04
 4850.0 4950.0     2.7403467e-04    4.1822156e-03     3.5741416e-04
 4950.0 5050.0     2.7788573e-04    3.7915355e-03     3.4385982e-04
 5050.0 5150.0     2.8179091e-04    3.4373506e-03     3.3030547e-04
 5150.0 5250.0     2.8575097e-04    3.1162518e-03     3.1675113e-04
 5250.0 5350.0     2.8976668e-04    2.8251483e-03     3.0319678e-04
 5350.0 5450.0     2.9383882e-04    2.5612381e-03     2.8964243e-04
 5450.0 5550.0     2.9796819e-04    2.3219810e-03     2.7608809e-04
 5550.0 5650.0     3.0238335e-04    2.1060826e-03     2.6302921e-04
 5650.0 5750.0     3.0840914e-04    1.9164711e-03     2.5327338e-04
 5750.0 5850.0     3.1587793e-04    1.7491483e-03     2.4632515e-04
 5850.0 5950.0     3.2352758e-04    1.5964340e-03     2.3937692e-04
 5950.0 6050.0     3.3136250e-04    1.4570529e-03     2.3242869e-04
 6050.0 6150.0     3.3938715e-04    1.3298409e-03     2.2548046e-04
 6150.0 6250.0     3.4760613e-04    1.2137354e-03     2.1853222e-04
 6250.0 6350.0     3.5602416e-04    1.1077669e-03     2.1158399e-04
 6350.0 6450.0     3.6464605e-04    1.0110502e-03     2.0463576e-04
 6450.0 6550.0     3.7347673e-04    9.2277767e-04     1.9768753e-04
 6550.0 6650.0     3.8252127e-04    8.4221201e-04     1.9073930e-04
 6650.0 6750.0     3.9178484e-04    7.6868035e-04     1.8379107e-04
 6750.0 6850.0     4.0127275e-04    7.0156858e-04     1.7684284e-04
 6850.0 6950.0     4.1167249e-04    6.4191976e-04     1.7094531e-04
 6950.0 7050.0     4.2345565e-04    5.8985553e-04     1.6674245e-04
 7050.0 7150.0     4.3600721e-04    5.4292100e-04     1.6318356e-04
 7150.0 7250.0     4.4893082e-04    4.9972104e-04     1.5962468e-04
 7250.0 7350.0     4.6223749e-04    4.5995847e-04     1.5606579e-04
 7350.0 7450.0     4.7593858e-04    4.2335980e-04     1.5250691e-04
 7450.0 7550.0     4.9004578e-04    3.8967326e-04     1.4894802e-04
 7550.0 7650.0     5.0457113e-04    3.5866714e-04     1.4538914e-04
 7650.0 7750.0     5.1952702e-04    3.3012817e-04     1.4183025e-04
 7750.0 7850.0     5.3492622e-04    3.0386003e-04     1.3827137e-04
 7850.0 7950.0     5.5078187e-04    2.7968203e-04     1.3471248e-04
 7950.0 8050.0     5.6710748e-04    2.5742786e-04     1.3115359e-04
 8050.0 8150.0     5.8391700e-04    2.3694445e-04     1.2759471e-04
 8150.0 8250.0     6.0122477e-04    2.1809089e-04     1.2403582e-04
 8250.0 8350.0     6.1904556e-04    2.0073751e-04     1.2047694e-04
 8350.0 8450.0     6.3739457e-04    1.8476492e-04     1.1691805e-04
 8450.0 8550.0     6.5628745e-04    1.7006326e-04     1.1335917e-04
