 1216.0 1216.0     2.8663170e-01    3.2593234e+01     9.5950909e-01
 1300.0 1350.0     2.9185922e-01    3.2841915e+01     9.5747056e-01
 1350.0 1400.0     2.9441800e-01    3.2826968e+01     9.5632025e-01
 1400.0 1450.0     2.9717100e-01    3.2642360e+01     9.5488677e-01
 1450.0 1500.0     2.9999126e-01    3.2418296e+01     9.5338533e-01
 1500.0 1550.0     3.0283829e-01    3.2195769e+01     9.5188390e-01
 1550.0 1600.0     3.0571234e-01    3.1974770e+01     9.5038246e-01
 1600.0 1650.0     3.0859751e-01    3.1751327e+01     9.4881679e-01
 1650.0 1700.0     3.1146716e-01    3.1519072e+01     9.4708210e-01
 1700.0 1750.0     3.1433689e-01    3.1282104e+01     9.4524262e-01
 1754.0 1770.0     3.1647452e-01    3.1107696e+01     9.4388140e-01
 1770.0 1786.0     3.1740469e-01    3.1032664e+01     9.4329276e-01
 1786.0 1802.0     3.1833759e-01    3.0957812e+01     9.4270413e-01
 1802.0 1818.0     3.1927324e-01    3.0883141e+01     9.4211549e-01
 1818.0 1835.0     3.2024105e-01    3.0806329e+01     9.4150846e-01
 1835.0 1852.0     3.2124121e-01    3.0727385e+01     9.4088304e-01
 1852.0 1869.0     3.2224450e-01    3.0648644e+01     9.4025761e-01
 1869.0 1887.0     3.2328061e-01    3.0567801e+01     9.3961379e-01
 1887.0 1905.0     3.2434975e-01    3.0484867e+01     9.3895158e-01
 1905.0 1923.0     3.2542243e-01    3.0402158e+01     9.3828936e-01
 1923.0 1942.0     3.2652865e-01    3.0317389e+01     9.3760875e-01
 1942.0 1961.0     3.2766864e-01    3.0230571e+01     9.3690975e-01
 1961.0 1980.0     3.2882692e-01    3.0142268e+01     9.3626427e-01
 1980.0 2000.0     3.3004353e-01    3.0049074e+01     9.3568961e-01
 2000.0 2020.0     3.3130455e-01    2.9952751e+01     9.3513224e-01
 2020.0 2041.0     3.3260216e-01    2.9854345e+01     9.3456094e-01
 2041.0 2062.0     3.3393663e-01    2.9753869e+01     9.3397570e-01
 2062.0 2083.0     3.3527644e-01    2.9653732e+01     9.3339047e-01
 2083.0 2105.0     3.3665380e-01    2.9551564e+01     9.3279129e-01
 2105.0 2128.0     3.3810128e-01    2.9445021e+01     9.3216425e-01
 2128.0 2151.0     3.3958728e-01    2.9336503e+01     9.3152328e-01
 2151.0 2174.0     3.4107982e-01    2.9228384e+01     9.3088230e-01
 2174.0 2200.0     3.4267714e-01    2.9113667e+01     9.3019953e-01
 2200.0 2222.0     3.4424859e-01    2.9001696e+01     9.2953068e-01
 2222.0 2247.0     3.4579480e-01    2.8892506e+01     9.2887577e-01
 2247.0 2273.0     3.4748030e-01    2.8774478e+01     9.2816513e-01
 2273.0 2299.0     3.4920722e-01    2.8654628e+01     9.2744055e-01
 2299.0 2326.0     3.5097627e-01    2.8532991e+01     9.2670203e-01
 2326.0 2353.0     3.5278783e-01    2.8409586e+01     9.2594958e-01
 2353.0 2381.0     3.5464264e-01    2.8284448e+01     9.2518320e-01
 2381.0 2410.0     3.5832141e-01    2.8033723e+01     9.2429647e-01
 2410.0 2439.0     3.6403324e-01    2.7648110e+01     9.2329265e-01
 2439.0 2469.0     3.7014725e-01    2.7247333e+01     9.2226066e-01
 2469.0 2500.0     3.7657651e-01    2.6839078e+01     9.2119369e-01
 2500.0 2532.0     3.8333381e-01    2.6423857e+01     9.2009174e-01
 2532.0 2564.0     3.9032154e-01    2.6008571e+01     9.1897230e-01
 2564.0 2597.0     3.9754988e-01    2.5593528e+01     9.1783537e-01
 2597.0 2632.0     4.0525624e-01    2.5166468e+01     9.1664596e-01
 2632.0 2667.0     4.1327104e-01    2.4715841e+01     9.1544299e-01
 2667.0 2703.0     4.2147479e-01    2.4244669e+01     9.1424912e-01
 2703.0 2740.0     4.3006384e-01    2.3765766e+01     9.1302617e-01
 2740.0 2778.0     4.3907053e-01    2.3283594e+01     9.1176972e-01
 2778.0 2817.0     4.4851367e-01    2.2798739e+01     9.1047976e-01
 2817.0 2857.0     4.5841321e-01    2.2311782e+01     9.0915630e-01
 2857.0 2899.0     4.6892131e-01    2.1817397e+01     9.0778258e-01
 2899.0 2941.0     4.7993243e-01    2.1322177e+01     9.0637535e-01
 2941.0 2985.0     4.9026164e-01    2.0859945e+01     9.0516113e-01
 2985.0 3030.0     4.9956468e-01    2.0435751e+01     9.0420553e-01
 3030.0 3077.0     5.0894223e-01    2.0017524e+01     9.0329577e-01
 3077.0 3125.0     5.1880933e-01    1.9594592e+01     9.0235634e-01
 3125.0 3175.0     5.2918958e-01    1.9167714e+01     9.0138725e-01
 3175.0 3225.0     5.3999358e-01    1.8741613e+01     9.0039838e-01
 3225.0 3275.0     5.5098453e-01    1.8327592e+01     8.9947408e-01
 3275.0 3325.0     5.6205697e-01    1.7933398e+01     8.9881888e-01
 3325.0 3375.0     5.7324332e-01    1.7555764e+01     8.9836818e-01
 3375.0 3425.0     5.8465232e-01    1.7186081e+01     8.9791748e-01
 3425.0 3450.0     5.9333623e-01    1.6913218e+01     8.9757946e-01
 3450.0 3550.0     6.0812818e-01    1.6480974e+01     8.9704986e-01
 3550.0 3650.0     6.3094923e-01    1.5902222e+01     8.9660438e-01
 3650.0 3750.0     6.5324079e-01    1.5436163e+01     8.9654727e-01
 3750.0 3850.0     6.7631991e-01    1.4983762e+01     8.9649016e-01
 3850.0 3950.0     6.9944075e-01    1.4570420e+01     8.9652731e-01
 3950.0 4050.0     7.2232713e-01    1.4202281e+01     8.9668848e-01
 4050.0 4150.0     7.4535869e-01    1.3855264e+01     8.9688307e-01
 4150.0 4250.0     7.6700656e-01    1.3539020e+01     8.9709912e-01
 4250.0 4350.0     7.8752075e-01    1.3248449e+01     8.9733297e-01
 4350.0 4450.0     8.0723458e-01    1.2963916e+01     8.9755012e-01
 4450.0 4550.0     8.2123704e-01    1.2684611e+01     8.9769134e-01
 4550.0 4650.0     8.3065287e-01    1.2410637e+01     8.9777334e-01
 4650.0 4750.0     8.4017666e-01    1.2142580e+01     8.9785534e-01
 4750.0 4850.0     8.4980964e-01    1.1880313e+01     8.9793734e-01
 4850.0 4950.0     8.5955307e-01    1.1623711e+01     8.9801934e-01
 4950.0 5050.0     8.6940821e-01    1.1372651e+01     8.9810134e-01
 5050.0 5150.0     8.7937635e-01    1.1127014e+01     8.9818334e-01
 5150.0 5250.0     8.8945877e-01    1.0886683e+01     8.9826534e-01
 5250.0 5350.0     8.9965680e-01    1.0651542e+01     8.9834734e-01
 5350.0 5450.0     9.0997174e-01    1.0421480e+01     8.9842934e-01
 5450.0 5550.0     9.2040496e-01    1.0196387e+01     8.9851134e-01
 5550.0 5650.0     9.3039394e-01    9.9766950e+00     8.9858149e-01
 5650.0 5750.0     9.3671286e-01    9.7652664e+00     8.9857263e-01
 5750.0 5850.0     9.3987076e-01    9.5613099e+00     8.9849662e-01
 5850.0 5950.0     9.4303930e-01    9.3616133e+00     8.9842061e-01
 5950.0 6050.0     9.4621852e-01    9.1660875e+00     8.9834459e-01
 6050.0 6150.0     9.4940846e-01    8.9746454e+00     8.9826858e-01
 6150.0 6250.0     9.5260915e-01    8.7872018e+00     8.9819257e-01
 6250.0 6350.0     9.5582063e-01    8.6036731e+00     8.9811656e-01
 6350.0 6450.0     9.5904294e-01    8.4239776e+00     8.9804055e-01
 6450.0 6550.0     9.6227611e-01    8.2480352e+00     8.9796454e-01
 6550.0 6650.0     9.6552019e-01    8.0757675e+00     8.9788853e-01
 6650.0 6750.0     9.6877520e-01    7.9070977e+00     8.9781251e-01
 6750.0 6850.0     9.7204118e-01    7.7419508e+00     8.9773650e-01
 6850.0 6950.0     9.7459131e-01    7.5792204e+00     8.9760124e-01
 6950.0 7050.0     9.7597601e-01    7.4182583e+00     8.9737041e-01
 7050.0 7150.0     9.7691709e-01    7.2600952e+00     8.9710326e-01
 7150.0 7250.0     9.7785907e-01    7.1053042e+00     8.9683611e-01
 7250.0 7350.0     9.7880197e-01    6.9538136e+00     8.9656897e-01
 7350.0 7450.0     9.7974577e-01    6.8055528e+00     8.9630182e-01
 7450.0 7550.0     9.8069048e-01    6.6604530e+00     8.9603467e-01
 7550.0 7650.0     9.8163611e-01    6.5184469e+00     8.9576752e-01
 7650.0 7750.0     9.8258265e-01    6.3794685e+00     8.9550038e-01
 7750.0 7850.0     9.8353009e-01    6.2434532e+00     8.9523323e-01
 7850.0 7950.0     9.8447846e-01    6.1103379e+00     8.9496608e-01
 7950.0 8050.0     9.8542773e-01    5.9800607e+00     8.9469894e-01
 8050.0 8150.0     9.8637793e-01    5.8525611e+00     8.9443179e-01
 8150.0 8250.0     9.8732903e-01    5.7277799e+00     8.9416464e-01
 8250.0 8350.0     9.8828106e-01    5.6056591e+00     8.9389749e-01
 8350.0 8450.0     9.8923400e-01    5.4861420e+00     8.9363035e-01
 8450.0 8550.0     9.9018786e-01    5.3691732e+00     8.9336320e-01
