 1216.0 1216.0     9.9319985e-04    9.4447656e-02     2.3652550e-03
 1300.0 1350.0     7.8947532e-04    7.1603169e-02     2.0161668e-03
 1350.0 1400.0     7.0899240e-04    6.4877710e-02     1.8744418e-03
 1400.0 1450.0     6.3528180e-04    6.1291534e-02     1.7569368e-03
 1450.0 1500.0     5.6891879e-04    5.8485987e-02     1.6452446e-03
 1500.0 1550.0     5.0948821e-04    5.5808860e-02     1.5335525e-03
 1550.0 1600.0     4.5626588e-04    5.3254276e-02     1.4218603e-03
 1600.0 1650.0     4.1137255e-04    5.0862596e-02     1.3201918e-03
 1650.0 1700.0     3.7786649e-04    4.8696223e-02     1.2449016e-03
 1700.0 1750.0     3.5131833e-04    4.6694108e-02     1.1859660e-03
 1754.0 1770.0     3.3268291e-04    4.5256778e-02     1.1423536e-03
 1770.0 1786.0     3.2501729e-04    4.4652832e-02     1.1234942e-03
 1786.0 1802.0     3.1752830e-04    4.4056946e-02     1.1046348e-03
 1802.0 1818.0     3.1021188e-04    4.3469012e-02     1.0857754e-03
 1818.0 1835.0     3.0284599e-04    4.2871046e-02     1.0663266e-03
 1835.0 1852.0     2.9543712e-04    4.2263435e-02     1.0462885e-03
 1852.0 1869.0     2.8820949e-04    4.1664436e-02     1.0262504e-03
 1869.0 1887.0     2.8095655e-04    4.1056812e-02     1.0056229e-03
 1887.0 1905.0     2.7368415e-04    4.0440943e-02     9.8440606e-04
 1905.0 1923.0     2.6659998e-04    3.9834312e-02     9.6318923e-04
 1923.0 1942.0     2.5951262e-04    3.9220440e-02     9.4138304e-04
 1942.0 1961.0     2.5242723e-04    3.8599692e-02     9.1898750e-04
 1961.0 1980.0     2.4591249e-04    3.8039647e-02     8.9964711e-04
 1980.0 2000.0     2.4001676e-04    3.7556544e-02     8.8480929e-04
 2000.0 2020.0     2.3433552e-04    3.7097453e-02     8.7141885e-04
 2020.0 2041.0     2.2865347e-04    3.6632780e-02     8.5769366e-04
 2041.0 2062.0     2.2297397e-04    3.6162736e-02     8.4363370e-04
 2062.0 2083.0     2.1743555e-04    3.5698723e-02     8.2957375e-04
 2083.0 2105.0     2.1190939e-04    3.5229902e-02     8.1517903e-04
 2105.0 2128.0     2.0627654e-04    3.4745866e-02     8.0011480e-04
 2128.0 2151.0     2.0067158e-04    3.4257873e-02     7.8471580e-04
 2151.0 2174.0     1.9521892e-04    3.3776733e-02     7.6931680e-04
 2174.0 2200.0     1.8957852e-04    3.3271877e-02     7.5291352e-04
 2200.0 2222.0     1.8420018e-04    3.2784120e-02     7.3684500e-04
 2222.0 2247.0     1.7909233e-04    3.2313957e-02     7.2111124e-04
 2247.0 2273.0     1.7370670e-04    3.1811251e-02     7.0403843e-04
 2273.0 2299.0     1.6838061e-04    3.1306662e-02     6.8663087e-04
 2299.0 2326.0     1.6312166e-04    3.0800683e-02     6.6888855e-04
 2326.0 2353.0     1.5793086e-04    3.0293489e-02     6.5081146e-04
 2353.0 2381.0     1.5281519e-04    2.9785564e-02     6.3239962e-04
 2381.0 2410.0     1.4847016e-04    2.9125690e-02     6.1633384e-04
 2410.0 2439.0     1.4503544e-04    2.8313930e-02     6.0329685e-04
 2439.0 2469.0     1.4171381e-04    2.7495426e-02     5.9038903e-04
 2469.0 2500.0     1.3835955e-04    2.6674047e-02     5.7704366e-04
 2500.0 2532.0     1.3497863e-04    2.5851486e-02     5.6326073e-04
 2532.0 2564.0     1.3162798e-04    2.5041638e-02     5.4925903e-04
 2564.0 2597.0     1.2831074e-04    2.4245295e-02     5.3503855e-04
 2597.0 2632.0     1.2493049e-04    2.3439486e-02     5.2016174e-04
 2632.0 2667.0     1.2151535e-04    2.2675492e-02     5.0633104e-04
 2667.0 2703.0     1.1811432e-04    2.1972539e-02     4.9412335e-04
 2703.0 2740.0     1.1471110e-04    2.1280325e-02     4.8188739e-04
 2740.0 2778.0     1.1131674e-04    2.0591852e-02     4.6931620e-04
 2778.0 2817.0     1.0793633e-04    1.9908186e-02     4.5640977e-04
 2817.0 2857.0     1.0457478e-04    1.9230345e-02     4.4316812e-04
 2857.0 2899.0     1.0119693e-04    1.8551310e-02     4.2942362e-04
 2899.0 2941.0     9.7848469e-05    1.7880279e-02     4.1534388e-04
 2941.0 2985.0     9.4584768e-05    1.7261702e-02     4.0242023e-04
 2985.0 3030.0     9.1384936e-05    1.6700723e-02     3.9102732e-04
 3030.0 3077.0     8.8207695e-05    1.6154452e-02     3.7976424e-04
 3077.0 3125.0     8.5042133e-05    1.5609016e-02     3.6813389e-04
 3125.0 3175.0     8.1896197e-05    1.5065744e-02     3.5613626e-04
 3175.0 3225.0     7.8804825e-05    1.4530680e-02     3.4389378e-04
 3225.0 3275.0     7.5961244e-05    1.4003580e-02     3.3203259e-04
 3275.0 3325.0     7.3755433e-05    1.3451016e-02     3.2176009e-04
 3325.0 3375.0     7.2019736e-05    1.2886787e-02     3.1269498e-04
 3375.0 3425.0     7.0324885e-05    1.2346226e-02     3.0362987e-04
 3425.0 3450.0     6.9076301e-05    1.1953680e-02     2.9683103e-04
 3450.0 3550.0     6.7182718e-05    1.1337393e-02     2.8572576e-04
 3550.0 3650.0     6.5570502e-05    1.0374038e-02     2.7064809e-04
 3650.0 3750.0     6.5311249e-05    9.4654046e-03     2.5817073e-04
 3750.0 3850.0     6.5053022e-05    8.6363560e-03     2.4569338e-04
 3850.0 3950.0     6.5450664e-05    7.8435341e-03     2.3427369e-04
 3950.0 4050.0     6.6725139e-05    7.0769577e-03     2.2424565e-04
 4050.0 4150.0     6.8308247e-05    6.3711003e-03     2.1468270e-04
 4150.0 4250.0     7.0352518e-05    5.7146842e-03     2.0589089e-04
 4250.0 4350.0     7.2813083e-05    5.1088857e-03     1.9773912e-04
 4350.0 4450.0     7.5187754e-05    4.5739637e-03     1.8982127e-04
 4450.0 4550.0     7.6846550e-05    4.1230320e-03     1.8296671e-04
 4550.0 4650.0     7.7925176e-05    3.7379818e-03     1.7694152e-04
 4650.0 4750.0     7.9018940e-05    3.3888915e-03     1.7091632e-04
 4750.0 4850.0     8.0128058e-05    3.0724027e-03     1.6489113e-04
 4850.0 4950.0     8.1252742e-05    2.7854708e-03     1.5886594e-04
 4950.0 5050.0     8.2393213e-05    2.5253356e-03     1.5284074e-04
 5050.0 5150.0     8.3549692e-05    2.2894943e-03     1.4681555e-04
 5150.0 5250.0     8.4722403e-05    2.0756783e-03     1.4079035e-04
 5250.0 5350.0     8.5911575e-05    1.8818306e-03     1.3476516e-04
 5350.0 5450.0     8.7117438e-05    1.7060863e-03     1.2873997e-04
 5450.0 5550.0     8.8340226e-05    1.5467548e-03     1.2271477e-04
 5550.0 5650.0     8.9647788e-05    1.4029734e-03     1.1690984e-04
 5650.0 5750.0     9.1433392e-05    1.2766850e-03     1.1257328e-04
 5750.0 5850.0     9.3647271e-05    1.1652311e-03     1.0948484e-04
 5850.0 5950.0     9.5914753e-05    1.0635071e-03     1.0639640e-04
 5950.0 6050.0     9.8237139e-05    9.7066358e-04     1.0330796e-04
 6050.0 6150.0     1.0061576e-04    8.8592522e-04     1.0021953e-04
 6150.0 6250.0     1.0305197e-04    8.0858446e-04     9.7131086e-05
 6250.0 6350.0     1.0554717e-04    7.3799551e-04     9.4042648e-05
 6350.0 6450.0     1.0810278e-04    6.7356893e-04     9.0954209e-05
 6450.0 6550.0     1.1072028e-04    6.1476676e-04     8.7865770e-05
 6550.0 6650.0     1.1340115e-04    5.6109798e-04     8.4777332e-05
 6650.0 6750.0     1.1614693e-04    5.1211445e-04     8.1688893e-05
 6750.0 6850.0     1.1895920e-04    4.6740716e-04     7.8600454e-05
 6850.0 6950.0     1.2204215e-04    4.2766953e-04     7.5979063e-05
 6950.0 7050.0     1.2553584e-04    3.9298210e-04     7.4110972e-05
 7050.0 7150.0     1.2925761e-04    3.6171142e-04     7.2529133e-05
 7150.0 7250.0     1.3308972e-04    3.3292903e-04     7.0947294e-05
 7250.0 7350.0     1.3703544e-04    3.0643693e-04     6.9365455e-05
 7350.0 7450.0     1.4109813e-04    2.8205289e-04     6.7783615e-05
 7450.0 7550.0     1.4528128e-04    2.5960915e-04     6.6201776e-05
 7550.0 7650.0     1.4958844e-04    2.3895132e-04     6.4619937e-05
 7650.0 7750.0     1.5402329e-04    2.1993730e-04     6.3038098e-05
 7750.0 7850.0     1.5858963e-04    2.0243627e-04     6.1456259e-05
 7850.0 7950.0     1.6329135e-04    1.8632785e-04     5.9874420e-05
 7950.0 8050.0     1.6813245e-04    1.7150122e-04     5.8292581e-05
 8050.0 8150.0     1.7311708e-04    1.5785439e-04     5.6710742e-05
 8150.0 8250.0     1.7824950e-04    1.4529348e-04     5.5128902e-05
 8250.0 8350.0     1.8353407e-04    1.3373207e-04     5.3547063e-05
 8350.0 8450.0     1.8897531e-04    1.2309063e-04     5.1965224e-05
 8450.0 8550.0     1.9457787e-04    1.1329597e-04     5.0383385e-05
