 1216.0 1216.0     2.6673105e-01    4.1009862e+01     9.6468928e-01
 1300.0 1350.0     2.7111088e-01    4.1266082e+01     9.6292473e-01
 1350.0 1400.0     2.7335177e-01    4.1225053e+01     9.6192887e-01
 1400.0 1450.0     2.7588656e-01    4.0975861e+01     9.6068772e-01
 1450.0 1500.0     2.7851144e-01    4.0678497e+01     9.5938770e-01
 1500.0 1550.0     2.8116129e-01    4.0383291e+01     9.5808767e-01
 1550.0 1600.0     2.8383635e-01    4.0090227e+01     9.5678765e-01
 1600.0 1650.0     2.8652797e-01    3.9794471e+01     9.5543174e-01
 1650.0 1700.0     2.8922161e-01    3.9488277e+01     9.5392876e-01
 1700.0 1750.0     2.9192593e-01    3.9176640e+01     9.5233459e-01
 1754.0 1770.0     2.9394054e-01    3.8947339e+01     9.5115490e-01
 1770.0 1786.0     2.9481727e-01    3.8848716e+01     9.5064477e-01
 1786.0 1802.0     2.9569660e-01    3.8750343e+01     9.5013464e-01
 1802.0 1818.0     2.9657856e-01    3.8652219e+01     9.4962450e-01
 1818.0 1835.0     2.9749088e-01    3.8551293e+01     9.4909843e-01
 1835.0 1852.0     2.9843374e-01    3.8447580e+01     9.4855641e-01
 1852.0 1869.0     2.9937958e-01    3.8344146e+01     9.4801439e-01
 1869.0 1887.0     3.0035642e-01    3.8237965e+01     9.4745643e-01
 1887.0 1905.0     3.0136445e-01    3.8129052e+01     9.4688253e-01
 1905.0 1923.0     3.0237586e-01    3.8020450e+01     9.4630863e-01
 1923.0 1942.0     3.0341896e-01    3.7909157e+01     9.4571879e-01
 1942.0 1961.0     3.0449394e-01    3.7795191e+01     9.4511301e-01
 1961.0 1980.0     3.0559223e-01    3.7679460e+01     9.4455571e-01
 1980.0 2000.0     3.0675567e-01    3.7557604e+01     9.4406329e-01
 2000.0 2020.0     3.0796519e-01    3.7431770e+01     9.4358725e-01
 2020.0 2041.0     3.0920997e-01    3.7303234e+01     9.4309931e-01
 2041.0 2062.0     3.1049026e-01    3.7172014e+01     9.4259947e-01
 2062.0 2083.0     3.1177585e-01    3.7041256e+01     9.4209963e-01
 2083.0 2105.0     3.1309763e-01    3.6907867e+01     9.4158789e-01
 2105.0 2128.0     3.1448689e-01    3.6768788e+01     9.4105235e-01
 2128.0 2151.0     3.1591332e-01    3.6627155e+01     9.4050491e-01
 2151.0 2174.0     3.1734622e-01    3.6486066e+01     9.3995747e-01
 2174.0 2200.0     3.1887995e-01    3.6336393e+01     9.3937432e-01
 2200.0 2222.0     3.2038905e-01    3.6190327e+01     9.3880307e-01
 2222.0 2247.0     3.2187413e-01    3.6047915e+01     9.3824373e-01
 2247.0 2273.0     3.2349324e-01    3.5894004e+01     9.3763678e-01
 2273.0 2299.0     3.2515240e-01    3.5737745e+01     9.3701793e-01
 2299.0 2326.0     3.2685230e-01    3.5579187e+01     9.3638718e-01
 2326.0 2353.0     3.2859334e-01    3.5418354e+01     9.3574453e-01
 2353.0 2381.0     3.3037623e-01    3.5255298e+01     9.3508998e-01
 2381.0 2410.0     3.3392183e-01    3.4927613e+01     9.3433211e-01
 2410.0 2439.0     3.3943377e-01    3.4423243e+01     9.3347364e-01
 2439.0 2469.0     3.4533752e-01    3.3899367e+01     9.3259104e-01
 2469.0 2500.0     3.5154937e-01    3.3366113e+01     9.3167852e-01
 2500.0 2532.0     3.5808222e-01    3.2824180e+01     9.3073608e-01
 2532.0 2564.0     3.6484208e-01    3.2282586e+01     9.2977868e-01
 2564.0 2597.0     3.7183922e-01    3.1741746e+01     9.2880632e-01
 2597.0 2632.0     3.7930408e-01    3.1185711e+01     9.2778908e-01
 2632.0 2667.0     3.8713247e-01    3.0600964e+01     9.2676145e-01
 2667.0 2703.0     3.9522627e-01    2.9991800e+01     9.2574310e-01
 2703.0 2740.0     4.0372231e-01    2.9373459e+01     9.2470021e-01
 2740.0 2778.0     4.1264135e-01    2.8751452e+01     9.2362875e-01
 2778.0 2817.0     4.2200328e-01    2.8126558e+01     9.2252872e-01
 2817.0 2857.0     4.3182916e-01    2.7499547e+01     9.2140011e-01
 2857.0 2899.0     4.4227176e-01    2.6863594e+01     9.2022865e-01
 2899.0 2941.0     4.5322773e-01    2.6227197e+01     9.1902861e-01
 2941.0 2985.0     4.6357012e-01    2.5635535e+01     9.1799802e-01
 2985.0 3030.0     4.7297549e-01    2.5095551e+01     9.1719459e-01
 3030.0 3077.0     4.8249307e-01    2.4564273e+01     9.1643230e-01
 3077.0 3125.0     4.9252095e-01    2.4027410e+01     9.1564516e-01
 3125.0 3175.0     5.0308509e-01    2.3485947e+01     9.1483316e-01
 3175.0 3225.0     5.1409602e-01    2.2945887e+01     9.1400459e-01
 3225.0 3275.0     5.2532037e-01    2.2421532e+01     9.1323228e-01
 3275.0 3325.0     5.3667298e-01    2.1922630e+01     9.1269442e-01
 3325.0 3375.0     5.4818171e-01    2.1445015e+01     9.1233473e-01
 3375.0 3425.0     5.5993725e-01    2.0977806e+01     9.1197504e-01
 3425.0 3450.0     5.6889503e-01    2.0633152e+01     9.1170527e-01
 3450.0 3550.0     5.8418254e-01    2.0087042e+01     9.1128506e-01
 3550.0 3650.0     6.0774033e-01    1.9347671e+01     9.1096262e-01
 3650.0 3750.0     6.3074348e-01    1.8743489e+01     9.1097831e-01
 3750.0 3850.0     6.5461731e-01    1.8158174e+01     9.1099400e-01
 3850.0 3950.0     6.7862405e-01    1.7621457e+01     9.1109057e-01
 3950.0 4050.0     7.0248967e-01    1.7140304e+01     9.1129355e-01
 4050.0 4150.0     7.2658903e-01    1.6687083e+01     9.1152504e-01
 4150.0 4250.0     7.4937971e-01    1.6277313e+01     9.1177399e-01
 4250.0 4350.0     7.7110784e-01    1.5903655e+01     9.1203742e-01
 4350.0 4450.0     7.9205282e-01    1.5544057e+01     9.1228587e-01
 4450.0 4550.0     8.0705955e-01    1.5217112e+01     9.1246623e-01
 4550.0 4650.0     8.1728605e-01    1.4916105e+01     9.1259347e-01
 4650.0 4750.0     8.2764214e-01    1.4621052e+01     9.1272071e-01
 4750.0 4850.0     8.3812946e-01    1.4331835e+01     9.1284794e-01
 4850.0 4950.0     8.4874966e-01    1.4048340e+01     9.1297518e-01
 4950.0 5050.0     8.5950444e-01    1.3770452e+01     9.1310242e-01
 5050.0 5150.0     8.7039549e-01    1.3498062e+01     9.1322966e-01
 5150.0 5250.0     8.8142455e-01    1.3231059e+01     9.1335690e-01
 5250.0 5350.0     8.9259335e-01    1.2969338e+01     9.1348414e-01
 5350.0 5450.0     9.0390369e-01    1.2712793e+01     9.1361138e-01
 5450.0 5550.0     9.1535734e-01    1.2461324e+01     9.1373862e-01
 5550.0 5650.0     9.2633123e-01    1.2216924e+01     9.1385550e-01
 5650.0 5750.0     9.3324709e-01    1.1991069e+01     9.1390339e-01
 5750.0 5850.0     9.3666304e-01    1.1781058e+01     9.1389261e-01
 5850.0 5950.0     9.4009150e-01    1.1574724e+01     9.1388184e-01
 5950.0 6050.0     9.4353250e-01    1.1372004e+01     9.1387106e-01
 6050.0 6150.0     9.4698610e-01    1.1172834e+01     9.1386029e-01
 6150.0 6250.0     9.5045234e-01    1.0977153e+01     9.1384951e-01
 6250.0 6350.0     9.5393127e-01    1.0784899e+01     9.1383874e-01
 6350.0 6450.0     9.5742293e-01    1.0596012e+01     9.1382796e-01
 6450.0 6550.0     9.6092737e-01    1.0410433e+01     9.1381719e-01
 6550.0 6650.0     9.6444464e-01    1.0228105e+01     9.1380641e-01
 6650.0 6750.0     9.6797478e-01    1.0048970e+01     9.1379564e-01
 6750.0 6850.0     9.7151784e-01    9.8729718e+00     9.1378487e-01
 6850.0 6950.0     9.7427051e-01    9.6979528e+00     9.1372413e-01
 6950.0 7050.0     9.7573558e-01    9.5226677e+00     9.1358281e-01
 7050.0 7150.0     9.7671038e-01    9.3492852e+00     9.1341087e-01
 7150.0 7250.0     9.7768616e-01    9.1790595e+00     9.1323894e-01
 7250.0 7350.0     9.7866291e-01    9.0119332e+00     9.1306700e-01
 7350.0 7450.0     9.7964064e-01    8.8478498e+00     9.1289506e-01
 7450.0 7550.0     9.8061935e-01    8.6867539e+00     9.1272312e-01
 7550.0 7650.0     9.8159903e-01    8.5285912e+00     9.1255118e-01
 7650.0 7750.0     9.8257969e-01    8.3733082e+00     9.1237925e-01
 7750.0 7850.0     9.8356133e-01    8.2208525e+00     9.1220731e-01
 7850.0 7950.0     9.8454396e-01    8.0711726e+00     9.1203537e-01
 7950.0 8050.0     9.8552756e-01    7.9242179e+00     9.1186343e-01
 8050.0 8150.0     9.8651215e-01    7.7799390e+00     9.1169149e-01
 8150.0 8250.0     9.8749772e-01    7.6382869e+00     9.1151955e-01
 8250.0 8350.0     9.8848427e-01    7.4992140e+00     9.1134762e-01
 8350.0 8450.0     9.8947181e-01    7.3626732e+00     9.1117568e-01
 8450.0 8550.0     9.9046034e-01    7.2286185e+00     9.1100374e-01
