 1216.0 1216.0     3.4823621e-01    2.2355712e+01     9.3583688e-01
 1300.0 1350.0     3.5691179e-01    2.2664056e+01     9.3204542e-01
 1350.0 1400.0     3.6072122e-01    2.2706003e+01     9.3000335e-01
 1400.0 1450.0     3.6425558e-01    2.2616026e+01     9.2756276e-01
 1450.0 1500.0     3.6774825e-01    2.2494864e+01     9.2502653e-01
 1500.0 1550.0     3.7127441e-01    2.2374352e+01     9.2249030e-01
 1550.0 1600.0     3.7483437e-01    2.2254485e+01     9.1995407e-01
 1600.0 1650.0     3.7835916e-01    2.2131166e+01     9.1730630e-01
 1650.0 1700.0     3.8173368e-01    2.1997797e+01     9.1436503e-01
 1700.0 1750.0     3.8502424e-01    2.1858594e+01     9.1124178e-01
 1754.0 1770.0     3.8747431e-01    2.1756053e+01     9.0893057e-01
 1770.0 1786.0     3.8854000e-01    2.1711903e+01     9.0793113e-01
 1786.0 1802.0     3.8960863e-01    2.1667842e+01     9.0693169e-01
 1802.0 1818.0     3.9068020e-01    2.1623870e+01     9.0593225e-01
 1818.0 1835.0     3.9178839e-01    2.1578620e+01     9.0490158e-01
 1835.0 1852.0     3.9293340e-01    2.1532095e+01     9.0383968e-01
 1852.0 1869.0     3.9408175e-01    2.1485671e+01     9.0277777e-01
 1869.0 1887.0     3.9526744e-01    2.1437988e+01     9.0168464e-01
 1887.0 1905.0     3.9649067e-01    2.1389051e+01     9.0056027e-01
 1905.0 1923.0     3.9771769e-01    2.1340226e+01     8.9943590e-01
 1923.0 1942.0     3.9898281e-01    2.1290162e+01     8.9828029e-01
 1942.0 1961.0     4.0028625e-01    2.1238866e+01     8.9709346e-01
 1961.0 1980.0     4.0160118e-01    2.1186669e+01     8.9598732e-01
 1980.0 2000.0     4.0296717e-01    2.1131556e+01     8.9498445e-01
 2000.0 2020.0     4.0437728e-01    2.1074565e+01     8.9400414e-01
 2020.0 2041.0     4.0582784e-01    2.1016311e+01     8.9299933e-01
 2041.0 2062.0     4.0731910e-01    2.0956801e+01     8.9197001e-01
 2062.0 2083.0     4.0881585e-01    2.0897459e+01     8.9094068e-01
 2083.0 2105.0     4.1035400e-01    2.0836881e+01     8.8988685e-01
 2105.0 2128.0     4.1196988e-01    2.0773673e+01     8.8878401e-01
 2128.0 2151.0     4.1362818e-01    2.0709257e+01     8.8765665e-01
 2151.0 2174.0     4.1529316e-01    2.0645040e+01     8.8652930e-01
 2174.0 2200.0     4.1707432e-01    2.0576861e+01     8.8532842e-01
 2200.0 2222.0     4.1882601e-01    2.0510277e+01     8.8415206e-01
 2222.0 2247.0     4.2054886e-01    2.0445303e+01     8.8300019e-01
 2247.0 2273.0     4.2242619e-01    2.0375028e+01     8.8175030e-01
 2273.0 2299.0     4.2434887e-01    2.0303621e+01     8.8047590e-01
 2299.0 2326.0     4.2631762e-01    2.0231101e+01     8.7917700e-01
 2326.0 2353.0     4.2833282e-01    2.0157477e+01     8.7785358e-01
 2353.0 2381.0     4.3039522e-01    2.0082767e+01     8.7650566e-01
 2381.0 2410.0     4.3438079e-01    1.9932248e+01     8.7495402e-01
 2410.0 2439.0     4.4050288e-01    1.9700067e+01     8.7320533e-01
 2439.0 2469.0     4.4703970e-01    1.9458207e+01     8.7140833e-01
 2469.0 2500.0     4.5390012e-01    1.9211269e+01     8.6955042e-01
 2500.0 2532.0     4.6109601e-01    1.8959524e+01     8.6763159e-01
 2532.0 2564.0     4.6852200e-01    1.8707134e+01     8.6568230e-01
 2564.0 2597.0     4.7618741e-01    1.8454266e+01     8.6370255e-01
 2597.0 2632.0     4.8434190e-01    1.8193412e+01     8.6163143e-01
 2632.0 2667.0     4.9255989e-01    1.7910505e+01     8.5953030e-01
 2667.0 2703.0     5.0064498e-01    1.7605876e+01     8.5743707e-01
 2703.0 2740.0     5.0902702e-01    1.7294273e+01     8.5529144e-01
 2740.0 2778.0     5.1778488e-01    1.6979876e+01     8.5308703e-01
 2778.0 2817.0     5.2693306e-01    1.6663040e+01     8.5082384e-01
 2817.0 2857.0     5.3648687e-01    1.6344119e+01     8.4850186e-01
 2857.0 2899.0     5.4658789e-01    1.6019580e+01     8.4609171e-01
 2899.0 2941.0     5.5713009e-01    1.5693727e+01     8.4362277e-01
 2941.0 2985.0     5.6674839e-01    1.5379573e+01     8.4146171e-01
 2985.0 3030.0     5.7502863e-01    1.5077591e+01     8.3971248e-01
 3030.0 3077.0     5.8323178e-01    1.4775922e+01     8.3803062e-01
 3077.0 3125.0     5.9182459e-01    1.4470715e+01     8.3629391e-01
 3125.0 3175.0     6.0082213e-01    1.4162508e+01     8.3450237e-01
 3175.0 3225.0     6.1014286e-01    1.3854710e+01     8.3267426e-01
 3225.0 3275.0     6.1957393e-01    1.3554291e+01     8.3095181e-01
 3275.0 3325.0     6.2900639e-01    1.3263211e+01     8.2966963e-01
 3325.0 3375.0     6.3847234e-01    1.2980518e+01     8.2872204e-01
 3375.0 3425.0     6.4808075e-01    1.2703851e+01     8.2777446e-01
 3425.0 3450.0     6.5536811e-01    1.2499683e+01     8.2706377e-01
 3450.0 3550.0     6.6773069e-01    1.2177146e+01     8.2593582e-01
 3550.0 3650.0     6.8716551e-01    1.1754377e+01     8.2480378e-01
 3650.0 3750.0     7.0647205e-01    1.1423975e+01     8.2432183e-01
 3750.0 3850.0     7.2632102e-01    1.1102859e+01     8.2383987e-01
 3850.0 3950.0     7.4612788e-01    1.0808207e+01     8.2353555e-01
 3950.0 4050.0     7.6568137e-01    1.0544223e+01     8.2346493e-01
 4050.0 4150.0     7.8524050e-01    1.0292697e+01     8.2346143e-01
 4150.0 4250.0     8.0342572e-01    1.0050793e+01     8.2352275e-01
 4250.0 4350.0     8.2047405e-01    9.8175686e+00     8.2363788e-01
 4350.0 4450.0     8.3672800e-01    9.5771055e+00     8.2373878e-01
 4450.0 4550.0     8.4800067e-01    9.2864691e+00     8.2377500e-01
 4550.0 4650.0     8.5529670e-01    8.9614254e+00     8.2376077e-01
 4650.0 4750.0     8.6265549e-01    8.6477590e+00     8.2374653e-01
 4750.0 4850.0     8.7007761e-01    8.3450714e+00     8.2373230e-01
 4850.0 4950.0     8.7756358e-01    8.0529784e+00     8.2371807e-01
 4950.0 5050.0     8.8511395e-01    7.7711092e+00     8.2370384e-01
 5050.0 5150.0     8.9272929e-01    7.4991060e+00     8.2368961e-01
 5150.0 5250.0     9.0041015e-01    7.2366234e+00     8.2367537e-01
 5250.0 5350.0     9.0815710e-01    6.9833282e+00     8.2366114e-01
 5350.0 5450.0     9.1597070e-01    6.7388988e+00     8.2364691e-01
 5450.0 5550.0     9.2385152e-01    6.5030248e+00     8.2363268e-01
 5550.0 5650.0     9.3140558e-01    6.2751746e+00     8.2360698e-01
 5650.0 5750.0     9.3638011e-01    6.0538053e+00     8.2350485e-01
 5750.0 5850.0     9.3913971e-01    5.8389756e+00     8.2333775e-01
 5850.0 5950.0     9.4190743e-01    5.6317695e+00     8.2317064e-01
 5950.0 6050.0     9.4468332e-01    5.4319164e+00     8.2300354e-01
 6050.0 6150.0     9.4746738e-01    5.2391555e+00     8.2283644e-01
 6150.0 6250.0     9.5025965e-01    5.0532350e+00     8.2266934e-01
 6250.0 6350.0     9.5306015e-01    4.8739122e+00     8.2250223e-01
 6350.0 6450.0     9.5586890e-01    4.7009530e+00     8.2233513e-01
 6450.0 6550.0     9.5868593e-01    4.5341316e+00     8.2216803e-01
 6550.0 6650.0     9.6151126e-01    4.3732301e+00     8.2200093e-01
 6650.0 6750.0     9.6434491e-01    4.2180385e+00     8.2183382e-01
 6750.0 6850.0     9.6718692e-01    4.0683541e+00     8.2166672e-01
 6850.0 6950.0     9.6947069e-01    3.9287491e+00     8.2141931e-01
 6950.0 7050.0     9.7084600e-01    3.8015389e+00     8.2104235e-01
 7050.0 7150.0     9.7187581e-01    3.6812808e+00     8.2061617e-01
 7150.0 7250.0     9.7290672e-01    3.5648269e+00     8.2018999e-01
 7250.0 7350.0     9.7393872e-01    3.4520569e+00     8.1976381e-01
 7350.0 7450.0     9.7497182e-01    3.3428543e+00     8.1933762e-01
 7450.0 7550.0     9.7600601e-01    3.2371062e+00     8.1891144e-01
 7550.0 7650.0     9.7704130e-01    3.1347034e+00     8.1848526e-01
 7650.0 7750.0     9.7807769e-01    3.0355399e+00     8.1805908e-01
 7750.0 7850.0     9.7911517e-01    2.9395134e+00     8.1763290e-01
 7850.0 7950.0     9.8015376e-01    2.8465247e+00     8.1720672e-01
 7950.0 8050.0     9.8119345e-01    2.7564775e+00     8.1678054e-01
 8050.0 8150.0     9.8223424e-01    2.6692789e+00     8.1635436e-01
 8150.0 8250.0     9.8327613e-01    2.5848388e+00     8.1592817e-01
 8250.0 8350.0     9.8431913e-01    2.5030698e+00     8.1550199e-01
 8350.0 8450.0     9.8536324e-01    2.4238875e+00     8.1507581e-01
 8450.0 8550.0     9.8640846e-01    2.3472101e+00     8.1464963e-01
