 1216.0 1216.0     1.2421011e-01    7.3743910e-01     1.0032145e-02
 1300.0 1350.0     8.2441575e-02    6.5161640e-01     1.8608228e-02
 1350.0 1400.0     7.0122559e-02    6.1751224e-01     2.0730515e-02
 1400.0 1450.0     6.2217571e-02    5.8775465e-01     2.0468995e-02
 1450.0 1500.0     5.5773345e-02    5.6002373e-01     1.9635364e-02
 1500.0 1550.0     4.9996584e-02    5.3360117e-01     1.8801732e-02
 1550.0 1600.0     4.4818155e-02    5.0842527e-01     1.7968100e-02
 1600.0 1650.0     4.0362688e-02    4.8492167e-01     1.7178013e-02
 1650.0 1700.0     3.6816795e-02    4.6374630e-01     1.6502516e-02
 1700.0 1750.0     3.3863722e-02    4.4425359e-01     1.5898066e-02
 1754.0 1770.0     3.1807080e-02    4.3026940e-01     1.5450774e-02
 1770.0 1786.0     3.0967360e-02    4.2439731e-01     1.5257350e-02
 1786.0 1802.0     3.0149809e-02    4.1860535e-01     1.5063926e-02
 1802.0 1818.0     2.9353842e-02    4.1289244e-01     1.4870502e-02
 1818.0 1835.0     2.8555334e-02    4.0708389e-01     1.4671033e-02
 1835.0 1852.0     2.7755011e-02    4.0118352e-01     1.4465520e-02
 1852.0 1869.0     2.6977118e-02    3.9536867e-01     1.4260007e-02
 1869.0 1887.0     2.6199435e-02    3.8947207e-01     1.4048450e-02
 1887.0 1905.0     2.5422593e-02    3.8349747e-01     1.3830848e-02
 1905.0 1923.0     2.4668786e-02    3.7761451e-01     1.3613246e-02
 1923.0 1942.0     2.3917634e-02    3.7166344e-01     1.3389599e-02
 1942.0 1961.0     2.3169674e-02    3.6564785e-01     1.3159908e-02
 1961.0 1980.0     2.2491392e-02    3.6016610e-01     1.2951151e-02
 1980.0 2000.0     2.1891397e-02    3.5533941e-01     1.2771240e-02
 2000.0 2020.0     2.1319460e-02    3.5071334e-01     1.2599240e-02
 2020.0 2041.0     2.0748916e-02    3.4603489e-01     1.2422940e-02
 2041.0 2062.0     2.0180099e-02    3.4130626e-01     1.2242340e-02
 2062.0 2083.0     1.9626875e-02    3.3664224e-01     1.2061740e-02
 2083.0 2105.0     1.9076368e-02    3.3193397e-01     1.1876840e-02
 2105.0 2128.0     1.8516784e-02    3.2707721e-01     1.1683340e-02
 2128.0 2151.0     1.7961545e-02    3.2218516e-01     1.1485540e-02
 2151.0 2174.0     1.7422956e-02    3.1736629e-01     1.1287740e-02
 2174.0 2200.0     1.6867537e-02    3.1231486e-01     1.1077040e-02
 2200.0 2222.0     1.6339423e-02    3.0743894e-01     1.0870640e-02
 2222.0 2247.0     1.5839477e-02    3.0274371e-01     1.0668540e-02
 2247.0 2273.0     1.5313931e-02    2.9772835e-01     1.0449240e-02
 2273.0 2299.0     1.4795861e-02    2.9269937e-01     1.0225640e-02
 2299.0 2326.0     1.4286025e-02    2.8766189e-01     9.9977400e-03
 2326.0 2353.0     1.3784471e-02    2.8261771e-01     9.7655400e-03
 2353.0 2381.0     1.3291885e-02    2.7757185e-01     9.5290400e-03
 2381.0 2410.0     1.2796086e-02    2.7196433e-01     9.3424377e-03
 2410.0 2439.0     1.2306180e-02    2.6585631e-01     9.2167828e-03
 2439.0 2469.0     1.1826790e-02    2.5973075e-01     9.0958275e-03
 2469.0 2500.0     1.1350775e-02    2.5354589e-01     8.9707719e-03
 2500.0 2532.0     1.0879256e-02    2.4731282e-01     8.8416162e-03
 2532.0 2564.0     1.0420153e-02    2.4113648e-01     8.7104104e-03
 2564.0 2597.0     9.9738498e-03    2.3502268e-01     8.5771546e-03
 2597.0 2632.0     9.5275404e-03    2.2879377e-01     8.4377484e-03
 2632.0 2667.0     9.3718879e-03    2.1280644e-01     8.3379390e-03
 2667.0 2703.0     9.5763588e-03    1.8658206e-01     8.2903238e-03
 2703.0 2740.0     9.8552057e-03    1.6127643e-01     8.2506626e-03
 2740.0 2778.0     1.0150151e-02    1.3884738e-01     8.2099148e-03
 2778.0 2817.0     1.0462147e-02    1.1906120e-01     8.1680804e-03
 2817.0 2857.0     1.0792216e-02    1.0168774e-01     8.1251594e-03
 2857.0 2899.0     1.1145909e-02    8.6344869e-02     8.0806085e-03
 2899.0 2941.0     1.1520101e-02    7.3000631e-02     8.0349710e-03
 2941.0 2985.0     1.1968744e-02    6.2831370e-02     7.9284178e-03
 2985.0 3030.0     1.2522103e-02    5.5547930e-02     7.7386497e-03
 3030.0 3077.0     1.3140212e-02    4.9327206e-02     7.5218699e-03
 3077.0 3125.0     1.3810333e-02    4.3630352e-02     7.2980213e-03
 3125.0 3175.0     1.4537640e-02    3.8445308e-02     7.0671037e-03
 3175.0 3225.0     1.5318868e-02    3.3783463e-02     6.8314735e-03
 3225.0 3275.0     1.6027523e-02    2.9898906e-02     6.5995639e-03
 3275.0 3325.0     1.6289012e-02    2.7292706e-02     6.3831565e-03
 3325.0 3375.0     1.6196613e-02    2.5546190e-02     6.1785309e-03
 3375.0 3425.0     1.6104738e-02    2.3911438e-02     5.9739054e-03
 3425.0 3450.0     1.6036125e-02    2.2745074e-02     5.8204362e-03
 3450.0 3550.0     1.5887989e-02    2.1033462e-02     5.5684565e-03
 3550.0 3650.0     1.5256528e-02    1.9044898e-02     5.2105369e-03
 3650.0 3750.0     1.4276769e-02    1.7782272e-02     4.8963444e-03
 3750.0 3850.0     1.3359929e-02    1.6603355e-02     4.5821519e-03
 3850.0 3950.0     1.2612760e-02    1.5429474e-02     4.2973063e-03
 3950.0 4050.0     1.2052894e-02    1.4244597e-02     4.0510749e-03
 4050.0 4150.0     1.1579882e-02    1.3114352e-02     3.8189676e-03
 4150.0 4250.0     1.1288090e-02    1.1990970e-02     3.6154288e-03
 4250.0 4350.0     1.1139690e-02    1.0896542e-02     3.4356019e-03
 4350.0 4450.0     1.1020024e-02    9.9016991e-03     3.2639054e-03
 4450.0 4550.0     1.1023719e-02    8.9964018e-03     3.1291652e-03
 4550.0 4650.0     1.1123472e-02    8.1728956e-03     3.0232509e-03
 4650.0 4750.0     1.1224127e-02    7.4247710e-03     2.9173365e-03
 4750.0 4850.0     1.1325693e-02    6.7451277e-03     2.8114221e-03
 4850.0 4950.0     1.1428178e-02    6.1276971e-03     2.7055078e-03
 4950.0 5050.0     1.1531590e-02    5.5667844e-03     2.5995934e-03
 5050.0 5150.0     1.1635938e-02    5.0572161e-03     2.4936791e-03
 5150.0 5250.0     1.1741230e-02    4.5942923e-03     2.3877647e-03
 5250.0 5350.0     1.1847475e-02    4.1737433e-03     2.2818503e-03
 5350.0 5450.0     1.1954682e-02    3.7916902e-03     2.1759360e-03
 5450.0 5550.0     1.2062858e-02    3.4446092e-03     2.0700216e-03
 5550.0 5650.0     1.2189700e-02    3.1300860e-03     1.9682386e-03
 5650.0 5750.0     1.2437989e-02    2.8491290e-03     1.8939980e-03
 5750.0 5850.0     1.2794587e-02    2.5974568e-03     1.8431684e-03
 5850.0 5950.0     1.3161410e-02    2.3680157e-03     1.7923387e-03
 5950.0 6050.0     1.3538749e-02    2.1588417e-03     1.7415091e-03
 6050.0 6150.0     1.3926906e-02    1.9681448e-03     1.6906794e-03
 6150.0 6250.0     1.4326192e-02    1.7942926e-03     1.6398498e-03
 6250.0 6350.0     1.4736925e-02    1.6357974e-03     1.5890202e-03
 6350.0 6450.0     1.5159434e-02    1.4913025e-03     1.5381905e-03
 6450.0 6550.0     1.5594057e-02    1.3595713e-03     1.4873609e-03
 6550.0 6650.0     1.6041140e-02    1.2394762e-03     1.4365312e-03
 6650.0 6750.0     1.6501041e-02    1.1299896e-03     1.3857016e-03
 6750.0 6850.0     1.6974128e-02    1.0301742e-03     1.3348719e-03
 6850.0 6950.0     1.7461241e-02    9.4215368e-04     1.2914532e-03
 6950.0 7050.0     1.7963088e-02    8.6632504e-04     1.2599875e-03
 7050.0 7150.0     1.8479650e-02    7.9828663e-04     1.2330639e-03
 7150.0 7250.0     1.9011067e-02    7.3559174e-04     1.2061403e-03
 7250.0 7350.0     1.9557766e-02    6.7782071e-04     1.1792167e-03
 7350.0 7450.0     2.0120186e-02    6.2458683e-04     1.1522932e-03
 7450.0 7550.0     2.0698780e-02    5.7553376e-04     1.1253696e-03
 7550.0 7650.0     2.1294012e-02    5.3033318e-04     1.0984460e-03
 7650.0 7750.0     2.1906361e-02    4.8868250e-04     1.0715224e-03
 7750.0 7850.0     2.2536319e-02    4.5030293e-04     1.0445988e-03
 7850.0 7950.0     2.3184393e-02    4.1493757e-04     1.0176752e-03
 7950.0 8050.0     2.3851104e-02    3.8234970e-04     9.9075166e-04
 8050.0 8150.0     2.4536987e-02    3.5232117e-04     9.6382808e-04
 8150.0 8250.0     2.5242594e-02    3.2465099e-04     9.3690450e-04
 8250.0 8350.0     2.5968492e-02    2.9915393e-04     9.0998092e-04
 8350.0 8450.0     2.6715265e-02    2.7565933e-04     8.8305734e-04
 8450.0 8550.0     2.7483512e-02    2.5400993e-04     8.5613376e-04
