 1216.0 1216.0     1.6274979e-01    9.2879783e-01     1.1639132e-02
 1300.0 1350.0     1.1011524e-01    7.9906890e-01     2.2762099e-02
 1350.0 1400.0     9.4347390e-02    7.5000220e-01     2.5552887e-02
 1400.0 1450.0     8.4091944e-02    7.0972794e-01     2.5302242e-02
 1450.0 1500.0     7.5673680e-02    6.7294882e-01     2.4321656e-02
 1500.0 1550.0     6.8098149e-02    6.3807566e-01     2.3341070e-02
 1550.0 1600.0     6.1280989e-02    6.0500966e-01     2.2360484e-02
 1600.0 1650.0     5.5382776e-02    5.7448882e-01     2.1425303e-02
 1650.0 1700.0     5.0644330e-02    5.4763591e-01     2.0609610e-02
 1700.0 1750.0     4.6668358e-02    5.2333667e-01     1.9867999e-02
 1754.0 1770.0     4.3895574e-02    5.0593514e-01     1.9319206e-02
 1770.0 1786.0     4.2762007e-02    4.9864034e-01     1.9081891e-02
 1786.0 1802.0     4.1657712e-02    4.9145071e-01     1.8844575e-02
 1802.0 1818.0     4.0581936e-02    4.8436475e-01     1.8607260e-02
 1818.0 1835.0     3.9502066e-02    4.7716596e-01     1.8362528e-02
 1835.0 1852.0     3.8419082e-02    4.6985927e-01     1.8110380e-02
 1852.0 1869.0     3.7365789e-02    4.6266446e-01     1.7858233e-02
 1869.0 1887.0     3.6312097e-02    4.5537475e-01     1.7598669e-02
 1887.0 1905.0     3.5258866e-02    4.4799491e-01     1.7331689e-02
 1905.0 1923.0     3.4236183e-02    4.4073466e-01     1.7064709e-02
 1923.0 1942.0     3.3216406e-02    4.3339698e-01     1.6790313e-02
 1942.0 1961.0     3.2200268e-02    4.2598646e-01     1.6508501e-02
 1961.0 1980.0     3.1276317e-02    4.1926685e-01     1.6251409e-02
 1980.0 2000.0     3.0455281e-02    4.1340329e-01     1.6028103e-02
 2000.0 2020.0     2.9670987e-02    4.0780692e-01     1.5813860e-02
 2020.0 2041.0     2.8888293e-02    4.0215022e-01     1.5594261e-02
 2041.0 2062.0     2.8107662e-02    3.9643593e-01     1.5369307e-02
 2062.0 2083.0     2.7348126e-02    3.9080283e-01     1.5144352e-02
 2083.0 2105.0     2.6592007e-02    3.8511949e-01     1.4914041e-02
 2105.0 2128.0     2.5823097e-02    3.7926030e-01     1.4673019e-02
 2128.0 2151.0     2.5059829e-02    3.7336203e-01     1.4426640e-02
 2151.0 2174.0     2.4319122e-02    3.6755549e-01     1.4180261e-02
 2174.0 2200.0     2.3554910e-02    3.6147265e-01     1.3917814e-02
 2200.0 2222.0     2.2827953e-02    3.5560462e-01     1.3660723e-02
 2222.0 2247.0     2.2139434e-02    3.4995784e-01     1.3408988e-02
 2247.0 2273.0     2.1415325e-02    3.4392985e-01     1.3135829e-02
 2273.0 2299.0     2.0701169e-02    3.3788953e-01     1.2857313e-02
 2299.0 2326.0     1.9998006e-02    3.3184322e-01     1.2573442e-02
 2326.0 2353.0     1.9305913e-02    3.2579308e-01     1.2284215e-02
 2353.0 2381.0     1.8625838e-02    3.1974529e-01     1.1989631e-02
 2381.0 2410.0     1.7939760e-02    3.1307107e-01     1.1757762e-02
 2410.0 2439.0     1.7260213e-02    3.0584758e-01     1.1602436e-02
 2439.0 2469.0     1.6594834e-02    2.9861193e-01     1.1453051e-02
 2469.0 2500.0     1.5933857e-02    2.9131093e-01     1.1298601e-02
 2500.0 2532.0     1.5278832e-02    2.8395789e-01     1.1139087e-02
 2532.0 2564.0     1.4640768e-02    2.7667669e-01     1.0977042e-02
 2564.0 2597.0     1.4020205e-02    2.6947424e-01     1.0812464e-02
 2597.0 2632.0     1.3399336e-02    2.6214143e-01     1.0640291e-02
 2632.0 2667.0     1.3185039e-02    2.4368237e-01     1.0517958e-02
 2667.0 2703.0     1.3474790e-02    2.1356809e-01     1.0461249e-02
 2703.0 2740.0     1.3868894e-02    1.8453328e-01     1.0414621e-02
 2740.0 2778.0     1.4285803e-02    1.5880872e-01     1.0366717e-02
 2778.0 2817.0     1.4726872e-02    1.3612419e-01     1.0317535e-02
 2817.0 2857.0     1.5193553e-02    1.1621377e-01     1.0267075e-02
 2857.0 2899.0     1.5693705e-02    9.8637758e-02     1.0214700e-02
 2899.0 2941.0     1.6222920e-02    8.3357697e-02     1.0161047e-02
 2941.0 2985.0     1.6855586e-02    7.1725121e-02     1.0028865e-02
 2985.0 3030.0     1.7633634e-02    6.3407002e-02     9.7894263e-03
 3030.0 3077.0     1.8502113e-02    5.6306265e-02     9.5152983e-03
 3077.0 3125.0     1.9443573e-02    4.9803495e-02     9.2322313e-03
 3125.0 3175.0     2.0465261e-02    4.3884925e-02     8.9402254e-03
 3175.0 3225.0     2.1562573e-02    3.8563560e-02     8.6422602e-03
 3225.0 3275.0     2.2558360e-02    3.4128275e-02     8.3489875e-03
 3275.0 3325.0     2.2928213e-02    3.1147730e-02     8.0752671e-03
 3325.0 3375.0     2.2802648e-02    2.9145770e-02     7.8164063e-03
 3375.0 3425.0     2.2677771e-02    2.7272481e-02     7.5575456e-03
 3425.0 3450.0     2.2584498e-02    2.5936231e-02     7.3634000e-03
 3450.0 3550.0     2.2381566e-02    2.3975729e-02     7.0446351e-03
 3550.0 3650.0     2.1503079e-02    2.1693547e-02     6.5918635e-03
 3650.0 3750.0     2.0134916e-02    2.0239215e-02     6.1944197e-03
 3750.0 3850.0     1.8853803e-02    1.8882381e-02     5.7969760e-03
 3850.0 3950.0     1.7809103e-02    1.7535278e-02     5.4366594e-03
 3950.0 4050.0     1.7025737e-02    1.6179867e-02     5.1251945e-03
 4050.0 4150.0     1.6363690e-02    1.4888763e-02     4.8315976e-03
 4150.0 4250.0     1.5955769e-02    1.3608268e-02     4.5741398e-03
 4250.0 4350.0     1.5749020e-02    1.2362823e-02     4.3466775e-03
 4350.0 4450.0     1.5582553e-02    1.1231254e-02     4.1294983e-03
 4450.0 4550.0     1.5589237e-02    1.0202796e-02     3.9590598e-03
 4550.0 4650.0     1.5730779e-02    9.2681633e-03     3.8250790e-03
 4650.0 4750.0     1.5873606e-02    8.4191483e-03     3.6910982e-03
 4750.0 4850.0     1.6017730e-02    7.6479077e-03     3.5571175e-03
 4850.0 4950.0     1.6163162e-02    6.9473170e-03     3.4231367e-03
 4950.0 5050.0     1.6309915e-02    6.3109043e-03     3.2891560e-03
 5050.0 5150.0     1.6458001e-02    5.7327905e-03     3.1551752e-03
 5150.0 5250.0     1.6607430e-02    5.2076352e-03     3.0211944e-03
 5250.0 5350.0     1.6758217e-02    4.7305870e-03     2.8872137e-03
 5350.0 5450.0     1.6910373e-02    4.2972390e-03     2.7532329e-03
 5450.0 5550.0     1.7063910e-02    3.9035882e-03     2.6192521e-03
 5550.0 5650.0     1.7243640e-02    3.5469391e-03     2.4904969e-03
 5650.0 5750.0     1.7593670e-02    3.2286733e-03     2.3965778e-03
 5750.0 5850.0     1.8095559e-02    2.9438295e-03     2.3322695e-03
 5850.0 5950.0     1.8611766e-02    2.6841155e-03     2.2679612e-03
 5950.0 6050.0     1.9142698e-02    2.4473143e-03     2.2036529e-03
 6050.0 6150.0     1.9688776e-02    2.2314044e-03     2.1393446e-03
 6150.0 6250.0     2.0250432e-02    2.0345428e-03     2.0750363e-03
 6250.0 6350.0     2.0828110e-02    1.8550490e-03     2.0107281e-03
 6350.0 6450.0     2.1422267e-02    1.6913907e-03     1.9464198e-03
 6450.0 6550.0     2.2033373e-02    1.5421708e-03     1.8821115e-03
 6550.0 6650.0     2.2661913e-02    1.4061156e-03     1.8178032e-03
 6650.0 6750.0     2.3308382e-02    1.2820636e-03     1.7534949e-03
 6750.0 6850.0     2.3973293e-02    1.1689559e-03     1.6891866e-03
 6850.0 6950.0     2.4656945e-02    1.0692452e-03     1.6342531e-03
 6950.0 7050.0     2.5359722e-02    9.8340259e-04     1.5944401e-03
 7050.0 7150.0     2.6082386e-02    9.0638905e-04     1.5603729e-03
 7150.0 7250.0     2.6825644e-02    8.3540669e-04     1.5263058e-03
 7250.0 7350.0     2.7590082e-02    7.6998320e-04     1.4922386e-03
 7350.0 7450.0     2.8376304e-02    7.0968324e-04     1.4581714e-03
 7450.0 7550.0     2.9184931e-02    6.5410557e-04     1.4241042e-03
 7550.0 7650.0     3.0016601e-02    6.0288038e-04     1.3900371e-03
 7650.0 7750.0     3.0871970e-02    5.5566680e-04     1.3559699e-03
 7750.0 7850.0     3.1751715e-02    5.1215067e-04     1.3219027e-03
 7850.0 7950.0     3.2656529e-02    4.7204244e-04     1.2878355e-03
 7950.0 8050.0     3.3587127e-02    4.3507522e-04     1.2537683e-03
 8050.0 8150.0     3.4544244e-02    4.0100302e-04     1.2197012e-03
 8150.0 8250.0     3.5528636e-02    3.6959914e-04     1.1856340e-03
 8250.0 8350.0     3.6541079e-02    3.4065459e-04     1.1515668e-03
 8350.0 8450.0     3.7582374e-02    3.1397679e-04     1.1174996e-03
 8450.0 8550.0     3.8653341e-02    2.8938822e-04     1.0834325e-03
