 1216.0 1216.0     3.5366556e-01    2.8910595e+01     9.3027339e-01
 1300.0 1350.0     3.2467133e-01    3.1055611e+01     9.3444856e-01
 1350.0 1400.0     3.1526988e-01    3.1856554e+01     9.3553499e-01
 1400.0 1450.0     3.1026989e-01    3.2371850e+01     9.3553092e-01
 1450.0 1500.0     3.0633144e-01    3.2821234e+01     9.3526512e-01
 1500.0 1550.0     3.0244298e-01    3.3276855e+01     9.3499933e-01
 1550.0 1600.0     2.9860388e-01    3.3738802e+01     9.3473353e-01
 1600.0 1650.0     2.9523297e-01    3.4153449e+01     9.3431520e-01
 1650.0 1700.0     2.9300034e-01    3.4431355e+01     9.3349547e-01
 1700.0 1750.0     2.9146635e-01    3.4623537e+01     9.3242685e-01
 1754.0 1770.0     2.9033548e-01    3.4766321e+01     9.3163608e-01
 1770.0 1786.0     2.8984820e-01    3.4828300e+01     9.3129412e-01
 1786.0 1802.0     2.8936174e-01    3.4890390e+01     9.3095217e-01
 1802.0 1818.0     2.8887609e-01    3.4952590e+01     9.3061021e-01
 1818.0 1835.0     2.8837614e-01    3.5016852e+01     9.3025757e-01
 1835.0 1852.0     2.8786193e-01    3.5083183e+01     9.2989424e-01
 1852.0 1869.0     2.8734863e-01    3.5149639e+01     9.2953091e-01
 1869.0 1887.0     2.8682121e-01    3.5218184e+01     9.2915690e-01
 1887.0 1905.0     2.8627971e-01    3.5288824e+01     9.2877220e-01
 1905.0 1923.0     2.8573923e-01    3.5359607e+01     9.2838750e-01
 1923.0 1942.0     2.8518482e-01    3.5432505e+01     9.2799211e-01
 1942.0 1961.0     2.8461653e-01    3.5507528e+01     9.2758604e-01
 1961.0 1980.0     2.8419471e-01    3.5567347e+01     9.2702557e-01
 1980.0 2000.0     2.8400090e-01    3.5603647e+01     9.2619709e-01
 2000.0 2020.0     2.8388921e-01    3.5631720e+01     9.2525500e-01
 2020.0 2041.0     2.8377478e-01    3.5660519e+01     9.2428935e-01
 2041.0 2062.0     2.8365761e-01    3.5690044e+01     9.2330015e-01
 2062.0 2083.0     2.8354048e-01    3.5719594e+01     9.2231095e-01
 2083.0 2105.0     2.8342062e-01    3.5749873e+01     9.2129820e-01
 2105.0 2128.0     2.8329523e-01    3.5781587e+01     9.2023834e-01
 2128.0 2151.0     2.8316712e-01    3.5814035e+01     9.1915494e-01
 2151.0 2174.0     2.8303906e-01    3.5846513e+01     9.1807153e-01
 2174.0 2200.0     2.8290272e-01    3.5881142e+01     9.1691746e-01
 2200.0 2222.0     2.8276922e-01    3.5915094e+01     9.1578695e-01
 2222.0 2247.0     2.8263856e-01    3.5948373e+01     9.1467999e-01
 2247.0 2273.0     2.8249686e-01    3.5984518e+01     9.1347882e-01
 2273.0 2299.0     2.8235244e-01    3.6021408e+01     9.1225410e-01
 2299.0 2326.0     2.8220533e-01    3.6059048e+01     9.1100582e-01
 2326.0 2353.0     2.8205552e-01    3.6097437e+01     9.0973399e-01
 2353.0 2381.0     2.8190301e-01    3.6136580e+01     9.0843861e-01
 2381.0 2410.0     2.8142478e-01    3.6228441e+01     9.0758134e-01
 2410.0 2439.0     2.8058789e-01    3.6378517e+01     9.0724170e-01
 2439.0 2469.0     2.7970172e-01    3.6537875e+01     9.0695316e-01
 2469.0 2500.0     2.7878845e-01    3.6703370e+01     9.0665484e-01
 2500.0 2532.0     2.7784836e-01    3.6875077e+01     9.0634674e-01
 2532.0 2564.0     2.7689658e-01    3.7050325e+01     9.0603375e-01
 2564.0 2597.0     2.7593328e-01    3.7229171e+01     9.0571586e-01
 2597.0 2632.0     2.7492914e-01    3.7417203e+01     9.0538331e-01
 2632.0 2667.0     2.7947985e-01    3.7091070e+01     9.0609965e-01
 2667.0 2703.0     2.9121605e-01    3.6136230e+01     9.0812533e-01
 2703.0 2740.0     3.0506639e-01    3.5074145e+01     9.1043328e-01
 2740.0 2778.0     3.1998254e-01    3.4015463e+01     9.1280446e-01
 2778.0 2817.0     3.3605553e-01    3.2961786e+01     9.1523887e-01
 2817.0 2857.0     3.5338545e-01    3.1914653e+01     9.1773651e-01
 2857.0 2899.0     3.7232548e-01    3.0863137e+01     9.2032900e-01
 2899.0 2941.0     3.9276712e-01    2.9821469e+01     9.2298472e-01
 2941.0 2985.0     4.1616695e-01    2.8599358e+01     9.2424831e-01
 2985.0 3030.0     4.4359890e-01    2.7136577e+01     9.2362219e-01
 3030.0 3077.0     4.7434762e-01    2.5641330e+01     9.2247349e-01
 3077.0 3125.0     5.0832468e-01    2.4183300e+01     9.2128734e-01
 3125.0 3175.0     5.4594098e-01    2.2766473e+01     9.2006373e-01
 3175.0 3225.0     5.8716471e-01    2.1405450e+01     9.1881514e-01
 3225.0 3275.0     6.2811522e-01    2.0204719e+01     9.1756298e-01
 3275.0 3325.0     6.5738550e-01    1.9391494e+01     9.1629590e-01
 3325.0 3375.0     6.7703795e-01    1.8854945e+01     9.1501747e-01
 3375.0 3425.0     6.9727791e-01    1.8333243e+01     9.1373905e-01
 3425.0 3450.0     7.1279599e-01    1.7950136e+01     9.1278023e-01
 3450.0 3550.0     7.3874676e-01    1.7356704e+01     9.1123023e-01
 3550.0 3650.0     7.6837926e-01    1.6654416e+01     9.0932177e-01
 3650.0 3750.0     7.8645090e-01    1.6191402e+01     9.0796564e-01
 3750.0 3850.0     8.0494758e-01    1.5741261e+01     9.0660951e-01
 3850.0 3950.0     8.2202602e-01    1.5327285e+01     9.0553200e-01
 3950.0 4050.0     8.3702315e-01    1.4955185e+01     9.0482109e-01
 4050.0 4150.0     8.5144956e-01    1.4603523e+01     9.0423314e-01
 4150.0 4250.0     8.6463469e-01    1.4283829e+01     9.0385098e-01
 4250.0 4350.0     8.7678590e-01    1.3990757e+01     9.0363961e-01
 4350.0 4450.0     8.8836974e-01    1.3709460e+01     9.0345612e-01
 4450.0 4550.0     8.9672963e-01    1.3459647e+01     9.0339933e-01
 4550.0 4650.0     9.0253645e-01    1.3234481e+01     9.0344137e-01
 4650.0 4750.0     9.0838087e-01    1.3013081e+01     9.0348340e-01
 4750.0 4850.0     9.1426314e-01    1.2795385e+01     9.0352544e-01
 4850.0 4950.0     9.2018350e-01    1.2581330e+01     9.0356747e-01
 4950.0 5050.0     9.2614219e-01    1.2370857e+01     9.0360951e-01
 5050.0 5150.0     9.3213948e-01    1.2163905e+01     9.0365154e-01
 5150.0 5250.0     9.3817559e-01    1.1960414e+01     9.0369357e-01
 5250.0 5350.0     9.4425080e-01    1.1760328e+01     9.0373561e-01
 5350.0 5450.0     9.5036535e-01    1.1563590e+01     9.0377764e-01
 5450.0 5550.0     9.5651949e-01    1.1370142e+01     9.0381968e-01
 5550.0 5650.0     9.6238132e-01    1.1181057e+01     9.0385153e-01
 5650.0 5750.0     9.6605824e-01    1.1002528e+01     9.0381546e-01
 5750.0 5850.0     9.6786412e-01    1.0833136e+01     9.0372168e-01
 5850.0 5950.0     9.6967337e-01    1.0666351e+01     9.0362790e-01
 5950.0 6050.0     9.7148601e-01    1.0502135e+01     9.0353411e-01
 6050.0 6150.0     9.7330204e-01    1.0340447e+01     9.0344033e-01
 6150.0 6250.0     9.7512146e-01    1.0181248e+01     9.0334655e-01
 6250.0 6350.0     9.7694428e-01    1.0024500e+01     9.0325276e-01
 6350.0 6450.0     9.7877051e-01    9.8701652e+00     9.0315898e-01
 6450.0 6550.0     9.8060015e-01    9.7182066e+00     9.0306520e-01
 6550.0 6650.0     9.8243321e-01    9.5685875e+00     9.0297141e-01
 6650.0 6750.0     9.8426970e-01    9.4212720e+00     9.0287763e-01
 6750.0 6850.0     9.8610962e-01    9.2762245e+00     9.0278385e-01
 6850.0 6950.0     9.8752750e-01    9.1254274e+00     9.0264135e-01
 6950.0 7050.0     9.8826125e-01    8.9643043e+00     9.0242028e-01
 7050.0 7150.0     9.8873476e-01    8.8012267e+00     9.0216935e-01
 7150.0 7250.0     9.8920849e-01    8.6411158e+00     9.0191842e-01
 7250.0 7350.0     9.8968245e-01    8.4839176e+00     9.0166749e-01
 7350.0 7450.0     9.9015664e-01    8.3295791e+00     9.0141657e-01
 7450.0 7550.0     9.9063106e-01    8.1780484e+00     9.0116564e-01
 7550.0 7650.0     9.9110570e-01    8.0292742e+00     9.0091471e-01
 7650.0 7750.0     9.9158057e-01    7.8832066e+00     9.0066378e-01
 7750.0 7850.0     9.9205567e-01    7.7397962e+00     9.0041285e-01
 7850.0 7950.0     9.9253099e-01    7.5989947e+00     9.0016193e-01
 7950.0 8050.0     9.9300654e-01    7.4607547e+00     8.9991100e-01
 8050.0 8150.0     9.9348232e-01    7.3250295e+00     8.9966007e-01
 8150.0 8250.0     9.9395833e-01    7.1917734e+00     8.9940914e-01
 8250.0 8350.0     9.9443457e-01    7.0609415e+00     8.9915821e-01
 8350.0 8450.0     9.9491103e-01    6.9324896e+00     8.9890728e-01
 8450.0 8550.0     9.9538773e-01    6.8063746e+00     8.9865636e-01
