 1216.0 1216.0     6.0589012e-02    4.5002604e-01     6.8261650e-03
 1300.0 1350.0     3.8733221e-02    4.1978155e-01     1.1216134e-02
 1350.0 1400.0     3.2487066e-02    4.0545318e-01     1.2261372e-02
 1400.0 1450.0     2.8592795e-02    3.9015833e-01     1.2032257e-02
 1450.0 1500.0     2.5461619e-02    3.7510153e-01     1.1497299e-02
 1500.0 1550.0     2.2673336e-02    3.6062579e-01     1.0962340e-02
 1550.0 1600.0     2.0190396e-02    3.4670870e-01     1.0427381e-02
 1600.0 1650.0     1.8074319e-02    3.3337013e-01     9.9256765e-03
 1650.0 1700.0     1.6417056e-02    3.2065123e-01     9.5114836e-03
 1700.0 1750.0     1.5054559e-02    3.0848265e-01     9.1515480e-03
 1754.0 1770.0     1.4107765e-02    2.9972585e-01     8.8851956e-03
 1770.0 1786.0     1.3722002e-02    2.9603803e-01     8.7700162e-03
 1786.0 1802.0     1.3346788e-02    2.9239559e-01     8.6548368e-03
 1802.0 1818.0     1.2981834e-02    2.8879796e-01     8.5396574e-03
 1818.0 1835.0     1.2616080e-02    2.8513497e-01     8.4208786e-03
 1835.0 1852.0     1.2249861e-02    2.8140884e-01     8.2985005e-03
 1852.0 1869.0     1.1894273e-02    2.7773141e-01     8.1761224e-03
 1869.0 1887.0     1.1539156e-02    2.7399673e-01     8.0501449e-03
 1887.0 1905.0     1.1184801e-02    2.7020701e-01     7.9205681e-03
 1905.0 1923.0     1.0841327e-02    2.6646969e-01     7.7909913e-03
 1923.0 1942.0     1.0499446e-02    2.6268316e-01     7.6578151e-03
 1942.0 1961.0     1.0159399e-02    2.5884954e-01     7.5210396e-03
 1961.0 1980.0     9.8523655e-03    2.5531935e-01     7.3975831e-03
 1980.0 2000.0     9.5827732e-03    2.5215119e-01     7.2927256e-03
 2000.0 2020.0     9.3266747e-03    2.4908852e-01     7.1931480e-03
 2020.0 2041.0     9.0713605e-03    2.4598835e-01     7.0910810e-03
 2041.0 2062.0     8.8169794e-03    2.4285210e-01     6.9865245e-03
 2062.0 2083.0     8.5697317e-03    2.3975584e-01     6.8819681e-03
 2083.0 2105.0     8.3238606e-03    2.3662722e-01     6.7749222e-03
 2105.0 2128.0     8.0741043e-03    2.3339680e-01     6.6628974e-03
 2128.0 2151.0     7.8264590e-03    2.3013967e-01     6.5483832e-03
 2151.0 2174.0     7.5864095e-03    2.2692799e-01     6.4338689e-03
 2174.0 2200.0     7.3390450e-03    2.2355768e-01     6.3118864e-03
 2200.0 2222.0     7.1040037e-03    2.2030124e-01     6.1923933e-03
 2222.0 2247.0     6.8816736e-03    2.1716193e-01     6.0753896e-03
 2247.0 2273.0     6.6481310e-03    2.1380503e-01     5.9484282e-03
 2273.0 2299.0     6.4180910e-03    2.1043521e-01     5.8189774e-03
 2299.0 2326.0     6.1918916e-03    2.0705575e-01     5.6870371e-03
 2326.0 2353.0     5.9695478e-03    2.0366782e-01     5.5526073e-03
 2353.0 2381.0     5.7513644e-03    2.0027465e-01     5.4156881e-03
 2381.0 2410.0     5.5325404e-03    1.9645378e-01     5.3072514e-03
 2410.0 2439.0     5.3171282e-03    1.9224212e-01     5.2336475e-03
 2439.0 2469.0     5.1065501e-03    1.8800957e-01     5.1627019e-03
 2469.0 2500.0     4.8975983e-03    1.8373150e-01     5.0893514e-03
 2500.0 2532.0     4.6907667e-03    1.7941532e-01     5.0135960e-03
 2532.0 2564.0     4.4895264e-03    1.7513364e-01     4.9366382e-03
 2564.0 2597.0     4.2940421e-03    1.7089043e-01     4.8584778e-03
 2597.0 2632.0     4.0987049e-03    1.6656217e-01     4.7767101e-03
 2632.0 2667.0     4.0293971e-03    1.5507740e-01     4.7174422e-03
 2667.0 2703.0     4.1160812e-03    1.3606672e-01     4.6878881e-03
 2703.0 2740.0     4.2348454e-03    1.1769516e-01     4.6627994e-03
 2740.0 2778.0     4.3604332e-03    1.0140035e-01     4.6370232e-03
 2778.0 2817.0     4.4932457e-03    8.7015060e-02     4.6105597e-03
 2817.0 2857.0     4.6337133e-03    7.4374415e-02     4.5834089e-03
 2857.0 2899.0     4.7841913e-03    6.3202493e-02     4.5552270e-03
 2899.0 2941.0     4.9433447e-03    5.3478193e-02     4.5263577e-03
 2941.0 2985.0     5.1350917e-03    4.6054558e-02     4.4643254e-03
 2985.0 3030.0     5.3727447e-03    4.0723292e-02     4.3569773e-03
 3030.0 3077.0     5.6384964e-03    3.6165691e-02     4.2348207e-03
 3077.0 3125.0     5.9266387e-03    3.1991560e-02     4.1086808e-03
 3125.0 3175.0     6.2394022e-03    2.8192111e-02     3.9785575e-03
 3175.0 3225.0     6.5753878e-03    2.4775751e-02     3.8457786e-03
 3225.0 3275.0     6.8799283e-03    2.1929891e-02     3.7151084e-03
 3275.0 3325.0     6.9910619e-03    2.0025080e-02     3.5932242e-03
 3325.0 3375.0     6.9491687e-03    1.8752905e-02     3.4780174e-03
 3375.0 3425.0     6.9075266e-03    1.7561550e-02     3.3628106e-03
 3425.0 3450.0     6.8764356e-03    1.6711221e-02     3.2764055e-03
 3450.0 3550.0     6.8101076e-03    1.5462906e-02     3.1345375e-03
 3550.0 3650.0     6.5342345e-03    1.4016771e-02     2.9330214e-03
 3650.0 3750.0     6.1087952e-03    1.3103500e-02     2.7561216e-03
 3750.0 3850.0     5.7110559e-03    1.2249734e-02     2.5792218e-03
 3850.0 3950.0     5.3872226e-03    1.1395755e-02     2.4188431e-03
 3950.0 4050.0     5.1448061e-03    1.0529533e-02     2.2802027e-03
 4050.0 4150.0     4.9400855e-03    9.7014615e-03     2.1495139e-03
 4150.0 4250.0     4.8135456e-03    8.8756850e-03     2.0349099e-03
 4250.0 4350.0     4.7488238e-03    8.0691616e-03     1.9336564e-03
 4350.0 4450.0     4.6965084e-03    7.3354667e-03     1.8369818e-03
 4450.0 4550.0     4.6973432e-03    6.6665444e-03     1.7611202e-03
 4550.0 4650.0     4.7395488e-03    6.0571415e-03     1.7014928e-03
 4650.0 4750.0     4.7821337e-03    5.5034455e-03     1.6418654e-03
 4750.0 4850.0     4.8251012e-03    5.0003639e-03     1.5822380e-03
 4850.0 4950.0     4.8684547e-03    4.5432701e-03     1.5226106e-03
 4950.0 5050.0     4.9121978e-03    4.1279603e-03     1.4629832e-03
 5050.0 5150.0     4.9563339e-03    3.7506147e-03     1.4033558e-03
 5150.0 5250.0     5.0008665e-03    3.4077631e-03     1.3437284e-03
 5250.0 5350.0     5.0457993e-03    3.0962523e-03     1.2841010e-03
 5350.0 5450.0     5.0911358e-03    2.8132174e-03     1.2244736e-03
 5450.0 5550.0     5.1368797e-03    2.5560553e-03     1.1648462e-03
 5550.0 5650.0     5.1906620e-03    2.3229368e-03     1.1075452e-03
 5650.0 5750.0     5.2968131e-03    2.1143807e-03     1.0657535e-03
 5750.0 5850.0     5.4496735e-03    1.9273178e-03     1.0371448e-03
 5850.0 5950.0     5.6069453e-03    1.7568047e-03     1.0085361e-03
 5950.0 6050.0     5.7687558e-03    1.6013772e-03     9.7992735e-04
 6050.0 6150.0     5.9352360e-03    1.4597006e-03     9.5131863e-04
 6150.0 6250.0     6.1065206e-03    1.3305584e-03     9.2270990e-04
 6250.0 6350.0     6.2827483e-03    1.2128416e-03     8.9410118e-04
 6350.0 6450.0     6.4640618e-03    1.1055395e-03     8.6549246e-04
 6450.0 6550.0     6.6506078e-03    1.0077305e-03     8.3688373e-04
 6550.0 6650.0     6.8425373e-03    9.1857487e-04     8.0827501e-04
 6650.0 6750.0     7.0400057e-03    8.3730699e-04     7.7966629e-04
 6750.0 6850.0     7.2431728e-03    7.6322901e-04     7.5105756e-04
 6850.0 6950.0     7.4527876e-03    6.9787346e-04     7.2662094e-04
 6950.0 7050.0     7.6694219e-03    6.4151562e-04     7.0891347e-04
 7050.0 7150.0     7.8927219e-03    5.9093728e-04     6.9376307e-04
 7150.0 7250.0     8.1225235e-03    5.4434664e-04     6.7861266e-04
 7250.0 7350.0     8.3590158e-03    5.0142929e-04     6.6346226e-04
 7350.0 7450.0     8.6023938e-03    4.6189564e-04     6.4831186e-04
 7450.0 7550.0     8.8528579e-03    4.2547889e-04     6.3316146e-04
 7550.0 7650.0     9.1106145e-03    3.9193331e-04     6.1801106e-04
 7650.0 7750.0     9.3758757e-03    3.6103252e-04     6.0286065e-04
 7750.0 7850.0     9.6488602e-03    3.3256802e-04     5.8771025e-04
 7850.0 7950.0     9.9297929e-03    3.0634771e-04     5.7255985e-04
 7950.0 8050.0     1.0218905e-02    2.8219466e-04     5.5740945e-04
 8050.0 8150.0     1.0516435e-02    2.5994589e-04     5.4225905e-04
 8150.0 8250.0     1.0822627e-02    2.3945125e-04     5.2710865e-04
 8250.0 8350.0     1.1137735e-02    2.2057245e-04     5.1195824e-04
 8350.0 8450.0     1.1462017e-02    2.0318209e-04     4.9680784e-04
 8450.0 8550.0     1.1795741e-02    1.8716282e-04     4.8165744e-04
