 1216.0 1216.0     5.2842380e-01    7.4300046e+00     7.6166325e-01
 1300.0 1350.0     4.8553471e-01    7.6533517e+00     7.6566451e-01
 1350.0 1400.0     4.7223704e-01    7.7519891e+00     7.6546369e-01
 1400.0 1450.0     4.6624733e-01    7.8440296e+00     7.6258361e-01
 1450.0 1500.0     4.6199005e-01    7.9352579e+00     7.5906050e-01
 1500.0 1550.0     4.5777164e-01    8.0275472e+00     7.5553739e-01
 1550.0 1600.0     4.5359175e-01    8.1209098e+00     7.5201428e-01
 1600.0 1650.0     4.4994052e-01    8.2050382e+00     7.4778177e-01
 1650.0 1700.0     4.4760669e-01    8.2627955e+00     7.4168240e-01
 1700.0 1750.0     4.4608337e-01    8.3040583e+00     7.3442559e-01
 1754.0 1770.0     4.4495888e-01    8.3347023e+00     7.2905554e-01
 1770.0 1786.0     4.4447374e-01    8.3479987e+00     7.2673336e-01
 1786.0 1802.0     4.4398914e-01    8.3613164e+00     7.2441118e-01
 1802.0 1818.0     4.4350505e-01    8.3746553e+00     7.2208900e-01
 1818.0 1835.0     4.4300641e-01    8.3884337e+00     7.1969425e-01
 1835.0 1852.0     4.4249323e-01    8.4026530e+00     7.1722694e-01
 1852.0 1869.0     4.4198064e-01    8.4168964e+00     7.1475962e-01
 1869.0 1887.0     4.4145361e-01    8.4315843e+00     7.1221973e-01
 1887.0 1905.0     4.4091217e-01    8.4467182e+00     7.0960728e-01
 1905.0 1923.0     4.4037139e-01    8.4618793e+00     7.0699483e-01
 1923.0 1942.0     4.3981629e-01    8.4774903e+00     7.0430981e-01
 1942.0 1961.0     4.3924690e-01    8.4935528e+00     7.0155222e-01
 1961.0 1980.0     4.3885764e-01    8.5069652e+00     6.9825404e-01
 1980.0 2000.0     4.3875285e-01    8.5163554e+00     6.9398233e-01
 2000.0 2020.0     4.3875276e-01    8.5243922e+00     6.8927767e-01
 2020.0 2041.0     4.3875267e-01    8.5326380e+00     6.8445539e-01
 2041.0 2062.0     4.3875258e-01    8.5410930e+00     6.7951549e-01
 2062.0 2083.0     4.3875248e-01    8.5495564e+00     6.7457560e-01
 2083.0 2105.0     4.3875239e-01    8.5582302e+00     6.6951808e-01
 2105.0 2128.0     4.3875229e-01    8.5673167e+00     6.6422534e-01
 2128.0 2151.0     4.3875219e-01    8.5766151e+00     6.5881498e-01
 2151.0 2174.0     4.3875208e-01    8.5859236e+00     6.5340461e-01
 2174.0 2200.0     4.3875197e-01    8.5958505e+00     6.4764140e-01
 2200.0 2222.0     4.3875187e-01    8.6055853e+00     6.4199581e-01
 2222.0 2247.0     4.3875176e-01    8.6151287e+00     6.3646783e-01
 2247.0 2273.0     4.3875165e-01    8.6254960e+00     6.3046938e-01
 2273.0 2299.0     4.3875154e-01    8.6360793e+00     6.2435332e-01
 2299.0 2326.0     4.3875142e-01    8.6468796e+00     6.1811964e-01
 2326.0 2353.0     4.3875130e-01    8.6578975e+00     6.1176835e-01
 2353.0 2381.0     4.3875118e-01    8.6691340e+00     6.0529943e-01
 2381.0 2410.0     4.3864251e-01    8.6952131e+00     6.0024266e-01
 2410.0 2439.0     4.3841285e-01    8.7376933e+00     5.9690570e-01
 2439.0 2469.0     4.3816662e-01    8.7828247e+00     5.9370458e-01
 2469.0 2500.0     4.3791218e-01    8.8297311e+00     5.9039493e-01
 2500.0 2532.0     4.3764957e-01    8.8784385e+00     5.8697678e-01
 2532.0 2564.0     4.3738294e-01    8.9281919e+00     5.8350437e-01
 2564.0 2597.0     4.3711231e-01    8.9790103e+00     5.7997770e-01
 2597.0 2632.0     4.3682938e-01    9.0324861e+00     5.7628826e-01
 2632.0 2667.0     4.4527115e-01    9.0876350e+00     5.7612601e-01
 2667.0 2703.0     4.6502376e-01    9.1436386e+00     5.8042278e-01
 2703.0 2740.0     4.8823712e-01    9.2015309e+00     5.8561398e-01
 2740.0 2778.0     5.1329384e-01    9.2613910e+00     5.9094741e-01
 2778.0 2817.0     5.4035716e-01    9.3232525e+00     5.9642306e-01
 2817.0 2857.0     5.6960709e-01    9.3871503e+00     6.0204094e-01
 2857.0 2899.0     6.0165453e-01    9.4539408e+00     6.0787215e-01
 2899.0 2941.0     6.3633024e-01    9.5228470e+00     6.1384558e-01
 2941.0 2985.0     6.6777565e-01    9.5227602e+00     6.1479609e-01
 2985.0 3030.0     6.9375520e-01    9.4290627e+00     6.0891655e-01
 3030.0 3077.0     7.1949847e-01    9.3091584e+00     6.0105910e-01
 3077.0 3125.0     7.4707853e-01    9.1869356e+00     5.9294542e-01
 3125.0 3175.0     7.7664376e-01    9.0625430e+00     5.8457552e-01
 3175.0 3225.0     8.0800611e-01    8.9373306e+00     5.7603481e-01
 3225.0 3275.0     8.3751092e-01    8.7913206e+00     5.6763429e-01
 3275.0 3325.0     8.5491790e-01    8.5559846e+00     5.5981789e-01
 3325.0 3375.0     8.6274094e-01    8.2582629e+00     5.5244541e-01
 3375.0 3425.0     8.7063556e-01    7.9709009e+00     5.4507294e-01
 3425.0 3450.0     8.7659707e-01    7.7610481e+00     5.3954359e-01
 3450.0 3550.0     8.8608216e-01    7.4209791e+00     5.3057259e-01
 3550.0 3650.0     8.9437095e-01    6.8095518e+00     5.1912959e-01
 3650.0 3750.0     8.9597225e-01    6.1617546e+00     5.1049936e-01
 3750.0 3850.0     8.9757642e-01    5.5755828e+00     5.0186914e-01
 3850.0 3950.0     8.9878242e-01    5.0293440e+00     4.9449770e-01
 3950.0 4050.0     8.9946251e-01    4.5163660e+00     4.8878254e-01
 4050.0 4150.0     9.0010682e-01    4.0534030e+00     4.8362624e-01
 4150.0 4250.0     9.0128384e-01    3.6495729e+00     4.7941899e-01
 4250.0 4350.0     9.0290449e-01    3.2955124e+00     4.7599946e-01
 4350.0 4450.0     9.0455935e-01    2.9807484e+00     4.7277452e-01
 4450.0 4550.0     9.0635970e-01    2.7170259e+00     4.7043406e-01
 4550.0 4650.0     9.0827482e-01    2.4927532e+00     4.6878349e-01
 4650.0 4750.0     9.1019398e-01    2.2869927e+00     4.6713292e-01
 4750.0 4850.0     9.1211719e-01    2.0982164e+00     4.6548235e-01
 4850.0 4950.0     9.1404447e-01    1.9250223e+00     4.6383179e-01
 4950.0 5050.0     9.1597582e-01    1.7661243e+00     4.6218122e-01
 5050.0 5150.0     9.1791125e-01    1.6203423e+00     4.6053065e-01
 5150.0 5250.0     9.1985078e-01    1.4865936e+00     4.5888009e-01
 5250.0 5350.0     9.2179440e-01    1.3638850e+00     4.5722952e-01
 5350.0 5450.0     9.2374212e-01    1.2513052e+00     4.5557895e-01
 5450.0 5550.0     9.2569397e-01    1.1480182e+00     4.5392838e-01
 5550.0 5650.0     9.2766176e-01    1.0550961e+00     4.5233542e-01
 5650.0 5750.0     9.2971275e-01    9.8125268e-01     4.5112646e-01
 5750.0 5850.0     9.3183546e-01    9.2238933e-01     4.5024391e-01
 5850.0 5950.0     9.3396301e-01    8.6705707e-01     4.4936136e-01
 5950.0 6050.0     9.3609542e-01    8.1504408e-01     4.4847881e-01
 6050.0 6150.0     9.3823271e-01    7.6615124e-01     4.4759626e-01
 6150.0 6250.0     9.4037487e-01    7.2019138e-01     4.4671371e-01
 6250.0 6350.0     9.4252192e-01    6.7698857e-01     4.4583116e-01
 6350.0 6450.0     9.4467387e-01    6.3637740e-01     4.4494861e-01
 6450.0 6550.0     9.4683074e-01    5.9820241e-01     4.4406606e-01
 6550.0 6650.0     9.4899253e-01    5.6231746e-01     4.4318351e-01
 6650.0 6750.0     9.5115926e-01    5.2858518e-01     4.4230095e-01
 6750.0 6850.0     9.5333093e-01    4.9687643e-01     4.4141840e-01
 6850.0 6950.0     9.5520140e-01    4.6887871e-01     4.4053490e-01
 6950.0 7050.0     9.5658160e-01    4.4533172e-01     4.3964985e-01
 7050.0 7150.0     9.5777597e-01    4.2402702e-01     4.3876422e-01
 7150.0 7250.0     9.5897183e-01    4.0374154e-01     4.3787859e-01
 7250.0 7350.0     9.6016918e-01    3.8442652e-01     4.3699296e-01
 7350.0 7450.0     9.6136803e-01    3.6603553e-01     4.3610732e-01
 7450.0 7550.0     9.6256838e-01    3.4852436e-01     4.3522169e-01
 7550.0 7650.0     9.6377022e-01    3.3185093e-01     4.3433606e-01
 7650.0 7750.0     9.6497357e-01    3.1597516e-01     4.3345043e-01
 7750.0 7850.0     9.6617841e-01    3.0085889e-01     4.3256480e-01
 7850.0 7950.0     9.6738476e-01    2.8646578e-01     4.3167916e-01
 7950.0 8050.0     9.6859262e-01    2.7276124e-01     4.3079353e-01
 8050.0 8150.0     9.6980199e-01    2.5971232e-01     4.2990790e-01
 8150.0 8250.0     9.7101287e-01    2.4728766e-01     4.2902227e-01
 8250.0 8350.0     9.7222525e-01    2.3545741e-01     4.2813664e-01
 8350.0 8450.0     9.7343916e-01    2.2419311e-01     4.2725101e-01
 8450.0 8550.0     9.7465457e-01    2.1346769e-01     4.2636537e-01
