 1216.0 1216.0     3.4273947e-01    3.1983691e+01     9.3434448e-01
 1300.0 1350.0     3.1440940e-01    3.4413493e+01     9.3832850e-01
 1350.0 1400.0     3.0521507e-01    3.5319624e+01     9.3936906e-01
 1400.0 1450.0     3.0030481e-01    3.5899422e+01     9.3937413e-01
 1450.0 1500.0     2.9642852e-01    3.6403841e+01     9.3913068e-01
 1500.0 1550.0     2.9260226e-01    3.6915349e+01     9.3888723e-01
 1550.0 1600.0     2.8882539e-01    3.7434043e+01     9.3864378e-01
 1600.0 1650.0     2.8550967e-01    3.7899669e+01     9.3825849e-01
 1650.0 1700.0     2.8331366e-01    3.8211694e+01     9.3749994e-01
 1700.0 1750.0     2.8180478e-01    3.8427413e+01     9.3650995e-01
 1754.0 1770.0     2.8069249e-01    3.8587691e+01     9.3577736e-01
 1770.0 1786.0     2.8021325e-01    3.8657267e+01     9.3546056e-01
 1786.0 1802.0     2.7973482e-01    3.8726969e+01     9.3514377e-01
 1802.0 1818.0     2.7925721e-01    3.8796796e+01     9.3482697e-01
 1818.0 1835.0     2.7876555e-01    3.8868939e+01     9.3450028e-01
 1835.0 1852.0     2.7825988e-01    3.8943406e+01     9.3416368e-01
 1852.0 1869.0     2.7775512e-01    3.9018016e+01     9.3382709e-01
 1869.0 1887.0     2.7723649e-01    3.9094972e+01     9.3348059e-01
 1887.0 1905.0     2.7670404e-01    3.9174283e+01     9.3312420e-01
 1905.0 1923.0     2.7617261e-01    3.9253755e+01     9.3276780e-01
 1923.0 1942.0     2.7562749e-01    3.9335605e+01     9.3240151e-01
 1942.0 1961.0     2.7506875e-01    3.9419842e+01     9.3202531e-01
 1961.0 1980.0     2.7465228e-01    3.9486863e+01     9.3150322e-01
 1980.0 2000.0     2.7445706e-01    3.9527232e+01     9.3072807e-01
 2000.0 2020.0     2.7434142e-01    3.9558268e+01     9.2984575e-01
 2020.0 2041.0     2.7422295e-01    3.9590105e+01     9.2894137e-01
 2041.0 2062.0     2.7410164e-01    3.9622745e+01     9.2801494e-01
 2062.0 2083.0     2.7398038e-01    3.9655412e+01     9.2708851e-01
 2083.0 2105.0     2.7385629e-01    3.9688884e+01     9.2614002e-01
 2105.0 2128.0     2.7372649e-01    3.9723944e+01     9.2514741e-01
 2128.0 2151.0     2.7359387e-01    3.9759815e+01     9.2413274e-01
 2151.0 2174.0     2.7346131e-01    3.9795718e+01     9.2311808e-01
 2174.0 2200.0     2.7332018e-01    3.9833999e+01     9.2203724e-01
 2200.0 2222.0     2.7318199e-01    3.9871532e+01     9.2097846e-01
 2222.0 2247.0     2.7304676e-01    3.9908320e+01     9.1994173e-01
 2247.0 2273.0     2.7290009e-01    3.9948277e+01     9.1881678e-01
 2273.0 2299.0     2.7275063e-01    3.9989057e+01     9.1766977e-01
 2299.0 2326.0     2.7259837e-01    4.0030666e+01     9.1650069e-01
 2326.0 2353.0     2.7244334e-01    4.0073103e+01     9.1530957e-01
 2353.0 2381.0     2.7228552e-01    4.0116373e+01     9.1409638e-01
 2381.0 2410.0     2.7181097e-01    4.0218896e+01     9.1329796e-01
 2410.0 2439.0     2.7098790e-01    4.0386872e+01     9.1298932e-01
 2439.0 2469.0     2.7011688e-01    4.0565274e+01     9.1272922e-01
 2469.0 2500.0     2.6921927e-01    4.0750553e+01     9.1246030e-01
 2500.0 2532.0     2.6829536e-01    4.0942794e+01     9.1218256e-01
 2532.0 2564.0     2.6736000e-01    4.1139008e+01     9.1190042e-01
 2564.0 2597.0     2.6641340e-01    4.1339258e+01     9.1161386e-01
 2597.0 2632.0     2.6542672e-01    4.1549802e+01     9.1131408e-01
 2632.0 2667.0     2.6982786e-01    4.1170409e+01     9.1199977e-01
 2667.0 2703.0     2.8119934e-01    4.0070464e+01     9.1391532e-01
 2703.0 2740.0     2.9462271e-01    3.8848811e+01     9.1609633e-01
 2740.0 2778.0     3.0908149e-01    3.7632466e+01     9.1833710e-01
 2778.0 2817.0     3.2466437e-01    3.6423295e+01     9.2063763e-01
 2817.0 2857.0     3.4146886e-01    3.5223085e+01     9.2299790e-01
 2857.0 2899.0     3.5983807e-01    3.4019360e+01     9.2544781e-01
 2899.0 2941.0     3.7966736e-01    3.2828422e+01     9.2795747e-01
 2941.0 2985.0     4.0259733e-01    3.1431791e+01     9.2915874e-01
 2985.0 3030.0     4.2979063e-01    2.9761283e+01     9.2858399e-01
 3030.0 3077.0     4.6039387e-01    2.8057023e+01     9.2751845e-01
 3077.0 3125.0     4.9427053e-01    2.6399027e+01     9.2641816e-01
 3125.0 3175.0     5.3184552e-01    2.4791776e+01     9.2528312e-01
 3175.0 3225.0     5.7310141e-01    2.3251595e+01     9.2412492e-01
 3225.0 3275.0     6.1419430e-01    2.1895825e+01     9.2296350e-01
 3275.0 3325.0     6.4377930e-01    2.0978611e+01     9.2178862e-01
 3325.0 3375.0     6.6386843e-01    2.0373763e+01     9.2060353e-01
 3375.0 3425.0     6.8458443e-01    1.9786354e+01     9.1941843e-01
 3425.0 3450.0     7.0048256e-01    1.9355386e+01     9.1852961e-01
 3450.0 3550.0     7.2712638e-01    1.8689540e+01     9.1709327e-01
 3550.0 3650.0     7.5767805e-01    1.7909004e+01     9.1533100e-01
 3650.0 3750.0     7.7648635e-01    1.7403735e+01     9.1408659e-01
 3750.0 3850.0     7.9576153e-01    1.6912721e+01     9.1284218e-01
 3850.0 3950.0     8.1359198e-01    1.6463566e+01     9.1185968e-01
 3950.0 4050.0     8.2928565e-01    1.6063036e+01     9.1122177e-01
 4050.0 4150.0     8.4440270e-01    1.5685699e+01     9.1069934e-01
 4150.0 4250.0     8.5823249e-01    1.5344966e+01     9.1036965e-01
 4250.0 4350.0     8.7099005e-01    1.5034606e+01     9.1019992e-01
 4350.0 4450.0     8.8316062e-01    1.4737956e+01     9.1005346e-01
 4450.0 4550.0     8.9194681e-01    1.4480504e+01     9.1001269e-01
 4550.0 4650.0     8.9805053e-01    1.4253504e+01     9.1005437e-01
 4650.0 4750.0     9.0419602e-01    1.4030062e+01     9.1009605e-01
 4750.0 4850.0     9.1038357e-01    1.3810122e+01     9.1013773e-01
 4850.0 4950.0     9.1661346e-01    1.3593631e+01     9.1017940e-01
 4950.0 5050.0     9.2288598e-01    1.3380533e+01     9.1022108e-01
 5050.0 5150.0     9.2920142e-01    1.3170776e+01     9.1026276e-01
 5150.0 5250.0     9.3556009e-01    1.2964307e+01     9.1030444e-01
 5250.0 5350.0     9.4196226e-01    1.2761075e+01     9.1034612e-01
 5350.0 5450.0     9.4840825e-01    1.2561029e+01     9.1038780e-01
 5450.0 5550.0     9.5489835e-01    1.2364118e+01     9.1042948e-01
 5550.0 5650.0     9.6108054e-01    1.2171822e+01     9.1046519e-01
 5650.0 5750.0     9.6494682e-01    1.1992572e+01     9.1046115e-01
 5750.0 5850.0     9.6682905e-01    1.1824496e+01     9.1042332e-01
 5850.0 5950.0     9.6871496e-01    1.1658776e+01     9.1038549e-01
 5950.0 6050.0     9.7060454e-01    1.1495378e+01     9.1034766e-01
 6050.0 6150.0     9.7249781e-01    1.1334270e+01     9.1030983e-01
 6150.0 6250.0     9.7439478e-01    1.1175420e+01     9.1027199e-01
 6250.0 6350.0     9.7629544e-01    1.1018796e+01     9.1023416e-01
 6350.0 6450.0     9.7819981e-01    1.0864368e+01     9.1019633e-01
 6450.0 6550.0     9.8010790e-01    1.0712103e+01     9.1015850e-01
 6550.0 6650.0     9.8201970e-01    1.0561973e+01     9.1012067e-01
 6650.0 6750.0     9.8393524e-01    1.0413947e+01     9.1008283e-01
 6750.0 6850.0     9.8585451e-01    1.0267995e+01     9.1004500e-01
 6850.0 6950.0     9.8733108e-01    1.0115463e+01     9.0995492e-01
 6950.0 7050.0     9.8808991e-01    9.9513815e+00     9.0978058e-01
 7050.0 7150.0     9.8857568e-01    9.7847673e+00     9.0957421e-01
 7150.0 7250.0     9.8906168e-01    9.6209428e+00     9.0936784e-01
 7250.0 7350.0     9.8954793e-01    9.4598611e+00     9.0916147e-01
 7350.0 7450.0     9.9003442e-01    9.3014764e+00     9.0895510e-01
 7450.0 7550.0     9.9052114e-01    9.1457435e+00     9.0874873e-01
 7550.0 7650.0     9.9100811e-01    8.9926180e+00     9.0854236e-01
 7650.0 7750.0     9.9149531e-01    8.8420562e+00     9.0833600e-01
 7750.0 7850.0     9.9198275e-01    8.6940153e+00     9.0812963e-01
 7850.0 7950.0     9.9247044e-01    8.5484530e+00     9.0792326e-01
 7950.0 8050.0     9.9295836e-01    8.4053278e+00     9.0771689e-01
 8050.0 8150.0     9.9344652e-01    8.2645990e+00     9.0751052e-01
 8150.0 8250.0     9.9393492e-01    8.1262263e+00     9.0730415e-01
 8250.0 8350.0     9.9442357e-01    7.9901704e+00     9.0709778e-01
 8350.0 8450.0     9.9491245e-01    7.8563924e+00     9.0689142e-01
 8450.0 8550.0     9.9540157e-01    7.7248543e+00     9.0668505e-01
