 1216.0 1216.0     8.7676203e-03    1.8113761e-01     2.1341686e-03
 1300.0 1350.0     5.3655025e-03    1.8000811e-01     3.0460500e-03
 1350.0 1400.0     4.4291335e-03    1.7766109e-01     3.2469232e-03
 1400.0 1450.0     3.8661683e-03    1.7297498e-01     3.1617164e-03
 1450.0 1500.0     3.4208338e-03    1.6785706e-01     3.0078506e-03
 1500.0 1550.0     3.0267964e-03    1.6289057e-01     2.8539848e-03
 1550.0 1600.0     2.6781471e-03    1.5807103e-01     2.7001190e-03
 1600.0 1650.0     2.3836912e-03    1.5326676e-01     2.5572708e-03
 1650.0 1700.0     2.1565824e-03    1.4828046e-01     2.4434163e-03
 1700.0 1750.0     1.9721714e-03    1.4325585e-01     2.3475379e-03
 1754.0 1770.0     1.8442832e-03    1.3962895e-01     2.2765879e-03
 1770.0 1786.0     1.7922754e-03    1.3809710e-01     2.2459068e-03
 1786.0 1802.0     1.7417343e-03    1.3658206e-01     2.2152257e-03
 1802.0 1818.0     1.6926184e-03    1.3508364e-01     2.1845446e-03
 1818.0 1835.0     1.6434395e-03    1.3355587e-01     2.1529047e-03
 1835.0 1852.0     1.5942427e-03    1.3199961e-01     2.1203061e-03
 1852.0 1869.0     1.5465186e-03    1.3046148e-01     2.0877074e-03
 1869.0 1887.0     1.4989037e-03    1.2889711e-01     2.0541499e-03
 1887.0 1905.0     1.4514365e-03    1.2730733e-01     2.0196337e-03
 1905.0 1923.0     1.4054724e-03    1.2573715e-01     1.9851175e-03
 1923.0 1942.0     1.3597680e-03    1.2414382e-01     1.9496425e-03
 1942.0 1961.0     1.3143550e-03    1.2252816e-01     1.9132087e-03
 1961.0 1980.0     1.2735090e-03    1.2102073e-01     1.8805711e-03
 1980.0 2000.0     1.2378808e-03    1.1963565e-01     1.8533016e-03
 2000.0 2020.0     1.2041409e-03    1.1828293e-01     1.8276041e-03
 2020.0 2041.0     1.1705232e-03    1.1691246e-01     1.8012642e-03
 2041.0 2062.0     1.1370471e-03    1.1552483e-01     1.7742818e-03
 2062.0 2083.0     1.1045283e-03    1.1415367e-01     1.7472994e-03
 2083.0 2105.0     1.0722096e-03    1.1276692e-01     1.7196746e-03
 2105.0 2128.0     1.0393999e-03    1.1133371e-01     1.6907650e-03
 2128.0 2151.0     1.0068875e-03    1.0988727e-01     1.6612128e-03
 2151.0 2174.0     9.7539208e-04    1.0845962e-01     1.6316607e-03
 2174.0 2200.0     9.4295859e-04    1.0695989e-01     1.6001813e-03
 2200.0 2222.0     9.1215978e-04    1.0550945e-01     1.5693443e-03
 2222.0 2247.0     8.8304689e-04    1.0410967e-01     1.5391497e-03
 2247.0 2273.0     8.5248577e-04    1.0261133e-01     1.5063854e-03
 2273.0 2299.0     8.2240394e-04    1.0110561e-01     1.4729787e-03
 2299.0 2326.0     7.9284572e-04    9.9593874e-02     1.4389295e-03
 2326.0 2353.0     7.6381232e-04    9.8076648e-02     1.4042379e-03
 2353.0 2381.0     7.3534356e-04    9.6555297e-02     1.3689038e-03
 2381.0 2410.0     7.0687761e-04    9.4817234e-02     1.3408278e-03
 2410.0 2439.0     6.7894498e-04    9.2876841e-02     1.3216378e-03
 2439.0 2469.0     6.5166314e-04    9.0922716e-02     1.3031197e-03
 2469.0 2500.0     6.2460859e-04    8.8945569e-02     1.2839738e-03
 2500.0 2532.0     5.9784551e-04    8.6948717e-02     1.2642002e-03
 2532.0 2564.0     5.7182269e-04    8.4965714e-02     1.2441128e-03
 2564.0 2597.0     5.4656099e-04    8.2998362e-02     1.2237115e-03
 2597.0 2632.0     5.2133555e-04    8.0989305e-02     1.2023685e-03
 2632.0 2667.0     5.1223397e-04    7.5480204e-02     1.1867148e-03
 2667.0 2703.0     5.2307005e-04    6.6281420e-02     1.1785888e-03
 2703.0 2740.0     5.3798806e-04    5.7378464e-02     1.1715777e-03
 2740.0 2778.0     5.5375801e-04    4.9475454e-02     1.1643745e-03
 2778.0 2817.0     5.7042953e-04    4.2492707e-02     1.1569792e-03
 2817.0 2857.0     5.8805585e-04    3.6351536e-02     1.1493918e-03
 2857.0 2899.0     6.0693152e-04    3.0919058e-02     1.1415163e-03
 2899.0 2941.0     6.2688814e-04    2.6186219e-02     1.1334487e-03
 2941.0 2985.0     6.5104443e-04    2.2566737e-02     1.1173792e-03
 2985.0 3030.0     6.8112273e-04    1.9960668e-02     1.0903718e-03
 3030.0 3077.0     7.1478888e-04    1.7730598e-02     1.0597631e-03
 3077.0 3125.0     7.5129028e-04    1.5687713e-02     1.0281562e-03
 3125.0 3175.0     7.9090923e-04    1.3827777e-02     9.9555129e-04
 3175.0 3225.0     8.3346829e-04    1.2154987e-02     9.6228094e-04
 3225.0 3275.0     8.7201056e-04    1.0761651e-02     9.2954305e-04
 3275.0 3325.0     8.8592056e-04    9.8306605e-03     8.9902373e-04
 3325.0 3375.0     8.8034772e-04    9.2104586e-03     8.7019054e-04
 3375.0 3425.0     8.7480995e-04    8.6293843e-03     8.4135734e-04
 3425.0 3450.0     8.7067623e-04    8.2144948e-03     8.1973245e-04
 3450.0 3550.0     8.6195152e-04    7.6051609e-03     7.8422679e-04
 3550.0 3650.0     8.2647752e-04    6.9007736e-03     7.3379421e-04
 3650.0 3750.0     7.7208275e-04    6.4577295e-03     6.8952379e-04
 3750.0 3850.0     7.2126799e-04    6.0431298e-03     6.4525337e-04
 3850.0 3950.0     6.7992231e-04    5.6268567e-03     6.0511741e-04
 3950.0 4050.0     6.4899064e-04    5.2028905e-03     5.7042152e-04
 4050.0 4150.0     6.2287551e-04    4.7968646e-03     5.3771559e-04
 4150.0 4250.0     6.0670136e-04    4.3908524e-03     5.0903511e-04
 4250.0 4350.0     5.9838305e-04    3.9934777e-03     4.8369578e-04
 4350.0 4450.0     5.9164392e-04    3.6317429e-03     4.5950263e-04
 4450.0 4550.0     5.9165715e-04    3.3014116e-03     4.4051939e-04
 4550.0 4650.0     5.9692429e-04    3.0000862e-03     4.2559986e-04
 4650.0 4750.0     6.0223832e-04    2.7262633e-03     4.1068033e-04
 4750.0 4850.0     6.0759966e-04    2.4774326e-03     3.9576080e-04
 4850.0 4950.0     6.1300872e-04    2.2513132e-03     3.8084127e-04
 4950.0 5050.0     6.1846595e-04    2.0458321e-03     3.6592174e-04
 5050.0 5150.0     6.2397175e-04    1.8591055e-03     3.5100221e-04
 5150.0 5250.0     6.2952657e-04    1.6894218e-03     3.3608268e-04
 5250.0 5350.0     6.3513083e-04    1.5352255e-03     3.2116315e-04
 5350.0 5450.0     6.4078499e-04    1.3951029e-03     3.0624362e-04
 5450.0 5550.0     6.4648949e-04    1.2677695e-03     2.9132409e-04
 5550.0 5650.0     6.5321356e-04    1.1523055e-03     2.7698680e-04
 5650.0 5750.0     6.6658785e-04    1.0488816e-03     2.6653109e-04
 5750.0 5850.0     6.8589363e-04    9.5601851e-04     2.5937473e-04
 5850.0 5950.0     7.0575855e-04    8.7137712e-04     2.5221837e-04
 5950.0 6050.0     7.2619880e-04    7.9422949e-04     2.4506200e-04
 6050.0 6150.0     7.4723104e-04    7.2391214e-04     2.3790564e-04
 6150.0 6250.0     7.6887242e-04    6.5982036e-04     2.3074927e-04
 6250.0 6350.0     7.9114058e-04    6.0140296e-04     2.2359291e-04
 6350.0 6450.0     8.1405368e-04    5.4815757e-04     2.1643654e-04
 6450.0 6550.0     8.3763038e-04    4.9962627e-04     2.0928018e-04
 6550.0 6650.0     8.6188991e-04    4.5539171e-04     2.0212382e-04
 6650.0 6750.0     8.8685205e-04    4.1507347e-04     1.9496745e-04
 6750.0 6850.0     9.1253715e-04    3.7832481e-04     1.8781109e-04
 6850.0 6950.0     9.3907456e-04    3.4589109e-04     1.8169860e-04
 6950.0 7050.0     9.6656053e-04    3.1790241e-04     1.7726978e-04
 7050.0 7150.0     9.9491939e-04    2.9277949e-04     1.7348074e-04
 7150.0 7250.0     1.0241103e-03    2.6964197e-04     1.6969171e-04
 7250.0 7350.0     1.0541577e-03    2.4833293e-04     1.6590268e-04
 7350.0 7450.0     1.0850866e-03    2.2870789e-04     1.6211364e-04
 7450.0 7550.0     1.1169231e-03    2.1063376e-04     1.5832461e-04
 7550.0 7650.0     1.1496936e-03    1.9398798e-04     1.5453558e-04
 7650.0 7750.0     1.1834255e-03    1.7865767e-04     1.5074654e-04
 7750.0 7850.0     1.2181472e-03    1.6453886e-04     1.4695751e-04
 7850.0 7950.0     1.2538876e-03    1.5153583e-04     1.4316848e-04
 7950.0 8050.0     1.2906767e-03    1.3956038e-04     1.3937944e-04
 8050.0 8150.0     1.3285451e-03    1.2853133e-04     1.3559041e-04
 8150.0 8250.0     1.3675246e-03    1.1837386e-04     1.3180137e-04
 8250.0 8350.0     1.4076477e-03    1.0901912e-04     1.2801234e-04
 8350.0 8450.0     1.4489481e-03    1.0040365e-04     1.2422331e-04
 8450.0 8550.0     1.4914602e-03    9.2469036e-05     1.2043427e-04
