 1216.0 1216.0     5.2354029e-01    9.8050752e+00     7.7967306e-01
 1300.0 1350.0     4.8181792e-01    1.0129954e+01     7.8418412e-01
 1350.0 1400.0     4.6882289e-01    1.0269263e+01     7.8429560e-01
 1400.0 1450.0     4.6287991e-01    1.0393137e+01     7.8183100e-01
 1450.0 1500.0     4.5861080e-01    1.0514304e+01     7.7874815e-01
 1500.0 1550.0     4.5438105e-01    1.0636884e+01     7.7566529e-01
 1550.0 1600.0     4.5019032e-01    1.0760893e+01     7.7258243e-01
 1600.0 1650.0     4.4652106e-01    1.0872469e+01     7.6887389e-01
 1650.0 1700.0     4.4414950e-01    1.0948566e+01     7.6351877e-01
 1700.0 1750.0     4.4257637e-01    1.1002467e+01     7.5714279e-01
 1754.0 1770.0     4.4141521e-01    1.1042496e+01     7.5242456e-01
 1770.0 1786.0     4.4091430e-01    1.1059863e+01     7.5038425e-01
 1786.0 1802.0     4.4041396e-01    1.1077258e+01     7.4834393e-01
 1802.0 1818.0     4.3991419e-01    1.1094680e+01     7.4630362e-01
 1818.0 1835.0     4.3939941e-01    1.1112676e+01     7.4419954e-01
 1835.0 1852.0     4.3886964e-01    1.1131247e+01     7.4203171e-01
 1852.0 1869.0     4.3834052e-01    1.1149849e+01     7.3986388e-01
 1869.0 1887.0     4.3779650e-01    1.1169032e+01     7.3763228e-01
 1887.0 1905.0     4.3723764e-01    1.1188796e+01     7.3533693e-01
 1905.0 1923.0     4.3667949e-01    1.1208595e+01     7.3304157e-01
 1923.0 1942.0     4.3610659e-01    1.1228981e+01     7.3068246e-01
 1942.0 1961.0     4.3551898e-01    1.1249957e+01     7.2825959e-01
 1961.0 1980.0     4.3511373e-01    1.1267445e+01     7.2532998e-01
 1980.0 2000.0     4.3499612e-01    1.1279638e+01     7.2149207e-01
 2000.0 2020.0     4.3498420e-01    1.1290047e+01     7.1725259e-01
 2020.0 2041.0     4.3497199e-01    1.1300725e+01     7.1290711e-01
 2041.0 2062.0     4.3495948e-01    1.1311675e+01     7.0845565e-01
 2062.0 2083.0     4.3494696e-01    1.1322635e+01     7.0400419e-01
 2083.0 2105.0     4.3493415e-01    1.1333867e+01     6.9944674e-01
 2105.0 2128.0     4.3492075e-01    1.1345634e+01     6.9467732e-01
 2128.0 2151.0     4.3490705e-01    1.1357674e+01     6.8980191e-01
 2151.0 2174.0     4.3489334e-01    1.1369727e+01     6.8492650e-01
 2174.0 2200.0     4.3487875e-01    1.1382581e+01     6.7973313e-01
 2200.0 2222.0     4.3486445e-01    1.1395186e+01     6.7464575e-01
 2222.0 2247.0     4.3485045e-01    1.1407542e+01     6.6966435e-01
 2247.0 2273.0     4.3483526e-01    1.1420965e+01     6.6425901e-01
 2273.0 2299.0     4.3481977e-01    1.1434668e+01     6.5874768e-01
 2299.0 2326.0     4.3480399e-01    1.1448651e+01     6.5313036e-01
 2326.0 2353.0     4.3478791e-01    1.1462915e+01     6.4740705e-01
 2353.0 2381.0     4.3477153e-01    1.1477461e+01     6.4157776e-01
 2381.0 2410.0     4.3461290e-01    1.1510993e+01     6.3707172e-01
 2410.0 2439.0     4.3429610e-01    1.1565495e+01     6.3417205e-01
 2439.0 2469.0     4.3395747e-01    1.1623383e+01     6.3140257e-01
 2469.0 2500.0     4.3360763e-01    1.1683537e+01     6.2853922e-01
 2500.0 2532.0     4.3324662e-01    1.1745991e+01     6.2558199e-01
 2532.0 2564.0     4.3288019e-01    1.1809775e+01     6.2257782e-01
 2564.0 2597.0     4.3250835e-01    1.1874912e+01     6.1952671e-01
 2597.0 2632.0     4.3211969e-01    1.1943444e+01     6.1633477e-01
 2632.0 2667.0     4.4022687e-01    1.1998903e+01     6.1647743e-01
 2667.0 2703.0     4.5933849e-01    1.2036418e+01     6.2082917e-01
 2703.0 2740.0     4.8179026e-01    1.2071810e+01     6.2603281e-01
 2740.0 2778.0     5.0600056e-01    1.2108280e+01     6.3137901e-01
 2778.0 2817.0     5.3212271e-01    1.2145837e+01     6.3686778e-01
 2817.0 2857.0     5.6032552e-01    1.2184490e+01     6.4249911e-01
 2857.0 2899.0     5.9119170e-01    1.2224743e+01     6.4834430e-01
 2899.0 2941.0     6.2455212e-01    1.2266113e+01     6.5433204e-01
 2941.0 2985.0     6.5529564e-01    1.2225534e+01     6.5566160e-01
 2985.0 3030.0     6.8151749e-01    1.2074395e+01     6.5065853e-01
 3030.0 3077.0     7.0781908e-01    1.1892139e+01     6.4383265e-01
 3077.0 3125.0     7.3603810e-01    1.1706812e+01     6.3678419e-01
 3125.0 3175.0     7.6633396e-01    1.1518674e+01     6.2951314e-01
 3175.0 3225.0     7.9852038e-01    1.1329781e+01     6.2209371e-01
 3225.0 3275.0     8.2891445e-01    1.1124070e+01     6.1478388e-01
 3275.0 3325.0     8.4719320e-01    1.0840868e+01     6.0793073e-01
 3325.0 3375.0     8.5585506e-01    1.0503875e+01     6.0142466e-01
 3375.0 3425.0     8.6460549e-01    1.0177358e+01     5.9491859e-01
 3425.0 3450.0     8.7121852e-01    9.9382188e+00     5.9003904e-01
 3450.0 3550.0     8.8180051e-01    9.5489093e+00     5.8212973e-01
 3550.0 3650.0     8.9161226e-01    8.8497325e+00     5.7213189e-01
 3650.0 3750.0     8.9450757e-01    8.1057294e+00     5.6470177e-01
 3750.0 3850.0     8.9741228e-01    7.4242752e+00     5.5727166e-01
 3850.0 3950.0     8.9985380e-01    6.7772474e+00     5.5101268e-01
 3950.0 4050.0     9.0168009e-01    6.1572852e+00     5.4629468e-01
 4050.0 4150.0     9.0342173e-01    5.5895284e+00     5.4209837e-01
 4150.0 4250.0     9.0552678e-01    5.0851345e+00     5.3879537e-01
 4250.0 4350.0     9.0793580e-01    4.6352600e+00     5.3623383e-01
 4350.0 4450.0     9.1032289e-01    4.2306826e+00     5.3384950e-01
 4450.0 4550.0     9.1258716e-01    3.8848477e+00     5.3227075e-01
 4550.0 4650.0     9.1475632e-01    3.5852915e+00     5.3132033e-01
 4650.0 4750.0     9.1693063e-01    3.3088336e+00     5.3036991e-01
 4750.0 4850.0     9.1911012e-01    3.0536932e+00     5.2941949e-01
 4850.0 4950.0     9.2129478e-01    2.8182263e+00     5.2846907e-01
 4950.0 5050.0     9.2348464e-01    2.6009160e+00     5.2751865e-01
 5050.0 5150.0     9.2567970e-01    2.4003623e+00     5.2656823e-01
 5150.0 5250.0     9.2787998e-01    2.2152730e+00     5.2561781e-01
 5250.0 5350.0     9.3008549e-01    2.0444558e+00     5.2466739e-01
 5350.0 5450.0     9.3229624e-01    1.8868101e+00     5.2371697e-01
 5450.0 5550.0     9.3451225e-01    1.7413202e+00     5.2276655e-01
 5550.0 5650.0     9.3671487e-01    1.6095759e+00     5.2186337e-01
 5650.0 5750.0     9.3879809e-01    1.5037340e+00     5.2127515e-01
 5750.0 5850.0     9.4078001e-01    1.4183765e+00     5.2095463e-01
 5850.0 5950.0     9.4276612e-01    1.3378642e+00     5.2063412e-01
 5950.0 6050.0     9.4475642e-01    1.2619221e+00     5.2031360e-01
 6050.0 6150.0     9.4675092e-01    1.1902907e+00     5.1999309e-01
 6150.0 6250.0     9.4874963e-01    1.1227254e+00     5.1967258e-01
 6250.0 6350.0     9.5075256e-01    1.0589954e+00     5.1935206e-01
 6350.0 6450.0     9.5275972e-01    9.9888289e-01     5.1903155e-01
 6450.0 6550.0     9.5477112e-01    9.4218261e-01     5.1871103e-01
 6550.0 6650.0     9.5678676e-01    8.8870084e-01     5.1839052e-01
 6650.0 6750.0     9.5880666e-01    8.3825489e-01     5.1807000e-01
 6750.0 6850.0     9.6083083e-01    7.9067245e-01     5.1774949e-01
 6850.0 6950.0     9.6255214e-01    7.4844456e-01     5.1740245e-01
 6950.0 7050.0     9.6378110e-01    7.1268944e-01     5.1701263e-01
 7050.0 7150.0     9.6482324e-01    6.8020026e-01     5.1660656e-01
 7150.0 7250.0     9.6586652e-01    6.4919217e-01     5.1620048e-01
 7250.0 7350.0     9.6691092e-01    6.1959763e-01     5.1579441e-01
 7350.0 7450.0     9.6795645e-01    5.9135220e-01     5.1538834e-01
 7450.0 7550.0     9.6900311e-01    5.6439440e-01     5.1498226e-01
 7550.0 7650.0     9.7005091e-01    5.3866551e-01     5.1457619e-01
 7650.0 7750.0     9.7109983e-01    5.1410951e-01     5.1417011e-01
 7750.0 7850.0     9.7214989e-01    4.9067295e-01     5.1376404e-01
 7850.0 7950.0     9.7320109e-01    4.6830478e-01     5.1335796e-01
 7950.0 8050.0     9.7425342e-01    4.4695630e-01     5.1295189e-01
 8050.0 8150.0     9.7530690e-01    4.2658103e-01     5.1254581e-01
 8150.0 8250.0     9.7636151e-01    4.0713460e-01     5.1213974e-01
 8250.0 8350.0     9.7741726e-01    3.8857467e-01     5.1173366e-01
 8350.0 8450.0     9.7847415e-01    3.7086083e-01     5.1132759e-01
 8450.0 8550.0     9.7953218e-01    3.5395450e-01     5.1092151e-01
