 1216.0 1216.0     2.0011800e-02    2.5570490e-01     3.5691061e-03
 1300.0 1350.0     1.2392594e-02    2.4977503e-01     5.2911167e-03
 1350.0 1400.0     1.0273875e-02    2.4509003e-01     5.6807826e-03
 1400.0 1450.0     8.9871464e-03    2.3788898e-01     5.5438079e-03
 1450.0 1500.0     7.9647512e-03    2.3029025e-01     5.2804400e-03
 1500.0 1550.0     7.0586657e-03    2.2293424e-01     5.0170721e-03
 1550.0 1600.0     6.2556583e-03    2.1581319e-01     4.7537042e-03
 1600.0 1650.0     5.5759281e-03    2.0879878e-01     4.5085524e-03
 1650.0 1700.0     5.0496508e-03    2.0170127e-01     4.3113378e-03
 1700.0 1750.0     4.6209813e-03    1.9465486e-01     4.1438444e-03
 1754.0 1770.0     4.3235530e-03    1.8957259e-01     4.0198992e-03
 1770.0 1786.0     4.2025424e-03    1.8742765e-01     3.9663013e-03
 1786.0 1802.0     4.0849187e-03    1.8530698e-01     3.9127034e-03
 1802.0 1818.0     3.9705871e-03    1.8321031e-01     3.8591055e-03
 1818.0 1835.0     3.8560833e-03    1.8107334e-01     3.8038326e-03
 1835.0 1852.0     3.7415124e-03    1.7889729e-01     3.7468848e-03
 1852.0 1869.0     3.6303455e-03    1.7674739e-01     3.6899371e-03
 1869.0 1887.0     3.5194065e-03    1.7456163e-01     3.6313143e-03
 1887.0 1905.0     3.4087854e-03    1.7234123e-01     3.5710167e-03
 1905.0 1923.0     3.3016414e-03    1.7014906e-01     3.5107190e-03
 1923.0 1942.0     3.1950759e-03    1.6792545e-01     3.4487465e-03
 1942.0 1961.0     3.0891633e-03    1.6567159e-01     3.3850989e-03
 1961.0 1980.0     2.9938120e-03    1.6357643e-01     3.3279645e-03
 1980.0 2000.0     2.9105066e-03    1.6166387e-01     3.2800103e-03
 2000.0 2020.0     2.8315565e-03    1.5980123e-01     3.2347232e-03
 2020.0 2041.0     2.7528814e-03    1.5791456e-01     3.1883039e-03
 2041.0 2062.0     2.6745269e-03    1.5600469e-01     3.1407524e-03
 2062.0 2083.0     2.5984026e-03    1.5411792e-01     3.0932009e-03
 2083.0 2105.0     2.5227357e-03    1.5221015e-01     3.0445172e-03
 2105.0 2128.0     2.4459078e-03    1.5023892e-01     2.9935692e-03
 2128.0 2151.0     2.3697647e-03    1.4824999e-01     2.9414890e-03
 2151.0 2174.0     2.2959920e-03    1.4628738e-01     2.8894088e-03
 2174.0 2200.0     2.2200095e-03    1.4422624e-01     2.8339320e-03
 2200.0 2222.0     2.1478458e-03    1.4223332e-01     2.7795875e-03
 2222.0 2247.0     2.0796207e-03    1.4031054e-01     2.7263751e-03
 2247.0 2273.0     2.0079902e-03    1.3825293e-01     2.6686340e-03
 2273.0 2299.0     1.9374710e-03    1.3618573e-01     2.6097607e-03
 2299.0 2326.0     1.8681670e-03    1.3411089e-01     2.5497552e-03
 2326.0 2353.0     1.8000815e-03    1.3202910e-01     2.4886176e-03
 2353.0 2381.0     1.7333078e-03    1.2994228e-01     2.4263478e-03
 2381.0 2410.0     1.6664924e-03    1.2756740e-01     2.3769095e-03
 2410.0 2439.0     1.6008786e-03    1.2492500e-01     2.3431766e-03
 2439.0 2469.0     1.5367798e-03    1.2226536e-01     2.3106340e-03
 2469.0 2500.0     1.4732054e-03    1.1957508e-01     2.2769882e-03
 2500.0 2532.0     1.4103061e-03    1.1685872e-01     2.2422393e-03
 2532.0 2564.0     1.3491368e-03    1.1416193e-01     2.2069389e-03
 2564.0 2597.0     1.2897468e-03    1.1148718e-01     2.1710868e-03
 2597.0 2632.0     1.2304321e-03    1.0875652e-01     2.1335801e-03
 2632.0 2667.0     1.2091239e-03    1.0133208e-01     2.1061558e-03
 2667.0 2703.0     1.2348239e-03    8.8962698e-02     2.0920654e-03
 2703.0 2740.0     1.2701595e-03    7.6995906e-02     2.0799576e-03
 2740.0 2778.0     1.3075167e-03    6.6375591e-02     2.0675181e-03
 2778.0 2817.0     1.3470134e-03    5.6994146e-02     2.0547469e-03
 2817.0 2857.0     1.3887762e-03    4.8745349e-02     2.0416439e-03
 2857.0 2899.0     1.4335039e-03    4.1450278e-02     2.0280433e-03
 2899.0 2941.0     1.4807979e-03    3.5096327e-02     2.0141111e-03
 2941.0 2985.0     1.5379757e-03    3.0239334e-02     1.9858146e-03
 2985.0 3030.0     1.6090867e-03    2.6744576e-02     1.9378854e-03
 3030.0 3077.0     1.6886620e-03    2.3754827e-02     1.8835056e-03
 3077.0 3125.0     1.7749411e-03    2.1016233e-02     1.8273524e-03
 3125.0 3175.0     1.8685917e-03    1.8523087e-02     1.7694260e-03
 3175.0 3225.0     1.9691947e-03    1.6280976e-02     1.7103175e-03
 3225.0 3275.0     2.0603248e-03    1.4413442e-02     1.6521527e-03
 3275.0 3325.0     2.0933096e-03    1.3165139e-02     1.5979207e-03
 3325.0 3375.0     2.0802999e-03    1.2333082e-02     1.5466774e-03
 3375.0 3425.0     2.0673710e-03    1.1553612e-02     1.4954341e-03
 3425.0 3450.0     2.0577196e-03    1.0997118e-02     1.4570016e-03
 3450.0 3550.0     2.0372941e-03    1.0179911e-02     1.3938997e-03
 3550.0 3650.0     1.9537642e-03    9.2347809e-03     1.3042681e-03
 3650.0 3750.0     1.8254949e-03    8.6397882e-03     1.2255871e-03
 3750.0 3850.0     1.7056468e-03    8.0831305e-03     1.1469062e-03
 3850.0 3950.0     1.6081184e-03    7.5247261e-03     1.0755732e-03
 3950.0 4050.0     1.5351467e-03    6.9565497e-03     1.0139088e-03
 4050.0 4150.0     1.4735351e-03    6.4126492e-03     9.5578096e-04
 4150.0 4250.0     1.4353966e-03    5.8691198e-03     9.0480746e-04
 4250.0 4350.0     1.4158103e-03    5.3374168e-03     8.5977204e-04
 4350.0 4450.0     1.3999516e-03    4.8534814e-03     8.1677359e-04
 4450.0 4550.0     1.4000397e-03    4.4117295e-03     7.8303401e-04
 4550.0 4650.0     1.4125370e-03    4.0088923e-03     7.5651633e-04
 4650.0 4750.0     1.4251458e-03    3.6428383e-03     7.2999866e-04
 4750.0 4850.0     1.4378672e-03    3.3102089e-03     7.0348099e-04
 4850.0 4950.0     1.4507021e-03    3.0079521e-03     6.7696331e-04
 4950.0 5050.0     1.4636516e-03    2.7332945e-03     6.5044564e-04
 5050.0 5150.0     1.4767166e-03    2.4837160e-03     6.2392796e-04
 5150.0 5250.0     1.4898983e-03    2.2569267e-03     5.9741029e-04
 5250.0 5350.0     1.5031977e-03    2.0508456e-03     5.7089262e-04
 5350.0 5450.0     1.5166158e-03    1.8635818e-03     5.4437494e-04
 5450.0 5550.0     1.5301536e-03    1.6934173e-03     5.1785727e-04
 5550.0 5650.0     1.5461008e-03    1.5391266e-03     4.9237439e-04
 5650.0 5750.0     1.5777576e-03    1.4009637e-03     4.7379011e-04
 5750.0 5850.0     1.6234265e-03    1.2769395e-03     4.6106963e-04
 5850.0 5950.0     1.6704173e-03    1.1638949e-03     4.4834914e-04
 5950.0 6050.0     1.7187683e-03    1.0608579e-03     4.3562866e-04
 6050.0 6150.0     1.7685188e-03    9.6694248e-04     4.2290818e-04
 6150.0 6250.0     1.8197094e-03    8.8134120e-04     4.1018769e-04
 6250.0 6350.0     1.8723817e-03    8.0331802e-04     3.9746721e-04
 6350.0 6450.0     1.9265787e-03    7.3220206e-04     3.8474672e-04
 6450.0 6550.0     1.9823444e-03    6.6738183e-04     3.7202624e-04
 6550.0 6650.0     2.0397242e-03    6.0830000e-04     3.5930576e-04
 6650.0 6750.0     2.0987650e-03    5.5444855e-04     3.4658527e-04
 6750.0 6850.0     2.1595147e-03    5.0536445e-04     3.3386479e-04
 6850.0 6950.0     2.2222620e-03    4.6204736e-04     3.2299969e-04
 6950.0 7050.0     2.2872224e-03    4.2467280e-04     3.1512713e-04
 7050.0 7150.0     2.3542327e-03    3.9112649e-04     3.0839174e-04
 7150.0 7250.0     2.4232062e-03    3.6023011e-04     3.0165634e-04
 7250.0 7350.0     2.4942005e-03    3.3177434e-04     2.9492094e-04
 7350.0 7450.0     2.5672747e-03    3.0556638e-04     2.8818555e-04
 7450.0 7550.0     2.6424899e-03    2.8142868e-04     2.8145015e-04
 7550.0 7650.0     2.7199087e-03    2.5919769e-04     2.7471475e-04
 7650.0 7750.0     2.7995956e-03    2.3872281e-04     2.6797935e-04
 7750.0 7850.0     2.8816172e-03    2.1986530e-04     2.6124396e-04
 7850.0 7950.0     2.9660419e-03    2.0249741e-04     2.5450856e-04
 7950.0 8050.0     3.0529400e-03    1.8650147e-04     2.4777316e-04
 8050.0 8150.0     3.1423840e-03    1.7176910e-04     2.4103777e-04
 8150.0 8250.0     3.2344485e-03    1.5820049e-04     2.3430237e-04
 8250.0 8350.0     3.3292103e-03    1.4570370e-04     2.2756697e-04
 8350.0 8450.0     3.4267483e-03    1.3419409e-04     2.2083158e-04
 8450.0 8550.0     3.5271441e-03    1.2359365e-04     2.1409618e-04
