 1216.0 1216.0     4.0168151e-01    2.1471288e+01     9.0892933e-01
 1300.0 1350.0     3.6986756e-01    2.2885907e+01     9.1390388e-01
 1350.0 1400.0     3.5960091e-01    2.3418604e+01     9.1513855e-01
 1400.0 1450.0     3.5425445e-01    2.3772248e+01     9.1499526e-01
 1450.0 1500.0     3.5009085e-01    2.4084847e+01     9.1452127e-01
 1500.0 1550.0     3.4597619e-01    2.4401557e+01     9.1404728e-01
 1550.0 1600.0     3.4190989e-01    2.4722432e+01     9.1357329e-01
 1600.0 1650.0     3.3833550e-01    2.5010298e+01     9.1289768e-01
 1650.0 1700.0     3.3596368e-01    2.5203226e+01     9.1169148e-01
 1700.0 1750.0     3.3433054e-01    2.5336671e+01     9.1015632e-01
 1754.0 1770.0     3.3312624e-01    2.5435796e+01     9.0902029e-01
 1770.0 1786.0     3.3260719e-01    2.5478815e+01     9.0852904e-01
 1786.0 1802.0     3.3208895e-01    2.5521907e+01     9.0803779e-01
 1802.0 1818.0     3.3157151e-01    2.5565072e+01     9.0754654e-01
 1818.0 1835.0     3.3103877e-01    2.5609663e+01     9.0703993e-01
 1835.0 1852.0     3.3049076e-01    2.5655686e+01     9.0651798e-01
 1852.0 1869.0     3.2994366e-01    2.5701791e+01     9.0599602e-01
 1869.0 1887.0     3.2938142e-01    2.5749341e+01     9.0545871e-01
 1887.0 1905.0     3.2880411e-01    2.5798339e+01     9.0490605e-01
 1905.0 1923.0     3.2822781e-01    2.5847431e+01     9.0435339e-01
 1923.0 1942.0     3.2763657e-01    2.5897984e+01     9.0378538e-01
 1942.0 1961.0     3.2703044e-01    2.5950006e+01     9.0320202e-01
 1961.0 1980.0     3.2658678e-01    2.5991875e+01     9.0241534e-01
 1980.0 2000.0     3.2639678e-01    2.6018091e+01     9.0127446e-01
 2000.0 2020.0     3.2629856e-01    2.6038867e+01     8.9998268e-01
 2020.0 2041.0     3.2619793e-01    2.6060179e+01     8.9865861e-01
 2041.0 2062.0     3.2609487e-01    2.6082030e+01     8.9730225e-01
 2062.0 2083.0     3.2599184e-01    2.6103898e+01     8.9594588e-01
 2083.0 2105.0     3.2588639e-01    2.6126307e+01     8.9455723e-01
 2105.0 2128.0     3.2577608e-01    2.6149778e+01     8.9310398e-01
 2128.0 2151.0     3.2566335e-01    2.6173793e+01     8.9161844e-01
 2151.0 2174.0     3.2555066e-01    2.6197830e+01     8.9013289e-01
 2174.0 2200.0     3.2543066e-01    2.6223459e+01     8.8855047e-01
 2200.0 2222.0     3.2531316e-01    2.6248588e+01     8.8700034e-01
 2222.0 2247.0     3.2519815e-01    2.6273218e+01     8.8548250e-01
 2247.0 2273.0     3.2507339e-01    2.6299970e+01     8.8383549e-01
 2273.0 2299.0     3.2494623e-01    2.6327275e+01     8.8215618e-01
 2299.0 2326.0     3.2481669e-01    2.6355134e+01     8.8044457e-01
 2326.0 2353.0     3.2468475e-01    2.6383548e+01     8.7870068e-01
 2353.0 2381.0     3.2455042e-01    2.6412521e+01     8.7692449e-01
 2381.0 2410.0     3.2408608e-01    2.6479088e+01     8.7571504e-01
 2410.0 2439.0     3.2325771e-01    2.6587144e+01     8.7517749e-01
 2439.0 2469.0     3.2237923e-01    2.6701830e+01     8.7470478e-01
 2469.0 2500.0     3.2147347e-01    2.6820924e+01     8.7421604e-01
 2500.0 2532.0     3.2054069e-01    2.6944480e+01     8.7371127e-01
 2532.0 2564.0     3.1959586e-01    2.7070575e+01     8.7319850e-01
 2564.0 2597.0     3.1863913e-01    2.7199249e+01     8.7267771e-01
 2597.0 2632.0     3.1764134e-01    2.7334522e+01     8.7213288e-01
 2632.0 2667.0     3.2289931e-01    2.7153961e+01     8.7297105e-01
 2667.0 2703.0     3.3624487e-01    2.6584895e+01     8.7553790e-01
 2703.0 2740.0     3.5196886e-01    2.5946489e+01     8.7847465e-01
 2740.0 2778.0     3.6888977e-01    2.5306554e+01     8.8149187e-01
 2778.0 2817.0     3.8710856e-01    2.4665972e+01     8.8458954e-01
 2817.0 2857.0     4.0673611e-01    2.4025599e+01     8.8776767e-01
 2857.0 2899.0     4.2816914e-01    2.3378593e+01     8.9106650e-01
 2899.0 2941.0     4.5128165e-01    2.2733656e+01     8.9444578e-01
 2941.0 2985.0     4.7655629e-01    2.1969096e+01     8.9598671e-01
 2985.0 3030.0     5.0460407e-01    2.1044254e+01     8.9503179e-01
 3030.0 3077.0     5.3545463e-01    2.0089197e+01     8.9338353e-01
 3077.0 3125.0     5.6928066e-01    1.9148229e+01     8.9168152e-01
 3125.0 3175.0     6.0642786e-01    1.8223934e+01     8.8992576e-01
 3175.0 3225.0     6.4680605e-01    1.7326311e+01     8.8813418e-01
 3225.0 3275.0     6.8644436e-01    1.6524808e+01     8.8633924e-01
 3275.0 3325.0     7.1386098e-01    1.5971869e+01     8.8453038e-01
 3325.0 3375.0     7.3130737e-01    1.5598454e+01     8.8271094e-01
 3375.0 3425.0     7.4918013e-01    1.5233770e+01     8.8089149e-01
 3425.0 3450.0     7.6282908e-01    1.4965078e+01     8.7952690e-01
 3450.0 3550.0     7.8544547e-01    1.4543510e+01     8.7731788e-01
 3550.0 3650.0     8.1077309e-01    1.4010727e+01     8.7456036e-01
 3650.0 3750.0     8.2553816e-01    1.3616898e+01     8.7255364e-01
 3750.0 3850.0     8.4057211e-01    1.3234139e+01     8.7054692e-01
 3850.0 3950.0     8.5433103e-01    1.2868605e+01     8.6892008e-01
 3950.0 4050.0     8.6627412e-01    1.2521624e+01     8.6779307e-01
 4050.0 4150.0     8.7769946e-01    1.2188041e+01     8.6683414e-01
 4150.0 4250.0     8.8814743e-01    1.1875178e+01     8.6615820e-01
 4250.0 4350.0     8.9778260e-01    1.1580132e+01     8.6571715e-01
 4350.0 4450.0     9.0694995e-01    1.1293303e+01     8.6531310e-01
 4450.0 4550.0     9.1359612e-01    1.1017533e+01     8.6507730e-01
 4550.0 4650.0     9.1825274e-01    1.0751567e+01     8.6497272e-01
 4650.0 4750.0     9.2293309e-01    1.0492020e+01     8.6486815e-01
 4750.0 4850.0     9.2763730e-01    1.0238740e+01     8.6476357e-01
 4850.0 4950.0     9.3236549e-01    9.9915732e+00     8.6465899e-01
 4950.0 5050.0     9.3711778e-01    9.7503735e+00     8.6455442e-01
 5050.0 5150.0     9.4189429e-01    9.5149964e+00     8.6444984e-01
 5150.0 5250.0     9.4669515e-01    9.2853014e+00     8.6434526e-01
 5250.0 5350.0     9.5152047e-01    9.0611513e+00     8.6424068e-01
 5350.0 5450.0     9.5637039e-01    8.8424123e+00     8.6413611e-01
 5450.0 5550.0     9.6124504e-01    8.6289536e+00     8.6403153e-01
 5550.0 5650.0     9.6589206e-01    8.4211103e+00     8.6392053e-01
 5650.0 5750.0     9.6887448e-01    8.2212932e+00     8.6376668e-01
 5750.0 5850.0     9.7043357e-01    8.0287760e+00     8.6357642e-01
 5850.0 5950.0     9.7199516e-01    7.8407669e+00     8.6338616e-01
 5950.0 6050.0     9.7355927e-01    7.6571604e+00     8.6319590e-01
 6050.0 6150.0     9.7512589e-01    7.4778534e+00     8.6300564e-01
 6150.0 6250.0     9.7669504e-01    7.3027452e+00     8.6281539e-01
 6250.0 6350.0     9.7826671e-01    7.1317375e+00     8.6262513e-01
 6350.0 6450.0     9.7984091e-01    6.9647343e+00     8.6243487e-01
 6450.0 6550.0     9.8141764e-01    6.8016417e+00     8.6224461e-01
 6550.0 6650.0     9.8299691e-01    6.6423683e+00     8.6205435e-01
 6650.0 6750.0     9.8457872e-01    6.4868246e+00     8.6186409e-01
 6750.0 6850.0     9.8616308e-01    6.3349232e+00     8.6167383e-01
 6850.0 6950.0     9.8739781e-01    6.1830522e+00     8.6140926e-01
 6950.0 7050.0     9.8806614e-01    6.0291909e+00     8.6102484e-01
 7050.0 7150.0     9.8851906e-01    5.8770525e+00     8.6059487e-01
 7150.0 7250.0     9.8897218e-01    5.7287531e+00     8.6016490e-01
 7250.0 7350.0     9.8942552e-01    5.5841959e+00     8.5973493e-01
 7350.0 7450.0     9.8987906e-01    5.4432863e+00     8.5930496e-01
 7450.0 7550.0     9.9033280e-01    5.3059325e+00     8.5887499e-01
 7550.0 7650.0     9.9078676e-01    5.1720445e+00     8.5844503e-01
 7650.0 7750.0     9.9124092e-01    5.0415351e+00     8.5801506e-01
 7750.0 7850.0     9.9169530e-01    4.9143188e+00     8.5758509e-01
 7850.0 7950.0     9.9214988e-01    4.7903127e+00     8.5715512e-01
 7950.0 8050.0     9.9260466e-01    4.6694357e+00     8.5672515e-01
 8050.0 8150.0     9.9305966e-01    4.5516089e+00     8.5629518e-01
 8150.0 8250.0     9.9351487e-01    4.4367553e+00     8.5586522e-01
 8250.0 8350.0     9.9397028e-01    4.3247999e+00     8.5543525e-01
 8350.0 8450.0     9.9442591e-01    4.2156695e+00     8.5500528e-01
 8450.0 8550.0     9.9488174e-01    4.1092928e+00     8.5457531e-01
