 1216.0 1216.0     6.0942252e-01    2.9904713e+00     5.7779927e-01
 1300.0 1350.0     5.5945755e-01    2.9834306e+00     5.8262099e-01
 1350.0 1400.0     5.4338729e-01    2.9881417e+00     5.8197615e-01
 1400.0 1450.0     5.3507045e-01    3.0033423e+00     5.7757257e-01
 1450.0 1500.0     5.2861633e-01    3.0211477e+00     5.7226689e-01
 1500.0 1550.0     5.2224005e-01    3.0390587e+00     5.6696121e-01
 1550.0 1600.0     5.1594069e-01    3.0570759e+00     5.6165554e-01
 1600.0 1650.0     5.1001804e-01    3.0710990e+00     5.5508234e-01
 1650.0 1700.0     5.0495032e-01    3.0744017e+00     5.4517356e-01
 1700.0 1750.0     5.0041950e-01    3.0710334e+00     5.3319672e-01
 1754.0 1770.0     4.9708835e-01    3.0685428e+00     5.2433385e-01
 1770.0 1786.0     4.9565669e-01    3.0674665e+00     5.2050126e-01
 1786.0 1802.0     4.9422914e-01    3.0663907e+00     5.1666867e-01
 1802.0 1818.0     4.9280571e-01    3.0653152e+00     5.1283608e-01
 1818.0 1835.0     4.9134216e-01    3.0642065e+00     5.0888372e-01
 1835.0 1852.0     4.8983873e-01    3.0630647e+00     5.0481159e-01
 1852.0 1869.0     4.8833991e-01    3.0619233e+00     5.0073947e-01
 1869.0 1887.0     4.8680186e-01    3.0607487e+00     4.9654757e-01
 1887.0 1905.0     4.8522485e-01    3.0595410e+00     4.9223591e-01
 1905.0 1923.0     4.8365294e-01    3.0583339e+00     4.8792424e-01
 1923.0 1942.0     4.8204276e-01    3.0570937e+00     4.8349281e-01
 1942.0 1961.0     4.8039456e-01    3.0558205e+00     4.7894161e-01
 1961.0 1980.0     4.7916236e-01    3.0551952e+00     4.7368729e-01
 1980.0 2000.0     4.7857443e-01    3.0556159e+00     4.6714135e-01
 2000.0 2020.0     4.7821770e-01    3.0564349e+00     4.6000691e-01
 2020.0 2041.0     4.7785233e-01    3.0572746e+00     4.5269410e-01
 2041.0 2062.0     4.7747834e-01    3.0581350e+00     4.4520293e-01
 2062.0 2083.0     4.7710464e-01    3.0589957e+00     4.3771176e-01
 2083.0 2105.0     4.7672235e-01    3.0598771e+00     4.3004223e-01
 2105.0 2128.0     4.7632261e-01    3.0607998e+00     4.2201598e-01
 2128.0 2151.0     4.7591433e-01    3.0617433e+00     4.1381137e-01
 2151.0 2174.0     4.7550640e-01    3.0626871e+00     4.0560675e-01
 2174.0 2200.0     4.7507226e-01    3.0636928e+00     3.9686706e-01
 2200.0 2222.0     4.7464733e-01    3.0646782e+00     3.8830572e-01
 2222.0 2247.0     4.7423166e-01    3.0656434e+00     3.7992275e-01
 2247.0 2273.0     4.7378101e-01    3.0666911e+00     3.7082633e-01
 2273.0 2299.0     4.7332196e-01    3.0677597e+00     3.6155155e-01
 2299.0 2326.0     4.7285455e-01    3.0688493e+00     3.5209841e-01
 2326.0 2353.0     4.7237878e-01    3.0699598e+00     3.4246691e-01
 2353.0 2381.0     4.7189471e-01    3.0710913e+00     3.3265704e-01
 2381.0 2410.0     4.7034088e-01    3.0721853e+00     3.2508145e-01
 2410.0 2439.0     4.6761263e-01    3.0732121e+00     3.2021745e-01
 2439.0 2469.0     4.6473120e-01    3.0742476e+00     3.1557371e-01
 2469.0 2500.0     4.6177076e-01    3.0753187e+00     3.1077254e-01
 2500.0 2532.0     4.5873306e-01    3.0764252e+00     3.0581397e-01
 2532.0 2564.0     4.5566744e-01    3.0775497e+00     3.0077668e-01
 2564.0 2597.0     4.5257505e-01    3.0786922e+00     2.9566069e-01
 2597.0 2632.0     4.4936256e-01    3.0798878e+00     2.9030857e-01
 2632.0 2667.0     4.5081456e-01    3.0374089e+00     2.9132532e-01
 2667.0 2703.0     4.5818267e-01    2.9423687e+00     3.0036493e-01
 2703.0 2740.0     4.6692160e-01    2.8389118e+00     3.1104746e-01
 2740.0 2778.0     4.7607356e-01    2.7364077e+00     3.2202267e-01
 2778.0 2817.0     4.8565624e-01    2.6350193e+00     3.3329054e-01
 2817.0 2857.0     4.9568832e-01    2.5349005e+00     3.4485109e-01
 2857.0 2899.0     5.0632199e-01    2.4350252e+00     3.5685065e-01
 2899.0 2941.0     5.1744868e-01    2.3367457e+00     3.6914288e-01
 2941.0 2985.0     5.3087478e-01    2.2107470e+00     3.7259317e-01
 2985.0 3030.0     5.4752494e-01    2.0495157e+00     3.6402621e-01
 3030.0 3077.0     5.6592437e-01    1.8860391e+00     3.5202300e-01
 3077.0 3125.0     5.8556932e-01    1.7308365e+00     3.3962839e-01
 3125.0 3175.0     6.0655330e-01    1.5841675e+00     3.2684237e-01
 3175.0 3225.0     6.2873275e-01    1.4471910e+00     3.1379541e-01
 3225.0 3275.0     6.4956628e-01    1.3236992e+00     3.0084119e-01
 3275.0 3325.0     6.6200117e-01    1.2171732e+00     2.8827342e-01
 3325.0 3375.0     6.6780693e-01    1.1240239e+00     2.7599935e-01
 3375.0 3425.0     6.7366361e-01    1.0380033e+00     2.6372527e-01
 3425.0 3450.0     6.7808496e-01    9.7725548e-01     2.5451972e-01
 3450.0 3550.0     6.8484597e-01    8.8818141e-01     2.3951912e-01
 3550.0 3650.0     6.8735866e-01    7.6771885e-01     2.1958794e-01
 3650.0 3750.0     6.8184467e-01    6.7235896e-01     2.0358973e-01
 3750.0 3850.0     6.7637490e-01    5.8884391e-01     1.8759152e-01
 3850.0 3950.0     6.7168434e-01    5.1718117e-01     1.7355934e-01
 3950.0 4050.0     6.6799361e-01    4.5613595e-01     1.6211404e-01
 4050.0 4150.0     6.6494739e-01    4.0301391e-01     1.5155553e-01
 4150.0 4250.0     6.6422582e-01    3.5770270e-01     1.4256140e-01
 4250.0 4350.0     6.6542817e-01    3.1881048e-01     1.3486571e-01
 4350.0 4450.0     6.6693273e-01    2.8470267e-01     1.2755214e-01
 4450.0 4550.0     6.6980968e-01    2.5658084e-01     1.2197542e-01
 4550.0 4650.0     6.7376956e-01    2.3302932e-01     1.1775345e-01
 4650.0 4750.0     6.7775285e-01    2.1163960e-01     1.1353148e-01
 4750.0 4850.0     6.8175969e-01    1.9221324e-01     1.0930951e-01
 4850.0 4950.0     6.8579022e-01    1.7457002e-01     1.0508753e-01
 4950.0 5050.0     6.8984457e-01    1.5854627e-01     1.0086556e-01
 5050.0 5150.0     6.9392290e-01    1.4399333e-01     9.6643592e-02
 5150.0 5250.0     6.9802533e-01    1.3077621e-01     9.2421621e-02
 5250.0 5350.0     7.0215202e-01    1.1877228e-01     8.8199649e-02
 5350.0 5450.0     7.0630311e-01    1.0787020e-01     8.3977678e-02
 5450.0 5550.0     7.1047873e-01    9.7968809e-02     7.9755707e-02
 5550.0 5650.0     7.1479868e-01    8.9116124e-02     7.5704299e-02
 5650.0 5750.0     7.1994746e-01    8.1933592e-02     7.2789966e-02
 5750.0 5850.0     7.2581689e-01    7.6066647e-02     7.0842145e-02
 5850.0 5950.0     7.3173417e-01    7.0619811e-02     6.8894324e-02
 5950.0 6050.0     7.3769970e-01    6.5563002e-02     6.6946504e-02
 6050.0 6150.0     7.4371385e-01    6.0868292e-02     6.4998683e-02
 6150.0 6250.0     7.4977704e-01    5.6509751e-02     6.3050862e-02
 6250.0 6350.0     7.5588966e-01    5.2463308e-02     6.1103042e-02
 6350.0 6450.0     7.6205211e-01    4.8706615e-02     5.9155221e-02
 6450.0 6550.0     7.6826480e-01    4.5218925e-02     5.7207400e-02
 6550.0 6650.0     7.7452814e-01    4.1980974e-02     5.5259580e-02
 6650.0 6750.0     7.8084255e-01    3.8974880e-02     5.3311759e-02
 6750.0 6850.0     7.8720843e-01    3.6184041e-02     5.1363938e-02
 6850.0 6950.0     7.9290356e-01    3.3737633e-02     4.9700724e-02
 6950.0 7050.0     7.9747284e-01    3.1685446e-02     4.8496549e-02
 7050.0 7150.0     8.0162364e-01    2.9841917e-02     4.7466809e-02
 7150.0 7250.0     8.0579605e-01    2.8105648e-02     4.6437069e-02
 7250.0 7350.0     8.0999017e-01    2.6470399e-02     4.5407329e-02
 7350.0 7450.0     8.1420612e-01    2.4930293e-02     4.4377589e-02
 7450.0 7550.0     8.1844402e-01    2.3479793e-02     4.3347849e-02
 7550.0 7650.0     8.2270397e-01    2.2113687e-02     4.2318109e-02
 7650.0 7750.0     8.2698610e-01    2.0827064e-02     4.1288368e-02
 7750.0 7850.0     8.3129052e-01    1.9615299e-02     4.0258628e-02
 7850.0 7950.0     8.3561734e-01    1.8474038e-02     3.9228888e-02
 7950.0 8050.0     8.3996668e-01    1.7399177e-02     3.8199148e-02
 8050.0 8150.0     8.4433866e-01    1.6386854e-02     3.7169408e-02
 8150.0 8250.0     8.4873339e-01    1.5433431e-02     3.6139668e-02
 8250.0 8350.0     8.5315100e-01    1.4535480e-02     3.5109928e-02
 8350.0 8450.0     8.5759160e-01    1.3689773e-02     3.4080187e-02
 8450.0 8550.0     8.6205532e-01    1.2893272e-02     3.3050447e-02
