 1216.0 1216.0     3.9514433e-01    2.2011537e+01     9.1222695e-01
 1300.0 1350.0     3.6370850e-01    2.3487948e+01     9.1710299e-01
 1350.0 1400.0     3.5355724e-01    2.4043113e+01     9.1832467e-01
 1400.0 1450.0     3.4825569e-01    2.4409835e+01     9.1821078e-01
 1450.0 1500.0     3.4412054e-01    2.4733312e+01     9.1777635e-01
 1500.0 1550.0     3.4003448e-01    2.5061074e+01     9.1734192e-01
 1550.0 1600.0     3.3599695e-01    2.5393181e+01     9.1690750e-01
 1600.0 1650.0     3.3244782e-01    2.5691126e+01     9.1627931e-01
 1650.0 1700.0     3.3009174e-01    2.5890749e+01     9.1514125e-01
 1700.0 1750.0     3.2846843e-01    2.6028764e+01     9.1368707e-01
 1754.0 1770.0     3.2727143e-01    2.6131287e+01     9.1261097e-01
 1770.0 1786.0     3.2675555e-01    2.6175781e+01     9.1214563e-01
 1786.0 1802.0     3.2624047e-01    2.6220352e+01     9.1168029e-01
 1802.0 1818.0     3.2572621e-01    2.6264998e+01     9.1121495e-01
 1818.0 1835.0     3.2519675e-01    2.6311121e+01     9.1073507e-01
 1835.0 1852.0     3.2465212e-01    2.6358724e+01     9.1024065e-01
 1852.0 1869.0     3.2410841e-01    2.6406414e+01     9.0974623e-01
 1869.0 1887.0     3.2354967e-01    2.6455598e+01     9.0923726e-01
 1887.0 1905.0     3.2297595e-01    2.6506281e+01     9.0871375e-01
 1905.0 1923.0     3.2240326e-01    2.6557061e+01     9.0819025e-01
 1923.0 1942.0     3.2181573e-01    2.6609355e+01     9.0765220e-01
 1942.0 1961.0     3.2121342e-01    2.6663168e+01     9.0709961e-01
 1961.0 1980.0     3.2077184e-01    2.6706425e+01     9.0635142e-01
 1980.0 2000.0     3.2058116e-01    2.6733401e+01     9.0526271e-01
 2000.0 2020.0     3.2048121e-01    2.6754713e+01     9.0402906e-01
 2020.0 2041.0     3.2037879e-01    2.6776576e+01     9.0276457e-01
 2041.0 2062.0     3.2027391e-01    2.6798991e+01     9.0146924e-01
 2062.0 2083.0     3.2016907e-01    2.6821424e+01     9.0017390e-01
 2083.0 2105.0     3.2006176e-01    2.6844412e+01     8.9884773e-01
 2105.0 2128.0     3.1994951e-01    2.6868489e+01     8.9745987e-01
 2128.0 2151.0     3.1983479e-01    2.6893124e+01     8.9604118e-01
 2151.0 2174.0     3.1972012e-01    2.6917781e+01     8.9462248e-01
 2174.0 2200.0     3.1959802e-01    2.6944072e+01     8.9311126e-01
 2200.0 2222.0     3.1947845e-01    2.6969850e+01     8.9163088e-01
 2222.0 2247.0     3.1936142e-01    2.6995116e+01     8.9018134e-01
 2247.0 2273.0     3.1923448e-01    2.7022559e+01     8.8860844e-01
 2273.0 2299.0     3.1910509e-01    2.7050568e+01     8.8700469e-01
 2299.0 2326.0     3.1897328e-01    2.7079146e+01     8.8537011e-01
 2326.0 2353.0     3.1883903e-01    2.7108294e+01     8.8370468e-01
 2353.0 2381.0     3.1870236e-01    2.7138014e+01     8.8200841e-01
 2381.0 2410.0     3.1823451e-01    2.7206433e+01     8.8085883e-01
 2410.0 2439.0     3.1740144e-01    2.7317562e+01     8.8035699e-01
 2439.0 2469.0     3.1651812e-01    2.7435513e+01     8.7991789e-01
 2469.0 2500.0     3.1560744e-01    2.7557999e+01     8.7946392e-01
 2500.0 2532.0     3.1466965e-01    2.7685074e+01     8.7899505e-01
 2532.0 2564.0     3.1371980e-01    2.7814762e+01     8.7851875e-01
 2564.0 2597.0     3.1275808e-01    2.7947102e+01     8.7803500e-01
 2597.0 2632.0     3.1175514e-01    2.8086230e+01     8.7752893e-01
 2632.0 2667.0     3.1691312e-01    2.7891795e+01     8.7835316e-01
 2667.0 2703.0     3.3003663e-01    2.7287427e+01     8.8083984e-01
 2703.0 2740.0     3.4550253e-01    2.6610359e+01     8.8368271e-01
 2740.0 2778.0     3.6214728e-01    2.5932234e+01     8.8660347e-01
 2778.0 2817.0     3.8007047e-01    2.5254000e+01     8.8960212e-01
 2817.0 2857.0     3.9938150e-01    2.4576580e+01     8.9267865e-01
 2857.0 2899.0     4.2047106e-01    2.3892765e+01     8.9587202e-01
 2899.0 2941.0     4.4321557e-01    2.3211764e+01     8.9914327e-01
 2941.0 2985.0     4.6824984e-01    2.2406647e+01     9.0064606e-01
 2985.0 3030.0     4.9625642e-01    2.1435272e+01     8.9974793e-01
 3030.0 3077.0     5.2714703e-01    2.0433793e+01     8.9818335e-01
 3077.0 3125.0     5.6105276e-01    1.9448485e+01     8.9656774e-01
 3125.0 3175.0     5.9832850e-01    1.8482067e+01     8.9490111e-01
 3175.0 3225.0     6.3889152e-01    1.7544937e+01     8.9320047e-01
 3225.0 3275.0     6.7877570e-01    1.6709757e+01     8.9149628e-01
 3275.0 3325.0     7.0648845e-01    1.6135986e+01     8.8977729e-01
 3325.0 3375.0     7.2425920e-01    1.5750705e+01     8.8804705e-01
 3375.0 3425.0     7.4247695e-01    1.5374624e+01     8.8631680e-01
 3425.0 3450.0     7.5639660e-01    1.5097642e+01     8.8501912e-01
 3450.0 3550.0     7.7949017e-01    1.4663935e+01     8.8291861e-01
 3550.0 3650.0     8.0542918e-01    1.4122525e+01     8.8029906e-01
 3650.0 3750.0     8.2065794e-01    1.3730215e+01     8.7839588e-01
 3750.0 3850.0     8.3617464e-01    1.3348803e+01     8.7649270e-01
 3850.0 3950.0     8.5039153e-01    1.2986653e+01     8.7495243e-01
 3950.0 4050.0     8.6275044e-01    1.2645667e+01     8.7388967e-01
 4050.0 4150.0     8.7458110e-01    1.2318582e+01     8.7298739e-01
 4150.0 4250.0     8.8539351e-01    1.2013094e+01     8.7235493e-01
 4250.0 4350.0     8.9535883e-01    1.1726047e+01     8.7194643e-01
 4350.0 4450.0     9.0484161e-01    1.1447253e+01     8.7157263e-01
 4450.0 4550.0     9.1170738e-01    1.1181310e+01     8.7135659e-01
 4550.0 4650.0     9.1650704e-01    1.0926375e+01     8.7126360e-01
 4650.0 4750.0     9.2133197e-01    1.0677253e+01     8.7117062e-01
 4750.0 4850.0     9.2618230e-01    1.0433810e+01     8.7107763e-01
 4850.0 4950.0     9.3105817e-01    1.0195918e+01     8.7098464e-01
 4950.0 5050.0     9.3595970e-01    9.9634504e+00     8.7089166e-01
 5050.0 5150.0     9.4088704e-01    9.7362828e+00     8.7079867e-01
 5150.0 5250.0     9.4584032e-01    9.5142946e+00     8.7070568e-01
 5250.0 5350.0     9.5081967e-01    9.2973678e+00     8.7061269e-01
 5350.0 5450.0     9.5582524e-01    9.0853869e+00     8.7051971e-01
 5450.0 5550.0     9.6085716e-01    8.8782392e+00     8.7042672e-01
 5550.0 5650.0     9.6565288e-01    8.6762459e+00     8.7032701e-01
 5650.0 5750.0     9.6871704e-01    8.4816690e+00     8.7018249e-01
 5750.0 5850.0     9.7030034e-01    8.2938459e+00     8.6999989e-01
 5850.0 5950.0     9.7188622e-01    8.1101821e+00     8.6981728e-01
 5950.0 6050.0     9.7347469e-01    7.9305855e+00     8.6963468e-01
 6050.0 6150.0     9.7506577e-01    7.7549660e+00     8.6945207e-01
 6150.0 6250.0     9.7665944e-01    7.5832355e+00     8.6926947e-01
 6250.0 6350.0     9.7825571e-01    7.4153078e+00     8.6908686e-01
 6350.0 6450.0     9.7985460e-01    7.2510989e+00     8.6890426e-01
 6450.0 6550.0     9.8145610e-01    7.0905263e+00     8.6872165e-01
 6550.0 6650.0     9.8306021e-01    6.9335095e+00     8.6853905e-01
 6650.0 6750.0     9.8466695e-01    6.7799698e+00     8.6835644e-01
 6750.0 6850.0     9.8627632e-01    6.6298302e+00     8.6817384e-01
 6850.0 6950.0     9.8752809e-01    6.4787729e+00     8.6791870e-01
 6950.0 7050.0     9.8820050e-01    6.3243810e+00     8.6754657e-01
 7050.0 7150.0     9.8865258e-01    6.1711328e+00     8.6712999e-01
 7150.0 7250.0     9.8910486e-01    6.0215980e+00     8.6671341e-01
 7250.0 7350.0     9.8955735e-01    5.8756866e+00     8.6629682e-01
 7350.0 7450.0     9.9001004e-01    5.7333109e+00     8.6588024e-01
 7450.0 7550.0     9.9046294e-01    5.5943851e+00     8.6546366e-01
 7550.0 7650.0     9.9091605e-01    5.4588257e+00     8.6504708e-01
 7650.0 7750.0     9.9136937e-01    5.3265510e+00     8.6463049e-01
 7750.0 7850.0     9.9182289e-01    5.1974816e+00     8.6421391e-01
 7850.0 7950.0     9.9227662e-01    5.0715397e+00     8.6379733e-01
 7950.0 8050.0     9.9273056e-01    4.9486495e+00     8.6338075e-01
 8050.0 8150.0     9.9318470e-01    4.8287371e+00     8.6296416e-01
 8150.0 8250.0     9.9363906e-01    4.7117303e+00     8.6254758e-01
 8250.0 8350.0     9.9409362e-01    4.5975588e+00     8.6213100e-01
 8350.0 8450.0     9.9454839e-01    4.4861538e+00     8.6171442e-01
 8450.0 8550.0     9.9500337e-01    4.3774483e+00     8.6129783e-01
