 1216.0 1216.0     2.0428881e-01    1.1571891e+00     1.3444643e-02
 1300.0 1350.0     1.4087017e-01    9.7143718e-01     2.7239620e-02
 1350.0 1400.0     1.2158415e-01    9.0361693e-01     3.0735997e-02
 1400.0 1450.0     1.0888390e-01    8.5025920e-01     3.0506596e-02
 1450.0 1500.0     9.8388651e-02    8.0228706e-01     2.9383011e-02
 1500.0 1550.0     8.8905035e-02    7.5702154e-01     2.8259425e-02
 1550.0 1600.0     8.0335538e-02    7.1430993e-01     2.7135840e-02
 1600.0 1650.0     7.2876610e-02    6.7526862e-01     2.6057215e-02
 1650.0 1700.0     6.6823500e-02    6.4158192e-01     2.5096908e-02
 1700.0 1750.0     6.1703515e-02    6.1153963e-01     2.4209958e-02
 1754.0 1770.0     5.8127557e-02    5.9006545e-01     2.3553614e-02
 1770.0 1786.0     5.6663565e-02    5.8107927e-01     2.3269790e-02
 1786.0 1802.0     5.5236444e-02    5.7222995e-01     2.2985966e-02
 1802.0 1818.0     5.3845267e-02    5.6351539e-01     2.2702142e-02
 1818.0 1835.0     5.2447853e-02    5.5466958e-01     2.2409448e-02
 1835.0 1852.0     5.1045463e-02    5.4569879e-01     2.2107885e-02
 1852.0 1869.0     4.9680571e-02    5.3687310e-01     2.1806322e-02
 1869.0 1887.0     4.8314184e-02    5.2793902e-01     2.1495889e-02
 1887.0 1905.0     4.6947416e-02    5.1890261e-01     2.1176587e-02
 1905.0 1923.0     4.5619313e-02    5.1002087e-01     2.0857285e-02
 1923.0 1942.0     4.4293980e-02    5.0105295e-01     2.0529113e-02
 1942.0 1961.0     4.2972376e-02    4.9200460e-01     2.0192072e-02
 1961.0 1980.0     4.1767068e-02    4.8383609e-01     1.9883425e-02
 1980.0 2000.0     4.0690581e-02    4.7676511e-01     1.9613230e-02
 2000.0 2020.0     3.9659855e-02    4.7004203e-01     1.9353095e-02
 2020.0 2041.0     3.8630778e-02    4.6325045e-01     1.9086457e-02
 2041.0 2062.0     3.7603957e-02    4.5639375e-01     1.8813315e-02
 2062.0 2083.0     3.6604430e-02    4.4963853e-01     1.8540173e-02
 2083.0 2105.0     3.5608938e-02    4.4282726e-01     1.8260528e-02
 2105.0 2128.0     3.4596123e-02    4.3580964e-01     1.7967876e-02
 2128.0 2151.0     3.3590251e-02    4.2874976e-01     1.7668721e-02
 2151.0 2174.0     3.2613625e-02    4.2180425e-01     1.7369566e-02
 2174.0 2200.0     3.1605475e-02    4.1453333e-01     1.7050900e-02
 2200.0 2222.0     3.0646004e-02    4.0752370e-01     1.6738738e-02
 2222.0 2247.0     2.9736764e-02    4.0078328e-01     1.6433079e-02
 2247.0 2273.0     2.8780030e-02    3.9359275e-01     1.6101407e-02
 2273.0 2299.0     2.7835924e-02    3.8639276e-01     1.5763232e-02
 2299.0 2326.0     2.6905819e-02    3.7919110e-01     1.5418553e-02
 2326.0 2353.0     2.5989833e-02    3.7199032e-01     1.5067370e-02
 2353.0 2381.0     2.5089216e-02    3.6479801e-01     1.4709685e-02
 2381.0 2410.0     2.4178267e-02    3.5691544e-01     1.4428944e-02
 2410.0 2439.0     2.3273518e-02    3.4843879e-01     1.4242030e-02
 2439.0 2469.0     2.2386999e-02    3.3995847e-01     1.4062451e-02
 2469.0 2500.0     2.1505919e-02    3.3140763e-01     1.3876785e-02
 2500.0 2532.0     2.0632335e-02    3.2280215e-01     1.3685031e-02
 2532.0 2564.0     1.9780938e-02    3.1428709e-01     1.3490234e-02
 2564.0 2597.0     1.8952458e-02    3.0587058e-01     1.3292393e-02
 2597.0 2632.0     1.8123121e-02    2.9730853e-01     1.3085420e-02
 2632.0 2667.0     1.7840149e-02    2.7619984e-01     1.2939635e-02
 2667.0 2703.0     1.8234986e-02    2.4196851e-01     1.2874318e-02
 2703.0 2740.0     1.8770511e-02    2.0899384e-01     1.2821472e-02
 2740.0 2778.0     1.9337091e-02    1.7978976e-01     1.2767178e-02
 2778.0 2817.0     1.9936578e-02    1.5404700e-01     1.2711436e-02
 2817.0 2857.0     2.0570956e-02    1.3146144e-01     1.2654246e-02
 2857.0 2899.0     2.1250920e-02    1.1153225e-01     1.2594885e-02
 2899.0 2941.0     2.1970489e-02    9.4213737e-02     1.2534076e-02
 2941.0 2985.0     2.2827968e-02    8.1043862e-02     1.2374407e-02
 2985.0 3030.0     2.3879061e-02    7.1643065e-02     1.2079735e-02
 3030.0 3077.0     2.5051374e-02    6.3622499e-02     1.1741565e-02
 3077.0 3125.0     2.6322006e-02    5.6277068e-02     1.1392368e-02
 3125.0 3175.0     2.7700699e-02    4.9591264e-02     1.1032143e-02
 3175.0 3225.0     2.9181203e-02    4.3579830e-02     1.0664567e-02
 3225.0 3275.0     3.0525300e-02    3.8567623e-02     1.0302767e-02
 3275.0 3325.0     3.1028103e-02    3.5192800e-02     9.9650336e-03
 3325.0 3375.0     3.0864982e-02    3.2919843e-02     9.6455907e-03
 3375.0 3425.0     3.0702719e-02    3.0793687e-02     9.3261479e-03
 3425.0 3450.0     3.0581502e-02    2.9277446e-02     9.0865657e-03
 3450.0 3550.0     3.0315381e-02    2.7053357e-02     8.6932011e-03
 3550.0 3650.0     2.9142805e-02    2.4458337e-02     8.1344922e-03
 3650.0 3750.0     2.7308875e-02    2.2797563e-02     7.6440820e-03
 3750.0 3850.0     2.5590353e-02    2.1249558e-02     7.1536719e-03
 3850.0 3950.0     2.4187875e-02    1.9717793e-02     6.7090819e-03
 3950.0 4050.0     2.3135321e-02    1.8182212e-02     6.3247816e-03
 4050.0 4150.0     2.2245429e-02    1.6721853e-02     5.9625317e-03
 4150.0 4250.0     2.1697842e-02    1.5277121e-02     5.6448753e-03
 4250.0 4350.0     2.1421378e-02    1.3874615e-02     5.3642316e-03
 4350.0 4450.0     2.1199154e-02    1.2601051e-02     5.0962738e-03
 4450.0 4550.0     2.1210424e-02    1.1445177e-02     4.8859789e-03
 4550.0 4650.0     2.1403596e-02    1.0395930e-02     4.7206610e-03
 4650.0 4750.0     2.1598526e-02    9.4428738e-03     4.5553430e-03
 4750.0 4850.0     2.1795232e-02    8.5771899e-03     4.3900250e-03
 4850.0 4950.0     2.1993730e-02    7.7908683e-03     4.2247071e-03
 4950.0 5050.0     2.2194035e-02    7.0766334e-03     4.0593891e-03
 5050.0 5150.0     2.2396165e-02    6.4278767e-03     3.8940712e-03
 5150.0 5250.0     2.2600135e-02    5.8385953e-03     3.7287532e-03
 5250.0 5350.0     2.2805963e-02    5.3033369e-03     3.5634353e-03
 5350.0 5450.0     2.3013666e-02    4.8171487e-03     3.3981173e-03
 5450.0 5550.0     2.3223260e-02    4.3755323e-03     3.2327994e-03
 5550.0 5650.0     2.3468154e-02    3.9755222e-03     3.0739282e-03
 5650.0 5750.0     2.3942368e-02    3.6189861e-03     2.9580352e-03
 5750.0 5850.0     2.4621034e-02    3.3002182e-03     2.8786736e-03
 5850.0 5950.0     2.5318938e-02    3.0095281e-03     2.7993120e-03
 5950.0 6050.0     2.6036625e-02    2.7444425e-03     2.7199504e-03
 6050.0 6150.0     2.6774655e-02    2.5027063e-03     2.6405888e-03
 6150.0 6250.0     2.7533606e-02    2.2822627e-03     2.5612272e-03
 6250.0 6350.0     2.8314069e-02    2.0812362e-03     2.4818656e-03
 6350.0 6450.0     2.9116656e-02    1.8979166e-03     2.4025040e-03
 6450.0 6550.0     2.9941992e-02    1.7307441e-03     2.3231424e-03
 6550.0 6650.0     3.0790723e-02    1.5782966e-03     2.2437808e-03
 6650.0 6750.0     3.1663512e-02    1.4392769e-03     2.1644192e-03
 6750.0 6850.0     3.2561041e-02    1.3125024e-03     2.0850576e-03
 6850.0 6950.0     3.3482279e-02    1.2007850e-03     2.0172634e-03
 6950.0 7050.0     3.4426757e-02    1.1046812e-03     1.9681265e-03
 7050.0 7150.0     3.5396785e-02    1.0184748e-03     1.9260792e-03
 7150.0 7250.0     3.6394145e-02    9.3899566e-04     1.8840319e-03
 7250.0 7350.0     3.7419607e-02    8.6571888e-04     1.8419846e-03
 7350.0 7450.0     3.8473963e-02    7.9816042e-04     1.7999373e-03
 7450.0 7550.0     3.9558027e-02    7.3587406e-04     1.7578900e-03
 7550.0 7650.0     4.0672637e-02    6.7844836e-04     1.7158427e-03
 7650.0 7750.0     4.1818652e-02    6.2550401e-04     1.6737954e-03
 7750.0 7850.0     4.2996958e-02    5.7669131e-04     1.6317481e-03
 7850.0 7950.0     4.4208465e-02    5.3168782e-04     1.5897008e-03
 7950.0 8050.0     4.5454108e-02    4.9019628e-04     1.5476535e-03
 8050.0 8150.0     4.6734849e-02    4.5194264e-04     1.5056063e-03
 8150.0 8250.0     4.8051676e-02    4.1667421e-04     1.4635590e-03
 8250.0 8350.0     4.9405608e-02    3.8415804e-04     1.4215117e-03
 8350.0 8450.0     5.0797688e-02    3.5417934e-04     1.3794644e-03
 8450.0 8550.0     5.2228993e-02    3.2654011e-04     1.3374171e-03
