 1216.0 1216.0     5.1779577e-01    1.2110262e+01     7.9758997e-01
 1300.0 1350.0     4.7727520e-01    1.2550759e+01     8.0261995e-01
 1350.0 1400.0     4.6458343e-01    1.2734596e+01     8.0305126e-01
 1400.0 1450.0     4.5866698e-01    1.2890361e+01     8.0101413e-01
 1450.0 1500.0     4.5436125e-01    1.3040583e+01     7.9838458e-01
 1500.0 1550.0     4.5009593e-01    1.3192556e+01     7.9575503e-01
 1550.0 1600.0     4.4587065e-01    1.3346301e+01     7.9312548e-01
 1600.0 1650.0     4.4216108e-01    1.3484389e+01     7.8995145e-01
 1650.0 1700.0     4.3973222e-01    1.3577853e+01     7.8534457e-01
 1700.0 1750.0     4.3809134e-01    1.3643396e+01     7.7984932e-01
 1754.0 1770.0     4.3688034e-01    1.3692067e+01     7.7578284e-01
 1770.0 1786.0     4.3635800e-01    1.3713183e+01     7.7402436e-01
 1786.0 1802.0     4.3583629e-01    1.3734331e+01     7.7226588e-01
 1802.0 1818.0     4.3531519e-01    1.3755512e+01     7.7050740e-01
 1818.0 1835.0     4.3477848e-01    1.3777390e+01     7.6869396e-01
 1835.0 1852.0     4.3422618e-01    1.3799966e+01     7.6682558e-01
 1852.0 1869.0     4.3367459e-01    1.3822580e+01     7.6495720e-01
 1869.0 1887.0     4.3310752e-01    1.3845898e+01     7.6303386e-01
 1887.0 1905.0     4.3252500e-01    1.3869922e+01     7.6105557e-01
 1905.0 1923.0     4.3194327e-01    1.3893988e+01     7.5907728e-01
 1923.0 1942.0     4.3134621e-01    1.3918767e+01     7.5704404e-01
 1942.0 1961.0     4.3073385e-01    1.3944261e+01     7.5495584e-01
 1961.0 1980.0     4.3030932e-01    1.3965534e+01     7.5240021e-01
 1980.0 2000.0     4.3018081e-01    1.3980399e+01     7.4901057e-01
 2000.0 2020.0     4.3016093e-01    1.3993107e+01     7.4525436e-01
 2020.0 2041.0     4.3014056e-01    1.4006144e+01     7.4140424e-01
 2041.0 2062.0     4.3011969e-01    1.4019512e+01     7.3746022e-01
 2062.0 2083.0     4.3009882e-01    1.4032893e+01     7.3351619e-01
 2083.0 2105.0     4.3007745e-01    1.4046606e+01     7.2947826e-01
 2105.0 2128.0     4.3005510e-01    1.4060971e+01     7.2525253e-01
 2128.0 2151.0     4.3003225e-01    1.4075670e+01     7.2093288e-01
 2151.0 2174.0     4.3000939e-01    1.4090384e+01     7.1661324e-01
 2174.0 2200.0     4.2998506e-01    1.4106076e+01     7.1201188e-01
 2200.0 2222.0     4.2996121e-01    1.4121463e+01     7.0750442e-01
 2222.0 2247.0     4.2993787e-01    1.4136547e+01     7.0309087e-01
 2247.0 2273.0     4.2991254e-01    1.4152932e+01     6.9830170e-01
 2273.0 2299.0     4.2988672e-01    1.4169659e+01     6.9341862e-01
 2299.0 2326.0     4.2986040e-01    1.4186727e+01     6.8844164e-01
 2326.0 2353.0     4.2983358e-01    1.4204138e+01     6.8337075e-01
 2353.0 2381.0     4.2980627e-01    1.4221894e+01     6.7820596e-01
 2381.0 2410.0     4.2958615e-01    1.4261955e+01     6.7426258e-01
 2410.0 2439.0     4.2915180e-01    1.4326634e+01     6.7179711e-01
 2439.0 2469.0     4.2868794e-01    1.4395288e+01     6.6945454e-01
 2469.0 2500.0     4.2820888e-01    1.4466614e+01     6.6703257e-01
 2500.0 2532.0     4.2771468e-01    1.4540650e+01     6.6453118e-01
 2532.0 2564.0     4.2721321e-01    1.4616247e+01     6.6199009e-01
 2564.0 2597.0     4.2670451e-01    1.4693430e+01     6.5940929e-01
 2597.0 2632.0     4.2617299e-01    1.4774614e+01     6.5670938e-01
 2632.0 2667.0     4.3388194e-01    1.4819019e+01     6.5713374e-01
 2667.0 2703.0     4.5225412e-01    1.4815696e+01     6.6149537e-01
 2703.0 2740.0     4.7383170e-01    1.4803878e+01     6.6666136e-01
 2740.0 2778.0     4.9707310e-01    1.4791747e+01     6.7196888e-01
 2778.0 2817.0     5.2212077e-01    1.4779303e+01     6.7741794e-01
 2817.0 2857.0     5.4913135e-01    1.4766547e+01     6.8300853e-01
 2857.0 2899.0     5.7865620e-01    1.4753317e+01     6.8881142e-01
 2899.0 2941.0     6.1052699e-01    1.4739778e+01     6.9475584e-01
 2941.0 2985.0     6.4044709e-01    1.4633903e+01     6.9641412e-01
 2985.0 3030.0     6.6687194e-01    1.4404134e+01     6.9224697e-01
 3030.0 3077.0     6.9371911e-01    1.4139511e+01     6.8641373e-01
 3077.0 3125.0     7.2257017e-01    1.3871334e+01     6.8039028e-01
 3125.0 3175.0     7.5359698e-01    1.3600044e+01     6.7417661e-01
 3175.0 3225.0     7.8661625e-01    1.3328631e+01     6.6783613e-01
 3225.0 3275.0     8.1791997e-01    1.3049264e+01     6.6157300e-01
 3275.0 3325.0     8.3710748e-01    1.2721164e+01     6.5563210e-01
 3325.0 3375.0     8.4665638e-01    1.2360214e+01     6.4993611e-01
 3375.0 3425.0     8.5631421e-01    1.2009506e+01     6.4424012e-01
 3425.0 3450.0     8.6361939e-01    1.1752108e+01     6.3996813e-01
 3450.0 3550.0     8.7536811e-01    1.1332832e+01     6.3304558e-01
 3550.0 3650.0     8.8676565e-01    1.0592948e+01     6.2431907e-01
 3650.0 3750.0     8.9097103e-01    9.8124498e+00     6.1786315e-01
 3750.0 3850.0     8.9519635e-01    9.0894598e+00     6.1140723e-01
 3850.0 3950.0     8.9888664e-01    8.3920457e+00     6.0602812e-01
 3950.0 4050.0     9.0186165e-01    7.7125295e+00     6.0206586e-01
 4050.0 4150.0     9.0470471e-01    7.0817413e+00     5.9858262e-01
 4150.0 4250.0     9.0775691e-01    6.5119214e+00     5.9591684e-01
 4250.0 4350.0     9.1098567e-01    5.9956297e+00     5.9392956e-01
 4350.0 4450.0     9.1413630e-01    5.5255314e+00     5.9209899e-01
 4450.0 4550.0     9.1688959e-01    5.1148380e+00     5.9098077e-01
 4550.0 4650.0     9.1933265e-01    4.7520098e+00     5.9041817e-01
 4650.0 4750.0     9.2178223e-01    4.4149194e+00     5.8985557e-01
 4750.0 4850.0     9.2423833e-01    4.1017410e+00     5.8929297e-01
 4850.0 4950.0     9.2670097e-01    3.8107783e+00     5.8873037e-01
 4950.0 5050.0     9.2917017e-01    3.5404554e+00     5.8816777e-01
 5050.0 5150.0     9.3164596e-01    3.2893083e+00     5.8760517e-01
 5150.0 5250.0     9.3412834e-01    3.0559767e+00     5.8704257e-01
 5250.0 5350.0     9.3661734e-01    2.8391967e+00     5.8647997e-01
 5350.0 5450.0     9.3911296e-01    2.6377944e+00     5.8591737e-01
 5450.0 5550.0     9.4161524e-01    2.4506788e+00     5.8535477e-01
 5550.0 5650.0     9.4407493e-01    2.2799342e+00     5.8482845e-01
 5650.0 5750.0     9.4621207e-01    2.1406974e+00     5.8454395e-01
 5750.0 5850.0     9.4807442e-01    2.0266017e+00     5.8446500e-01
 5850.0 5950.0     9.4994043e-01    1.9185871e+00     5.8438605e-01
 5950.0 6050.0     9.5181011e-01    1.8163295e+00     5.8430711e-01
 6050.0 6150.0     9.5368347e-01    1.7195220e+00     5.8422816e-01
 6150.0 6250.0     9.5556052e-01    1.6278742e+00     5.8414922e-01
 6250.0 6350.0     9.5744126e-01    1.5411112e+00     5.8407027e-01
 6350.0 6450.0     9.5932571e-01    1.4589724e+00     5.8399132e-01
 6450.0 6550.0     9.6121386e-01    1.3812115e+00     5.8391238e-01
 6550.0 6650.0     9.6310573e-01    1.3075952e+00     5.8383343e-01
 6650.0 6750.0     9.6500132e-01    1.2379024e+00     5.8375448e-01
 6750.0 6850.0     9.6690065e-01    1.1719242e+00     5.8367554e-01
 6850.0 6950.0     9.6849495e-01    1.1129555e+00     5.8354840e-01
 6950.0 7050.0     9.6959382e-01    1.0625083e+00     5.8334354e-01
 7050.0 7150.0     9.7050459e-01    1.0164021e+00     5.8310914e-01
 7150.0 7250.0     9.7141621e-01    9.7229672e-01     5.8287474e-01
 7250.0 7350.0     9.7232868e-01    9.3010520e-01     5.8264034e-01
 7350.0 7450.0     9.7324202e-01    8.8974452e-01     5.8240594e-01
 7450.0 7550.0     9.7415621e-01    8.5113524e-01     5.8217154e-01
 7550.0 7650.0     9.7507126e-01    8.1420136e-01     5.8193715e-01
 7650.0 7750.0     9.7598717e-01    7.7887017e-01     5.8170275e-01
 7750.0 7850.0     9.7690394e-01    7.4507213e-01     5.8146835e-01
 7850.0 7950.0     9.7782157e-01    7.1274072e-01     5.8123395e-01
 7950.0 8050.0     9.7874006e-01    6.8181228e-01     5.8099955e-01
 8050.0 8150.0     9.7965942e-01    6.5222594e-01     5.8076515e-01
 8150.0 8250.0     9.8057963e-01    6.2392347e-01     5.8053075e-01
 8250.0 8350.0     9.8150072e-01    5.9684914e-01     5.8029636e-01
 8350.0 8450.0     9.8242267e-01    5.7094966e-01     5.8006196e-01
 8450.0 8550.0     9.8334548e-01    5.4617406e-01     5.7982756e-01
