 1216.0 1216.0     3.3830689e-04    5.6633936e-02     2.5521893e-04
 1300.0 1350.0     2.0429939e-04    5.7394353e-02     3.4828450e-04
 1350.0 1400.0     1.6784086e-04    5.7019385e-02     3.6795174e-04
 1400.0 1450.0     1.4617139e-04    5.5707487e-02     3.5732508e-04
 1450.0 1500.0     1.2911501e-04    5.4205183e-02     3.3942790e-04
 1500.0 1550.0     1.1404889e-04    5.2743393e-02     3.2153072e-04
 1550.0 1600.0     1.0074081e-04    5.1321024e-02     3.0363354e-04
 1600.0 1650.0     8.9528026e-05    4.9881583e-02     2.8706870e-04
 1650.0 1700.0     8.0914459e-05    4.8339606e-02     2.7401003e-04
 1700.0 1750.0     7.3943179e-05    4.6757913e-02     2.6312519e-04
 1754.0 1770.0     6.9111131e-05    4.5615211e-02     2.5507041e-04
 1770.0 1786.0     6.7147065e-05    4.5132182e-02     2.5158726e-04
 1786.0 1802.0     6.5238816e-05    4.4654268e-02     2.4810411e-04
 1802.0 1818.0     6.3384798e-05    4.4181415e-02     2.4462097e-04
 1818.0 1835.0     6.1528833e-05    4.3699108e-02     2.4102897e-04
 1835.0 1852.0     5.9672627e-05    4.3207611e-02     2.3732812e-04
 1852.0 1869.0     5.7872418e-05    4.2721643e-02     2.3362728e-04
 1869.0 1887.0     5.6076770e-05    4.2227171e-02     2.2981758e-04
 1887.0 1905.0     5.4287133e-05    4.1724459e-02     2.2589904e-04
 1905.0 1923.0     5.2554611e-05    4.1227731e-02     2.2198050e-04
 1923.0 1942.0     5.0832326e-05    4.0723451e-02     2.1795311e-04
 1942.0 1961.0     4.9121468e-05    4.0211876e-02     2.1381687e-04
 1961.0 1980.0     4.7584144e-05    3.9732509e-02     2.1012101e-04
 1980.0 2000.0     4.6245426e-05    3.9288664e-02     2.0705029e-04
 2000.0 2020.0     4.4978654e-05    3.8853788e-02     2.0416430e-04
 2020.0 2041.0     4.3716648e-05    3.8413096e-02     2.0120616e-04
 2041.0 2062.0     4.2460139e-05    3.7966776e-02     1.9817587e-04
 2062.0 2083.0     4.1239744e-05    3.7525641e-02     1.9514558e-04
 2083.0 2105.0     4.0027038e-05    3.7079375e-02     1.9204314e-04
 2105.0 2128.0     3.8796098e-05    3.6618035e-02     1.8879640e-04
 2128.0 2151.0     3.7576503e-05    3.6152310e-02     1.8547751e-04
 2151.0 2174.0     3.6395248e-05    3.5692508e-02     1.8215862e-04
 2174.0 2200.0     3.5179018e-05    3.5209350e-02     1.7862328e-04
 2200.0 2222.0     3.4024270e-05    3.4741943e-02     1.7516009e-04
 2222.0 2247.0     3.2932928e-05    3.4290724e-02     1.7176906e-04
 2247.0 2273.0     3.1787488e-05    3.3807596e-02     1.6808942e-04
 2273.0 2299.0     3.0660214e-05    3.3321936e-02     1.6433763e-04
 2299.0 2326.0     2.9552766e-05    3.2834182e-02     1.6051369e-04
 2326.0 2353.0     2.8465184e-05    3.2344500e-02     1.5661761e-04
 2353.0 2381.0     2.7398958e-05    3.1853323e-02     1.5264937e-04
 2381.0 2410.0     2.6333613e-05    3.1289703e-02     1.4949340e-04
 2410.0 2439.0     2.5289032e-05    3.0658061e-02     1.4733221e-04
 2439.0 2469.0     2.4269016e-05    3.0021559e-02     1.4524603e-04
 2469.0 2500.0     2.3257660e-05    2.9377371e-02     1.4308914e-04
 2500.0 2532.0     2.2257366e-05    2.8726568e-02     1.4086153e-04
 2532.0 2564.0     2.1284903e-05    2.8080083e-02     1.3859855e-04
 2564.0 2597.0     2.0341048e-05    2.7438498e-02     1.3630022e-04
 2597.0 2632.0     1.9398717e-05    2.6783102e-02     1.3389582e-04
 2632.0 2667.0     1.9057011e-05    2.4968771e-02     1.3212596e-04
 2667.0 2703.0     1.9457789e-05    2.1931818e-02     1.3119626e-04
 2703.0 2740.0     2.0010366e-05    1.8991158e-02     1.3039039e-04
 2740.0 2778.0     2.0594429e-05    1.6380052e-02     1.2956245e-04
 2778.0 2817.0     2.1211807e-05    1.4072334e-02     1.2871242e-04
 2817.0 2857.0     2.1864461e-05    1.2042150e-02     1.2784032e-04
 2857.0 2899.0     2.2563283e-05    1.0245702e-02     1.2693510e-04
 2899.0 2941.0     2.3302027e-05    8.6801303e-03     1.2600780e-04
 2941.0 2985.0     2.4197433e-05    7.4822072e-03     1.2420179e-04
 2985.0 3030.0     2.5313818e-05    6.6190425e-03     1.2119453e-04
 3030.0 3077.0     2.6563661e-05    5.8801811e-03     1.1779073e-04
 3077.0 3125.0     2.7918692e-05    5.2032633e-03     1.1427594e-04
 3125.0 3175.0     2.9389377e-05    4.5868956e-03     1.1065015e-04
 3175.0 3225.0     3.0969114e-05    4.0324821e-03     1.0695037e-04
 3225.0 3275.0     3.2399326e-05    3.5706670e-03     1.0330997e-04
 3275.0 3325.0     3.2913766e-05    3.2621939e-03     9.9917019e-05
 3325.0 3375.0     3.2703977e-05    3.0568013e-03     9.6712116e-05
 3375.0 3425.0     3.2495524e-05    2.8643405e-03     9.3507213e-05
 3425.0 3450.0     3.2339934e-05    2.7269085e-03     9.1103536e-05
 3450.0 3550.0     3.2012528e-05    2.5250378e-03     8.7156976e-05
 3550.0 3650.0     3.0689941e-05    2.2917717e-03     8.1551353e-05
 3650.0 3750.0     2.8665250e-05    2.1451662e-03     7.6630775e-05
 3750.0 3850.0     2.6774133e-05    2.0079391e-03     7.1710198e-05
 3850.0 3950.0     2.5235588e-05    1.8700348e-03     6.7249167e-05
 3950.0 4050.0     2.4084646e-05    1.7294466e-03     6.3392804e-05
 4050.0 4150.0     2.3112944e-05    1.5947492e-03     5.9757624e-05
 4150.0 4250.0     2.2510758e-05    1.4599685e-03     5.6569875e-05
 4250.0 4350.0     2.2200540e-05    1.3279894e-03     5.3753494e-05
 4350.0 4450.0     2.1949047e-05    1.2078260e-03     5.1064518e-05
 4450.0 4550.0     2.1948514e-05    1.0980504e-03     4.8954655e-05
 4550.0 4650.0     2.2143231e-05    9.9788173e-04     4.7296498e-05
 4650.0 4750.0     2.2339674e-05    9.0685084e-04     4.5638342e-05
 4750.0 4850.0     2.2537861e-05    8.2412416e-04     4.3980185e-05
 4850.0 4950.0     2.2737805e-05    7.4894415e-04     4.2322029e-05
 4950.0 5050.0     2.2939523e-05    6.8062238e-04     4.0663872e-05
 5050.0 5150.0     2.3143031e-05    6.1853319e-04     3.9005716e-05
 5150.0 5250.0     2.3348345e-05    5.6210804e-04     3.7347559e-05
 5250.0 5350.0     2.3555479e-05    5.1083023e-04     3.5689403e-05
 5350.0 5450.0     2.3764452e-05    4.6423018e-04     3.4031246e-05
 5450.0 5550.0     2.3975278e-05    4.2188119e-04     3.2373090e-05
 5550.0 5650.0     2.4223966e-05    3.8347647e-04     3.0779649e-05
 5650.0 5750.0     2.4719694e-05    3.4906690e-04     2.9617641e-05
 5750.0 5850.0     2.5435755e-05    3.1816346e-04     2.8822350e-05
 5850.0 5950.0     2.6172558e-05    2.8999596e-04     2.8027059e-05
 5950.0 6050.0     2.6930704e-05    2.6432216e-04     2.7231768e-05
 6050.0 6150.0     2.7710811e-05    2.4092131e-04     2.6436477e-05
 6150.0 6250.0     2.8513516e-05    2.1959217e-04     2.5641187e-05
 6250.0 6350.0     2.9339473e-05    2.0015134e-04     2.4845896e-05
 6350.0 6450.0     3.0189356e-05    1.8243163e-04     2.4050605e-05
 6450.0 6550.0     3.1063857e-05    1.6628067e-04     2.3255314e-05
 6550.0 6650.0     3.1963691e-05    1.5155959e-04     2.2460023e-05
 6650.0 6750.0     3.2889589e-05    1.3814178e-04     2.1664732e-05
 6750.0 6850.0     3.3842309e-05    1.2591187e-04     2.0869442e-05
 6850.0 6950.0     3.4826873e-05    1.1511710e-04     2.0190166e-05
 6950.0 7050.0     3.5847006e-05    1.0580044e-04     1.9698009e-05
 7050.0 7150.0     3.6899699e-05    9.7437336e-05     1.9276958e-05
 7150.0 7250.0     3.7983306e-05    8.9735298e-05     1.8855907e-05
 7250.0 7350.0     3.9098735e-05    8.2642077e-05     1.8434856e-05
 7350.0 7450.0     4.0246920e-05    7.6109547e-05     1.8013805e-05
 7450.0 7550.0     4.1428823e-05    7.0093387e-05     1.7592754e-05
 7550.0 7650.0     4.2645433e-05    6.4552781e-05     1.7171703e-05
 7650.0 7750.0     4.3897772e-05    5.9450139e-05     1.6750651e-05
 7750.0 7850.0     4.5186886e-05    5.4750840e-05     1.6329600e-05
 7850.0 7950.0     4.6513857e-05    5.0423002e-05     1.5908549e-05
 7950.0 8050.0     4.7879797e-05    4.6437262e-05     1.5487498e-05
 8050.0 8150.0     4.9285849e-05    4.2766580e-05     1.5066447e-05
 8150.0 8250.0     5.0733191e-05    3.9386050e-05     1.4645396e-05
 8250.0 8350.0     5.2223037e-05    3.6272738e-05     1.4224345e-05
 8350.0 8450.0     5.3756633e-05    3.3405522e-05     1.3803294e-05
 8450.0 8550.0     5.5335266e-05    3.0764947e-05     1.3382242e-05
