 1216.0 1216.0     4.2122117e-01    2.0178399e+01     8.9814612e-01
 1300.0 1350.0     3.8837503e-01    2.1436550e+01     9.0320359e-01
 1350.0 1400.0     3.7778407e-01    2.1912284e+01     9.0442574e-01
 1400.0 1450.0     3.7229675e-01    2.2232647e+01     9.0420344e-01
 1450.0 1500.0     3.6803553e-01    2.2517501e+01     9.0363447e-01
 1500.0 1550.0     3.6382308e-01    2.2806005e+01     9.0306550e-01
 1550.0 1600.0     3.5965884e-01    2.3098205e+01     9.0249653e-01
 1600.0 1650.0     3.5599937e-01    2.3360371e+01     9.0169055e-01
 1650.0 1700.0     3.5357651e-01    2.3536338e+01     9.0026088e-01
 1700.0 1750.0     3.5191337e-01    2.3658314e+01     8.9844451e-01
 1754.0 1770.0     3.5068681e-01    2.3748911e+01     8.9710040e-01
 1770.0 1786.0     3.5015811e-01    2.3788227e+01     8.9651916e-01
 1786.0 1802.0     3.4963021e-01    2.3827607e+01     8.9593792e-01
 1802.0 1818.0     3.4910310e-01    2.3867053e+01     8.9535669e-01
 1818.0 1835.0     3.4856037e-01    2.3907801e+01     8.9475729e-01
 1835.0 1852.0     3.4800206e-01    2.3949855e+01     8.9413972e-01
 1852.0 1869.0     3.4744464e-01    2.3991984e+01     8.9352216e-01
 1869.0 1887.0     3.4687178e-01    2.4035430e+01     8.9288643e-01
 1887.0 1905.0     3.4628351e-01    2.4080198e+01     8.9223253e-01
 1905.0 1923.0     3.4569625e-01    2.4125050e+01     8.9157864e-01
 1923.0 1942.0     3.4509372e-01    2.4171235e+01     8.9090659e-01
 1942.0 1961.0     3.4447599e-01    2.4218760e+01     8.9021637e-01
 1961.0 1980.0     3.4402635e-01    2.4257175e+01     8.8929735e-01
 1980.0 2000.0     3.4383946e-01    2.4281569e+01     8.8797886e-01
 2000.0 2020.0     3.4374780e-01    2.4301105e+01     8.8648969e-01
 2020.0 2041.0     3.4365388e-01    2.4321146e+01     8.8496328e-01
 2041.0 2062.0     3.4355769e-01    2.4341693e+01     8.8339964e-01
 2062.0 2083.0     3.4346154e-01    2.4362257e+01     8.8183600e-01
 2083.0 2105.0     3.4336311e-01    2.4383329e+01     8.8023513e-01
 2105.0 2128.0     3.4326015e-01    2.4405400e+01     8.7855981e-01
 2128.0 2151.0     3.4315492e-01    2.4427983e+01     8.7684725e-01
 2151.0 2174.0     3.4304973e-01    2.4450586e+01     8.7513470e-01
 2174.0 2200.0     3.4293771e-01    2.4474687e+01     8.7331045e-01
 2200.0 2222.0     3.4282802e-01    2.4498318e+01     8.7152344e-01
 2222.0 2247.0     3.4272064e-01    2.4521480e+01     8.6977365e-01
 2247.0 2273.0     3.4260417e-01    2.4546638e+01     8.6787495e-01
 2273.0 2299.0     3.4248545e-01    2.4572315e+01     8.6593902e-01
 2299.0 2326.0     3.4236449e-01    2.4598514e+01     8.6396585e-01
 2326.0 2353.0     3.4224129e-01    2.4625235e+01     8.6195546e-01
 2353.0 2381.0     3.4211585e-01    2.4652482e+01     8.5990784e-01
 2381.0 2410.0     3.4166530e-01    2.4714669e+01     8.5849289e-01
 2410.0 2439.0     3.4085588e-01    2.4815410e+01     8.5782944e-01
 2439.0 2469.0     3.3999699e-01    2.4922317e+01     8.5723754e-01
 2469.0 2500.0     3.3911126e-01    2.5033332e+01     8.5662559e-01
 2500.0 2532.0     3.3819891e-01    2.5148506e+01     8.5599356e-01
 2532.0 2564.0     3.3727458e-01    2.5266046e+01     8.5535151e-01
 2564.0 2597.0     3.3633841e-01    2.5385990e+01     8.5469942e-01
 2597.0 2632.0     3.3536183e-01    2.5512083e+01     8.5401723e-01
 2632.0 2667.0     3.4092521e-01    2.5369401e+01     8.5489204e-01
 2667.0 2703.0     3.5494200e-01    2.4895094e+01     8.5771454e-01
 2703.0 2740.0     3.7144571e-01    2.4360440e+01     8.6095203e-01
 2740.0 2778.0     3.8920111e-01    2.3823093e+01     8.6427821e-01
 2778.0 2817.0     4.0831333e-01    2.3283747e+01     8.6769309e-01
 2817.0 2857.0     4.2889780e-01    2.2743079e+01     8.7119667e-01
 2857.0 2899.0     4.5136940e-01    2.2195235e+01     8.7483329e-01
 2899.0 2941.0     4.7559493e-01    2.1647549e+01     8.7855862e-01
 2941.0 2985.0     5.0156436e-01    2.0990548e+01     8.8021439e-01
 2985.0 3030.0     5.2965873e-01    2.0187066e+01     8.7906015e-01
 3030.0 3077.0     5.6029298e-01    1.9352732e+01     8.7712334e-01
 3077.0 3125.0     5.9377622e-01    1.8527177e+01     8.7512338e-01
 3125.0 3175.0     6.3042639e-01    1.7712621e+01     8.7306026e-01
 3175.0 3225.0     6.7013242e-01    1.6917990e+01     8.7095504e-01
 3225.0 3275.0     7.0892043e-01    1.6203654e+01     8.6884806e-01
 3275.0 3325.0     7.3537005e-01    1.5701661e+01     8.6673376e-01
 3325.0 3375.0     7.5179286e-01    1.5353841e+01     8.6461390e-01
 3375.0 3425.0     7.6858245e-01    1.5013727e+01     8.6249404e-01
 3425.0 3450.0     7.8138451e-01    1.4762900e+01     8.6090414e-01
 3450.0 3550.0     8.0251855e-01    1.4366806e+01     8.5832978e-01
 3550.0 3650.0     8.2595992e-01    1.3843960e+01     8.5510886e-01
 3650.0 3750.0     8.3931073e-01    1.3431350e+01     8.5275583e-01
 3750.0 3850.0     8.5287735e-01    1.3031038e+01     8.5040279e-01
 3850.0 3950.0     8.6525226e-01    1.2642142e+01     8.4848794e-01
 3950.0 4050.0     8.7594766e-01    1.2264180e+01     8.4714965e-01
 4050.0 4150.0     8.8616256e-01    1.1898776e+01     8.4600554e-01
 4150.0 4250.0     8.9553197e-01    1.1552387e+01     8.4518970e-01
 4250.0 4350.0     9.0419909e-01    1.1222799e+01     8.4464632e-01
 4350.0 4450.0     9.1244464e-01    1.0902267e+01     8.4414833e-01
 4450.0 4550.0     9.1845730e-01    1.0589349e+01     8.4385661e-01
 4550.0 4650.0     9.2271020e-01    1.0284218e+01     8.4372578e-01
 4650.0 4750.0     9.2698280e-01    9.9878787e+00     8.4359495e-01
 4750.0 4850.0     9.3127519e-01    9.7000788e+00     8.4346412e-01
 4850.0 4950.0     9.3558745e-01    9.4205718e+00     8.4333329e-01
 4950.0 5050.0     9.3991968e-01    9.1491188e+00     8.4320247e-01
 5050.0 5150.0     9.4427196e-01    8.8854877e+00     8.4307164e-01
 5150.0 5250.0     9.4864441e-01    8.6294532e+00     8.4294081e-01
 5250.0 5350.0     9.5303709e-01    8.3807962e+00     8.4280998e-01
 5350.0 5450.0     9.5745012e-01    8.1393042e+00     8.4267915e-01
 5450.0 5550.0     9.6188358e-01    7.9047709e+00     8.4254832e-01
 5550.0 5650.0     9.6611477e-01    7.6777675e+00     8.4241258e-01
 5650.0 5750.0     9.6887593e-01    7.4623069e+00     8.4224412e-01
 5750.0 5850.0     9.7038075e-01    7.2571471e+00     8.4204785e-01
 5850.0 5950.0     9.7188790e-01    7.0576277e+00     8.4185157e-01
 5950.0 6050.0     9.7339740e-01    6.8635936e+00     8.4165529e-01
 6050.0 6150.0     9.7490924e-01    6.6748941e+00     8.4145902e-01
 6150.0 6250.0     9.7642344e-01    6.4913825e+00     8.4126274e-01
 6250.0 6350.0     9.7793998e-01    6.3129161e+00     8.4106646e-01
 6350.0 6450.0     9.7945888e-01    6.1393563e+00     8.4087018e-01
 6450.0 6550.0     9.8098013e-01    5.9705681e+00     8.4067391e-01
 6550.0 6650.0     9.8250375e-01    5.8064204e+00     8.4047763e-01
 6650.0 6750.0     9.8402974e-01    5.6467855e+00     8.4028135e-01
 6750.0 6850.0     9.8555810e-01    5.4915395e+00     8.4008508e-01
 6850.0 6950.0     9.8675731e-01    5.3393486e+00     8.3981028e-01
 6950.0 7050.0     9.8742334e-01    5.1894403e+00     8.3940884e-01
 7050.0 7150.0     9.8788660e-01    5.0430185e+00     8.3895927e-01
 7150.0 7250.0     9.8835008e-01    4.9007280e+00     8.3850970e-01
 7250.0 7350.0     9.8881378e-01    4.7624523e+00     8.3806014e-01
 7350.0 7450.0     9.8927770e-01    4.6280781e+00     8.3761057e-01
 7450.0 7550.0     9.8974183e-01    4.4974954e+00     8.3716100e-01
 7550.0 7650.0     9.9020618e-01    4.3705970e+00     8.3671144e-01
 7650.0 7750.0     9.9067075e-01    4.2472792e+00     8.3626187e-01
 7750.0 7850.0     9.9113554e-01    4.1274408e+00     8.3581230e-01
 7850.0 7950.0     9.9160055e-01    4.0109836e+00     8.3536273e-01
 7950.0 8050.0     9.9206577e-01    3.8978124e+00     8.3491317e-01
 8050.0 8150.0     9.9253121e-01    3.7878343e+00     8.3446360e-01
 8150.0 8250.0     9.9299687e-01    3.6809593e+00     8.3401403e-01
 8250.0 8350.0     9.9346275e-01    3.5770998e+00     8.3356447e-01
 8350.0 8450.0     9.9392885e-01    3.4761707e+00     8.3311490e-01
 8450.0 8550.0     9.9439516e-01    3.3780894e+00     8.3266533e-01
