 1216.0 1216.0     4.9820951e-01    1.5361407e+01     8.3188585e-01
 1300.0 1350.0     4.6001082e-01    1.6033173e+01     8.3754832e-01
 1350.0 1400.0     4.4792354e-01    1.6301484e+01     8.3846695e-01
 1400.0 1450.0     4.4208357e-01    1.6509504e+01     8.3717657e-01
 1450.0 1500.0     4.3773338e-01    1.6704495e+01     8.3535604e-01
 1500.0 1550.0     4.3342599e-01    1.6901789e+01     8.3353550e-01
 1550.0 1600.0     4.2916099e-01    1.7101414e+01     8.3171497e-01
 1600.0 1650.0     4.2540685e-01    1.7280400e+01     8.2947866e-01
 1650.0 1700.0     4.2291638e-01    1.7400563e+01     8.2614818e-01
 1700.0 1750.0     4.2120327e-01    1.7483911e+01     8.2213933e-01
 1754.0 1770.0     4.1993927e-01    1.7545800e+01     8.1917277e-01
 1770.0 1786.0     4.1939418e-01    1.7572651e+01     8.1788994e-01
 1786.0 1802.0     4.1884980e-01    1.7599542e+01     8.1660711e-01
 1802.0 1818.0     4.1830613e-01    1.7626475e+01     8.1532427e-01
 1818.0 1835.0     4.1774622e-01    1.7654293e+01     8.1400135e-01
 1835.0 1852.0     4.1717011e-01    1.7682999e+01     8.1263834e-01
 1852.0 1869.0     4.1659480e-01    1.7711752e+01     8.1127533e-01
 1869.0 1887.0     4.1600341e-01    1.7741400e+01     8.0987223e-01
 1887.0 1905.0     4.1539598e-01    1.7771946e+01     8.0842904e-01
 1905.0 1923.0     4.1478944e-01    1.7802545e+01     8.0698585e-01
 1923.0 1942.0     4.1416699e-01    1.7834050e+01     8.0550258e-01
 1942.0 1961.0     4.1352868e-01    1.7866463e+01     8.0397921e-01
 1961.0 1980.0     4.1307810e-01    1.7893298e+01     8.0206791e-01
 1980.0 2000.0     4.1292259e-01    1.7911636e+01     7.9946997e-01
 2000.0 2020.0     4.1287492e-01    1.7927089e+01     7.9657331e-01
 2020.0 2041.0     4.1282607e-01    1.7942942e+01     7.9360424e-01
 2041.0 2062.0     4.1277603e-01    1.7959197e+01     7.9056275e-01
 2062.0 2083.0     4.1272600e-01    1.7975466e+01     7.8752127e-01
 2083.0 2105.0     4.1267478e-01    1.7992138e+01     7.8440737e-01
 2105.0 2128.0     4.1262119e-01    1.8009602e+01     7.8114863e-01
 2128.0 2151.0     4.1256641e-01    1.8027471e+01     7.7781748e-01
 2151.0 2174.0     4.1251164e-01    1.8045358e+01     7.7448633e-01
 2174.0 2200.0     4.1245331e-01    1.8064432e+01     7.7093793e-01
 2200.0 2222.0     4.1239617e-01    1.8083134e+01     7.6746194e-01
 2222.0 2247.0     4.1234023e-01    1.8101467e+01     7.6405837e-01
 2247.0 2273.0     4.1227954e-01    1.8121381e+01     7.6036514e-01
 2273.0 2299.0     4.1221767e-01    1.8141708e+01     7.5659949e-01
 2299.0 2326.0     4.1215462e-01    1.8162450e+01     7.5276142e-01
 2326.0 2353.0     4.1209039e-01    1.8183606e+01     7.4885094e-01
 2353.0 2381.0     4.1202498e-01    1.8205181e+01     7.4486804e-01
 2381.0 2410.0     4.1170706e-01    1.8253675e+01     7.4191597e-01
 2410.0 2439.0     4.1110939e-01    1.8331869e+01     7.4020278e-01
 2439.0 2469.0     4.1047302e-01    1.8414841e+01     7.3859805e-01
 2469.0 2500.0     4.0981611e-01    1.8501020e+01     7.3693892e-01
 2500.0 2532.0     4.0913876e-01    1.8590448e+01     7.3522539e-01
 2532.0 2564.0     4.0845181e-01    1.8681735e+01     7.3348467e-01
 2564.0 2597.0     4.0775530e-01    1.8774910e+01     7.3171674e-01
 2597.0 2632.0     4.0702794e-01    1.8872887e+01     7.2986722e-01
 2632.0 2667.0     4.1404940e-01    1.8874561e+01     7.3064629e-01
 2667.0 2703.0     4.3108703e-01    1.8754691e+01     7.3472877e-01
 2703.0 2740.0     4.5109904e-01    1.8611302e+01     7.3949697e-01
 2740.0 2778.0     4.7262726e-01    1.8465126e+01     7.4439581e-01
 2778.0 2817.0     4.9579888e-01    1.8316247e+01     7.4942529e-01
 2817.0 2857.0     5.2075355e-01    1.8164748e+01     7.5458540e-01
 2857.0 2899.0     5.4799385e-01    1.8008829e+01     7.5994147e-01
 2899.0 2941.0     5.7735791e-01    1.7850478e+01     7.6542817e-01
 2941.0 2985.0     6.0601048e-01    1.7595130e+01     7.6737942e-01
 2985.0 3030.0     6.3305349e-01    1.7210304e+01     7.6452745e-01
 3030.0 3077.0     6.6118704e-01    1.6789757e+01     7.6031614e-01
 3077.0 3125.0     6.9154340e-01    1.6366222e+01     7.5596750e-01
 3125.0 3175.0     7.2432742e-01    1.5940562e+01     7.5148154e-01
 3175.0 3225.0     7.5936617e-01    1.5517512e+01     7.4690403e-01
 3225.0 3275.0     7.9286076e-01    1.5110590e+01     7.4236190e-01
 3275.0 3325.0     8.1411459e-01    1.4734381e+01     7.3796720e-01
 3325.0 3375.0     8.2557946e-01    1.4382693e+01     7.3368455e-01
 3375.0 3425.0     8.3720578e-01    1.4039398e+01     7.2940189e-01
 3425.0 3450.0     8.4601733e-01    1.3786561e+01     7.2618990e-01
 3450.0 3550.0     8.6031111e-01    1.3375770e+01     7.2098409e-01
 3550.0 3650.0     8.7505770e-01    1.2688888e+01     7.1441021e-01
 3650.0 3750.0     8.8190548e-01    1.1989974e+01     7.0953274e-01
 3750.0 3850.0     8.8880685e-01    1.1329558e+01     7.0465526e-01
 3850.0 3950.0     8.9499755e-01    1.0676996e+01     7.0064658e-01
 3950.0 4050.0     9.0022469e-01    1.0025142e+01     6.9778106e-01
 4050.0 4150.0     9.0521336e-01    9.4051776e+00     6.9530007e-01
 4150.0 4250.0     9.1007380e-01    8.8264524e+00     6.9346718e-01
 4250.0 4350.0     9.1483087e-01    8.2857186e+00     6.9217223e-01
 4350.0 4450.0     9.1940284e-01    7.7808482e+00     6.9099205e-01
 4450.0 4550.0     9.2304061e-01    7.3186084e+00     6.9033359e-01
 4550.0 4650.0     9.2594622e-01    6.8929702e+00     6.9008207e-01
 4650.0 4750.0     9.2886098e-01    6.4920864e+00     6.8983055e-01
 4750.0 4850.0     9.3178491e-01    6.1145174e+00     6.8957903e-01
 4850.0 4950.0     9.3471805e-01    5.7589071e+00     6.8932751e-01
 4950.0 5050.0     9.3766042e-01    5.4239786e+00     6.8907599e-01
 5050.0 5150.0     9.4061205e-01    5.1085289e+00     6.8882447e-01
 5150.0 5250.0     9.4357297e-01    4.8114253e+00     6.8857295e-01
 5250.0 5350.0     9.4654322e-01    4.5316007e+00     6.8832143e-01
 5350.0 5450.0     9.4952281e-01    4.2680503e+00     6.8806991e-01
 5450.0 5550.0     9.5251179e-01    4.0198275e+00     6.8781839e-01
 5550.0 5650.0     9.5540776e-01    3.7894750e+00     6.8758400e-01
 5650.0 5750.0     9.5762853e-01    3.5942360e+00     6.8746381e-01
 5750.0 5850.0     9.5927322e-01    3.4276279e+00     6.8744069e-01
 5850.0 5950.0     9.6092073e-01    3.2687428e+00     6.8741758e-01
 5950.0 6050.0     9.6257108e-01    3.1172227e+00     6.8739446e-01
 6050.0 6150.0     9.6422425e-01    2.9727261e+00     6.8737134e-01
 6150.0 6250.0     9.6588027e-01    2.8349277e+00     6.8734822e-01
 6250.0 6350.0     9.6753913e-01    2.7035167e+00     6.8732510e-01
 6350.0 6450.0     9.6920084e-01    2.5781972e+00     6.8730198e-01
 6450.0 6550.0     9.7086540e-01    2.4586868e+00     6.8727886e-01
 6550.0 6650.0     9.7253282e-01    2.3447162e+00     6.8725574e-01
 6650.0 6750.0     9.7420310e-01    2.2360287e+00     6.8723263e-01
 6750.0 6850.0     9.7587626e-01    2.1323792e+00     6.8720951e-01
 6850.0 6950.0     9.7724868e-01    2.0380176e+00     6.8711211e-01
 6950.0 7050.0     9.7813333e-01    1.9549664e+00     6.8689491e-01
 7050.0 7150.0     9.7883264e-01    1.8779450e+00     6.8663218e-01
 7150.0 7250.0     9.7953244e-01    1.8039581e+00     6.8636946e-01
 7250.0 7350.0     9.8023274e-01    1.7328861e+00     6.8610673e-01
 7350.0 7450.0     9.8093354e-01    1.6646142e+00     6.8584400e-01
 7450.0 7550.0     9.8163484e-01    1.5990321e+00     6.8558128e-01
 7550.0 7650.0     9.8233665e-01    1.5360337e+00     6.8531855e-01
 7650.0 7750.0     9.8303896e-01    1.4755173e+00     6.8505583e-01
 7750.0 7850.0     9.8374176e-01    1.4173852e+00     6.8479310e-01
 7850.0 7950.0     9.8444507e-01    1.3615433e+00     6.8453037e-01
 7950.0 8050.0     9.8514889e-01    1.3079015e+00     6.8426765e-01
 8050.0 8150.0     9.8585321e-01    1.2563730e+00     6.8400492e-01
 8150.0 8250.0     9.8655803e-01    1.2068747e+00     6.8374219e-01
 8250.0 8350.0     9.8726335e-01    1.1593265e+00     6.8347947e-01
 8350.0 8450.0     9.8796918e-01    1.1136516e+00     6.8321674e-01
 8450.0 8550.0     9.8867551e-01    1.0697761e+00     6.8295402e-01
