 1216.0 1216.0     8.9827145e-02    5.7948852e-01     8.4516996e-03
 1300.0 1350.0     5.8492808e-02    5.2628811e-01     1.4754445e-02
 1350.0 1400.0     4.9396892e-02    5.0360863e-01     1.6287115e-02
 1400.0 1450.0     4.3643020e-02    4.8206131e-01     1.6032290e-02
 1450.0 1500.0     3.8985022e-02    4.6147186e-01     1.5348469e-02
 1500.0 1550.0     3.4824169e-02    4.4176180e-01     1.4664647e-02
 1550.0 1600.0     3.1107403e-02    4.2289359e-01     1.3980825e-02
 1600.0 1650.0     2.7925675e-02    4.0505394e-01     1.3336362e-02
 1650.0 1700.0     2.5415019e-02    3.8853837e-01     1.2795473e-02
 1700.0 1750.0     2.3338378e-02    3.7304523e-01     1.2318802e-02
 1754.0 1770.0     2.1893848e-02    3.6191219e-01     1.1966065e-02
 1770.0 1786.0     2.1304718e-02    3.5723009e-01     1.1813531e-02
 1786.0 1802.0     2.0731439e-02    3.5260857e-01     1.1660996e-02
 1802.0 1818.0     2.0173587e-02    3.4804683e-01     1.1508461e-02
 1818.0 1835.0     1.9614255e-02    3.4340528e-01     1.1351159e-02
 1835.0 1852.0     1.9053953e-02    3.3868686e-01     1.1189091e-02
 1852.0 1869.0     1.8509657e-02    3.3403327e-01     1.1027023e-02
 1869.0 1887.0     1.7965817e-02    3.2931054e-01     1.0860188e-02
 1887.0 1905.0     1.7422877e-02    3.2452156e-01     1.0688586e-02
 1905.0 1923.0     1.6896344e-02    3.1980223e-01     1.0516984e-02
 1923.0 1942.0     1.6371982e-02    3.1502427e-01     1.0340616e-02
 1942.0 1961.0     1.5850164e-02    3.1019050e-01     1.0159481e-02
 1961.0 1980.0     1.5378065e-02    3.0576261e-01     9.9954430e-03
 1980.0 2000.0     1.4962120e-02    3.0182651e-01     9.8551334e-03
 2000.0 2020.0     1.4566365e-02    2.9803765e-01     9.7214551e-03
 2020.0 2041.0     1.4171708e-02    2.9420401e-01     9.5844348e-03
 2041.0 2062.0     1.3778379e-02    2.9032739e-01     9.4440725e-03
 2062.0 2083.0     1.3395967e-02    2.8650185e-01     9.3037103e-03
 2083.0 2105.0     1.3015569e-02    2.8263805e-01     9.1600061e-03
 2105.0 2128.0     1.2629041e-02    2.7865033e-01     9.0096179e-03
 2128.0 2151.0     1.2245658e-02    2.7463150e-01     8.8558878e-03
 2151.0 2174.0     1.1873913e-02    2.7067064e-01     8.7021578e-03
 2174.0 2200.0     1.1490709e-02    2.6651623e-01     8.5384018e-03
 2200.0 2222.0     1.1126479e-02    2.6250404e-01     8.3779878e-03
 2222.0 2247.0     1.0781823e-02    2.5863820e-01     8.2209157e-03
 2247.0 2273.0     1.0419663e-02    2.5450645e-01     8.0504759e-03
 2273.0 2299.0     1.0062807e-02    2.5036098e-01     7.8766940e-03
 2299.0 2326.0     9.7117773e-03    2.4620592e-01     7.6995702e-03
 2326.0 2353.0     9.3666022e-03    2.4204273e-01     7.5191045e-03
 2353.0 2381.0     9.0277548e-03    2.3787545e-01     7.3352967e-03
 2381.0 2410.0     8.6873607e-03    2.3321270e-01     7.1899726e-03
 2410.0 2439.0     8.3517014e-03    2.2810238e-01     7.0916856e-03
 2439.0 2469.0     8.0234249e-03    2.2297174e-01     6.9970054e-03
 2469.0 2500.0     7.6975812e-03    2.1778849e-01     6.8991158e-03
 2500.0 2532.0     7.3749388e-03    2.1256175e-01     6.7980166e-03
 2532.0 2564.0     7.0609147e-03    2.0737948e-01     6.6953127e-03
 2564.0 2597.0     6.7557686e-03    2.0224652e-01     6.5910040e-03
 2597.0 2632.0     6.4507449e-03    1.9701358e-01     6.4818811e-03
 2632.0 2667.0     6.3433830e-03    1.8334349e-01     6.4032340e-03
 2667.0 2703.0     6.4807912e-03    1.6081093e-01     6.3647982e-03
 2703.0 2740.0     6.6686386e-03    1.3905098e-01     6.3324453e-03
 2740.0 2778.0     6.8673047e-03    1.1975748e-01     6.2992060e-03
 2778.0 2817.0     7.0774274e-03    1.0273095e-01     6.2650804e-03
 2817.0 2857.0     7.2996915e-03    8.7774845e-02     6.2300683e-03
 2857.0 2899.0     7.5378291e-03    7.4561488e-02     6.1937267e-03
 2899.0 2941.0     7.7897320e-03    6.3064683e-02     6.1564988e-03
 2941.0 2985.0     8.0925382e-03    5.4295141e-02     6.0734228e-03
 2985.0 3030.0     8.4669941e-03    4.8005190e-02     5.9277062e-03
 3030.0 3077.0     8.8855155e-03    4.2630394e-02     5.7615855e-03
 3077.0 3125.0     9.3392844e-03    3.7708086e-02     5.5900479e-03
 3125.0 3175.0     9.8318105e-03    3.3227866e-02     5.4130933e-03
 3175.0 3225.0     1.0360888e-02    2.9199600e-02     5.2325274e-03
 3225.0 3275.0     1.0840626e-02    2.5843612e-02     5.0548208e-03
 3275.0 3325.0     1.1016606e-02    2.3595016e-02     4.8890277e-03
 3325.0 3375.0     1.0952218e-02    2.2090980e-02     4.7322888e-03
 3375.0 3425.0     1.0888207e-02    2.0682818e-02     4.5755500e-03
 3425.0 3450.0     1.0840409e-02    1.9677918e-02     4.4579958e-03
 3450.0 3550.0     1.0737883e-02    1.8202957e-02     4.2649845e-03
 3550.0 3650.0     1.0306615e-02    1.6492084e-02     3.9908221e-03
 3650.0 3750.0     9.6396603e-03    1.5409033e-02     3.7501507e-03
 3750.0 3850.0     9.0158651e-03    1.4397107e-02     3.5094792e-03
 3850.0 3950.0     8.5077745e-03    1.3387001e-02     3.2912856e-03
 3950.0 4050.0     8.1272658e-03    1.2364685e-02     3.1026681e-03
 4050.0 4150.0     7.8058670e-03    1.1388348e-02     2.9248690e-03
 4150.0 4250.0     7.6073919e-03    1.0416172e-02     2.7689533e-03
 4250.0 4350.0     7.5061439e-03    9.4677403e-03     2.6312008e-03
 4350.0 4450.0     7.4243947e-03    8.6052519e-03     2.4996771e-03
 4450.0 4550.0     7.4262612e-03    7.8195811e-03     2.3964661e-03
 4550.0 4650.0     7.4932234e-03    7.1043054e-03     2.3153389e-03
 4650.0 4750.0     7.5607895e-03    6.4544577e-03     2.2342116e-03
 4750.0 4850.0     7.6289647e-03    5.8640531e-03     2.1530844e-03
 4850.0 4950.0     7.6977547e-03    5.3276543e-03     2.0719571e-03
 4950.0 5050.0     7.7671649e-03    4.8403211e-03     1.9908299e-03
 5050.0 5150.0     7.8372011e-03    4.3975654e-03     1.9097026e-03
 5150.0 5250.0     7.9078687e-03    3.9953097e-03     1.8285754e-03
 5250.0 5350.0     7.9791735e-03    3.6298492e-03     1.7474482e-03
 5350.0 5450.0     8.0511213e-03    3.2978183e-03     1.6663209e-03
 5450.0 5550.0     8.1237179e-03    2.9961590e-03     1.5851937e-03
 5550.0 5650.0     8.2089646e-03    2.7227465e-03     1.5072313e-03
 5650.0 5750.0     8.3765773e-03    2.4783078e-03     1.4503682e-03
 5750.0 5850.0     8.6176514e-03    2.2591891e-03     1.4114394e-03
 5850.0 5950.0     8.8656634e-03    2.0594436e-03     1.3725106e-03
 5950.0 6050.0     9.1208132e-03    1.8773586e-03     1.3335817e-03
 6050.0 6150.0     9.3833060e-03    1.7113726e-03     1.2946529e-03
 6150.0 6250.0     9.6533533e-03    1.5600622e-03     1.2557241e-03
 6250.0 6350.0     9.9311724e-03    1.4221298e-03     1.2167953e-03
 6350.0 6450.0     1.0216987e-02    1.2963927e-03     1.1778665e-03
 6450.0 6550.0     1.0511027e-02    1.1817725e-03     1.1389376e-03
 6550.0 6650.0     1.0813530e-02    1.0772865e-03     1.1000088e-03
 6650.0 6750.0     1.1124738e-02    9.8203859e-04     1.0610800e-03
 6750.0 6850.0     1.1444903e-02    8.9521197e-04     1.0221512e-03
 6850.0 6950.0     1.1774937e-02    8.1862519e-04     9.8889884e-04
 6950.0 7050.0     1.2115555e-02    7.5261077e-04     9.6480208e-04
 7050.0 7150.0     1.2466440e-02    6.9337168e-04     9.4418443e-04
 7150.0 7250.0     1.2827487e-02    6.3879539e-04     9.2356678e-04
 7250.0 7350.0     1.3198990e-02    5.8851488e-04     9.0294913e-04
 7350.0 7450.0     1.3581253e-02    5.4219202e-04     8.8233148e-04
 7450.0 7550.0     1.3974586e-02    4.9951530e-04     8.6171383e-04
 7550.0 7650.0     1.4379312e-02    4.6019772e-04     8.4109617e-04
 7650.0 7750.0     1.4795758e-02    4.2397489e-04     8.2047852e-04
 7750.0 7850.0     1.5224265e-02    3.9060321e-04     7.9986087e-04
 7850.0 7950.0     1.5665183e-02    3.5985827e-04     7.7924322e-04
 7950.0 8050.0     1.6118870e-02    3.3153330e-04     7.5862557e-04
 8050.0 8150.0     1.6585697e-02    3.0543783e-04     7.3800791e-04
 8150.0 8250.0     1.7066044e-02    2.8139638e-04     7.1739026e-04
 8250.0 8350.0     1.7560302e-02    2.5924726e-04     6.9677261e-04
 8350.0 8450.0     1.8068875e-02    2.3884153e-04     6.7615496e-04
 8450.0 8550.0     1.8592177e-02    2.2004197e-04     6.5553731e-04
