 1216.0 1216.0     3.3584021e-01    3.4113191e+01     9.3679217e-01
 1300.0 1350.0     3.0791656e-01    3.6741438e+01     9.4065509e-01
 1350.0 1400.0     2.9885079e-01    3.7720954e+01     9.4167037e-01
 1400.0 1450.0     2.9399913e-01    3.8345857e+01     9.4168999e-01
 1450.0 1500.0     2.9016493e-01    3.8888807e+01     9.4147064e-01
 1500.0 1550.0     2.8638073e-01    3.9439444e+01     9.4125130e-01
 1550.0 1600.0     2.8264588e-01    3.9997879e+01     9.4103196e-01
 1600.0 1650.0     2.7936774e-01    4.0499226e+01     9.4067339e-01
 1650.0 1700.0     2.7719772e-01    4.0835214e+01     9.3994842e-01
 1700.0 1750.0     2.7570764e-01    4.1067514e+01     9.3899629e-01
 1754.0 1770.0     2.7460924e-01    4.1240118e+01     9.3829171e-01
 1770.0 1786.0     2.7413600e-01    4.1315046e+01     9.3798702e-01
 1786.0 1802.0     2.7366357e-01    4.1390111e+01     9.3768234e-01
 1802.0 1818.0     2.7319196e-01    4.1465311e+01     9.3737766e-01
 1818.0 1835.0     2.7270648e-01    4.1543008e+01     9.3706345e-01
 1835.0 1852.0     2.7220717e-01    4.1623208e+01     9.3673973e-01
 1852.0 1869.0     2.7170878e-01    4.1703564e+01     9.3641600e-01
 1869.0 1887.0     2.7119669e-01    4.1786447e+01     9.3608275e-01
 1887.0 1905.0     2.7067097e-01    4.1871868e+01     9.3573998e-01
 1905.0 1923.0     2.7014627e-01    4.1957463e+01     9.3539721e-01
 1923.0 1942.0     2.6960806e-01    4.2045621e+01     9.3504492e-01
 1942.0 1961.0     2.6905641e-01    4.2136352e+01     9.3468311e-01
 1961.0 1980.0     2.6864451e-01    4.2208465e+01     9.3418155e-01
 1980.0 2000.0     2.6844984e-01    4.2251746e+01     9.3343756e-01
 2000.0 2020.0     2.6833327e-01    4.2284923e+01     9.3259089e-01
 2020.0 2041.0     2.6821384e-01    4.2318956e+01     9.3172305e-01
 2041.0 2062.0     2.6809154e-01    4.2353848e+01     9.3083404e-01
 2062.0 2083.0     2.6796931e-01    4.2388769e+01     9.2994503e-01
 2083.0 2105.0     2.6784422e-01    4.2424551e+01     9.2903485e-01
 2105.0 2128.0     2.6771337e-01    4.2462029e+01     9.2808234e-01
 2128.0 2151.0     2.6757968e-01    4.2500375e+01     9.2710866e-01
 2151.0 2174.0     2.6744606e-01    4.2538755e+01     9.2613499e-01
 2174.0 2200.0     2.6730381e-01    4.2579677e+01     9.2509781e-01
 2200.0 2222.0     2.6716452e-01    4.2619800e+01     9.2408180e-01
 2222.0 2247.0     2.6702821e-01    4.2659126e+01     9.2308696e-01
 2247.0 2273.0     2.6688037e-01    4.2701839e+01     9.2200745e-01
 2273.0 2299.0     2.6672972e-01    4.2745433e+01     9.2090677e-01
 2299.0 2326.0     2.6657627e-01    4.2789912e+01     9.1978492e-01
 2326.0 2353.0     2.6642000e-01    4.2835277e+01     9.1864191e-01
 2353.0 2381.0     2.6626094e-01    4.2881532e+01     9.1747773e-01
 2381.0 2410.0     2.6578511e-01    4.2991280e+01     9.1671301e-01
 2410.0 2439.0     2.6496079e-01    4.3171167e+01     9.1641989e-01
 2439.0 2469.0     2.6408855e-01    4.3362226e+01     9.1617357e-01
 2469.0 2500.0     2.6318976e-01    4.3560651e+01     9.1591890e-01
 2500.0 2532.0     2.6226471e-01    4.3766534e+01     9.1565588e-01
 2532.0 2564.0     2.6132829e-01    4.3976675e+01     9.1538869e-01
 2564.0 2597.0     2.6038068e-01    4.4191139e+01     9.1511732e-01
 2597.0 2632.0     2.5939304e-01    4.4416629e+01     9.1483343e-01
 2632.0 2667.0     2.6369707e-01    4.3999782e+01     9.1549890e-01
 2667.0 2703.0     2.7484786e-01    4.2798920e+01     9.1734908e-01
 2703.0 2740.0     2.8801472e-01    4.1466408e+01     9.1945511e-01
 2740.0 2778.0     3.0219953e-01    4.0140584e+01     9.2161884e-01
 2778.0 2817.0     3.1748972e-01    3.8823493e+01     9.2384026e-01
 2817.0 2857.0     3.3398143e-01    3.7517094e+01     9.2611939e-01
 2857.0 2899.0     3.5201199e-01    3.6207840e+01     9.2848507e-01
 2899.0 2941.0     3.7147925e-01    3.4913463e+01     9.3090844e-01
 2941.0 2985.0     3.9412001e-01    3.3394820e+01     9.3207279e-01
 2985.0 3030.0     4.2114371e-01    3.1577986e+01     9.3152815e-01
 3030.0 3077.0     4.5162611e-01    2.9726487e+01     9.3051146e-01
 3077.0 3125.0     4.8540642e-01    2.7927893e+01     9.2946161e-01
 3125.0 3175.0     5.2291788e-01    2.6187013e+01     9.2837861e-01
 3175.0 3225.0     5.6415212e-01    2.4521361e+01     9.2727351e-01
 3225.0 3275.0     6.0529323e-01    2.3057150e+01     9.2616531e-01
 3275.0 3325.0     6.3505045e-01    2.2067013e+01     9.2504419e-01
 3325.0 3375.0     6.5540193e-01    2.1414030e+01     9.2391325e-01
 3375.0 3425.0     6.7640561e-01    2.0780369e+01     9.2278231e-01
 3425.0 3450.0     6.9253433e-01    2.0315740e+01     9.2193411e-01
 3450.0 3550.0     7.1960144e-01    1.9598971e+01     9.2056375e-01
 3550.0 3650.0     7.5071331e-01    1.8762425e+01     9.1888667e-01
 3650.0 3750.0     7.6996917e-01    1.8225551e+01     9.1770773e-01
 3750.0 3850.0     7.8971895e-01    1.7704040e+01     9.1652880e-01
 3850.0 3950.0     8.0801961e-01    1.7229242e+01     9.1560115e-01
 3950.0 4050.0     8.2416493e-01    1.6808840e+01     9.1500413e-01
 4050.0 4150.0     8.3973462e-01    1.6413771e+01     9.1451797e-01
 4150.0 4250.0     8.5398662e-01    1.6058361e+01     9.1421706e-01
 4250.0 4350.0     8.6714099e-01    1.5735802e+01     9.1406993e-01
 4350.0 4450.0     8.7969592e-01    1.5428219e+01     9.1394497e-01
 4450.0 4550.0     8.8876087e-01    1.5164779e+01     9.1392082e-01
 4550.0 4650.0     8.9505806e-01    1.4935524e+01     9.1397529e-01
 4650.0 4750.0     9.0139987e-01    1.4709734e+01     9.1402976e-01
 4750.0 4850.0     9.0778661e-01    1.4487358e+01     9.1408422e-01
 4850.0 4950.0     9.1421861e-01    1.4268344e+01     9.1413869e-01
 4950.0 5050.0     9.2069617e-01    1.4052641e+01     9.1419316e-01
 5050.0 5150.0     9.2721963e-01    1.3840199e+01     9.1424763e-01
 5150.0 5250.0     9.3378932e-01    1.3630968e+01     9.1430210e-01
 5250.0 5350.0     9.4040555e-01    1.3424900e+01     9.1435657e-01
 5350.0 5450.0     9.4706866e-01    1.3221948e+01     9.1441104e-01
 5450.0 5550.0     9.5377898e-01    1.3022063e+01     9.1446551e-01
 5550.0 5650.0     9.6017146e-01    1.2827055e+01     9.1451424e-01
 5650.0 5750.0     9.6416317e-01    1.2647179e+01     9.1452473e-01
 5750.0 5850.0     9.6609759e-01    1.2480194e+01     9.1450271e-01
 5850.0 5950.0     9.6803589e-01    1.2315413e+01     9.1448070e-01
 5950.0 6050.0     9.6997808e-01    1.2152808e+01     9.1445868e-01
 6050.0 6150.0     9.7192416e-01    1.1992350e+01     9.1443667e-01
 6150.0 6250.0     9.7387415e-01    1.1834010e+01     9.1441465e-01
 6250.0 6350.0     9.7582805e-01    1.1677761e+01     9.1439264e-01
 6350.0 6450.0     9.7778588e-01    1.1523575e+01     9.1437062e-01
 6450.0 6550.0     9.7974763e-01    1.1371425e+01     9.1434861e-01
 6550.0 6650.0     9.8171331e-01    1.1221284e+01     9.1432659e-01
 6650.0 6750.0     9.8368294e-01    1.1073125e+01     9.1430458e-01
 6750.0 6850.0     9.8565652e-01    1.0926922e+01     9.1428256e-01
 6850.0 6950.0     9.8717344e-01    1.0773711e+01     9.1421071e-01
 6950.0 7050.0     9.8794986e-01    1.0608327e+01     9.1405848e-01
 7050.0 7150.0     9.8844456e-01    1.0440095e+01     9.1387570e-01
 7150.0 7250.0     9.8893952e-01    1.0274530e+01     9.1369293e-01
 7250.0 7350.0     9.8943472e-01    1.0111591e+01     9.1351015e-01
 7350.0 7450.0     9.8993016e-01    9.9512358e+00     9.1332738e-01
 7450.0 7550.0     9.9042586e-01    9.7934238e+00     9.1314460e-01
 7550.0 7650.0     9.9092180e-01    9.6381144e+00     9.1296183e-01
 7650.0 7750.0     9.9141800e-01    9.4852679e+00     9.1277905e-01
 7750.0 7850.0     9.9191444e-01    9.3348455e+00     9.1259627e-01
 7850.0 7950.0     9.9241113e-01    9.1868084e+00     9.1241350e-01
 7950.0 8050.0     9.9290807e-01    9.0411191e+00     9.1223072e-01
 8050.0 8150.0     9.9340525e-01    8.8977401e+00     9.1204795e-01
 8150.0 8250.0     9.9390269e-01    8.7566350e+00     9.1186517e-01
 8250.0 8350.0     9.9440038e-01    8.6177675e+00     9.1168240e-01
 8350.0 8450.0     9.9489831e-01    8.4811023e+00     9.1149962e-01
 8450.0 8550.0     9.9539649e-01    8.3466044e+00     9.1131684e-01
