 1216.0 1216.0     3.3776321e-01    3.3506802e+01     9.3611160e-01
 1300.0 1350.0     3.1032116e-01    3.6108480e+01     9.3911039e-01
 1350.0 1400.0     3.0131426e-01    3.7073512e+01     9.3996372e-01
 1400.0 1450.0     2.9633965e-01    3.7680898e+01     9.4012988e-01
 1450.0 1500.0     2.9234357e-01    3.8205290e+01     9.4013111e-01
 1500.0 1550.0     2.8840138e-01    3.8736980e+01     9.4013234e-01
 1550.0 1600.0     2.8451235e-01    3.9276070e+01     9.4013357e-01
 1600.0 1650.0     2.8111088e-01    3.9760595e+01     9.3995141e-01
 1650.0 1700.0     2.7889126e-01    4.0087184e+01     9.3928668e-01
 1700.0 1750.0     2.7739639e-01    4.0314773e+01     9.3832275e-01
 1754.0 1770.0     2.7629444e-01    4.0483874e+01     9.3760944e-01
 1770.0 1786.0     2.7581967e-01    4.0557281e+01     9.3730098e-01
 1786.0 1802.0     2.7534571e-01    4.0630822e+01     9.3699252e-01
 1802.0 1818.0     2.7487257e-01    4.0704496e+01     9.3668406e-01
 1818.0 1835.0     2.7438550e-01    4.0780614e+01     9.3636597e-01
 1835.0 1852.0     2.7388457e-01    4.0859186e+01     9.3603823e-01
 1852.0 1869.0     2.7338455e-01    4.0937909e+01     9.3571049e-01
 1869.0 1887.0     2.7287079e-01    4.1019108e+01     9.3537311e-01
 1887.0 1905.0     2.7234334e-01    4.1102793e+01     9.3502610e-01
 1905.0 1923.0     2.7181692e-01    4.1186648e+01     9.3467908e-01
 1923.0 1942.0     2.7127694e-01    4.1273014e+01     9.3432243e-01
 1942.0 1961.0     2.7072348e-01    4.1361899e+01     9.3395613e-01
 1961.0 1980.0     2.7031043e-01    4.1432566e+01     9.3344859e-01
 1980.0 2000.0     2.7011570e-01    4.1475022e+01     9.3269599e-01
 2000.0 2020.0     2.6999947e-01    4.1507592e+01     9.3183958e-01
 2020.0 2041.0     2.6988038e-01    4.1541004e+01     9.3096177e-01
 2041.0 2062.0     2.6975844e-01    4.1575258e+01     9.3006255e-01
 2062.0 2083.0     2.6963655e-01    4.1609541e+01     9.2916332e-01
 2083.0 2105.0     2.6951183e-01    4.1644669e+01     9.2824269e-01
 2105.0 2128.0     2.6938136e-01    4.1681463e+01     9.2727923e-01
 2128.0 2151.0     2.6924805e-01    4.1719107e+01     9.2629437e-01
 2151.0 2174.0     2.6911482e-01    4.1756786e+01     9.2530950e-01
 2174.0 2200.0     2.6897296e-01    4.1796961e+01     9.2426041e-01
 2200.0 2222.0     2.6883407e-01    4.1836351e+01     9.2323272e-01
 2222.0 2247.0     2.6869815e-01    4.1874958e+01     9.2222645e-01
 2247.0 2273.0     2.6855074e-01    4.1916891e+01     9.2113453e-01
 2273.0 2299.0     2.6840052e-01    4.1959689e+01     9.2002121e-01
 2299.0 2326.0     2.6824750e-01    4.2003355e+01     9.1888647e-01
 2326.0 2353.0     2.6809167e-01    4.2047891e+01     9.1773033e-01
 2353.0 2381.0     2.6793306e-01    4.2093302e+01     9.1655277e-01
 2381.0 2410.0     2.6746060e-01    4.2201158e+01     9.1578087e-01
 2410.0 2439.0     2.6664285e-01    4.2377998e+01     9.1548778e-01
 2439.0 2469.0     2.6577758e-01    4.2565826e+01     9.1524228e-01
 2469.0 2500.0     2.6488594e-01    4.2760897e+01     9.1498846e-01
 2500.0 2532.0     2.6396819e-01    4.2963302e+01     9.1472631e-01
 2532.0 2564.0     2.6303912e-01    4.3169893e+01     9.1446000e-01
 2564.0 2597.0     2.6209889e-01    4.3380737e+01     9.1418953e-01
 2597.0 2632.0     2.6111890e-01    4.3602422e+01     9.1390658e-01
 2632.0 2667.0     2.6545265e-01    4.3196375e+01     9.1457893e-01
 2667.0 2703.0     2.7666138e-01    4.2023985e+01     9.1644335e-01
 2703.0 2740.0     2.8989449e-01    4.0722712e+01     9.1856527e-01
 2740.0 2778.0     3.0414965e-01    3.9427741e+01     9.2074533e-01
 2778.0 2817.0     3.1951452e-01    3.8141066e+01     9.2298352e-01
 2817.0 2857.0     3.3608553e-01    3.6864598e+01     9.2527985e-01
 2857.0 2899.0     3.5420135e-01    3.5585092e+01     9.2766338e-01
 2899.0 2941.0     3.7375911e-01    3.4319877e+01     9.3010504e-01
 2941.0 2985.0     3.9647385e-01    3.2835865e+01     9.3127615e-01
 2985.0 3030.0     4.2354425e-01    3.1060802e+01     9.3072260e-01
 3030.0 3077.0     4.5406156e-01    2.9251368e+01     9.2969258e-01
 3077.0 3125.0     4.8787012e-01    2.7492923e+01     9.2862897e-01
 3125.0 3175.0     5.2540085e-01    2.5790184e+01     9.2753177e-01
 3175.0 3225.0     5.6664284e-01    2.4160327e+01     9.2641218e-01
 3225.0 3275.0     6.0777240e-01    2.2727058e+01     9.2528948e-01
 3275.0 3325.0     6.3748383e-01    2.1757806e+01     9.2415382e-01
 3325.0 3375.0     6.5776464e-01    2.1118692e+01     9.2300830e-01
 3375.0 3425.0     6.7869065e-01    2.0498351e+01     9.2186278e-01
 3425.0 3450.0     6.9475702e-01    2.0043413e+01     9.2100364e-01
 3450.0 3550.0     7.2170916e-01    1.9341282e+01     9.1961552e-01
 3550.0 3650.0     7.5266611e-01    1.8520686e+01     9.1791554e-01
 3650.0 3750.0     7.7179482e-01    1.7992612e+01     9.1671904e-01
 3750.0 3850.0     7.9140967e-01    1.7479594e+01     9.1552255e-01
 3850.0 3950.0     8.0958197e-01    1.7012491e+01     9.1458000e-01
 3950.0 4050.0     8.2561148e-01    1.6598873e+01     9.1397158e-01
 4050.0 4150.0     8.4106536e-01    1.6209918e+01     9.1347522e-01
 4150.0 4250.0     8.5519946e-01    1.5858637e+01     9.1316627e-01
 4250.0 4350.0     8.6823390e-01    1.5538622e+01     9.1301287e-01
 4350.0 4450.0     8.8067311e-01    1.5233364e+01     9.1288286e-01
 4450.0 4550.0     8.8965648e-01    1.4971348e+01     9.1285917e-01
 4550.0 4650.0     8.9589963e-01    1.4742834e+01     9.1291840e-01
 4650.0 4750.0     9.0218660e-01    1.4517809e+01     9.1297763e-01
 4750.0 4850.0     9.0851769e-01    1.4296217e+01     9.1303686e-01
 4850.0 4950.0     9.1489320e-01    1.4078008e+01     9.1309609e-01
 4950.0 5050.0     9.2131345e-01    1.3863130e+01     9.1315532e-01
 5050.0 5150.0     9.2777876e-01    1.3651531e+01     9.1321455e-01
 5150.0 5250.0     9.3428944e-01    1.3443162e+01     9.1327378e-01
 5250.0 5350.0     9.4084581e-01    1.3237974e+01     9.1333300e-01
 5350.0 5450.0     9.4744819e-01    1.3035917e+01     9.1339223e-01
 5450.0 5550.0     9.5409689e-01    1.2836945e+01     9.1345146e-01
 5550.0 5650.0     9.6043051e-01    1.2642765e+01     9.1350371e-01
 5650.0 5750.0     9.6438702e-01    1.2463092e+01     9.1350944e-01
 5750.0 5850.0     9.6630665e-01    1.2295790e+01     9.1347563e-01
 5850.0 5950.0     9.6823010e-01    1.2130735e+01     9.1344182e-01
 5950.0 6050.0     9.7015738e-01    1.1967896e+01     9.1340801e-01
 6050.0 6150.0     9.7208850e-01    1.1807242e+01     9.1337420e-01
 6150.0 6250.0     9.7402346e-01    1.1648745e+01     9.1334038e-01
 6250.0 6350.0     9.7596227e-01    1.1492375e+01     9.1330657e-01
 6350.0 6450.0     9.7790495e-01    1.1338105e+01     9.1327276e-01
 6450.0 6550.0     9.7985148e-01    1.1185905e+01     9.1323895e-01
 6550.0 6650.0     9.8180190e-01    1.1035749e+01     9.1320513e-01
 6650.0 6750.0     9.8375619e-01    1.0887608e+01     9.1317132e-01
 6750.0 6850.0     9.8571438e-01    1.0741456e+01     9.1313751e-01
 6850.0 6950.0     9.8721984e-01    1.0588403e+01     9.1305559e-01
 6950.0 7050.0     9.8799124e-01    1.0423334e+01     9.1289607e-01
 7050.0 7150.0     9.8848336e-01    1.0255498e+01     9.1270706e-01
 7150.0 7250.0     9.8897573e-01    1.0090365e+01     9.1251806e-01
 7250.0 7350.0     9.8946835e-01    9.9278906e+00     9.1232905e-01
 7350.0 7450.0     9.8996121e-01    9.7680325e+00     9.1214005e-01
 7450.0 7550.0     9.9045432e-01    9.6107484e+00     9.1195104e-01
 7550.0 7650.0     9.9094767e-01    9.4559969e+00     9.1176204e-01
 7650.0 7750.0     9.9144127e-01    9.3037372e+00     9.1157304e-01
 7750.0 7850.0     9.9193511e-01    9.1539292e+00     9.1138403e-01
 7850.0 7950.0     9.9242920e-01    9.0065333e+00     9.1119503e-01
 7950.0 8050.0     9.9292354e-01    8.8615108e+00     9.1100602e-01
 8050.0 8150.0     9.9341812e-01    8.7188235e+00     9.1081702e-01
 8150.0 8250.0     9.9391295e-01    8.5784337e+00     9.1062801e-01
 8250.0 8350.0     9.9440803e-01    8.4403044e+00     9.1043901e-01
 8350.0 8450.0     9.9490335e-01    8.3043993e+00     9.1025000e-01
 8450.0 8550.0     9.9539892e-01    8.1706826e+00     9.1006100e-01
