 1216.0 1216.0     5.2619824e-01    8.3810970e+00     7.6929937e-01
 1300.0 1350.0     4.8379826e-01    8.6441353e+00     7.7350110e-01
 1350.0 1400.0     4.7062889e-01    8.7587910e+00     7.7342666e-01
 1400.0 1450.0     4.6466178e-01    8.8635651e+00     7.7071821e-01
 1450.0 1500.0     4.6040287e-01    8.9668319e+00     7.6737760e-01
 1500.0 1550.0     4.5618299e-01    9.0713019e+00     7.6403700e-01
 1550.0 1600.0     4.5200179e-01    9.1769890e+00     7.6069639e-01
 1600.0 1650.0     4.4834749e-01    9.2721891e+00     7.5668104e-01
 1650.0 1700.0     4.4600572e-01    9.3374433e+00     7.5089003e-01
 1700.0 1750.0     4.4447147e-01    9.3839663e+00     7.4399813e-01
 1754.0 1770.0     4.4333893e-01    9.4185164e+00     7.3889811e-01
 1770.0 1786.0     4.4285033e-01    9.4335077e+00     7.3669270e-01
 1786.0 1802.0     4.4236227e-01    9.4485228e+00     7.3448729e-01
 1802.0 1818.0     4.4187475e-01    9.4635618e+00     7.3228188e-01
 1818.0 1835.0     4.4137257e-01    9.4790962e+00     7.3000755e-01
 1835.0 1852.0     4.4085575e-01    9.4951277e+00     7.2766430e-01
 1852.0 1869.0     4.4033954e-01    9.5111863e+00     7.2532105e-01
 1869.0 1887.0     4.3980879e-01    9.5277459e+00     7.2290889e-01
 1887.0 1905.0     4.3926353e-01    9.5448084e+00     7.2042780e-01
 1905.0 1923.0     4.3871895e-01    9.5619014e+00     7.1794671e-01
 1923.0 1942.0     4.3815995e-01    9.5795015e+00     7.1539671e-01
 1942.0 1961.0     4.3758658e-01    9.5976106e+00     7.1277778e-01
 1961.0 1980.0     4.3719289e-01    9.6127090e+00     7.0963185e-01
 1980.0 2000.0     4.3708280e-01    9.6232340e+00     7.0553865e-01
 2000.0 2020.0     4.3707701e-01    9.6322179e+00     7.0102520e-01
 2020.0 2041.0     4.3707107e-01    9.6414352e+00     6.9639892e-01
 2041.0 2062.0     4.3706499e-01    9.6508863e+00     6.9165979e-01
 2062.0 2083.0     4.3705891e-01    9.6603466e+00     6.8692067e-01
 2083.0 2105.0     4.3705269e-01    9.6700420e+00     6.8206871e-01
 2105.0 2128.0     4.3704617e-01    9.6801987e+00     6.7699108e-01
 2128.0 2151.0     4.3703951e-01    9.6905920e+00     6.7180061e-01
 2151.0 2174.0     4.3703286e-01    9.7009965e+00     6.6661015e-01
 2174.0 2200.0     4.3702576e-01    9.7120922e+00     6.6108117e-01
 2200.0 2222.0     4.3701881e-01    9.7229729e+00     6.5566503e-01
 2222.0 2247.0     4.3701201e-01    9.7336396e+00     6.5036173e-01
 2247.0 2273.0     4.3700463e-01    9.7452270e+00     6.4460708e-01
 2273.0 2299.0     4.3699710e-01    9.7570557e+00     6.3873960e-01
 2299.0 2326.0     4.3698943e-01    9.7691269e+00     6.3275928e-01
 2326.0 2353.0     4.3698161e-01    9.7814409e+00     6.2666612e-01
 2353.0 2381.0     4.3697365e-01    9.7939992e+00     6.2046013e-01
 2381.0 2410.0     4.3684643e-01    9.8231459e+00     6.1563045e-01
 2410.0 2439.0     4.3658643e-01    9.8706219e+00     6.1247476e-01
 2439.0 2469.0     4.3630817e-01    9.9210582e+00     6.0945270e-01
 2469.0 2500.0     4.3602065e-01    9.9734752e+00     6.0632820e-01
 2500.0 2532.0     4.3572391e-01    1.0027902e+01     6.0310125e-01
 2532.0 2564.0     4.3542266e-01    1.0083494e+01     5.9982308e-01
 2564.0 2597.0     4.3511692e-01    1.0140272e+01     5.9649369e-01
 2597.0 2632.0     4.3479731e-01    1.0200016e+01     5.9301063e-01
 2632.0 2667.0     4.4311429e-01    1.0256490e+01     5.9297307e-01
 2667.0 2703.0     4.6262443e-01    1.0307478e+01     5.9728860e-01
 2703.0 2740.0     4.8554980e-01    1.0359014e+01     6.0248043e-01
 2740.0 2778.0     5.1028697e-01    1.0412231e+01     6.0781449e-01
 2778.0 2817.0     5.3699552e-01    1.0467151e+01     6.1329080e-01
 2817.0 2857.0     5.6585131e-01    1.0523798e+01     6.1890935e-01
 2857.0 2899.0     5.9745477e-01    1.0582924e+01     6.2474126e-01
 2899.0 2941.0     6.3163679e-01    1.0643831e+01     6.3071542e-01
 2941.0 2985.0     6.6283347e-01    1.0630705e+01     6.3182091e-01
 2985.0 3030.0     6.8893951e-01    1.0517351e+01     6.2630674e-01
 3030.0 3077.0     7.1493692e-01    1.0375857e+01     6.1888012e-01
 3077.0 3125.0     7.4280631e-01    1.0231736e+01     6.1121133e-01
 3125.0 3175.0     7.7270077e-01    1.0085172e+01     6.0330037e-01
 3175.0 3225.0     8.0443282e-01    9.9377599e+00     5.9522795e-01
 3225.0 3275.0     8.3433268e-01    9.7706089e+00     5.8728442e-01
 3275.0 3325.0     8.5211605e-01    9.5170540e+00     5.7987786e-01
 3325.0 3375.0     8.6029263e-01    9.2031816e+00     5.7287942e-01
 3375.0 3425.0     8.6854768e-01    8.8996608e+00     5.6588097e-01
 3425.0 3450.0     8.7478342e-01    8.6776926e+00     5.6063213e-01
 3450.0 3550.0     8.8473000e-01    8.3169576e+00     5.5212040e-01
 3550.0 3650.0     8.9366293e-01    7.6663752e+00     5.4131389e-01
 3650.0 3750.0     8.9581524e-01    6.9739268e+00     5.3322512e-01
 3750.0 3850.0     8.9797275e-01    6.3440223e+00     5.2513636e-01
 3850.0 3950.0     8.9969875e-01    5.7517367e+00     5.1827201e-01
 3950.0 4050.0     9.0085357e-01    5.1900631e+00     5.1301874e-01
 4050.0 4150.0     9.0194995e-01    4.6799231e+00     5.0830927e-01
 4150.0 4250.0     9.0350751e-01    4.2315838e+00     5.0452418e-01
 4250.0 4350.0     9.0544971e-01    3.8357224e+00     5.0150632e-01
 4350.0 4450.0     9.0740250e-01    3.4821432e+00     4.9867606e-01
 4450.0 4550.0     9.0938866e-01    3.1834618e+00     4.9669846e-01
 4550.0 4650.0     9.1140193e-01    2.9275387e+00     4.9538595e-01
 4650.0 4750.0     9.1341966e-01    2.6921897e+00     4.9407344e-01
 4750.0 4850.0     9.1544186e-01    2.4757607e+00     4.9276093e-01
 4850.0 4950.0     9.1746853e-01    2.2767308e+00     4.9144842e-01
 4950.0 5050.0     9.1949969e-01    2.0937011e+00     4.9013591e-01
 5050.0 5150.0     9.2153534e-01    1.9253855e+00     4.8882340e-01
 5150.0 5250.0     9.2357550e-01    1.7706010e+00     4.8751090e-01
 5250.0 5350.0     9.2562018e-01    1.6282599e+00     4.8619839e-01
 5350.0 5450.0     9.2766939e-01    1.4973617e+00     4.8488588e-01
 5450.0 5550.0     9.2972313e-01    1.3769867e+00     4.8357337e-01
 5550.0 5650.0     9.3178067e-01    1.2684156e+00     4.8231418e-01
 5650.0 5750.0     9.3383781e-01    1.1817884e+00     4.8141047e-01
 5750.0 5850.0     9.3589526e-01    1.1124385e+00     4.8080891e-01
 5850.0 5950.0     9.3795725e-01    1.0471581e+00     4.8020735e-01
 5950.0 6050.0     9.4002378e-01    9.8570859e-01     4.7960579e-01
 6050.0 6150.0     9.4209487e-01    9.2786505e-01     4.7900424e-01
 6150.0 6250.0     9.4417052e-01    8.7341589e-01     4.7840268e-01
 6250.0 6350.0     9.4625074e-01    8.2216193e-01     4.7780112e-01
 6350.0 6450.0     9.4833554e-01    7.7391567e-01     4.7719956e-01
 6450.0 6550.0     9.5042494e-01    7.2850060e-01     4.7659801e-01
 6550.0 6650.0     9.5251894e-01    6.8575059e-01     4.7599645e-01
 6650.0 6750.0     9.5461755e-01    6.4550924e-01     4.7539489e-01
 6750.0 6850.0     9.5672079e-01    6.0762934e-01     4.7479334e-01
 6850.0 6950.0     9.5852287e-01    5.7411974e-01     4.7417949e-01
 6950.0 7050.0     9.5983505e-01    5.4586989e-01     4.7354583e-01
 7050.0 7150.0     9.6096144e-01    5.2026929e-01     4.7290465e-01
 7150.0 7250.0     9.6208915e-01    4.9586932e-01     4.7226346e-01
 7250.0 7350.0     9.6321819e-01    4.7261367e-01     4.7162227e-01
 7350.0 7450.0     9.6434855e-01    4.5044869e-01     4.7098108e-01
 7450.0 7550.0     9.6548024e-01    4.2932322e-01     4.7033989e-01
 7550.0 7650.0     9.6661325e-01    4.0918850e-01     4.6969870e-01
 7650.0 7750.0     9.6774760e-01    3.8999808e-01     4.6905752e-01
 7750.0 7850.0     9.6888327e-01    3.7170767e-01     4.6841633e-01
 7850.0 7950.0     9.7002028e-01    3.5427505e-01     4.6777514e-01
 7950.0 8050.0     9.7115863e-01    3.3766000e-01     4.6713395e-01
 8050.0 8150.0     9.7229831e-01    3.2182417e-01     4.6649276e-01
 8150.0 8250.0     9.7343933e-01    3.0673103e-01     4.6585158e-01
 8250.0 8350.0     9.7458168e-01    2.9234573e-01     4.6521039e-01
 8350.0 8450.0     9.7572538e-01    2.7863509e-01     4.6456920e-01
 8450.0 8550.0     9.7687042e-01    2.6556745e-01     4.6392801e-01
