 1216.0 1216.0     3.7544587e-01    2.4309110e+01     9.2136518e-01
 1300.0 1350.0     3.4518360e-01    2.6024891e+01     9.2591713e-01
 1350.0 1400.0     3.3538514e-01    2.6667392e+01     9.2708408e-01
 1400.0 1450.0     3.3021178e-01    2.7085616e+01     9.2703907e-01
 1450.0 1500.0     3.2615256e-01    2.7452202e+01     9.2670319e-01
 1500.0 1550.0     3.2214324e-01    2.7823749e+01     9.2636731e-01
 1550.0 1600.0     3.1818320e-01    2.8200326e+01     9.2603143e-01
 1600.0 1650.0     3.1470573e-01    2.8538315e+01     9.2552267e-01
 1650.0 1700.0     3.1240445e-01    2.8765005e+01     9.2455895e-01
 1700.0 1750.0     3.1082529e-01    2.8921943e+01     9.2331316e-01
 1754.0 1770.0     3.0966097e-01    2.9038532e+01     9.2239128e-01
 1770.0 1786.0     3.0915922e-01    2.9089136e+01     9.2199262e-01
 1786.0 1802.0     3.0865828e-01    2.9139828e+01     9.2159397e-01
 1802.0 1818.0     3.0815815e-01    2.9190609e+01     9.2119532e-01
 1818.0 1835.0     3.0764325e-01    2.9243070e+01     9.2078421e-01
 1835.0 1852.0     3.0711364e-01    2.9297218e+01     9.2036064e-01
 1852.0 1869.0     3.0658494e-01    2.9351467e+01     9.1993707e-01
 1869.0 1887.0     3.0604165e-01    2.9407418e+01     9.1950104e-01
 1887.0 1905.0     3.0548383e-01    2.9465077e+01     9.1905256e-01
 1905.0 1923.0     3.0492703e-01    2.9522849e+01     9.1860407e-01
 1923.0 1942.0     3.0435583e-01    2.9582345e+01     9.1814313e-01
 1942.0 1961.0     3.0377030e-01    2.9643573e+01     9.1766973e-01
 1961.0 1980.0     3.0333803e-01    2.9692567e+01     9.1702192e-01
 1980.0 2000.0     3.0314464e-01    2.9722661e+01     9.1607098e-01
 2000.0 2020.0     3.0303746e-01    2.9746160e+01     9.1499132e-01
 2020.0 2041.0     3.0292764e-01    2.9770266e+01     9.1388466e-01
 2041.0 2062.0     3.0281518e-01    2.9794981e+01     9.1275101e-01
 2062.0 2083.0     3.0270276e-01    2.9819715e+01     9.1161736e-01
 2083.0 2105.0     3.0258771e-01    2.9845060e+01     9.1045672e-01
 2105.0 2128.0     3.0246736e-01    2.9871607e+01     9.0924209e-01
 2128.0 2151.0     3.0234438e-01    2.9898769e+01     9.0800048e-01
 2151.0 2174.0     3.0222145e-01    2.9925955e+01     9.0675886e-01
 2174.0 2200.0     3.0209056e-01    2.9954941e+01     9.0543627e-01
 2200.0 2222.0     3.0196239e-01    2.9983362e+01     9.0414067e-01
 2222.0 2247.0     3.0183695e-01    3.0011219e+01     9.0287206e-01
 2247.0 2273.0     3.0170089e-01    3.0041475e+01     9.0149549e-01
 2273.0 2299.0     3.0156222e-01    3.0072355e+01     9.0009192e-01
 2299.0 2326.0     3.0142096e-01    3.0103862e+01     8.9866136e-01
 2326.0 2353.0     3.0127710e-01    3.0135997e+01     8.9720381e-01
 2353.0 2381.0     3.0113064e-01    3.0168763e+01     8.9571927e-01
 2381.0 2410.0     3.0065718e-01    3.0245102e+01     8.9472559e-01
 2410.0 2439.0     2.9982342e-01    3.0369547e+01     8.9431263e-01
 2439.0 2469.0     2.9894006e-01    3.0501667e+01     8.9395650e-01
 2469.0 2500.0     2.9802950e-01    3.0638869e+01     8.9358829e-01
 2500.0 2532.0     2.9709199e-01    3.0781218e+01     8.9320801e-01
 2532.0 2564.0     2.9614260e-01    3.0926499e+01     8.9282170e-01
 2564.0 2597.0     2.9518150e-01    3.1074756e+01     8.9242935e-01
 2597.0 2632.0     2.9417941e-01    3.1230623e+01     8.9201889e-01
 2632.0 2667.0     2.9904771e-01    3.0986626e+01     8.9279545e-01
 2667.0 2703.0     3.1150757e-01    3.0252460e+01     8.9505448e-01
 2703.0 2740.0     3.2620038e-01    2.9432987e+01     8.9763222e-01
 2740.0 2778.0     3.4201779e-01    2.8614176e+01     9.0028058e-01
 2778.0 2817.0     3.5905527e-01    2.7797223e+01     9.0299956e-01
 2817.0 2857.0     3.7741772e-01    2.6983284e+01     9.0578917e-01
 2857.0 2899.0     3.9747786e-01    2.6163788e+01     9.0868471e-01
 2899.0 2941.0     4.1911926e-01    2.5349802e+01     9.1165088e-01
 2941.0 2985.0     4.4339768e-01    2.4392550e+01     9.1304028e-01
 2985.0 3030.0     4.7119502e-01    2.3243678e+01     9.1228917e-01
 3030.0 3077.0     5.0209929e-01    2.2064386e+01     9.1094512e-01
 3077.0 3125.0     5.3612783e-01    2.0909076e+01     9.0955724e-01
 3125.0 3175.0     5.7366262e-01    1.9780947e+01     9.0812553e-01
 3175.0 3225.0     6.1464427e-01    1.8691916e+01     9.0666461e-01
 3225.0 3275.0     6.5513681e-01    1.7726424e+01     9.0519978e-01
 3275.0 3325.0     6.8365958e-01    1.7069264e+01     9.0371871e-01
 3325.0 3375.0     7.0236757e-01    1.6633359e+01     9.0222529e-01
 3375.0 3425.0     7.2158749e-01    1.6208586e+01     9.0073188e-01
 3425.0 3450.0     7.3629650e-01    1.5896143e+01     8.9961182e-01
 3450.0 3550.0     7.6079120e-01    1.5409555e+01     8.9779973e-01
 3550.0 3650.0     7.8852845e-01    1.4819955e+01     8.9555108e-01
 3650.0 3750.0     8.0512503e-01    1.4413960e+01     8.9393127e-01
 3750.0 3850.0     8.2207094e-01    1.4019088e+01     8.9231146e-01
 3850.0 3950.0     8.3765342e-01    1.3650371e+01     8.9100936e-01
 3950.0 4050.0     8.5126382e-01    1.3311436e+01     8.9012529e-01
 4050.0 4150.0     8.6432083e-01    1.2988666e+01     8.8938161e-01
 4150.0 4250.0     8.7624572e-01    1.2691153e+01     8.8887362e-01
 4250.0 4350.0     8.8722810e-01    1.2414881e+01     8.8856125e-01
 4350.0 4450.0     8.9768577e-01    1.2147801e+01     8.8827804e-01
 4450.0 4550.0     9.0523841e-01    1.1900684e+01     8.8812738e-01
 4550.0 4650.0     9.1049437e-01    1.1669643e+01     8.8808010e-01
 4650.0 4750.0     9.1578084e-01    1.1443088e+01     8.8803282e-01
 4750.0 4850.0     9.2109800e-01    1.1220931e+01     8.8798554e-01
 4850.0 4950.0     9.2644604e-01    1.1003088e+01     8.8793827e-01
 4950.0 5050.0     9.3182513e-01    1.0789473e+01     8.8789099e-01
 5050.0 5150.0     9.3723545e-01    1.0580006e+01     8.8784371e-01
 5150.0 5250.0     9.4267719e-01    1.0374605e+01     8.8779643e-01
 5250.0 5350.0     9.4815052e-01    1.0173192e+01     8.8774915e-01
 5350.0 5450.0     9.5365562e-01    9.9756890e+00     8.8770187e-01
 5450.0 5550.0     9.5919270e-01    9.7820205e+00     8.8765459e-01
 5550.0 5650.0     9.6446731e-01    9.5926710e+00     8.8760035e-01
 5650.0 5750.0     9.6780173e-01    9.4106549e+00     8.8749968e-01
 5750.0 5850.0     9.6947588e-01    9.2352024e+00     8.8735955e-01
 5850.0 5950.0     9.7115293e-01    9.0630210e+00     8.8721942e-01
 5950.0 6050.0     9.7283288e-01    8.8940498e+00     8.8707929e-01
 6050.0 6150.0     9.7451574e-01    8.7282289e+00     8.8693916e-01
 6150.0 6250.0     9.7620151e-01    8.5654996e+00     8.8679903e-01
 6250.0 6350.0     9.7789019e-01    8.4058042e+00     8.8665890e-01
 6350.0 6450.0     9.7958179e-01    8.2490861e+00     8.8651877e-01
 6450.0 6550.0     9.8127633e-01    8.0952899e+00     8.8637864e-01
 6550.0 6650.0     9.8297379e-01    7.9443611e+00     8.8623851e-01
 6650.0 6750.0     9.8467419e-01    7.7962462e+00     8.8609838e-01
 6750.0 6850.0     9.8637753e-01    7.6508928e+00     8.8595825e-01
 6850.0 6950.0     9.8769573e-01    7.5020850e+00     8.8575231e-01
 6950.0 7050.0     9.8838983e-01    7.3463156e+00     8.8544023e-01
 7050.0 7150.0     9.8884655e-01    7.1900859e+00     8.8508782e-01
 7150.0 7250.0     9.8930349e-01    7.0371785e+00     8.8473541e-01
 7250.0 7350.0     9.8976063e-01    6.8875230e+00     8.8438300e-01
 7350.0 7450.0     9.9021798e-01    6.7410501e+00     8.8403059e-01
 7450.0 7550.0     9.9067555e-01    6.5976921e+00     8.8367817e-01
 7550.0 7650.0     9.9113332e-01    6.4573829e+00     8.8332576e-01
 7650.0 7750.0     9.9159131e-01    6.3200575e+00     8.8297335e-01
 7750.0 7850.0     9.9204951e-01    6.1856526e+00     8.8262094e-01
 7850.0 7950.0     9.9250792e-01    6.0541059e+00     8.8226853e-01
 7950.0 8050.0     9.9296654e-01    5.9253568e+00     8.8191612e-01
 8050.0 8150.0     9.9342538e-01    5.7993458e+00     8.8156371e-01
 8150.0 8250.0     9.9388442e-01    5.6760145e+00     8.8121130e-01
 8250.0 8350.0     9.9434368e-01    5.5553060e+00     8.8085888e-01
 8350.0 8450.0     9.9480315e-01    5.4371646e+00     8.8050647e-01
 8450.0 8550.0     9.9526284e-01    5.3215356e+00     8.8015406e-01
