 1216.0 1216.0     4.5432712e-01    1.8406407e+01     8.7576408e-01
 1300.0 1350.0     4.1936802e-01    1.9422888e+01     8.8139756e-01
 1350.0 1400.0     4.0817636e-01    1.9813173e+01     8.8263264e-01
 1400.0 1450.0     4.0253186e-01    2.0087925e+01     8.8209260e-01
 1450.0 1500.0     3.9821577e-01    2.0336608e+01     8.8112654e-01
 1500.0 1550.0     3.9394596e-01    2.0588371e+01     8.8016048e-01
 1550.0 1600.0     3.8972193e-01    2.0843250e+01     8.7919442e-01
 1600.0 1650.0     3.8600621e-01    2.1071832e+01     8.7793840e-01
 1650.0 1700.0     3.8354101e-01    2.1225174e+01     8.7591929e-01
 1700.0 1750.0     3.8184457e-01    2.1331404e+01     8.7342708e-01
 1754.0 1770.0     3.8059319e-01    2.1410296e+01     8.7158285e-01
 1770.0 1786.0     3.8005368e-01    2.1444528e+01     8.7078534e-01
 1786.0 1802.0     3.7951495e-01    2.1478815e+01     8.6998784e-01
 1802.0 1818.0     3.7897697e-01    2.1513157e+01     8.6919033e-01
 1818.0 1835.0     3.7842300e-01    2.1548630e+01     8.6836790e-01
 1835.0 1852.0     3.7785307e-01    2.1585238e+01     8.6752055e-01
 1852.0 1869.0     3.7728400e-01    2.1621908e+01     8.6667320e-01
 1869.0 1887.0     3.7669910e-01    2.1659723e+01     8.6580093e-01
 1887.0 1905.0     3.7609842e-01    2.1698687e+01     8.6490373e-01
 1905.0 1923.0     3.7549870e-01    2.1737720e+01     8.6400653e-01
 1923.0 1942.0     3.7488333e-01    2.1777913e+01     8.6308442e-01
 1942.0 1961.0     3.7425237e-01    2.1819267e+01     8.6213738e-01
 1961.0 1980.0     3.7379734e-01    2.1852958e+01     8.6091317e-01
 1980.0 2000.0     3.7361783e-01    2.1874888e+01     8.5920210e-01
 2000.0 2020.0     3.7353846e-01    2.1892770e+01     8.5728132e-01
 2020.0 2041.0     3.7345713e-01    2.1911113e+01     8.5531253e-01
 2041.0 2062.0     3.7337383e-01    2.1929920e+01     8.5329572e-01
 2062.0 2083.0     3.7329054e-01    2.1948743e+01     8.5127890e-01
 2083.0 2105.0     3.7320530e-01    2.1968031e+01     8.4921407e-01
 2105.0 2128.0     3.7311611e-01    2.1988234e+01     8.4705320e-01
 2128.0 2151.0     3.7302496e-01    2.2008905e+01     8.4484431e-01
 2151.0 2174.0     3.7293383e-01    2.2029596e+01     8.4263542e-01
 2174.0 2200.0     3.7283678e-01    2.2051658e+01     8.4028247e-01
 2200.0 2222.0     3.7274174e-01    2.2073289e+01     8.3797754e-01
 2222.0 2247.0     3.7264870e-01    2.2094492e+01     8.3572063e-01
 2247.0 2273.0     3.7254777e-01    2.2117523e+01     8.3327165e-01
 2273.0 2299.0     3.7244489e-01    2.2141029e+01     8.3077464e-01
 2299.0 2326.0     3.7234006e-01    2.2165013e+01     8.2822962e-01
 2326.0 2353.0     3.7223328e-01    2.2189476e+01     8.2563657e-01
 2353.0 2381.0     3.7212456e-01    2.2214421e+01     8.2299551e-01
 2381.0 2410.0     3.7170866e-01    2.2270938e+01     8.2111896e-01
 2410.0 2439.0     3.7095335e-01    2.2362287e+01     8.2015425e-01
 2439.0 2469.0     3.7015112e-01    2.2459215e+01     8.1927391e-01
 2469.0 2500.0     3.6932353e-01    2.2559872e+01     8.1836373e-01
 2500.0 2532.0     3.6847074e-01    2.2664301e+01     8.1742371e-01
 2532.0 2564.0     3.6760641e-01    2.2770880e+01     8.1646877e-01
 2564.0 2597.0     3.6673067e-01    2.2879641e+01     8.1549890e-01
 2597.0 2632.0     3.6581676e-01    2.2993982e+01     8.1448428e-01
 2632.0 2667.0     3.7193207e-01    2.2911395e+01     8.1539258e-01
 2667.0 2703.0     3.8713119e-01    2.2584239e+01     8.1871010e-01
 2703.0 2740.0     4.0500712e-01    2.2211086e+01     8.2253647e-01
 2740.0 2778.0     4.2423283e-01    2.1834130e+01     8.2646767e-01
 2778.0 2817.0     4.4492110e-01    2.1453777e+01     8.3050371e-01
 2817.0 2857.0     4.6719570e-01    2.1070430e+01     8.3464457e-01
 2857.0 2899.0     4.9150410e-01    2.0679812e+01     8.3894269e-01
 2899.0 2941.0     5.1770074e-01    2.0287086e+01     8.4334564e-01
 2941.0 2985.0     5.4478392e-01    1.9794969e+01     8.4519010e-01
 2985.0 3030.0     5.7267903e-01    1.9169917e+01     8.4356003e-01
 3030.0 3077.0     6.0258994e-01    1.8512268e+01     8.4095732e-01
 3077.0 3125.0     6.3510738e-01    1.7856721e+01     8.3826975e-01
 3125.0 3175.0     6.7050149e-01    1.7204909e+01     8.3549730e-01
 3175.0 3225.0     7.0863030e-01    1.6564076e+01     8.3266828e-01
 3225.0 3275.0     7.4555802e-01    1.5978224e+01     8.2984382e-01
 3275.0 3325.0     7.7008100e-01    1.5540279e+01     8.2703840e-01
 3325.0 3375.0     7.8458991e-01    1.5210951e+01     8.2424745e-01
 3375.0 3425.0     7.9937218e-01    1.4888603e+01     8.2145651e-01
 3425.0 3450.0     8.1061488e-01    1.4650702e+01     8.1936329e-01
 3450.0 3550.0     8.2905249e-01    1.4270207e+01     8.1597330e-01
 3550.0 3650.0     8.4908234e-01    1.3717337e+01     8.1172373e-01
 3650.0 3750.0     8.5990052e-01    1.3224690e+01     8.0860912e-01
 3750.0 3850.0     8.7085654e-01    1.2749735e+01     8.0549451e-01
 3850.0 3950.0     8.8079412e-01    1.2277957e+01     8.0294914e-01
 3950.0 4050.0     8.8931987e-01    1.1805559e+01     8.0115278e-01
 4050.0 4150.0     8.9744848e-01    1.1347666e+01     7.9960934e-01
 4150.0 4250.0     9.0499359e-01    1.0910588e+01     7.9849622e-01
 4250.0 4350.0     9.1205571e-01    1.0492866e+01     7.9774027e-01
 4350.0 4450.0     9.1878345e-01    1.0090173e+01     7.9705015e-01
 4450.0 4550.0     9.2378363e-01    9.6986835e+00     7.9665922e-01
 4550.0 4650.0     9.2742525e-01    9.3190990e+00     7.9650167e-01
 4650.0 4750.0     9.3108122e-01    8.9543706e+00     7.9634412e-01
 4750.0 4850.0     9.3475160e-01    8.6039168e+00     7.9618657e-01
 4850.0 4950.0     9.3843645e-01    8.2671790e+00     7.9602902e-01
 4950.0 5050.0     9.4213583e-01    7.9436204e+00     7.9587147e-01
 5050.0 5150.0     9.4584979e-01    7.6327251e+00     7.9571392e-01
 5150.0 5250.0     9.4957840e-01    7.3339975e+00     7.9555637e-01
 5250.0 5350.0     9.5332170e-01    7.0469615e+00     7.9539882e-01
 5350.0 5450.0     9.5707975e-01    6.7711594e+00     7.9524127e-01
 5450.0 5550.0     9.6085263e-01    6.5061516e+00     7.9508372e-01
 5550.0 5650.0     9.6446622e-01    6.2534464e+00     7.9492644e-01
 5650.0 5750.0     9.6693007e-01    6.0230302e+00     7.9477094e-01
 5750.0 5850.0     9.6841202e-01    5.8116646e+00     7.9461696e-01
 5850.0 5950.0     9.6989623e-01    5.6077165e+00     7.9446298e-01
 5950.0 6050.0     9.7138273e-01    5.4109254e+00     7.9430900e-01
 6050.0 6150.0     9.7287150e-01    5.2210404e+00     7.9415501e-01
 6150.0 6250.0     9.7436255e-01    5.0378189e+00     7.9400103e-01
 6250.0 6350.0     9.7585589e-01    4.8610273e+00     7.9384705e-01
 6350.0 6450.0     9.7735152e-01    4.6904397e+00     7.9369306e-01
 6450.0 6550.0     9.7884944e-01    4.5258386e+00     7.9353908e-01
 6550.0 6650.0     9.8034966e-01    4.3670138e+00     7.9338510e-01
 6650.0 6750.0     9.8185217e-01    4.2137626e+00     7.9323112e-01
 6750.0 6850.0     9.8335699e-01    4.0658895e+00     7.9307713e-01
 6850.0 6950.0     9.8455563e-01    3.9257048e+00     7.9284079e-01
 6950.0 7050.0     9.8525820e-01    3.7943358e+00     7.9247159e-01
 7050.0 7150.0     9.8577217e-01    3.6688448e+00     7.9205191e-01
 7150.0 7250.0     9.8628640e-01    3.5475043e+00     7.9163224e-01
 7250.0 7350.0     9.8680090e-01    3.4301769e+00     7.9121256e-01
 7350.0 7450.0     9.8731567e-01    3.3167299e+00     7.9079288e-01
 7450.0 7550.0     9.8783071e-01    3.2070349e+00     7.9037320e-01
 7550.0 7650.0     9.8834602e-01    3.1009679e+00     7.8995353e-01
 7650.0 7750.0     9.8886159e-01    2.9984089e+00     7.8953385e-01
 7750.0 7850.0     9.8937744e-01    2.8992419e+00     7.8911417e-01
 7850.0 7950.0     9.8989355e-01    2.8033546e+00     7.8869449e-01
 7950.0 8050.0     9.9040994e-01    2.7106386e+00     7.8827482e-01
 8050.0 8150.0     9.9092659e-01    2.6209891e+00     7.8785514e-01
 8150.0 8250.0     9.9144351e-01    2.5343045e+00     7.8743546e-01
 8250.0 8350.0     9.9196070e-01    2.4504869e+00     7.8701578e-01
 8350.0 8450.0     9.9247816e-01    2.3694414e+00     7.8659611e-01
 8450.0 8550.0     9.9299590e-01    2.2910763e+00     7.8617643e-01
