 1216.0 1216.0     4.6892179e-01    1.7592852e+01     8.6360887e-01
 1300.0 1350.0     4.3300156e-01    1.8503942e+01     8.6934250e-01
 1350.0 1400.0     4.2153762e-01    1.8857002e+01     8.7052445e-01
 1400.0 1450.0     4.1582298e-01    1.9111726e+01     8.6980092e-01
 1450.0 1500.0     4.1148345e-01    1.9344450e+01     8.6862009e-01
 1500.0 1550.0     4.0718920e-01    1.9580007e+01     8.6743925e-01
 1550.0 1600.0     4.0293978e-01    1.9818433e+01     8.6625841e-01
 1600.0 1650.0     3.9919877e-01    2.0032172e+01     8.6475981e-01
 1650.0 1700.0     3.9671046e-01    2.0175388e+01     8.6242500e-01
 1700.0 1750.0     3.9499243e-01    2.0274454e+01     8.5957173e-01
 1754.0 1770.0     3.9372505e-01    2.0348021e+01     8.5746031e-01
 1770.0 1786.0     3.9317861e-01    2.0379940e+01     8.5654727e-01
 1786.0 1802.0     3.9263294e-01    2.0411909e+01     8.5563422e-01
 1802.0 1818.0     3.9208801e-01    2.0443928e+01     8.5472118e-01
 1818.0 1835.0     3.9152687e-01    2.0477001e+01     8.5377960e-01
 1835.0 1852.0     3.9094955e-01    2.0511132e+01     8.5280949e-01
 1852.0 1869.0     3.9037308e-01    2.0545319e+01     8.5183938e-01
 1869.0 1887.0     3.8978055e-01    2.0580573e+01     8.5084073e-01
 1887.0 1905.0     3.8917202e-01    2.0616896e+01     8.4981356e-01
 1905.0 1923.0     3.8856444e-01    2.0653283e+01     8.4878638e-01
 1923.0 1942.0     3.8794099e-01    2.0690748e+01     8.4773067e-01
 1942.0 1961.0     3.8730171e-01    2.0729296e+01     8.4664643e-01
 1961.0 1980.0     3.8684444e-01    2.0760895e+01     8.4524926e-01
 1980.0 2000.0     3.8667261e-01    2.0781858e+01     8.4330202e-01
 2000.0 2020.0     3.8660476e-01    2.0799178e+01     8.4111763e-01
 2020.0 2041.0     3.8653521e-01    2.0816946e+01     8.3887863e-01
 2041.0 2062.0     3.8646399e-01    2.0835163e+01     8.3658502e-01
 2062.0 2083.0     3.8639277e-01    2.0853395e+01     8.3429141e-01
 2083.0 2105.0     3.8631988e-01    2.0872079e+01     8.3194319e-01
 2105.0 2128.0     3.8624361e-01    2.0891649e+01     8.2948575e-01
 2128.0 2151.0     3.8616566e-01    2.0911673e+01     8.2697371e-01
 2151.0 2174.0     3.8608772e-01    2.0931717e+01     8.2446166e-01
 2174.0 2200.0     3.8600472e-01    2.0953089e+01     8.2178578e-01
 2200.0 2222.0     3.8592343e-01    2.0974045e+01     8.1916451e-01
 2222.0 2247.0     3.8584386e-01    2.0994586e+01     8.1659785e-01
 2247.0 2273.0     3.8575752e-01    2.1016897e+01     8.1381276e-01
 2273.0 2299.0     3.8566952e-01    2.1039671e+01     8.1097305e-01
 2299.0 2326.0     3.8557984e-01    2.1062907e+01     8.0807873e-01
 2326.0 2353.0     3.8548849e-01    2.1086609e+01     8.0512981e-01
 2353.0 2381.0     3.8539547e-01    2.1110776e+01     8.0212627e-01
 2381.0 2410.0     3.8500578e-01    2.1165073e+01     7.9996657e-01
 2410.0 2439.0     3.8428794e-01    2.1252603e+01     7.9881529e-01
 2439.0 2469.0     3.8352478e-01    2.1345465e+01     7.9775601e-01
 2469.0 2500.0     3.8273735e-01    2.1441903e+01     7.9666083e-01
 2500.0 2532.0     3.8192579e-01    2.1541960e+01     7.9552974e-01
 2532.0 2564.0     3.8110310e-01    2.1644079e+01     7.9438070e-01
 2564.0 2597.0     3.8026938e-01    2.1748293e+01     7.9321370e-01
 2597.0 2632.0     3.7939915e-01    2.1857858e+01     7.9199285e-01
 2632.0 2667.0     3.8578140e-01    2.1802126e+01     7.9289385e-01
 2667.0 2703.0     4.0153570e-01    2.1540319e+01     7.9645549e-01
 2703.0 2740.0     4.2005586e-01    2.1239229e+01     8.0057647e-01
 2740.0 2778.0     4.3997342e-01    2.0934272e+01     8.0481036e-01
 2778.0 2817.0     4.6140506e-01    2.0625737e+01     8.0915714e-01
 2817.0 2857.0     4.8447881e-01    2.0313915e+01     8.1361683e-01
 2857.0 2899.0     5.0965792e-01    1.9995266e+01     8.1824588e-01
 2899.0 2941.0     5.3679140e-01    1.9673966e+01     8.2298783e-01
 2941.0 2985.0     5.6435806e-01    1.9255199e+01     8.2490195e-01
 2985.0 3030.0     5.9204783e-01    1.8706227e+01     8.2297536e-01
 3030.0 3077.0     6.2148404e-01    1.8123674e+01     8.1997055e-01
 3077.0 3125.0     6.5340823e-01    1.7541058e+01     8.1686776e-01
 3125.0 3175.0     6.8806921e-01    1.6959761e+01     8.1366699e-01
 3175.0 3225.0     7.2531339e-01    1.6386260e+01     8.1040090e-01
 3225.0 3275.0     7.6123962e-01    1.5856008e+01     8.0714469e-01
 3275.0 3325.0     7.8478587e-01    1.5440488e+01     8.0392970e-01
 3325.0 3375.0     7.9836804e-01    1.5109892e+01     8.0074604e-01
 3375.0 3425.0     8.1218528e-01    1.4786375e+01     7.9756237e-01
 3425.0 3450.0     8.2268220e-01    1.4547652e+01     7.9517462e-01
 3450.0 3550.0     8.3984210e-01    1.4163572e+01     7.9130744e-01
 3550.0 3650.0     8.5825344e-01    1.3578005e+01     7.8645753e-01
 3650.0 3750.0     8.6786794e-01    1.3028931e+01     7.8290025e-01
 3750.0 3850.0     8.7759014e-01    1.2502061e+01     7.7934296e-01
 3850.0 3950.0     8.8638408e-01    1.1976574e+01     7.7643047e-01
 3950.0 4050.0     8.9390024e-01    1.1447280e+01     7.7436641e-01
 4050.0 4150.0     9.0106493e-01    1.0935726e+01     7.7258910e-01
 4150.0 4250.0     9.0778155e-01    1.0449008e+01     7.7130085e-01
 4250.0 4350.0     9.1412835e-01    9.9855795e+00     7.7041852e-01
 4350.0 4450.0     9.2018410e-01    9.5423313e+00     7.6961454e-01
 4450.0 4550.0     9.2474999e-01    9.1171206e+00     7.6916669e-01
 4550.0 4650.0     9.2814540e-01    8.7095931e+00     7.6899662e-01
 4650.0 4750.0     9.3155328e-01    8.3202817e+00     7.6882655e-01
 4750.0 4850.0     9.3497367e-01    7.9483722e+00     7.6865648e-01
 4850.0 4950.0     9.3840662e-01    7.5930867e+00     7.6848641e-01
 4950.0 5050.0     9.4185217e-01    7.2536822e+00     7.6831635e-01
 5050.0 5150.0     9.4531037e-01    6.9294488e+00     7.6814628e-01
 5150.0 5250.0     9.4878127e-01    6.6197083e+00     7.6797621e-01
 5250.0 5350.0     9.5226492e-01    6.3238130e+00     7.6780614e-01
 5350.0 5450.0     9.5576135e-01    6.0411440e+00     7.6763607e-01
 5450.0 5550.0     9.5927063e-01    5.7711100e+00     7.6746600e-01
 5550.0 5650.0     9.6264046e-01    5.5156997e+00     7.6729999e-01
 5650.0 5750.0     9.6500465e-01    5.2880271e+00     7.6716100e-01
 5750.0 5850.0     9.6651024e-01    5.0836682e+00     7.6704498e-01
 5850.0 5950.0     9.6801819e-01    4.8872068e+00     7.6692897e-01
 5950.0 6050.0     9.6952849e-01    4.6983378e+00     7.6681295e-01
 6050.0 6150.0     9.7104114e-01    4.5167677e+00     7.6669693e-01
 6150.0 6250.0     9.7255616e-01    4.3422145e+00     7.6658091e-01
 6250.0 6350.0     9.7407354e-01    4.1744071e+00     7.6646490e-01
 6350.0 6450.0     9.7559328e-01    4.0130846e+00     7.6634888e-01
 6450.0 6550.0     9.7711540e-01    3.8579966e+00     7.6623286e-01
 6550.0 6650.0     9.7863989e-01    3.7089020e+00     7.6611684e-01
 6650.0 6750.0     9.8016676e-01    3.5655693e+00     7.6600083e-01
 6750.0 6850.0     9.8169601e-01    3.4277757e+00     7.6588481e-01
 6850.0 6950.0     9.8292422e-01    3.2989673e+00     7.6568647e-01
 6950.0 7050.0     9.8366457e-01    3.1808287e+00     7.6535534e-01
 7050.0 7150.0     9.8421947e-01    3.0690876e+00     7.6497376e-01
 7150.0 7250.0     9.8477467e-01    2.9612719e+00     7.6459217e-01
 7250.0 7350.0     9.8533019e-01    2.8572437e+00     7.6421059e-01
 7350.0 7450.0     9.8588602e-01    2.7568700e+00     7.6382901e-01
 7450.0 7550.0     9.8644217e-01    2.6600223e+00     7.6344743e-01
 7550.0 7650.0     9.8699863e-01    2.5665769e+00     7.6306584e-01
 7650.0 7750.0     9.8755540e-01    2.4764142e+00     7.6268426e-01
 7750.0 7850.0     9.8811249e-01    2.3894188e+00     7.6230268e-01
 7850.0 7950.0     9.8866989e-01    2.3054796e+00     7.6192109e-01
 7950.0 8050.0     9.8922760e-01    2.2244891e+00     7.6153951e-01
 8050.0 8150.0     9.8978563e-01    2.1463438e+00     7.6115793e-01
 8150.0 8250.0     9.9034398e-01    2.0709436e+00     7.6077635e-01
 8250.0 8350.0     9.9090264e-01    1.9981923e+00     7.6039476e-01
 8350.0 8450.0     9.9146161e-01    1.9279967e+00     7.6001318e-01
 8450.0 8550.0     9.9202090e-01    1.8602670e+00     7.5963160e-01
