 1216.0 1216.0     3.8666816e-01    2.2849797e+01     9.1630621e-01
 1300.0 1350.0     3.5571571e-01    2.4416683e+01     9.2105028e-01
 1350.0 1400.0     3.4571370e-01    2.5004919e+01     9.2225250e-01
 1400.0 1450.0     3.4047328e-01    2.5391227e+01     9.2217320e-01
 1450.0 1500.0     3.3637859e-01    2.5731138e+01     9.2178633e-01
 1500.0 1550.0     3.3233314e-01    2.6075599e+01     9.2139947e-01
 1550.0 1600.0     3.2833635e-01    2.6424672e+01     9.2101260e-01
 1600.0 1650.0     3.2482256e-01    2.6737826e+01     9.2044097e-01
 1650.0 1700.0     3.2248737e-01    2.6947512e+01     9.1938309e-01
 1700.0 1750.0     3.2087601e-01    2.7092360e+01     9.1802374e-01
 1754.0 1770.0     3.1968789e-01    2.7199960e+01     9.1701782e-01
 1770.0 1786.0     3.1917585e-01    2.7246661e+01     9.1658283e-01
 1786.0 1802.0     3.1866464e-01    2.7293441e+01     9.1614784e-01
 1802.0 1818.0     3.1815425e-01    2.7340302e+01     9.1571285e-01
 1818.0 1835.0     3.1762878e-01    2.7388712e+01     9.1526426e-01
 1835.0 1852.0     3.1708828e-01    2.7438678e+01     9.1480208e-01
 1852.0 1869.0     3.1654870e-01    2.7488735e+01     9.1433990e-01
 1869.0 1887.0     3.1599422e-01    2.7540361e+01     9.1386413e-01
 1887.0 1905.0     3.1542489e-01    2.7593562e+01     9.1337477e-01
 1905.0 1923.0     3.1485660e-01    2.7646866e+01     9.1288540e-01
 1923.0 1942.0     3.1427360e-01    2.7701759e+01     9.1238244e-01
 1942.0 1961.0     3.1367595e-01    2.7758248e+01     9.1186589e-01
 1961.0 1980.0     3.1323647e-01    2.7803571e+01     9.1116348e-01
 1980.0 2000.0     3.1304371e-01    2.7831659e+01     9.1013772e-01
 2000.0 2020.0     3.1294010e-01    2.7853745e+01     9.0897446e-01
 2020.0 2041.0     3.1283393e-01    2.7876401e+01     9.0778212e-01
 2041.0 2062.0     3.1272521e-01    2.7899629e+01     9.0656069e-01
 2062.0 2083.0     3.1261653e-01    2.7922876e+01     9.0533927e-01
 2083.0 2105.0     3.1250530e-01    2.7946697e+01     9.0408877e-01
 2105.0 2128.0     3.1238894e-01    2.7971648e+01     9.0278010e-01
 2128.0 2151.0     3.1227004e-01    2.7997176e+01     9.0144236e-01
 2151.0 2174.0     3.1215118e-01    2.8022727e+01     9.0010461e-01
 2174.0 2200.0     3.1202462e-01    2.8049971e+01     8.9867961e-01
 2200.0 2222.0     3.1190070e-01    2.8076683e+01     8.9728370e-01
 2222.0 2247.0     3.1177940e-01    2.8102865e+01     8.9591687e-01
 2247.0 2273.0     3.1164784e-01    2.8131302e+01     8.9443372e-01
 2273.0 2299.0     3.1151375e-01    2.8160327e+01     8.9292148e-01
 2299.0 2326.0     3.1137714e-01    2.8189940e+01     8.9138016e-01
 2326.0 2353.0     3.1123802e-01    2.8220144e+01     8.8980976e-01
 2353.0 2381.0     3.1109638e-01    2.8250941e+01     8.8821028e-01
 2381.0 2410.0     3.1062530e-01    2.8322247e+01     8.8713219e-01
 2410.0 2439.0     3.0979105e-01    2.8438270e+01     8.8667143e-01
 2439.0 2469.0     3.0890681e-01    2.8561431e+01     8.8627075e-01
 2469.0 2500.0     3.0799526e-01    2.8689328e+01     8.8585649e-01
 2500.0 2532.0     3.0705664e-01    2.8822020e+01     8.8542864e-01
 2532.0 2564.0     3.0610603e-01    2.8957441e+01     8.8499401e-01
 2564.0 2597.0     3.0514360e-01    2.9095635e+01     8.8455258e-01
 2597.0 2632.0     3.0414001e-01    2.9240918e+01     8.8409078e-01
 2632.0 2667.0     3.0917233e-01    2.9026988e+01     8.8489512e-01
 2667.0 2703.0     3.2200929e-01    2.8372102e+01     8.8728127e-01
 2703.0 2740.0     3.3714154e-01    2.7639653e+01     8.9000687e-01
 2740.0 2778.0     3.5342929e-01    2.6906824e+01     8.9280713e-01
 2778.0 2817.0     3.7097036e-01    2.6174663e+01     8.9568208e-01
 2817.0 2857.0     3.8987223e-01    2.5444186e+01     8.9863169e-01
 2857.0 2899.0     4.1051784e-01    2.4707653e+01     9.0169332e-01
 2899.0 2941.0     4.3278672e-01    2.3974999e+01     9.0482962e-01
 2941.0 2985.0     4.5750096e-01    2.3111130e+01     9.0628332e-01
 2985.0 3030.0     4.8543157e-01    2.2071590e+01     9.0545275e-01
 3030.0 3077.0     5.1634574e-01    2.1001941e+01     9.0398869e-01
 3077.0 3125.0     5.5032373e-01    1.9951507e+01     9.0247689e-01
 3125.0 3175.0     5.8773218e-01    1.8923196e+01     9.0091736e-01
 3175.0 3225.0     6.2849823e-01    1.7927991e+01     8.9932599e-01
 3225.0 3275.0     6.6866658e-01    1.7043158e+01     8.9773092e-01
 3275.0 3325.0     6.9674390e-01    1.6438137e+01     8.9612045e-01
 3325.0 3375.0     7.1492857e-01    1.6034450e+01     8.9449826e-01
 3375.0 3425.0     7.3358785e-01    1.5640676e+01     8.9287608e-01
 3425.0 3450.0     7.4785467e-01    1.5350816e+01     8.9165944e-01
 3450.0 3550.0     7.7156248e-01    1.4898044e+01     8.8969043e-01
 3550.0 3650.0     7.9828795e-01    1.4340729e+01     8.8723880e-01
 3650.0 3750.0     8.1411258e-01    1.3946298e+01     8.8546247e-01
 3750.0 3850.0     8.3025091e-01    1.3562717e+01     8.8368615e-01
 3850.0 3950.0     8.4505963e-01    1.3201170e+01     8.8225228e-01
 3950.0 4050.0     8.5795833e-01    1.2864294e+01     8.8126903e-01
 4050.0 4150.0     8.7031662e-01    1.2542137e+01     8.8043713e-01
 4150.0 4250.0     8.8160587e-01    1.2242945e+01     8.7985935e-01
 4250.0 4350.0     8.9200546e-01    1.1963217e+01     8.7949251e-01
 4350.0 4450.0     9.0190391e-01    1.1691994e+01     8.7915773e-01
 4450.0 4550.0     9.0906107e-01    1.1436367e+01     8.7896868e-01
 4550.0 4650.0     9.1405274e-01    1.1193666e+01     8.7889331e-01
 4650.0 4750.0     9.1907181e-01    1.0956116e+01     8.7881793e-01
 4750.0 4850.0     9.2411845e-01    1.0723607e+01     8.7874255e-01
 4850.0 4950.0     9.2919280e-01    1.0496032e+01     8.7866717e-01
 4950.0 5050.0     9.3429501e-01    1.0273287e+01     8.7859180e-01
 5050.0 5150.0     9.3942524e-01    1.0055269e+01     8.7851642e-01
 5150.0 5250.0     9.4458364e-01    9.8418776e+00     8.7844104e-01
 5250.0 5350.0     9.4977036e-01    9.6330148e+00     8.7836567e-01
 5350.0 5450.0     9.5498556e-01    9.4285845e+00     8.7829029e-01
 5450.0 5550.0     9.6022940e-01    9.2284925e+00     8.7821491e-01
 5550.0 5650.0     9.6522580e-01    9.0330932e+00     8.7813259e-01
 5650.0 5750.0     9.6840203e-01    8.8447544e+00     8.7800397e-01
 5750.0 5850.0     9.7002123e-01    8.6628200e+00     8.7783599e-01
 5850.0 5950.0     9.7164315e-01    8.4846279e+00     8.7766801e-01
 5950.0 6050.0     9.7326777e-01    8.3101012e+00     8.7750003e-01
 6050.0 6150.0     9.7489511e-01    8.1391644e+00     8.7733205e-01
 6150.0 6250.0     9.7652517e-01    7.9717438e+00     8.7716408e-01
 6250.0 6350.0     9.7815796e-01    7.8077670e+00     8.7699610e-01
 6350.0 6450.0     9.7979348e-01    7.6471631e+00     8.7682812e-01
 6450.0 6550.0     9.8143173e-01    7.4898628e+00     8.7666014e-01
 6550.0 6650.0     9.8307272e-01    7.3357982e+00     8.7649217e-01
 6650.0 6750.0     9.8471646e-01    7.1849026e+00     8.7632419e-01
 6750.0 6850.0     9.8636294e-01    7.0371109e+00     8.7615621e-01
 6850.0 6950.0     9.8764060e-01    6.8872430e+00     8.7591833e-01
 6950.0 7050.0     9.8832067e-01    6.7323914e+00     8.7556770e-01
 7050.0 7150.0     9.8877344e-01    6.5779599e+00     8.7517423e-01
 7150.0 7250.0     9.8922643e-01    6.4270708e+00     8.7478076e-01
 7250.0 7350.0     9.8967962e-01    6.2796430e+00     8.7438729e-01
 7350.0 7450.0     9.9013302e-01    6.1355969e+00     8.7399382e-01
 7450.0 7550.0     9.9058663e-01    5.9948550e+00     8.7360034e-01
 7550.0 7650.0     9.9104045e-01    5.8573416e+00     8.7320687e-01
 7650.0 7750.0     9.9149447e-01    5.7229825e+00     8.7281340e-01
 7750.0 7850.0     9.9194870e-01    5.5917054e+00     8.7241993e-01
 7850.0 7950.0     9.9240314e-01    5.4634396e+00     8.7202646e-01
 7950.0 8050.0     9.9285779e-01    5.3381161e+00     8.7163299e-01
 8050.0 8150.0     9.9331264e-01    5.2156673e+00     8.7123952e-01
 8150.0 8250.0     9.9376771e-01    5.0960273e+00     8.7084604e-01
 8250.0 8350.0     9.9422298e-01    4.9791317e+00     8.7045257e-01
 8350.0 8450.0     9.9467846e-01    4.8649175e+00     8.7005910e-01
 8450.0 8550.0     9.9513415e-01    4.7533232e+00     8.6966563e-01
