 1216.0 1216.0     3.6251763e-01    2.6747278e+01     9.2679059e-01
 1300.0 1350.0     3.3299442e-01    2.8692647e+01     9.3113044e-01
 1350.0 1400.0     3.2341794e-01    2.9419461e+01     9.3229173e-01
 1400.0 1450.0     3.1832366e-01    2.9888574e+01     9.3236162e-01
 1450.0 1500.0     3.1431038e-01    3.0298246e+01     9.3216958e-01
 1500.0 1550.0     3.1034770e-01    3.0713534e+01     9.3197754e-01
 1550.0 1600.0     3.0643497e-01    3.1134514e+01     9.3178550e-01
 1600.0 1650.0     3.0300706e-01    3.1512701e+01     9.3139906e-01
 1650.0 1700.0     3.0075987e-01    3.1767243e+01     9.3050107e-01
 1700.0 1750.0     2.9923728e-01    3.1944289e+01     9.2928592e-01
 1754.0 1770.0     2.9811467e-01    3.2075827e+01     9.2838670e-01
 1770.0 1786.0     2.9763089e-01    3.2132924e+01     9.2799785e-01
 1786.0 1802.0     2.9714790e-01    3.2190122e+01     9.2760900e-01
 1802.0 1818.0     2.9666570e-01    3.2247422e+01     9.2722015e-01
 1818.0 1835.0     2.9616925e-01    3.2306622e+01     9.2681915e-01
 1835.0 1852.0     2.9565862e-01    3.2367727e+01     9.2640600e-01
 1852.0 1869.0     2.9514887e-01    3.2428948e+01     9.2599284e-01
 1869.0 1887.0     2.9462506e-01    3.2492093e+01     9.2556754e-01
 1887.0 1905.0     2.9408723e-01    3.2557167e+01     9.2513008e-01
 1905.0 1923.0     2.9355039e-01    3.2622373e+01     9.2469262e-01
 1923.0 1942.0     2.9299967e-01    3.2689527e+01     9.2424302e-01
 1942.0 1961.0     2.9243513e-01    3.2758638e+01     9.2378126e-01
 1961.0 1980.0     2.9201511e-01    3.2813704e+01     9.2316688e-01
 1980.0 2000.0     2.9181999e-01    3.2847037e+01     9.2228600e-01
 2000.0 2020.0     2.9170581e-01    3.2872766e+01     9.2129122e-01
 2020.0 2041.0     2.9158883e-01    3.2899160e+01     9.2027158e-01
 2041.0 2062.0     2.9146905e-01    3.2926218e+01     9.1922706e-01
 2062.0 2083.0     2.9134931e-01    3.2953299e+01     9.1818255e-01
 2083.0 2105.0     2.9122678e-01    3.2981049e+01     9.1711317e-01
 2105.0 2128.0     2.9109860e-01    3.3010113e+01     9.1599404e-01
 2128.0 2151.0     2.9096763e-01    3.3039850e+01     9.1485005e-01
 2151.0 2174.0     2.9083672e-01    3.3069614e+01     9.1370606e-01
 2174.0 2200.0     2.9069733e-01    3.3101349e+01     9.1248746e-01
 2200.0 2222.0     2.9056086e-01    3.3132464e+01     9.1129373e-01
 2222.0 2247.0     2.9042729e-01    3.3162961e+01     9.1012487e-01
 2247.0 2273.0     2.9028242e-01    3.3196085e+01     9.0885653e-01
 2273.0 2299.0     2.9013479e-01    3.3229892e+01     9.0756332e-01
 2299.0 2326.0     2.8998439e-01    3.3264385e+01     9.0624524e-01
 2326.0 2353.0     2.8983124e-01    3.3299565e+01     9.0490229e-01
 2353.0 2381.0     2.8967533e-01    3.3335436e+01     9.0353448e-01
 2381.0 2410.0     2.8919595e-01    3.3419874e+01     9.0262572e-01
 2410.0 2439.0     2.8836046e-01    3.3557950e+01     9.0225960e-01
 2439.0 2469.0     2.8747591e-01    3.3704572e+01     9.0194689e-01
 2469.0 2500.0     2.8656422e-01    3.3856837e+01     9.0162357e-01
 2500.0 2532.0     2.8562567e-01    3.4014818e+01     9.0128966e-01
 2532.0 2564.0     2.8467536e-01    3.4176054e+01     9.0095044e-01
 2564.0 2597.0     2.8371345e-01    3.4340599e+01     9.0060593e-01
 2597.0 2632.0     2.8271065e-01    3.4513592e+01     9.0024551e-01
 2632.0 2667.0     2.8739058e-01    3.4225143e+01     9.0098738e-01
 2667.0 2703.0     2.9942059e-01    3.3371898e+01     9.0310546e-01
 2703.0 2740.0     3.1361298e-01    3.2421530e+01     9.0551994e-01
 2740.0 2778.0     3.2889512e-01    3.1473305e+01     9.0800057e-01
 2778.0 2817.0     3.4535985e-01    3.0528637e+01     9.1054735e-01
 2817.0 2857.0     3.6310923e-01    2.9588894e+01     9.1316028e-01
 2857.0 2899.0     3.8250439e-01    2.8644232e+01     9.1587244e-01
 2899.0 2941.0     4.0343362e-01    2.7707429e+01     9.1865075e-01
 2941.0 2985.0     4.2719774e-01    2.6607656e+01     9.1996504e-01
 2985.0 3030.0     4.5479578e-01    2.5290245e+01     9.1929198e-01
 3030.0 3077.0     4.8562979e-01    2.3941391e+01     9.1806899e-01
 3077.0 3125.0     5.1965215e-01    2.2623625e+01     9.1680612e-01
 3125.0 3175.0     5.5726220e-01    2.1340575e+01     9.1550337e-01
 3175.0 3225.0     5.9841673e-01    2.0105605e+01     9.1417403e-01
 3225.0 3275.0     6.3920950e-01    1.9013989e+01     9.1284101e-01
 3275.0 3325.0     6.6819469e-01    1.8273485e+01     9.1149264e-01
 3325.0 3375.0     6.8747378e-01    1.7784180e+01     9.1013261e-01
 3375.0 3425.0     7.0730912e-01    1.7307976e+01     9.0877258e-01
 3425.0 3450.0     7.2250550e-01    1.6958039e+01     9.0775256e-01
 3450.0 3550.0     7.4787475e-01    1.6414847e+01     9.0610301e-01
 3550.0 3650.0     7.7674829e-01    1.5766591e+01     9.0406468e-01
 3650.0 3750.0     7.9422667e-01    1.5332391e+01     9.0260708e-01
 3750.0 3850.0     8.1209835e-01    1.4910150e+01     9.0114947e-01
 3850.0 3950.0     8.2857197e-01    1.4519622e+01     8.9998577e-01
 3950.0 4050.0     8.4300629e-01    1.4165635e+01     8.9920877e-01
 4050.0 4150.0     8.5687517e-01    1.3830053e+01     8.9856148e-01
 4150.0 4250.0     8.6954276e-01    1.3523076e+01     8.9813125e-01
 4250.0 4350.0     8.8120984e-01    1.3240010e+01     8.9788117e-01
 4350.0 4450.0     8.9232672e-01    1.2967538e+01     8.9765756e-01
 4450.0 4550.0     9.0035136e-01    1.2721586e+01     8.9755424e-01
 4550.0 4650.0     9.0592894e-01    1.2496563e+01     8.9754474e-01
 4650.0 4750.0     9.1154108e-01    1.2275520e+01     8.9753524e-01
 4750.0 4850.0     9.1718798e-01    1.2058387e+01     8.9752575e-01
 4850.0 4950.0     9.2286987e-01    1.1845094e+01     8.9751625e-01
 4950.0 5050.0     9.2858695e-01    1.1635575e+01     8.9750675e-01
 5050.0 5150.0     9.3433945e-01    1.1429761e+01     8.9749726e-01
 5150.0 5250.0     9.4012758e-01    1.1227588e+01     8.9748776e-01
 5250.0 5350.0     9.4595158e-01    1.1028991e+01     8.9747827e-01
 5350.0 5450.0     9.5181165e-01    1.0833907e+01     8.9746877e-01
 5450.0 5550.0     9.5770802e-01    1.0642273e+01     8.9745927e-01
 5550.0 5650.0     9.6332427e-01    1.0454850e+01     8.9744314e-01
 5650.0 5750.0     9.6685654e-01    1.0276121e+01     8.9738276e-01
 5750.0 5850.0     9.6860474e-01    1.0105021e+01     8.9728477e-01
 5850.0 5950.0     9.7035611e-01    9.9367701e+00     8.9718678e-01
 5950.0 6050.0     9.7211064e-01    9.7713207e+00     8.9708880e-01
 6050.0 6150.0     9.7386834e-01    9.6086260e+00     8.9699081e-01
 6150.0 6250.0     9.7562922e-01    9.4486402e+00     8.9689282e-01
 6250.0 6350.0     9.7739329e-01    9.2913182e+00     8.9679483e-01
 6350.0 6450.0     9.7916055e-01    9.1366156e+00     8.9669684e-01
 6450.0 6550.0     9.8093100e-01    8.9844889e+00     8.9659885e-01
 6550.0 6650.0     9.8270465e-01    8.8348952e+00     8.9650086e-01
 6650.0 6750.0     9.8448151e-01    8.6877922e+00     8.9640288e-01
 6750.0 6850.0     9.8626158e-01    8.5431385e+00     8.9630489e-01
 6850.0 6950.0     9.8763553e-01    8.3936403e+00     8.9614657e-01
 6950.0 7050.0     9.8835126e-01    8.2351541e+00     8.9589094e-01
 7050.0 7150.0     9.8881662e-01    8.0753052e+00     8.9559835e-01
 7150.0 7250.0     9.8928219e-01    7.9185590e+00     8.9530575e-01
 7250.0 7350.0     9.8974798e-01    7.7648553e+00     8.9501315e-01
 7350.0 7450.0     9.9021398e-01    7.6141351e+00     8.9472055e-01
 7450.0 7550.0     9.9068021e-01    7.4663404e+00     8.9442795e-01
 7550.0 7650.0     9.9114666e-01    7.3214146e+00     8.9413535e-01
 7650.0 7750.0     9.9161333e-01    7.1793018e+00     8.9384275e-01
 7750.0 7850.0     9.9208022e-01    7.0399475e+00     8.9355015e-01
 7850.0 7950.0     9.9254732e-01    6.9032982e+00     8.9325755e-01
 7950.0 8050.0     9.9301465e-01    6.7693013e+00     8.9296495e-01
 8050.0 8150.0     9.9348220e-01    6.6379054e+00     8.9267235e-01
 8150.0 8250.0     9.9394997e-01    6.5090599e+00     8.9237975e-01
 8250.0 8350.0     9.9441795e-01    6.3827154e+00     8.9208715e-01
 8350.0 8450.0     9.9488616e-01    6.2588233e+00     8.9179455e-01
 8450.0 8550.0     9.9535459e-01    6.1373360e+00     8.9150195e-01
