 1216.0 1216.0     2.6666116e-03    1.1597698e-01     9.9247365e-04
 1300.0 1350.0     1.6181796e-03    1.1668576e-01     1.3777548e-03
 1350.0 1400.0     1.3317280e-03    1.1564272e-01     1.4606019e-03
 1400.0 1450.0     1.1607527e-03    1.1283845e-01     1.4199133e-03
 1450.0 1500.0     1.0259294e-03    1.0968671e-01     1.3495761e-03
 1500.0 1550.0     9.0676610e-04    1.0662300e-01     1.2792390e-03
 1550.0 1600.0     8.0144378e-04    1.0364486e-01     1.2089019e-03
 1600.0 1650.0     7.1262864e-04    1.0064842e-01     1.1437249e-03
 1650.0 1700.0     6.4430386e-04    9.7477051e-02     1.0921276e-03
 1700.0 1750.0     5.8894138e-04    9.4245681e-02     1.0489496e-03
 1754.0 1770.0     5.5056054e-04    9.1911911e-02     1.0169979e-03
 1770.0 1786.0     5.3495728e-04    9.0925709e-02     1.0031809e-03
 1786.0 1802.0     5.1979624e-04    8.9950090e-02     9.8936399e-04
 1802.0 1818.0     5.0506487e-04    8.8984939e-02     9.7554704e-04
 1818.0 1835.0     4.9031681e-04    8.8000637e-02     9.6129830e-04
 1835.0 1852.0     4.7556561e-04    8.6997726e-02     9.4661778e-04
 1852.0 1869.0     4.6125819e-04    8.6006244e-02     9.3193727e-04
 1869.0 1887.0     4.4698577e-04    8.4997573e-02     9.1682497e-04
 1887.0 1905.0     4.3275986e-04    8.3972250e-02     9.0128089e-04
 1905.0 1923.0     4.1898672e-04    8.2959296e-02     8.8573682e-04
 1923.0 1942.0     4.0529368e-04    8.1931108e-02     8.6976096e-04
 1942.0 1961.0     3.9169023e-04    8.0888219e-02     8.5335333e-04
 1961.0 1980.0     3.7946243e-04    7.9912569e-02     8.3867817e-04
 1980.0 2000.0     3.6880810e-04    7.9011798e-02     8.2645867e-04
 2000.0 2020.0     3.5872356e-04    7.8130291e-02     8.1496237e-04
 2020.0 2041.0     3.4867645e-04    7.7237076e-02     8.0317866e-04
 2041.0 2062.0     3.3867259e-04    7.6332537e-02     7.9110754e-04
 2062.0 2083.0     3.2895575e-04    7.5438591e-02     7.7903642e-04
 2083.0 2105.0     3.1929960e-04    7.4534332e-02     7.6667790e-04
 2105.0 2128.0     3.0949772e-04    7.3599619e-02     7.5374456e-04
 2128.0 2151.0     2.9978565e-04    7.2656118e-02     7.4052381e-04
 2151.0 2174.0     2.9037833e-04    7.1724711e-02     7.2730306e-04
 2174.0 2200.0     2.8069190e-04    7.0746100e-02     7.1322009e-04
 2200.0 2222.0     2.7149460e-04    6.9799486e-02     6.9942452e-04
 2222.0 2247.0     2.6280176e-04    6.8885758e-02     6.8591637e-04
 2247.0 2273.0     2.5367746e-04    6.7907520e-02     6.7125858e-04
 2273.0 2299.0     2.4469730e-04    6.6924266e-02     6.5631339e-04
 2299.0 2326.0     2.3587450e-04    6.5936890e-02     6.4108078e-04
 2326.0 2353.0     2.2720938e-04    6.4945726e-02     6.2556078e-04
 2353.0 2381.0     2.1871383e-04    6.3951661e-02     6.0975336e-04
 2381.0 2410.0     2.1022313e-04    6.2812844e-02     5.9718578e-04
 2410.0 2439.0     2.0189568e-04    6.1538394e-02     5.8858560e-04
 2439.0 2469.0     1.9376340e-04    6.0254429e-02     5.8028488e-04
 2469.0 2500.0     1.8569971e-04    5.8955100e-02     5.7170278e-04
 2500.0 2532.0     1.7772373e-04    5.7642575e-02     5.6283929e-04
 2532.0 2564.0     1.6996920e-04    5.6338902e-02     5.5383512e-04
 2564.0 2597.0     1.6244232e-04    5.5045264e-02     5.4469025e-04
 2597.0 2632.0     1.5492710e-04    5.3723933e-02     5.3512332e-04
 2632.0 2667.0     1.5220706e-04    5.0078916e-02     5.2809085e-04
 2667.0 2703.0     1.5541536e-04    4.3983191e-02     5.2441322e-04
 2703.0 2740.0     1.5983633e-04    3.8081785e-02     5.2123100e-04
 2740.0 2778.0     1.6450943e-04    3.2842304e-02     5.1796158e-04
 2778.0 2817.0     1.6944933e-04    2.8212118e-02     5.1460499e-04
 2817.0 2857.0     1.7467173e-04    2.4139237e-02     5.1116121e-04
 2857.0 2899.0     1.8026386e-04    2.0535693e-02     5.0758665e-04
 2899.0 2941.0     1.8617575e-04    1.7395647e-02     5.0392491e-04
 2941.0 2985.0     1.9333779e-04    1.4993469e-02     4.9673239e-04
 2985.0 3030.0     2.0226304e-04    1.3263058e-02     4.8471330e-04
 3030.0 3077.0     2.1225442e-04    1.1782019e-02     4.7110254e-04
 3077.0 3125.0     2.2308693e-04    1.0425207e-02     4.5704795e-04
 3125.0 3175.0     2.3484429e-04    9.1898196e-03     4.4254953e-04
 3175.0 3225.0     2.4747378e-04    8.0786603e-03     4.2775522e-04
 3225.0 3275.0     2.5890919e-04    7.1531093e-03     4.1319810e-04
 3275.0 3325.0     2.6302764e-04    6.5348164e-03     3.9962927e-04
 3325.0 3375.0     2.6135922e-04    6.1230659e-03     3.8681153e-04
 3375.0 3425.0     2.5970139e-04    5.7372592e-03     3.7399379e-04
 3425.0 3450.0     2.5846394e-04    5.4617738e-03     3.6438048e-04
 3450.0 3550.0     2.5585709e-04    5.0571420e-03     3.4859654e-04
 3550.0 3650.0     2.4530093e-04    4.5895193e-03     3.2617712e-04
 3650.0 3750.0     2.2913108e-04    4.2955494e-03     3.0649732e-04
 3750.0 3850.0     2.1402713e-04    4.0204090e-03     2.8681752e-04
 3850.0 3950.0     2.0173867e-04    3.7439974e-03     2.6897565e-04
 3950.0 4050.0     1.9254589e-04    3.4623013e-03     2.5355213e-04
 4050.0 4150.0     1.8478472e-04    3.1924496e-03     2.3901321e-04
 4150.0 4250.0     1.7997606e-04    2.9224930e-03     2.2626378e-04
 4250.0 4350.0     1.7750042e-04    2.6581940e-03     2.1499962e-04
 4350.0 4450.0     1.7549392e-04    2.4175725e-03     2.0424501e-04
 4450.0 4550.0     1.7549274e-04    2.1977834e-03     1.9580649e-04
 4550.0 4650.0     1.7705175e-04    1.9972522e-03     1.8917451e-04
 4650.0 4750.0     1.7862462e-04    1.8150179e-03     1.8254254e-04
 4750.0 4850.0     1.8021146e-04    1.6494111e-03     1.7591056e-04
 4850.0 4950.0     1.8181239e-04    1.4989147e-03     1.6927859e-04
 4950.0 5050.0     1.8342755e-04    1.3621500e-03     1.6264661e-04
 5050.0 5150.0     1.8505705e-04    1.2378640e-03     1.5601464e-04
 5150.0 5250.0     1.8670103e-04    1.1249182e-03     1.4938266e-04
 5250.0 5350.0     1.8835962e-04    1.0222779e-03     1.4275069e-04
 5350.0 5450.0     1.9003294e-04    9.2900270e-04     1.3611871e-04
 5450.0 5550.0     1.9172113e-04    8.4423817e-04     1.2948674e-04
 5550.0 5650.0     1.9371195e-04    7.6737080e-04     1.2311359e-04
 5650.0 5750.0     1.9767720e-04    6.9850638e-04     1.1846595e-04
 5750.0 5850.0     2.0340344e-04    6.3666409e-04     1.1528500e-04
 5850.0 5950.0     2.0929556e-04    5.8029700e-04     1.1210405e-04
 5950.0 6050.0     2.1535837e-04    5.2892037e-04     1.0892309e-04
 6050.0 6150.0     2.2159679e-04    4.8209238e-04     1.0574214e-04
 6150.0 6250.0     2.2801593e-04    4.3941031e-04     1.0256119e-04
 6250.0 6350.0     2.3462102e-04    4.0050709e-04     9.9380233e-05
 6350.0 6450.0     2.4141744e-04    3.6504818e-04     9.6199279e-05
 6450.0 6550.0     2.4841073e-04    3.3272862e-04     9.3018326e-05
 6550.0 6650.0     2.5560661e-04    3.0327047e-04     8.9837372e-05
 6650.0 6750.0     2.6301093e-04    2.7642041e-04     8.6656418e-05
 6750.0 6850.0     2.7062974e-04    2.5194751e-04     8.3475465e-05
 6850.0 6950.0     2.7850264e-04    2.3034701e-04     8.0758527e-05
 6950.0 7050.0     2.8665905e-04    2.1170509e-04     7.8789999e-05
 7050.0 7150.0     2.9507541e-04    1.9497143e-04     7.7105865e-05
 7150.0 7250.0     3.0373887e-04    1.7956044e-04     7.5421731e-05
 7250.0 7350.0     3.1265670e-04    1.6536757e-04     7.3737597e-05
 7350.0 7450.0     3.2183635e-04    1.5229653e-04     7.2053463e-05
 7450.0 7550.0     3.3128552e-04    1.4025866e-04     7.0369329e-05
 7550.0 7650.0     3.4101211e-04    1.2917230e-04     6.8685195e-05
 7650.0 7750.0     3.5102429e-04    1.1896222e-04     6.7001061e-05
 7750.0 7850.0     3.6133042e-04    1.0955917e-04     6.5316927e-05
 7850.0 7950.0     3.7193914e-04    1.0089936e-04     6.3632792e-05
 7950.0 8050.0     3.8285933e-04    9.2924042e-05     6.1948658e-05
 8050.0 8150.0     3.9410014e-04    8.5579111e-05     6.0264524e-05
 8150.0 8250.0     4.0567099e-04    7.8814740e-05     5.8580390e-05
 8250.0 8350.0     4.1758155e-04    7.2585041e-05     5.6896256e-05
 8350.0 8450.0     4.2984182e-04    6.6847752e-05     5.5212122e-05
 8450.0 8550.0     4.4246204e-04    6.1563951e-05     5.3527988e-05
