 1216.0 1216.0     3.5983817e-01    2.7365047e+01     9.2786469e-01
 1300.0 1350.0     3.3047431e-01    2.9367540e+01     9.3214859e-01
 1350.0 1400.0     3.2095754e-01    3.0115846e+01     9.3325955e-01
 1400.0 1450.0     3.1590763e-01    3.0598837e+01     9.3324667e-01
 1450.0 1500.0     3.1193463e-01    3.1020644e+01     9.3296407e-01
 1500.0 1550.0     3.0801159e-01    3.1448266e+01     9.3268147e-01
 1550.0 1600.0     3.0413789e-01    3.1881782e+01     9.3239887e-01
 1600.0 1650.0     3.0073907e-01    3.2271015e+01     9.3195834e-01
 1650.0 1700.0     2.9849615e-01    3.2532279e+01     9.3110223e-01
 1700.0 1750.0     2.9696269e-01    3.2713326e+01     9.2998844e-01
 1754.0 1770.0     2.9583212e-01    3.2847837e+01     9.2916424e-01
 1770.0 1786.0     2.9534494e-01    3.2906224e+01     9.2880783e-01
 1786.0 1802.0     2.9485857e-01    3.2964714e+01     9.2845142e-01
 1802.0 1818.0     2.9437299e-01    3.3023309e+01     9.2809501e-01
 1818.0 1835.0     2.9387309e-01    3.3083846e+01     9.2772746e-01
 1835.0 1852.0     2.9335892e-01    3.3146331e+01     9.2734877e-01
 1852.0 1869.0     2.9284564e-01    3.3208934e+01     9.2697008e-01
 1869.0 1887.0     2.9231823e-01    3.3273504e+01     9.2658026e-01
 1887.0 1905.0     2.9177671e-01    3.3340048e+01     9.2617930e-01
 1905.0 1923.0     2.9123621e-01    3.3406725e+01     9.2577833e-01
 1923.0 1942.0     2.9068174e-01    3.3475395e+01     9.2536623e-01
 1942.0 1961.0     2.9011338e-01    3.3546066e+01     9.2494300e-01
 1961.0 1980.0     2.8969011e-01    3.3602361e+01     9.2435985e-01
 1980.0 2000.0     2.8949259e-01    3.3636411e+01     9.2349906e-01
 2000.0 2020.0     2.8937630e-01    3.3662677e+01     9.2252054e-01
 2020.0 2041.0     2.8925715e-01    3.3689621e+01     9.2151755e-01
 2041.0 2062.0     2.8913515e-01    3.3717244e+01     9.2049009e-01
 2062.0 2083.0     2.8901319e-01    3.3744890e+01     9.1946264e-01
 2083.0 2105.0     2.8888839e-01    3.3773218e+01     9.1841072e-01
 2105.0 2128.0     2.8875783e-01    3.3802889e+01     9.1730988e-01
 2128.0 2151.0     2.8862444e-01    3.3833245e+01     9.1618457e-01
 2151.0 2174.0     2.8849111e-01    3.3863630e+01     9.1505926e-01
 2174.0 2200.0     2.8834916e-01    3.3896026e+01     9.1386057e-01
 2200.0 2222.0     2.8821016e-01    3.3927790e+01     9.1268633e-01
 2222.0 2247.0     2.8807413e-01    3.3958922e+01     9.1153656e-01
 2247.0 2273.0     2.8792659e-01    3.3992736e+01     9.1028894e-01
 2273.0 2299.0     2.8777624e-01    3.4027247e+01     9.0901686e-01
 2299.0 2326.0     2.8762308e-01    3.4062458e+01     9.0772031e-01
 2326.0 2353.0     2.8746711e-01    3.4098371e+01     9.0639929e-01
 2353.0 2381.0     2.8730834e-01    3.4134988e+01     9.0505382e-01
 2381.0 2410.0     2.8682777e-01    3.4221470e+01     9.0416098e-01
 2410.0 2439.0     2.8599302e-01    3.4363028e+01     9.0380311e-01
 2439.0 2469.0     2.8510945e-01    3.4513357e+01     9.0349794e-01
 2469.0 2500.0     2.8419879e-01    3.4669473e+01     9.0318243e-01
 2500.0 2532.0     2.8326134e-01    3.4831449e+01     9.0285657e-01
 2532.0 2564.0     2.8231214e-01    3.4996765e+01     9.0252554e-01
 2564.0 2597.0     2.8135139e-01    3.5165474e+01     9.0218934e-01
 2597.0 2632.0     2.8034983e-01    3.5342846e+01     9.0183762e-01
 2632.0 2667.0     2.8499151e-01    3.5043628e+01     9.0257180e-01
 2667.0 2703.0     2.9693247e-01    3.4161247e+01     9.0466165e-01
 2703.0 2740.0     3.1102102e-01    3.3178830e+01     9.0704357e-01
 2740.0 2778.0     3.2619203e-01    3.2198915e+01     9.0949074e-01
 2778.0 2817.0     3.4253781e-01    3.1222970e+01     9.1200317e-01
 2817.0 2857.0     3.6015981e-01    3.0252411e+01     9.1458086e-01
 2857.0 2899.0     3.7941675e-01    2.9277084e+01     9.1725644e-01
 2899.0 2941.0     4.0019789e-01    2.8310184e+01     9.1999728e-01
 2941.0 2985.0     4.2385252e-01    2.7175363e+01     9.2129611e-01
 2985.0 3030.0     4.5140296e-01    2.5816372e+01     9.2063748e-01
 3030.0 3077.0     4.8221461e-01    2.4425649e+01     9.1943729e-01
 3077.0 3125.0     5.1622712e-01    2.3067755e+01     9.1819797e-01
 3125.0 3175.0     5.5384336e-01    2.1746422e+01     9.1691952e-01
 3175.0 3225.0     5.9502355e-01    2.0475369e+01     9.1561497e-01
 3225.0 3275.0     6.3586861e-01    1.9352514e+01     9.1430689e-01
 3275.0 3325.0     6.6494275e-01    1.8591204e+01     9.1298408e-01
 3325.0 3375.0     6.8433589e-01    1.8088397e+01     9.1165008e-01
 3375.0 3425.0     7.0429463e-01    1.7599188e+01     9.1031608e-01
 3425.0 3450.0     7.1958902e-01    1.7239769e+01     9.0931558e-01
 3450.0 3550.0     7.4513510e-01    1.6682223e+01     9.0769775e-01
 3550.0 3650.0     7.7423947e-01    1.6018645e+01     9.0570034e-01
 3650.0 3750.0     7.9189835e-01    1.5576436e+01     9.0427418e-01
 3750.0 3850.0     8.0995999e-01    1.5146435e+01     9.0284801e-01
 3850.0 3950.0     8.2661669e-01    1.4749391e+01     9.0171103e-01
 3950.0 4050.0     8.4122040e-01    1.4390380e+01     9.0095455e-01
 4050.0 4150.0     8.5525678e-01    1.4050351e+01     9.0032572e-01
 4150.0 4250.0     8.6807998e-01    1.3739931e+01     8.9991054e-01
 4250.0 4350.0     8.7989275e-01    1.3454231e+01     8.9967271e-01
 4350.0 4450.0     8.9115009e-01    1.3179473e+01     8.9946087e-01
 4450.0 4550.0     8.9927558e-01    1.2932736e+01     8.9936719e-01
 4550.0 4650.0     9.0492214e-01    1.2708048e+01     8.9936568e-01
 4650.0 4750.0     9.1060416e-01    1.2487264e+01     8.9936416e-01
 4750.0 4850.0     9.1632186e-01    1.2270315e+01     8.9936265e-01
 4850.0 4950.0     9.2207546e-01    1.2057136e+01     8.9936113e-01
 4950.0 5050.0     9.2786519e-01    1.1847660e+01     8.9935961e-01
 5050.0 5150.0     9.3369127e-01    1.1641824e+01     8.9935810e-01
 5150.0 5250.0     9.3955393e-01    1.1439564e+01     8.9935658e-01
 5250.0 5350.0     9.4545341e-01    1.1240818e+01     8.9935507e-01
 5350.0 5450.0     9.5138992e-01    1.1045525e+01     8.9935355e-01
 5450.0 5550.0     9.5736372e-01    1.0853624e+01     8.9935203e-01
 5550.0 5650.0     9.6305366e-01    1.0665951e+01     8.9934397e-01
 5650.0 5750.0     9.6662902e-01    1.0487391e+01     8.9929225e-01
 5750.0 5850.0     9.6839395e-01    1.0316799e+01     8.9920342e-01
 5850.0 5950.0     9.7016210e-01    1.0148981e+01     8.9911460e-01
 5950.0 6050.0     9.7193347e-01    9.9838934e+00     8.9902577e-01
 6050.0 6150.0     9.7370808e-01    9.8214910e+00     8.9893694e-01
 6150.0 6250.0     9.7548593e-01    9.6617303e+00     8.9884812e-01
 6250.0 6350.0     9.7726703e-01    9.5045683e+00     8.9875929e-01
 6350.0 6450.0     9.7905137e-01    9.3499628e+00     8.9867046e-01
 6450.0 6550.0     9.8083898e-01    9.1978722e+00     8.9858164e-01
 6550.0 6650.0     9.8262985e-01    9.0482556e+00     8.9849281e-01
 6650.0 6750.0     9.8442399e-01    8.9010726e+00     8.9840398e-01
 6750.0 6850.0     9.8622141e-01    8.7562839e+00     8.9831516e-01
 6850.0 6950.0     9.8760806e-01    8.6063836e+00     8.9816717e-01
 6950.0 7050.0     9.8832895e-01    8.4471016e+00     8.9792376e-01
 7050.0 7150.0     9.8879659e-01    8.2862821e+00     8.9764410e-01
 7150.0 7250.0     9.8926445e-01    8.1285244e+00     8.9736443e-01
 7250.0 7350.0     9.8973253e-01    7.9737702e+00     8.9708476e-01
 7350.0 7450.0     9.9020083e-01    7.8219623e+00     8.9680510e-01
 7450.0 7550.0     9.9066935e-01    7.6730445e+00     8.9652543e-01
 7550.0 7650.0     9.9113810e-01    7.5269619e+00     8.9624576e-01
 7650.0 7750.0     9.9160706e-01    7.3836605e+00     8.9596610e-01
 7750.0 7850.0     9.9207625e-01    7.2430873e+00     8.9568643e-01
 7850.0 7950.0     9.9254566e-01    7.1051904e+00     8.9540677e-01
 7950.0 8050.0     9.9301530e-01    6.9699188e+00     8.9512710e-01
 8050.0 8150.0     9.9348515e-01    6.8372226e+00     8.9484743e-01
 8150.0 8250.0     9.9395523e-01    6.7070527e+00     8.9456777e-01
 8250.0 8350.0     9.9442553e-01    6.5793611e+00     8.9428810e-01
 8350.0 8450.0     9.9489605e-01    6.4541004e+00     8.9400843e-01
 8450.0 8550.0     9.9536680e-01    6.3312246e+00     8.9372877e-01
