 1216.0 1216.0     3.3971666e-01    3.2898494e+01     9.3542726e-01
 1300.0 1350.0     3.1156336e-01    3.5413305e+01     9.3935895e-01
 1350.0 1400.0     3.0242435e-01    3.6350845e+01     9.4039015e-01
 1400.0 1450.0     2.9753819e-01    3.6949905e+01     9.4040514e-01
 1450.0 1500.0     2.9367864e-01    3.7470763e+01     9.4017624e-01
 1500.0 1550.0     2.8986917e-01    3.7998962e+01     9.3994734e-01
 1550.0 1600.0     2.8610910e-01    3.8534607e+01     9.3971844e-01
 1600.0 1650.0     2.8280909e-01    3.9015502e+01     9.3934717e-01
 1650.0 1700.0     2.8062587e-01    3.9337872e+01     9.3860125e-01
 1700.0 1750.0     2.7912793e-01    3.9560845e+01     9.3762306e-01
 1754.0 1770.0     2.7802372e-01    3.9726515e+01     9.3689919e-01
 1770.0 1786.0     2.7754796e-01    3.9798433e+01     9.3658617e-01
 1786.0 1802.0     2.7707301e-01    3.9870481e+01     9.3627314e-01
 1802.0 1818.0     2.7659888e-01    3.9942659e+01     9.3596012e-01
 1818.0 1835.0     2.7611079e-01    4.0017232e+01     9.3563731e-01
 1835.0 1852.0     2.7560880e-01    4.0094208e+01     9.3530473e-01
 1852.0 1869.0     2.7510772e-01    4.0171332e+01     9.3497214e-01
 1869.0 1887.0     2.7459287e-01    4.0250882e+01     9.3462977e-01
 1887.0 1905.0     2.7406431e-01    4.0332866e+01     9.3427762e-01
 1905.0 1923.0     2.7353675e-01    4.0415018e+01     9.3392547e-01
 1923.0 1942.0     2.7299562e-01    4.0499628e+01     9.3356354e-01
 1942.0 1961.0     2.7244096e-01    4.0586707e+01     9.3319182e-01
 1961.0 1980.0     2.7202701e-01    4.0655944e+01     9.3267773e-01
 1980.0 2000.0     2.7183183e-01    4.0697553e+01     9.3191656e-01
 2000.0 2020.0     2.7171531e-01    4.0729482e+01     9.3105068e-01
 2020.0 2041.0     2.7159593e-01    4.0762235e+01     9.3016316e-01
 2041.0 2062.0     2.7147368e-01    4.0795814e+01     9.2925400e-01
 2062.0 2083.0     2.7135150e-01    4.0829421e+01     9.2834483e-01
 2083.0 2105.0     2.7122646e-01    4.0863857e+01     9.2741402e-01
 2105.0 2128.0     2.7109567e-01    4.0899926e+01     9.2643991e-01
 2128.0 2151.0     2.7096203e-01    4.0936829e+01     9.2544416e-01
 2151.0 2174.0     2.7082846e-01    4.0973766e+01     9.2444841e-01
 2174.0 2200.0     2.7068626e-01    4.1013149e+01     9.2338772e-01
 2200.0 2222.0     2.7054702e-01    4.1051762e+01     9.2234867e-01
 2222.0 2247.0     2.7041076e-01    4.1089609e+01     9.2133127e-01
 2247.0 2273.0     2.7026298e-01    4.1130715e+01     9.2022728e-01
 2273.0 2299.0     2.7011238e-01    4.1172669e+01     9.1910165e-01
 2299.0 2326.0     2.6995898e-01    4.1215475e+01     9.1795437e-01
 2326.0 2353.0     2.6980277e-01    4.1259133e+01     9.1678544e-01
 2353.0 2381.0     2.6964376e-01    4.1303649e+01     9.1559487e-01
 2381.0 2410.0     2.6916954e-01    4.1409321e+01     9.1481317e-01
 2410.0 2439.0     2.6834855e-01    4.1582555e+01     9.1451417e-01
 2439.0 2469.0     2.6747983e-01    4.1766549e+01     9.1426309e-01
 2469.0 2500.0     2.6658462e-01    4.1957636e+01     9.1400350e-01
 2500.0 2532.0     2.6566320e-01    4.2155906e+01     9.1373539e-01
 2532.0 2564.0     2.6473039e-01    4.2358275e+01     9.1346303e-01
 2564.0 2597.0     2.6378639e-01    4.2564808e+01     9.1318641e-01
 2597.0 2632.0     2.6280244e-01    4.2781959e+01     9.1289703e-01
 2632.0 2667.0     2.6716228e-01    4.2386577e+01     9.1357461e-01
 2667.0 2703.0     2.7843579e-01    4.1243268e+01     9.1545887e-01
 2703.0 2740.0     2.9174484e-01    3.9973956e+01     9.1760371e-01
 2740.0 2778.0     3.0608136e-01    3.8710542e+01     9.1980732e-01
 2778.0 2817.0     3.2153343e-01    3.7454968e+01     9.2206968e-01
 2817.0 2857.0     3.3819794e-01    3.6209094e+01     9.2439081e-01
 2857.0 2899.0     3.5641536e-01    3.4959986e+01     9.2680009e-01
 2899.0 2941.0     3.7608212e-01    3.3724559e+01     9.2926813e-01
 2941.0 2985.0     3.9888328e-01    3.2275550e+01     9.3045097e-01
 2985.0 3030.0     4.2600301e-01    3.0542325e+01     9.2988931e-01
 3030.0 3077.0     4.5655494e-01    2.8774958e+01     9.2884563e-01
 3077.0 3125.0     4.9039116e-01    2.7056679e+01     9.2776792e-01
 3125.0 3175.0     5.2794025e-01    2.5392109e+01     9.2665617e-01
 3175.0 3225.0     5.6918869e-01    2.3798088e+01     9.2552174e-01
 3225.0 3275.0     6.1030478e-01    2.2395783e+01     9.2438413e-01
 3275.0 3325.0     6.3996723e-01    2.1447336e+01     9.2323328e-01
 3325.0 3375.0     6.6017321e-01    2.0821938e+01     9.2207238e-01
 3375.0 3425.0     6.8101716e-01    2.0214776e+01     9.2091148e-01
 3425.0 3450.0     6.9701774e-01    1.9769429e+01     9.2004081e-01
 3450.0 3550.0     7.2384904e-01    1.9081801e+01     9.1863395e-01
 3550.0 3650.0     7.5464548e-01    1.8277082e+01     9.1690988e-01
 3650.0 3750.0     7.7364524e-01    1.7757867e+01     9.1569499e-01
 3750.0 3850.0     7.9312336e-01    1.7253401e+01     9.1448009e-01
 3850.0 3950.0     8.1115507e-01    1.6792859e+01     9.1356357e-01
 3950.0 4050.0     8.2704239e-01    1.6383389e+01     9.1303964e-01
 4050.0 4150.0     8.4235442e-01    1.5998149e+01     9.1262476e-01
 4150.0 4250.0     8.5637135e-01    1.5651477e+01     9.1229704e-01
 4250.0 4350.0     8.6930964e-01    1.5336757e+01     9.1204167e-01
 4350.0 4450.0     8.8165480e-01    1.5036185e+01     9.1181962e-01
 4450.0 4550.0     8.9056568e-01    1.4776583e+01     9.1174907e-01
 4550.0 4650.0     8.9675383e-01    1.4548770e+01     9.1179669e-01
 4650.0 4750.0     9.0298497e-01    1.4324470e+01     9.1184430e-01
 4750.0 4850.0     9.0925941e-01    1.4103628e+01     9.1189192e-01
 4850.0 4950.0     9.1557745e-01    1.3886191e+01     9.1193953e-01
 4950.0 5050.0     9.2193939e-01    1.3672105e+01     9.1198715e-01
 5050.0 5150.0     9.2834554e-01    1.3461321e+01     9.1203476e-01
 5150.0 5250.0     9.3479620e-01    1.3253786e+01     9.1208238e-01
 5250.0 5350.0     9.4129168e-01    1.3049451e+01     9.1212999e-01
 5350.0 5450.0     9.4783230e-01    1.2848266e+01     9.1217761e-01
 5450.0 5550.0     9.5441836e-01    1.2650182e+01     9.1222522e-01
 5550.0 5650.0     9.6069215e-01    1.2456808e+01     9.1226697e-01
 5650.0 5750.0     9.6461285e-01    1.2277294e+01     9.1226963e-01
 5750.0 5850.0     9.6651744e-01    1.2109621e+01     9.1223907e-01
 5850.0 5950.0     9.6842578e-01    1.1944238e+01     9.1220851e-01
 5950.0 6050.0     9.7033789e-01    1.1781113e+01     9.1217794e-01
 6050.0 6150.0     9.7225378e-01    1.1620217e+01     9.1214738e-01
 6150.0 6250.0     9.7417345e-01    1.1461517e+01     9.1211682e-01
 6250.0 6350.0     9.7609691e-01    1.1304985e+01     9.1208625e-01
 6350.0 6450.0     9.7802416e-01    1.1150591e+01     9.1205569e-01
 6450.0 6550.0     9.7995523e-01    1.0998306e+01     9.1202513e-01
 6550.0 6650.0     9.8189010e-01    1.0848100e+01     9.1199456e-01
 6650.0 6750.0     9.8382880e-01    1.0699946e+01     9.1196400e-01
 6750.0 6850.0     9.8577132e-01    1.0553815e+01     9.1193344e-01
 6850.0 6950.0     9.8726515e-01    1.0400917e+01     9.1185170e-01
 6950.0 7050.0     9.8803149e-01    1.0236199e+01     9.1168744e-01
 7050.0 7150.0     9.8852107e-01    1.0068811e+01     9.1149181e-01
 7150.0 7250.0     9.8901088e-01    9.9041608e+00     9.1129618e-01
 7250.0 7350.0     9.8950094e-01    9.7422027e+00     9.1110055e-01
 7350.0 7450.0     9.8999124e-01    9.5828931e+00     9.1090492e-01
 7450.0 7550.0     9.9048178e-01    9.4261885e+00     9.1070930e-01
 7550.0 7650.0     9.9097257e-01    9.2720465e+00     9.1051367e-01
 7650.0 7750.0     9.9146360e-01    9.1204251e+00     9.1031804e-01
 7750.0 7850.0     9.9195487e-01    8.9712831e+00     9.1012241e-01
 7850.0 7950.0     9.9244639e-01    8.8245799e+00     9.0992678e-01
 7950.0 8050.0     9.9293815e-01    8.6802757e+00     9.0973116e-01
 8050.0 8150.0     9.9343015e-01    8.5383312e+00     9.0953553e-01
 8150.0 8250.0     9.9392240e-01    8.3987079e+00     9.0933990e-01
 8250.0 8350.0     9.9441489e-01    8.2613678e+00     9.0914427e-01
 8350.0 8450.0     9.9490763e-01    8.1262735e+00     9.0894864e-01
 8450.0 8550.0     9.9540061e-01    7.9933884e+00     9.0875302e-01
