 NW =          118    WAVELENGTH GRID:   1216.0000000000000       -   8550.0000000000000       Angstroms
   1216.0000000000000        0.0000000000000000     
   1300.0000000000000        0.0000000000000000     
   1350.0000000000000        0.0000000000000000     
   1400.0000000000000        0.0000000000000000     
   1450.0000000000000        0.0000000000000000     
   1500.0000000000000        0.0000000000000000     
   1550.0000000000000        0.0000000000000000     
   1600.0000000000000        0.0000000000000000     
   1650.0000000000000        0.0000000000000000     
   1700.0000000000000        0.0000000000000000     
   1754.0000000000000        0.0000000000000000     
   1770.0000000000000        0.0000000000000000     
   1786.0000000000000        0.0000000000000000     
   1802.0000000000000        0.0000000000000000     
   1818.0000000000000        0.0000000000000000     
   1835.0000000000000       2.84242816951417744E-018
   1852.0000000000000       3.02142291394755410E-018
   1869.0000000000000       3.45885586510875229E-018
   1887.0000000000000       4.45470812182539718E-018
   1905.0000000000000       5.05324864434867622E-018
   1923.0000000000000       4.78427879319421215E-018
   1942.0000000000000       5.88458455934666392E-018
   1961.0000000000000       7.22040879228677836E-018
   1980.0000000000000       6.17133825620964482E-018
   2000.0000000000000       6.29469985701610526E-018
   2020.0000000000000       7.28906599834148815E-018
   2041.0000000000000       6.00548002202379997E-018
   2062.0000000000000       4.90032123392175294E-018
   2083.0000000000000       5.91225180765050479E-018
   2105.0000000000000       3.88586113748447818E-018
   2128.0000000000000       2.84809696857143699E-018
   2151.0000000000000       2.73755235388024522E-018
   2174.0000000000000       1.40791338281095831E-018
   2200.0000000000000       9.21313497611338247E-019
   2222.0000000000000       6.94180523599998503E-019
   2247.0000000000000       3.16561922209688966E-019
   2273.0000000000000       1.73508541302884293E-019
   2299.0000000000000       8.92727341649029036E-020
   2326.0000000000000       4.94162951712295087E-020
   2353.0000000000000       3.78019811718137105E-020
   2381.0000000000000       4.31283718190525956E-020
   2410.0000000000000       5.29566654176244616E-020
   2439.0000000000000       7.50055297173758676E-020
   2469.0000000000000       9.87590825369481362E-020
   2500.0000000000000       1.32920576822916705E-019
   2532.0000000000000       1.86043486764705880E-019
   2564.0000000000000       2.33899862035856250E-019
   2597.0000000000000       3.20502797035816553E-019
   2632.0000000000000       4.02503898657190768E-019
   2667.0000000000000       5.04539530257886176E-019
   2703.0000000000000       6.26865899158368633E-019
   2740.0000000000000       6.96778013533702866E-019
   2778.0000000000000       8.13129429186492387E-019
   2817.0000000000000       8.59106154338410382E-019
   2857.0000000000000       8.47996682253007450E-019
   2899.0000000000000       8.04366029860473518E-019
   2941.0000000000000       7.17657201962210806E-019
   2985.0000000000000       5.50804752356429772E-019
   3030.0000000000000       3.71919518826915157E-019
   3077.0000000000000       2.44392835663526831E-019
   3125.0000000000000       1.31094127759999983E-019
   3175.0000000000000       5.36979174328395124E-020
   3225.0000000000000       1.59720282151484490E-020
   3275.0000000000000       5.91992134892968814E-021
   3325.0000000000000       3.13798361021871561E-021
   3375.0000000000000       1.97235953459694941E-021
   3425.0000000000000       1.63862504717247431E-021
   3450.0000000000000       1.07409640764515115E-021
   3550.0000000000000        0.0000000000000000     
   3650.0000000000000        0.0000000000000000     
   3750.0000000000000        0.0000000000000000     
   3850.0000000000000        0.0000000000000000     
   3950.0000000000000        0.0000000000000000     
   4050.0000000000000        0.0000000000000000     
   4150.0000000000000        0.0000000000000000     
   4250.0000000000000        0.0000000000000000     
   4350.0000000000000        0.0000000000000000     
   4450.0000000000000        0.0000000000000000     
   4550.0000000000000        0.0000000000000000     
   4650.0000000000000        0.0000000000000000     
   4750.0000000000000        0.0000000000000000     
   4850.0000000000000        0.0000000000000000     
   4950.0000000000000        0.0000000000000000     
   5050.0000000000000        0.0000000000000000     
   5150.0000000000000        0.0000000000000000     
   5250.0000000000000        0.0000000000000000     
   5350.0000000000000        0.0000000000000000     
   5450.0000000000000        0.0000000000000000     
   5550.0000000000000        0.0000000000000000     
   5650.0000000000000        0.0000000000000000     
   5750.0000000000000        0.0000000000000000     
   5850.0000000000000        0.0000000000000000     
   5950.0000000000000        0.0000000000000000     
   6050.0000000000000        0.0000000000000000     
   6150.0000000000000        0.0000000000000000     
   6250.0000000000000        0.0000000000000000     
   6350.0000000000000        0.0000000000000000     
   6450.0000000000000        0.0000000000000000     
   6550.0000000000000        0.0000000000000000     
   6650.0000000000000        0.0000000000000000     
   6750.0000000000000        0.0000000000000000     
   6850.0000000000000        0.0000000000000000     
   6950.0000000000000        0.0000000000000000     
   7050.0000000000000        0.0000000000000000     
   7150.0000000000000        0.0000000000000000     
   7250.0000000000000        0.0000000000000000     
   7350.0000000000000        0.0000000000000000     
   7450.0000000000000        0.0000000000000000     
   7550.0000000000000        0.0000000000000000     
   7650.0000000000000        0.0000000000000000     
   7750.0000000000000        0.0000000000000000     
   7850.0000000000000        0.0000000000000000     
   7950.0000000000000        0.0000000000000000     
   8050.0000000000000        0.0000000000000000     
   8150.0000000000000        0.0000000000000000     
   8250.0000000000000        0.0000000000000000     
   8350.0000000000000        0.0000000000000000     
   8450.0000000000000        0.0000000000000000     
