 1216.0 1216.0     3.5350395e-01    2.0535128e+01     9.6596361e-01
 1300.0 1350.0     3.4961032e-01    2.1070764e+01     9.6341757e-01
 1350.0 1400.0     3.4965684e-01    2.1277885e+01     9.6235750e-01
 1400.0 1450.0     3.5211298e-01    2.1430393e+01     9.6143930e-01
 1450.0 1500.0     3.5516872e-01    2.1570333e+01     9.6055516e-01
 1500.0 1550.0     3.5825098e-01    2.1711188e+01     9.5967102e-01
 1550.0 1600.0     3.6135999e-01    2.1852962e+01     9.5878687e-01
 1600.0 1650.0     3.6449801e-01    2.1974989e+01     9.5785839e-01
 1650.0 1700.0     3.6766867e-01    2.2043244e+01     9.5681322e-01
 1700.0 1750.0     3.7087025e-01    2.2077960e+01     9.5569570e-01
 1754.0 1770.0     3.7325420e-01    2.2103679e+01     9.5486874e-01
 1770.0 1786.0     3.7429121e-01    2.2114813e+01     9.5451113e-01
 1786.0 1802.0     3.7533109e-01    2.2125953e+01     9.5415353e-01
 1802.0 1818.0     3.7637387e-01    2.2137098e+01     9.5379592e-01
 1818.0 1835.0     3.7745231e-01    2.2148597e+01     9.5342714e-01
 1835.0 1852.0     3.7856662e-01    2.2160451e+01     9.5304719e-01
 1852.0 1869.0     3.7968422e-01    2.2172311e+01     9.5266723e-01
 1869.0 1887.0     3.8083818e-01    2.2184527e+01     9.5227610e-01
 1887.0 1905.0     3.8202872e-01    2.2197098e+01     9.5187380e-01
 1905.0 1923.0     3.8322299e-01    2.2209677e+01     9.5147149e-01
 1923.0 1942.0     3.8445437e-01    2.2222613e+01     9.5105801e-01
 1942.0 1961.0     3.8572309e-01    2.2235906e+01     9.5063335e-01
 1961.0 1980.0     3.8699036e-01    2.2235645e+01     9.5017021e-01
 1980.0 2000.0     3.8828607e-01    2.2213152e+01     9.4963175e-01
 2000.0 2020.0     3.8961607e-01    2.2182007e+01     9.4905646e-01
 2020.0 2041.0     3.9098411e-01    2.2150130e+01     9.4846679e-01
 2041.0 2062.0     3.9239043e-01    2.2117522e+01     9.4786273e-01
 2062.0 2083.0     3.9380181e-01    2.2084963e+01     9.4725868e-01
 2083.0 2105.0     3.9525212e-01    2.2051678e+01     9.4664024e-01
 2105.0 2128.0     3.9677560e-01    2.2016899e+01     9.4599304e-01
 2128.0 2151.0     3.9833894e-01    2.1981403e+01     9.4533145e-01
 2151.0 2174.0     3.9990844e-01    2.1945964e+01     9.4466987e-01
 2174.0 2200.0     4.0158731e-01    2.1908279e+01     9.4396514e-01
 2200.0 2222.0     4.0323827e-01    2.1871421e+01     9.4327479e-01
 2222.0 2247.0     4.0486189e-01    2.1835396e+01     9.4259882e-01
 2247.0 2273.0     4.0663093e-01    2.1796370e+01     9.4186533e-01
 2273.0 2299.0     4.0844255e-01    2.1756651e+01     9.4111745e-01
 2299.0 2326.0     4.1029739e-01    2.1716242e+01     9.4035519e-01
 2326.0 2353.0     4.1219581e-01    2.1675148e+01     9.3957854e-01
 2353.0 2381.0     4.1413849e-01    2.1633373e+01     9.3878752e-01
 2381.0 2410.0     4.1651517e-01    2.1593831e+01     9.3814491e-01
 2410.0 2439.0     4.1933631e-01    2.1557695e+01     9.3768554e-01
 2439.0 2469.0     4.2226772e-01    2.1521427e+01     9.3723905e-01
 2469.0 2500.0     4.2532004e-01    2.1483995e+01     9.3677742e-01
 2500.0 2532.0     4.2849559e-01    2.1445403e+01     9.3630066e-01
 2532.0 2564.0     4.3174564e-01    2.1406269e+01     9.3581632e-01
 2564.0 2597.0     4.3507190e-01    2.1366598e+01     9.3532443e-01
 2597.0 2632.0     4.3857932e-01    2.1325175e+01     9.3480982e-01
 2632.0 2667.0     4.4338478e-01    2.1200070e+01     9.3382194e-01
 2667.0 2703.0     4.4975138e-01    2.0973243e+01     9.3225775e-01
 2703.0 2740.0     4.5664514e-01    2.0725275e+01     9.3055204e-01
 2740.0 2778.0     4.6383784e-01    2.0473567e+01     9.2879960e-01
 2778.0 2817.0     4.7134022e-01    2.0218326e+01     9.2700043e-01
 2817.0 2857.0     4.7916361e-01    1.9959763e+01     9.2515452e-01
 2857.0 2899.0     4.8742233e-01    1.9694899e+01     9.2323852e-01
 2899.0 2941.0     4.9602829e-01    1.9427175e+01     9.2127579e-01
 2941.0 2985.0     5.0396782e-01    1.9174592e+01     9.1934837e-01
 2985.0 3030.0     5.1094543e-01    1.8940097e+01     9.1746274e-01
 3030.0 3077.0     5.1790103e-01    1.8706756e+01     9.1554182e-01
 3077.0 3125.0     5.2518229e-01    1.8468807e+01     9.1355827e-01
 3125.0 3175.0     5.3280133e-01    1.8226531e+01     9.1151207e-01
 3175.0 3225.0     5.4068864e-01    1.7982554e+01     9.0942412e-01
 3225.0 3275.0     5.4852597e-01    1.7752487e+01     9.0753164e-01
 3275.0 3325.0     5.5577535e-01    1.7569395e+01     9.0645363e-01
 3325.0 3375.0     5.6258622e-01    1.7421635e+01     9.0599462e-01
 3375.0 3425.0     5.6948055e-01    1.7275117e+01     9.0553561e-01
 3425.0 3450.0     5.7469869e-01    1.7165924e+01     9.0519135e-01
 3450.0 3550.0     5.8357871e-01    1.6989175e+01     9.0462571e-01
 3550.0 3650.0     5.9828087e-01    1.6743940e+01     9.0381725e-01
 3650.0 3750.0     6.1361925e-01    1.6535781e+01     9.0310212e-01
 3750.0 3850.0     6.2935087e-01    1.6330209e+01     9.0238699e-01
 3850.0 3950.0     6.4686745e-01    1.6098935e+01     9.0137966e-01
 3950.0 4050.0     6.6670682e-01    1.5833966e+01     8.9998787e-01
 4050.0 4150.0     6.8766898e-01    1.5560240e+01     8.9840890e-01
 4150.0 4250.0     7.0967292e-01    1.5266002e+01     8.9627160e-01
 4250.0 4350.0     7.3270042e-01    1.4956472e+01     8.9367089e-01
 4350.0 4450.0     7.5518715e-01    1.4658137e+01     8.9093438e-01
 4450.0 4550.0     7.7241511e-01    1.4387795e+01     8.8758054e-01
 4550.0 4650.0     7.8540098e-01    1.4139582e+01     8.8374518e-01
 4650.0 4750.0     7.9860516e-01    1.3895651e+01     8.7990983e-01
 4750.0 4850.0     8.1203134e-01    1.3655928e+01     8.7607447e-01
 4850.0 4950.0     8.2568323e-01    1.3420341e+01     8.7223912e-01
 4950.0 5050.0     8.3956464e-01    1.3188818e+01     8.6840377e-01
 5050.0 5150.0     8.5367943e-01    1.2961289e+01     8.6456841e-01
 5150.0 5250.0     8.6803151e-01    1.2737686e+01     8.6073306e-01
 5250.0 5350.0     8.8262488e-01    1.2517940e+01     8.5689771e-01
 5350.0 5450.0     8.9746360e-01    1.2301985e+01     8.5306235e-01
 5450.0 5550.0     9.1255178e-01    1.2089755e+01     8.4922700e-01
 5550.0 5650.0     9.2699217e-01    1.1885996e+01     8.4559268e-01
 5650.0 5750.0     9.3560956e-01    1.1717354e+01     8.4329857e-01
 5750.0 5850.0     9.3918436e-01    1.1578040e+01     8.4214364e-01
 5850.0 5950.0     9.4277281e-01    1.1440382e+01     8.4098872e-01
 5950.0 6050.0     9.4637498e-01    1.1304361e+01     8.3983379e-01
 6050.0 6150.0     9.4999091e-01    1.1169957e+01     8.3867886e-01
 6150.0 6250.0     9.5362065e-01    1.1037152e+01     8.3752394e-01
 6250.0 6350.0     9.5726427e-01    1.0905925e+01     8.3636901e-01
 6350.0 6450.0     9.6092180e-01    1.0776258e+01     8.3521408e-01
 6450.0 6550.0     9.6459331e-01    1.0648134e+01     8.3405916e-01
 6550.0 6650.0     9.6827885e-01    1.0521532e+01     8.3290423e-01
 6650.0 6750.0     9.7197847e-01    1.0396436e+01     8.3174930e-01
 6750.0 6850.0     9.7569222e-01    1.0272827e+01     8.3059438e-01
 6850.0 6950.0     9.7852370e-01    1.0138375e+01     8.2978627e-01
 6950.0 7050.0     9.7991802e-01    9.9859626e+00     8.2953755e-01
 7050.0 7150.0     9.8076492e-01    9.8284231e+00     8.2950139e-01
 7150.0 7250.0     9.8161255e-01    9.6733689e+00     8.2946523e-01
 7250.0 7350.0     9.8246091e-01    9.5207609e+00     8.2942907e-01
 7350.0 7450.0     9.8331000e-01    9.3705604e+00     8.2939292e-01
 7450.0 7550.0     9.8415983e-01    9.2227295e+00     8.2935676e-01
 7550.0 7650.0     9.8501039e-01    9.0772308e+00     8.2932060e-01
 7650.0 7750.0     9.8586169e-01    8.9340275e+00     8.2928444e-01
 7750.0 7850.0     9.8671372e-01    8.7930834e+00     8.2924829e-01
 7850.0 7950.0     9.8756649e-01    8.6543629e+00     8.2921213e-01
 7950.0 8050.0     9.8842000e-01    8.5178308e+00     8.2917597e-01
 8050.0 8150.0     9.8927424e-01    8.3834526e+00     8.2913981e-01
 8150.0 8250.0     9.9012923e-01    8.2511945e+00     8.2910366e-01
 8250.0 8350.0     9.9098495e-01    8.1210228e+00     8.2906750e-01
 8350.0 8450.0     9.9184141e-01    7.9929047e+00     8.2903134e-01
 8450.0 8550.0     9.9269861e-01    7.8668079e+00     8.2899519e-01
