 1216.0 1216.0     9.7427559e-02    4.1203369e-01     5.7904913e-02
 1300.0 1350.0     8.4843082e-02    2.9687001e-01     4.8706363e-02
 1350.0 1400.0     7.8651993e-02    2.6334313e-01     4.5067232e-02
 1400.0 1450.0     7.1695101e-02    2.4463193e-01     4.2191769e-02
 1450.0 1500.0     6.5082583e-02    2.2978202e-01     3.9499585e-02
 1500.0 1550.0     5.9079945e-02    2.1583355e-01     3.6807401e-02
 1550.0 1600.0     5.3630937e-02    2.0273180e-01     3.4115217e-02
 1600.0 1650.0     4.8979798e-02    1.9092664e-01     3.1664697e-02
 1650.0 1700.0     4.5479515e-02    1.8108943e-01     2.9850134e-02
 1700.0 1750.0     4.2684277e-02    1.7254035e-01     2.8429864e-02
 1754.0 1770.0     4.0708628e-02    1.6643128e-01     2.7378865e-02
 1770.0 1786.0     3.9890652e-02    1.6387556e-01     2.6924379e-02
 1786.0 1802.0     3.9089113e-02    1.6135908e-01     2.6469893e-02
 1802.0 1818.0     3.8303679e-02    1.5888124e-01     2.6015407e-02
 1818.0 1835.0     3.7510475e-02    1.5636643e-01     2.5546718e-02
 1835.0 1852.0     3.6710160e-02    1.5381642e-01     2.5063826e-02
 1852.0 1869.0     3.5926920e-02    1.5130799e-01     2.4580935e-02
 1869.0 1887.0     3.5138344e-02    1.4876912e-01     2.4083840e-02
 1887.0 1905.0     3.4345041e-02    1.4620154e-01     2.3572543e-02
 1905.0 1923.0     3.3569649e-02    1.4367826e-01     2.3061247e-02
 1923.0 1942.0     3.2791200e-02    1.4113088e-01     2.2535747e-02
 1942.0 1961.0     3.2010253e-02    1.3856104e-01     2.1996045e-02
 1961.0 1980.0     3.1281247e-02    1.3626639e-01     2.1530470e-02
 1980.0 2000.0     3.0604790e-02    1.3432440e-01     2.1174237e-02
 2000.0 2020.0     2.9945533e-02    1.3249601e-01     2.0853219e-02
 2020.0 2041.0     2.9284707e-02    1.3064805e-01     2.0524176e-02
 2041.0 2062.0     2.8622703e-02    1.2878143e-01     2.0187107e-02
 2062.0 2083.0     2.7975665e-02    1.2694147e-01     1.9850038e-02
 2083.0 2105.0     2.7328545e-02    1.2508526e-01     1.9504944e-02
 2105.0 2128.0     2.6667350e-02    1.2317176e-01     1.9143799e-02
 2128.0 2151.0     2.6007817e-02    1.2124567e-01     1.8774628e-02
 2151.0 2174.0     2.5364595e-02    1.1934970e-01     1.8405458e-02
 2174.0 2200.0     2.4697450e-02    1.1736369e-01     1.8012211e-02
 2200.0 2222.0     2.4059739e-02    1.1544798e-01     1.7626989e-02
 2222.0 2247.0     2.3452416e-02    1.1360468e-01     1.7249793e-02
 2247.0 2273.0     2.2810391e-02    1.1163711e-01     1.6840496e-02
 2273.0 2299.0     2.2173699e-02    1.0966571e-01     1.6423172e-02
 2299.0 2326.0     2.1543217e-02    1.0769255e-01     1.5997824e-02
 2326.0 2353.0     2.0919105e-02    1.0571834e-01     1.5564450e-02
 2353.0 2381.0     2.0302184e-02    1.0374510e-01     1.5123050e-02
 2381.0 2410.0     1.9793519e-02    1.0126596e-01     1.4736621e-02
 2410.0 2439.0     1.9411752e-02    9.8288349e-02     1.4421382e-02
 2439.0 2469.0     1.9043928e-02    9.5296411e-02     1.4109043e-02
 2469.0 2500.0     1.8670962e-02    9.2298778e-02     1.3786117e-02
 2500.0 2532.0     1.8293433e-02    8.9301809e-02     1.3452604e-02
 2532.0 2564.0     1.7917668e-02    8.6356134e-02     1.3113796e-02
 2564.0 2597.0     1.7543990e-02    8.3464615e-02     1.2769694e-02
 2597.0 2632.0     1.7161465e-02    8.0543964e-02     1.2409711e-02
 2632.0 2667.0     1.6758721e-02    7.7779254e-02     1.2076211e-02
 2667.0 2703.0     1.6338531e-02    7.5239478e-02     1.1783435e-02
 2703.0 2740.0     1.5913855e-02    7.2742737e-02     1.1490298e-02
 2740.0 2778.0     1.5489037e-02    7.0263854e-02     1.1189130e-02
 2778.0 2817.0     1.5064685e-02    6.7806723e-02     1.0879930e-02
 2817.0 2857.0     1.4641392e-02    6.5375045e-02     1.0562699e-02
 2857.0 2899.0     1.4214675e-02    6.2943770e-02     1.0233422e-02
 2899.0 2941.0     1.3790292e-02    6.0545833e-02     9.8961132e-03
 2941.0 2985.0     1.3368501e-02    5.8342607e-02     9.5869863e-03
 2985.0 3030.0     1.2944742e-02    5.6352482e-02     9.3151938e-03
 3030.0 3077.0     1.2520696e-02    5.4419034e-02     9.0467175e-03
 3077.0 3125.0     1.2097321e-02    5.2491769e-02     8.7694865e-03
 3125.0 3175.0     1.1675646e-02    5.0575495e-02     8.4835009e-03
 3175.0 3225.0     1.1260365e-02    4.8691505e-02     8.1916788e-03
 3225.0 3275.0     1.0878972e-02    4.6843742e-02     7.9088881e-03
 3275.0 3325.0     1.0588674e-02    4.4929126e-02     7.6637283e-03
 3325.0 3375.0     1.0365483e-02    4.2989956e-02     7.4471679e-03
 3375.0 3425.0     1.0146997e-02    4.1134481e-02     7.2306076e-03
 3425.0 3450.0     9.9857344e-03    3.9788361e-02     7.0681873e-03
 3450.0 3550.0     9.7426695e-03    3.7682473e-02     6.8027968e-03
 3550.0 3650.0     9.5655920e-03    3.4433499e-02     6.4413614e-03
 3650.0 3750.0     9.5912362e-03    3.1408606e-02     6.1409913e-03
 3750.0 3850.0     9.6169492e-03    2.8649441e-02     5.8406212e-03
 3850.0 3950.0     9.7372094e-03    2.6018849e-02     5.5656476e-03
 3950.0 4050.0     9.9852690e-03    2.3484190e-02     5.3240905e-03
 4050.0 4150.0     1.0279893e-02    2.1151064e-02     5.0937684e-03
 4150.0 4250.0     1.0639293e-02    1.8979080e-02     4.8823581e-03
 4250.0 4350.0     1.1058282e-02    1.6972789e-02     4.6866448e-03
 4350.0 4450.0     1.1462462e-02    1.5199638e-02     4.4967781e-03
 4450.0 4550.0     1.1736818e-02    1.3700204e-02     4.3334866e-03
 4550.0 4650.0     1.1905451e-02    1.2416416e-02     4.1909238e-03
 4650.0 4750.0     1.2076508e-02    1.1252927e-02     4.0483611e-03
 4750.0 4850.0     1.2250023e-02    1.0198463e-02     3.9057983e-03
 4850.0 4950.0     1.2426031e-02    9.2428084e-03     3.7632355e-03
 4950.0 5050.0     1.2604567e-02    8.3767042e-03     3.6206727e-03
 5050.0 5150.0     1.2785669e-02    7.5917589e-03     3.4781099e-03
 5150.0 5250.0     1.2969373e-02    6.8803675e-03     3.3355472e-03
 5250.0 5350.0     1.3155716e-02    6.2356376e-03     3.1929844e-03
 5350.0 5450.0     1.3344736e-02    5.6513226e-03     3.0504216e-03
 5450.0 5550.0     1.3536473e-02    5.1217612e-03     2.9078588e-03
 5550.0 5650.0     1.3740505e-02    4.6441712e-03     2.7705104e-03
 5650.0 5750.0     1.4012328e-02    4.2255811e-03     2.6679241e-03
 5750.0 5850.0     1.4344915e-02    3.8568707e-03     2.5948856e-03
 5850.0 5950.0     1.4685396e-02    3.5203327e-03     2.5218470e-03
 5950.0 6050.0     1.5033959e-02    3.2131600e-03     2.4488085e-03
 6050.0 6150.0     1.5390795e-02    2.9327901e-03     2.3757699e-03
 6150.0 6250.0     1.5756100e-02    2.6768845e-03     2.3027314e-03
 6250.0 6350.0     1.6130076e-02    2.4433083e-03     2.2296929e-03
 6350.0 6450.0     1.6512929e-02    2.2301132e-03     2.1566543e-03
 6450.0 6550.0     1.6904869e-02    2.0355208e-03     2.0836158e-03
 6550.0 6650.0     1.7306111e-02    1.8579079e-03     2.0105772e-03
 6650.0 6750.0     1.7716877e-02    1.6957929e-03     1.9375387e-03
 6750.0 6850.0     1.8137393e-02    1.5478236e-03     1.8645001e-03
 6850.0 6950.0     1.8593761e-02    1.4166897e-03     1.8024894e-03
 6950.0 7050.0     1.9103830e-02    1.3028191e-03     1.7582655e-03
 7050.0 7150.0     1.9644219e-02    1.2003234e-03     1.7208004e-03
 7150.0 7250.0     2.0199894e-02    1.1058913e-03     1.6833354e-03
 7250.0 7350.0     2.0771288e-02    1.0188883e-03     1.6458704e-03
 7350.0 7450.0     2.1358844e-02    9.3873010e-04     1.6084053e-03
 7450.0 7550.0     2.1963021e-02    8.6487809e-04     1.5709403e-03
 7550.0 7650.0     2.2584288e-02    7.9683619e-04     1.5334753e-03
 7650.0 7750.0     2.3223128e-02    7.3414729e-04     1.4960102e-03
 7750.0 7850.0     2.3880040e-02    6.7639028e-04     1.4585452e-03
 7850.0 7950.0     2.4555533e-02    6.2317713e-04     1.4210802e-03
 7950.0 8050.0     2.5250134e-02    5.7415039e-04     1.3836151e-03
 8050.0 8150.0     2.5964384e-02    5.2898069e-04     1.3461501e-03
 8150.0 8250.0     2.6698837e-02    4.8736459e-04     1.3086851e-03
 8250.0 8350.0     2.7454065e-02    4.4902252e-04     1.2712200e-03
 8350.0 8450.0     2.8230657e-02    4.1369691e-04     1.2337550e-03
 8450.0 8550.0     2.9029216e-02    3.8115044e-04     1.1962900e-03
