 1216.0 1216.0     4.0689129e-01    1.3153219e+01     9.3863836e-01
 1300.0 1350.0     4.0345102e-01    1.3499254e+01     9.3240415e-01
 1350.0 1400.0     4.0441659e-01    1.3654777e+01     9.2981826e-01
 1400.0 1450.0     4.0874866e-01    1.3804008e+01     9.2759267e-01
 1450.0 1500.0     4.1394270e-01    1.3952914e+01     9.2545355e-01
 1500.0 1550.0     4.1920275e-01    1.4103426e+01     9.2331443e-01
 1550.0 1600.0     4.2452963e-01    1.4255562e+01     9.2117531e-01
 1600.0 1650.0     4.2983866e-01    1.4395667e+01     9.1898039e-01
 1650.0 1700.0     4.3498731e-01    1.4501039e+01     9.1663862e-01
 1700.0 1750.0     4.4005644e-01    1.4584767e+01     9.1420580e-01
 1754.0 1770.0     4.4383891e-01    1.4646983e+01     9.1240551e-01
 1770.0 1786.0     4.4548753e-01    1.4673993e+01     9.1162701e-01
 1786.0 1802.0     4.4714227e-01    1.4701052e+01     9.1084851e-01
 1802.0 1818.0     4.4880315e-01    1.4728162e+01     9.1007001e-01
 1818.0 1835.0     4.5052250e-01    1.4756171e+01     9.0926718e-01
 1835.0 1852.0     4.5230074e-01    1.4785085e+01     9.0844002e-01
 1852.0 1869.0     4.5408600e-01    1.4814055e+01     9.0761287e-01
 1869.0 1887.0     4.5593123e-01    1.4843937e+01     9.0676138e-01
 1887.0 1905.0     4.5783690e-01    1.4874735e+01     9.0588557e-01
 1905.0 1923.0     4.5975053e-01    1.4905597e+01     9.0500975e-01
 1923.0 1942.0     4.6172577e-01    1.4937384e+01     9.0410961e-01
 1942.0 1961.0     4.6376311e-01    1.4970100e+01     9.0318514e-01
 1961.0 1980.0     4.6569754e-01    1.4992146e+01     9.0219651e-01
 1980.0 2000.0     4.6750757e-01    1.4997195e+01     9.0107663e-01
 2000.0 2020.0     4.6930404e-01    1.4995955e+01     8.9988965e-01
 2020.0 2041.0     4.7115268e-01    1.4994683e+01     8.9867300e-01
 2041.0 2062.0     4.7305387e-01    1.4993381e+01     8.9742667e-01
 2062.0 2083.0     4.7496273e-01    1.4992078e+01     8.9618034e-01
 2083.0 2105.0     4.7692511e-01    1.4990745e+01     8.9490433e-01
 2105.0 2128.0     4.7898745e-01    1.4989350e+01     8.9356898e-01
 2128.0 2151.0     4.8110473e-01    1.4987924e+01     8.9220395e-01
 2151.0 2174.0     4.8323137e-01    1.4986498e+01     8.9083892e-01
 2174.0 2200.0     4.8550738e-01    1.4984979e+01     8.8938487e-01
 2200.0 2222.0     4.8774658e-01    1.4983492e+01     8.8796050e-01
 2222.0 2247.0     4.8994987e-01    1.4982035e+01     8.8656579e-01
 2247.0 2273.0     4.9235171e-01    1.4980455e+01     8.8505239e-01
 2273.0 2299.0     4.9481265e-01    1.4978844e+01     8.8350932e-01
 2299.0 2326.0     4.9733369e-01    1.4977203e+01     8.8193657e-01
 2326.0 2353.0     4.9991539e-01    1.4975530e+01     8.8033415e-01
 2353.0 2381.0     5.0255880e-01    1.4973827e+01     8.7870205e-01
 2381.0 2410.0     5.0581405e-01    1.4984255e+01     8.7729130e-01
 2410.0 2439.0     5.0969881e-01    1.5008274e+01     8.7616396e-01
 2439.0 2469.0     5.1374076e-01    1.5034182e+01     8.7505013e-01
 2469.0 2500.0     5.1795343e-01    1.5061014e+01     8.7389854e-01
 2500.0 2532.0     5.2234049e-01    1.5088777e+01     8.7270920e-01
 2532.0 2564.0     5.2683493e-01    1.5117033e+01     8.7150097e-01
 2564.0 2597.0     5.3143949e-01    1.5145785e+01     8.7027387e-01
 2597.0 2632.0     5.3629998e-01    1.5175922e+01     8.6899014e-01
 2632.0 2667.0     5.4219212e-01    1.5151404e+01     8.6686426e-01
 2667.0 2703.0     5.4927369e-01    1.5058673e+01     8.6372098e-01
 2703.0 2740.0     5.5683328e-01    1.4952221e+01     8.6031804e-01
 2740.0 2778.0     5.6470836e-01    1.4843636e+01     8.5682187e-01
 2778.0 2817.0     5.7290932e-01    1.4732975e+01     8.5323247e-01
 2817.0 2857.0     5.8144709e-01    1.4620298e+01     8.4954984e-01
 2857.0 2899.0     5.9044452e-01    1.4504259e+01     8.4572736e-01
 2899.0 2941.0     5.9980402e-01    1.4386333e+01     8.4181165e-01
 2941.0 2985.0     6.0815835e-01    1.4267385e+01     8.3801062e-01
 2985.0 3030.0     6.1508585e-01    1.4146353e+01     8.3435324e-01
 3030.0 3077.0     6.2184926e-01    1.4022593e+01     8.3064422e-01
 3077.0 3125.0     6.2891086e-01    1.3895927e+01     8.2681426e-01
 3125.0 3175.0     6.3627994e-01    1.3766466e+01     8.2286334e-01
 3175.0 3225.0     6.4388751e-01    1.3635594e+01     8.1883180e-01
 3225.0 3275.0     6.5144794e-01    1.3515284e+01     8.1513711e-01
 3275.0 3325.0     6.5851713e-01    1.3434712e+01     8.1284599e-01
 3325.0 3375.0     6.6522138e-01    1.3384036e+01     8.1162157e-01
 3375.0 3425.0     6.7199389e-01    1.3333551e+01     8.1039715e-01
 3425.0 3450.0     6.7711196e-01    1.3295795e+01     8.0947884e-01
 3450.0 3550.0     6.8579641e-01    1.3237462e+01     8.0795587e-01
 3550.0 3650.0     7.0015590e-01    1.3194839e+01     8.0560890e-01
 3650.0 3750.0     7.1509299e-01    1.3201138e+01     8.0334870e-01
 3750.0 3850.0     7.3034875e-01    1.3207440e+01     8.0108850e-01
 3850.0 3950.0     7.4674409e-01    1.3206888e+01     7.9826279e-01
 3950.0 4050.0     7.6458602e-01    1.3197320e+01     7.9469300e-01
 4050.0 4150.0     7.8303690e-01    1.3181358e+01     7.9075252e-01
 4150.0 4250.0     8.0144766e-01    1.3140556e+01     7.8568196e-01
 4250.0 4350.0     8.1988706e-01    1.3079288e+01     7.7967344e-01
 4350.0 4450.0     8.3757669e-01    1.2994803e+01     7.7339505e-01
 4450.0 4550.0     8.5025595e-01    1.2805437e+01     7.6588993e-01
 4550.0 4650.0     8.5892830e-01    1.2537387e+01     7.5742797e-01
 4650.0 4750.0     8.6768911e-01    1.2274948e+01     7.4896601e-01
 4750.0 4850.0     8.7653927e-01    1.2018002e+01     7.4050405e-01
 4850.0 4950.0     8.8547970e-01    1.1766435e+01     7.3204210e-01
 4950.0 5050.0     8.9451132e-01    1.1520134e+01     7.2358014e-01
 5050.0 5150.0     9.0363507e-01    1.1278989e+01     7.1511818e-01
 5150.0 5250.0     9.1285187e-01    1.1042891e+01     7.0665622e-01
 5250.0 5350.0     9.2216268e-01    1.0811736e+01     6.9819426e-01
 5350.0 5450.0     9.3156846e-01    1.0585419e+01     6.8973230e-01
 5450.0 5550.0     9.4107017e-01    1.0363840e+01     6.8127035e-01
 5550.0 5650.0     9.5010401e-01    1.0139037e+01     6.7322048e-01
 5650.0 5750.0     9.5544355e-01    9.8679341e+00     6.6791787e-01
 5750.0 5850.0     9.5760732e-01    9.5609488e+00     6.6495042e-01
 5850.0 5950.0     9.5977600e-01    9.2635136e+00     6.6198297e-01
 5950.0 6050.0     9.6194959e-01    8.9753314e+00     6.5901552e-01
 6050.0 6150.0     9.6412810e-01    8.6961144e+00     6.5604806e-01
 6150.0 6250.0     9.6631154e-01    8.4255837e+00     6.5308061e-01
 6250.0 6350.0     9.6849993e-01    8.1634690e+00     6.5011316e-01
 6350.0 6450.0     9.7069327e-01    7.9095085e+00     6.4714571e-01
 6450.0 6550.0     9.7289159e-01    7.6634486e+00     6.4417826e-01
 6550.0 6650.0     9.7509488e-01    7.4250435e+00     6.4121081e-01
 6650.0 6750.0     9.7730316e-01    7.1940550e+00     6.3824336e-01
 6750.0 6850.0     9.7951644e-01    6.9702524e+00     6.3527591e-01
 6850.0 6950.0     9.8123855e-01    6.7406331e+00     6.3305728e-01
 6950.0 7050.0     9.8216351e-01    6.4982872e+00     6.3204643e-01
 7050.0 7150.0     9.8278519e-01    6.2571270e+00     6.3149452e-01
 7150.0 7250.0     9.8340727e-01    6.0249167e+00     6.3094262e-01
 7250.0 7350.0     9.8402974e-01    5.8013240e+00     6.3039072e-01
 7350.0 7450.0     9.8465261e-01    5.5860291e+00     6.2983881e-01
 7450.0 7550.0     9.8527587e-01    5.3787241e+00     6.2928691e-01
 7550.0 7650.0     9.8589952e-01    5.1791125e+00     6.2873500e-01
 7650.0 7750.0     9.8652357e-01    4.9869087e+00     6.2818310e-01
 7750.0 7850.0     9.8714802e-01    4.8018378e+00     6.2763119e-01
 7850.0 7950.0     9.8777286e-01    4.6236352e+00     6.2707929e-01
 7950.0 8050.0     9.8839809e-01    4.4520459e+00     6.2652739e-01
 8050.0 8150.0     9.8902372e-01    4.2868246e+00     6.2597548e-01
 8150.0 8250.0     9.8964975e-01    4.1277348e+00     6.2542358e-01
 8250.0 8350.0     9.9027617e-01    3.9745490e+00     6.2487167e-01
 8350.0 8450.0     9.9090299e-01    3.8270482e+00     6.2431977e-01
 8450.0 8550.0     9.9153021e-01    3.6850213e+00     6.2376787e-01
