 1216.0 1216.0     1.2448731e-04    3.1231412e-02     5.8266894e-04
 1300.0 1350.0     1.0450670e-04    2.3414520e-02     4.9094526e-04
 1350.0 1400.0     9.5395673e-05    2.1136716e-02     4.5452583e-04
 1400.0 1450.0     8.5788650e-05    1.9939295e-02     4.2554805e-04
 1450.0 1500.0     7.6864843e-05    1.9009066e-02     3.9835626e-04
 1500.0 1550.0     6.8869297e-05    1.8122235e-02     3.7116446e-04
 1550.0 1600.0     6.1705455e-05    1.7276778e-02     3.4397267e-04
 1600.0 1650.0     5.5691062e-05    1.6488659e-02     3.1921972e-04
 1650.0 1700.0     5.1282483e-05    1.5782386e-02     3.0088479e-04
 1700.0 1750.0     4.7842671e-05    1.5134395e-02     2.8652903e-04
 1754.0 1770.0     4.5422065e-05    1.4669179e-02     2.7590577e-04
 1770.0 1786.0     4.4424006e-05    1.4473693e-02     2.7131193e-04
 1786.0 1802.0     4.3447877e-05    1.4280813e-02     2.6671809e-04
 1802.0 1818.0     4.2493196e-05    1.4090503e-02     2.6212425e-04
 1818.0 1835.0     4.1530977e-05    1.3896942e-02     2.5738685e-04
 1835.0 1852.0     4.0562052e-05    1.3700256e-02     2.5250589e-04
 1852.0 1869.0     3.9615732e-05    1.3506353e-02     2.4762493e-04
 1869.0 1887.0     3.8664961e-05    1.3309654e-02     2.4260042e-04
 1887.0 1905.0     3.7710498e-05    1.3110282e-02     2.3743235e-04
 1905.0 1923.0     3.6779597e-05    1.2913896e-02     2.3226427e-04
 1923.0 1942.0     3.5847097e-05    1.2715162e-02     2.2695265e-04
 1942.0 1961.0     3.4913679e-05    1.2514197e-02     2.2149746e-04
 1961.0 1980.0     3.4051498e-05    1.2333086e-02     2.1679210e-04
 1980.0 2000.0     3.3265388e-05    1.2177217e-02     2.1319290e-04
 2000.0 2020.0     3.2505211e-05    1.2029241e-02     2.0995001e-04
 2020.0 2041.0     3.1744273e-05    1.1879454e-02     2.0662606e-04
 2041.0 2062.0     3.0983024e-05    1.1727924e-02     2.0322103e-04
 2062.0 2083.0     3.0240030e-05    1.1578328e-02     1.9981601e-04
 2083.0 2105.0     2.9498014e-05    1.1427169e-02     1.9632991e-04
 2105.0 2128.0     2.8740975e-05    1.1271092e-02     1.9268167e-04
 2128.0 2151.0     2.7986975e-05    1.1113727e-02     1.8895235e-04
 2151.0 2174.0     2.7252755e-05    1.0958558e-02     1.8522304e-04
 2174.0 2200.0     2.6492477e-05    1.0795726e-02     1.8125051e-04
 2200.0 2222.0     2.5766838e-05    1.0638397e-02     1.7735905e-04
 2222.0 2247.0     2.5076957e-05    1.0486728e-02     1.7354866e-04
 2247.0 2273.0     2.4348827e-05    1.0324547e-02     1.6941399e-04
 2273.0 2299.0     2.3627978e-05    1.0161744e-02     1.6519824e-04
 2299.0 2326.0     2.2915426e-05    9.9984758e-03     1.6090142e-04
 2326.0 2353.0     2.2211326e-05    9.8348001e-03     1.5652353e-04
 2353.0 2381.0     2.1516619e-05    9.6708722e-03     1.5206457e-04
 2381.0 2410.0     2.0945110e-05    9.4562087e-03     1.4816275e-04
 2410.0 2439.0     2.0517381e-05    9.1907240e-03     1.4498215e-04
 2439.0 2469.0     2.0105836e-05    8.9229711e-03     1.4183114e-04
 2469.0 2500.0     1.9689018e-05    8.6543406e-03     1.3857331e-04
 2500.0 2532.0     1.9267602e-05    8.3853892e-03     1.3520867e-04
 2532.0 2564.0     1.8848661e-05    8.1206602e-03     1.3179062e-04
 2564.0 2597.0     1.8432567e-05    7.8604121e-03     1.2831917e-04
 2597.0 2632.0     1.8007169e-05    7.5971396e-03     1.2468749e-04
 2632.0 2667.0     1.7562795e-05    7.3474115e-03     1.2132410e-04
 2667.0 2703.0     1.7103140e-05    7.1174704e-03     1.1837294e-04
 2703.0 2740.0     1.6639653e-05    6.8910705e-03     1.1541844e-04
 2740.0 2778.0     1.6176545e-05    6.6659658e-03     1.1238300e-04
 2778.0 2817.0     1.5714493e-05    6.4425062e-03     1.0926661e-04
 2817.0 2857.0     1.5254153e-05    6.2210255e-03     1.0606927e-04
 2857.0 2899.0     1.4790675e-05    5.9992321e-03     1.0275052e-04
 2899.0 2941.0     1.4330321e-05    5.7801305e-03     9.9350820e-05
 2941.0 2985.0     1.3875166e-05    5.5782514e-03     9.6236314e-05
 2985.0 3030.0     1.3420782e-05    5.3952667e-03     9.3499668e-05
 3030.0 3077.0     1.2967184e-05    5.2171472e-03     9.0796935e-05
 3077.0 3125.0     1.2514794e-05    5.0393564e-03     8.8006068e-05
 3125.0 3175.0     1.2064733e-05    4.8623295e-03     8.5127069e-05
 3175.0 3225.0     1.1622004e-05    4.6880361e-03     8.2189315e-05
 3225.0 3275.0     1.1215766e-05    4.5164394e-03     7.9342759e-05
 3275.0 3325.0     1.0906462e-05    4.3367870e-03     7.6876192e-05
 3325.0 3375.0     1.0668505e-05    4.1535190e-03     7.4698417e-05
 3375.0 3425.0     1.0435739e-05    3.9779957e-03     7.2520642e-05
 3425.0 3450.0     1.0264035e-05    3.8505652e-03     7.0887310e-05
 3450.0 3550.0     1.0005196e-05    3.6507625e-03     6.8218615e-05
 3550.0 3650.0     9.8126672e-06    3.3403171e-03     6.4585652e-05
 3650.0 3750.0     9.8320973e-06    3.0491718e-03     6.1568226e-05
 3750.0 3850.0     9.8515659e-06    2.7834030e-03     5.8550801e-05
 3850.0 3950.0     9.9693812e-06    2.5293117e-03     5.5788885e-05
 3950.0 4050.0     1.0220031e-05    2.2837212e-03     5.3363167e-05
 4050.0 4150.0     1.0518906e-05    2.0574106e-03     5.1050463e-05
 4150.0 4250.0     1.0885173e-05    1.8464747e-03     4.8927913e-05
 4250.0 4350.0     1.1313376e-05    1.6514412e-03     4.6963192e-05
 4350.0 4450.0     1.1726220e-05    1.4790923e-03     4.5057283e-05
 4450.0 4550.0     1.2005418e-05    1.3334915e-03     4.3418699e-05
 4550.0 4650.0     1.2175788e-05    1.2089311e-03     4.1988628e-05
 4650.0 4750.0     1.2348577e-05    1.0960058e-03     4.0558558e-05
 4750.0 4850.0     1.2523818e-05    9.9362882e-04     3.9128487e-05
 4850.0 4950.0     1.2701545e-05    9.0081475e-04     3.7698416e-05
 4950.0 5050.0     1.2881795e-05    8.1667037e-04     3.6268345e-05
 5050.0 5150.0     1.3064603e-05    7.4038585e-04     3.4838274e-05
 5150.0 5250.0     1.3250005e-05    6.7122700e-04     3.3408204e-05
 5250.0 5350.0     1.3438038e-05    6.0852823e-04     3.1978133e-05
 5350.0 5450.0     1.3628739e-05    5.5168610e-04     3.0548062e-05
 5450.0 5550.0     1.3822147e-05    5.0015354e-04     2.9117991e-05
 5550.0 5650.0     1.4028435e-05    4.5364954e-04     2.7740286e-05
 5650.0 5750.0     1.4306557e-05    4.1279343e-04     2.6711680e-05
 5750.0 5850.0     1.4649047e-05    3.7672881e-04     2.5979808e-05
 5850.0 5950.0     1.4999736e-05    3.4381505e-04     2.5247935e-05
 5950.0 6050.0     1.5358819e-05    3.1377688e-04     2.4516063e-05
 6050.0 6150.0     1.5726500e-05    2.8636306e-04     2.3784191e-05
 6150.0 6250.0     1.6102982e-05    2.6134431e-04     2.3052319e-05
 6250.0 6350.0     1.6488477e-05    2.3851138e-04     2.2320446e-05
 6350.0 6450.0     1.6883200e-05    2.1767329e-04     2.1588574e-05
 6450.0 6550.0     1.7287373e-05    1.9865578e-04     2.0856702e-05
 6550.0 6650.0     1.7701222e-05    1.8129977e-04     2.0124830e-05
 6650.0 6750.0     1.8124978e-05    1.6546011e-04     1.9392957e-05
 6750.0 6850.0     1.8558878e-05    1.5100432e-04     1.8661085e-05
 6850.0 6950.0     1.9032029e-05    1.3817625e-04     1.8039798e-05
 6950.0 7050.0     1.9564363e-05    1.2700977e-04     1.7596873e-05
 7050.0 7150.0     2.0129815e-05    1.1695210e-04     1.7221725e-05
 7150.0 7250.0     2.0711611e-05    1.0769087e-04     1.6846577e-05
 7250.0 7350.0     2.1310221e-05    9.9163032e-05     1.6471430e-05
 7350.0 7450.0     2.1926133e-05    9.1310494e-05     1.6096282e-05
 7450.0 7550.0     2.2559846e-05    8.4079784e-05     1.5721134e-05
 7550.0 7650.0     2.3211874e-05    7.7421661e-05     1.5345987e-05
 7650.0 7750.0     2.3882748e-05    7.1290782e-05     1.4970839e-05
 7750.0 7850.0     2.4573011e-05    6.5645396e-05     1.4595691e-05
 7850.0 7950.0     2.5283224e-05    6.0447058e-05     1.4220544e-05
 7950.0 8050.0     2.6013964e-05    5.5660367e-05     1.3845396e-05
 8050.0 8150.0     2.6765824e-05    5.1252725e-05     1.3470248e-05
 8150.0 8250.0     2.7539415e-05    4.7194116e-05     1.3095100e-05
 8250.0 8350.0     2.8335364e-05    4.3456900e-05     1.2719953e-05
 8350.0 8450.0     2.9154317e-05    4.0015628e-05     1.2344805e-05
 8450.0 8550.0     2.9996940e-05    3.6846864e-05     1.1969657e-05
