 1216.0 1216.0     4.7516672e-01    2.8237870e+00     8.0806854e-01
 1300.0 1350.0     5.1447115e-01    3.0241518e+00     7.9596790e-01
 1350.0 1400.0     5.2866278e-01    3.0837304e+00     7.9034798e-01
 1400.0 1450.0     5.3687335e-01    3.0965161e+00     7.8463705e-01
 1450.0 1500.0     5.4366836e-01    3.0978486e+00     7.7890428e-01
 1500.0 1550.0     5.5054936e-01    3.0991816e+00     7.7317151e-01
 1550.0 1600.0     5.5751745e-01    3.1005153e+00     7.6743874e-01
 1600.0 1650.0     5.6355163e-01    3.0978034e+00     7.6134330e-01
 1650.0 1700.0     5.6695613e-01    3.0844885e+00     7.5429347e-01
 1700.0 1750.0     5.6871139e-01    3.0646802e+00     7.4665190e-01
 1754.0 1770.0     5.7001317e-01    3.0500898e+00     7.4099714e-01
 1770.0 1786.0     5.7057729e-01    3.0438081e+00     7.3855184e-01
 1786.0 1802.0     5.7114197e-01    3.0375394e+00     7.3610654e-01
 1802.0 1818.0     5.7170721e-01    3.0312835e+00     7.3366124e-01
 1818.0 1835.0     5.7229070e-01    3.0248459e+00     7.3113952e-01
 1835.0 1852.0     5.7289249e-01    3.0182273e+00     7.2854139e-01
 1852.0 1869.0     5.7349492e-01    3.0116231e+00     7.2594326e-01
 1869.0 1887.0     5.7411573e-01    3.0048401e+00     7.2326871e-01
 1887.0 1905.0     5.7475497e-01    2.9978789e+00     7.2051775e-01
 1905.0 1923.0     5.7539493e-01    2.9909339e+00     7.1776678e-01
 1923.0 1942.0     5.7605341e-01    2.9838129e+00     7.1493941e-01
 1942.0 1961.0     5.7673046e-01    2.9765169e+00     7.1203561e-01
 1961.0 1980.0     5.7729460e-01    2.9657431e+00     7.0878676e-01
 1980.0 2000.0     5.7768763e-01    2.9490129e+00     7.0488642e-01
 2000.0 2020.0     5.7802296e-01    2.9298752e+00     7.0067963e-01
 2020.0 2041.0     5.7836687e-01    2.9103895e+00     6.9636766e-01
 2041.0 2062.0     5.7871938e-01    2.8905613e+00     6.9195053e-01
 2062.0 2083.0     5.7907211e-01    2.8708682e+00     6.8753340e-01
 2083.0 2105.0     5.7943346e-01    2.8508468e+00     6.8301110e-01
 2105.0 2128.0     5.7981186e-01    2.8300437e+00     6.7827846e-01
 2128.0 2151.0     5.8019892e-01    2.8089335e+00     6.7344065e-01
 2151.0 2174.0     5.8058624e-01    2.7879808e+00     6.6860283e-01
 2174.0 2200.0     5.8099911e-01    2.7658388e+00     6.6344951e-01
 2200.0 2222.0     5.8140382e-01    2.7443070e+00     6.5840136e-01
 2222.0 2247.0     5.8180039e-01    2.7233981e+00     6.5345838e-01
 2247.0 2273.0     5.8223101e-01    2.7008863e+00     6.4809472e-01
 2273.0 2299.0     5.8267040e-01    2.6781228e+00     6.4262589e-01
 2299.0 2326.0     5.8311859e-01    2.6551208e+00     6.3705189e-01
 2326.0 2353.0     5.8357558e-01    2.6318860e+00     6.3137272e-01
 2353.0 2381.0     5.8404140e-01    2.6084320e+00     6.2558838e-01
 2381.0 2410.0     5.8464886e-01    2.5829099e+00     6.2128557e-01
 2410.0 2439.0     5.8540413e-01    2.5556208e+00     6.1876466e-01
 2439.0 2469.0     5.8618804e-01    2.5279929e+00     6.1639886e-01
 2469.0 2500.0     5.8699963e-01    2.4997424e+00     6.1395287e-01
 2500.0 2532.0     5.8783901e-01    2.4708971e+00     6.1142669e-01
 2532.0 2564.0     5.8869293e-01    2.4419320e+00     6.0886040e-01
 2564.0 2597.0     5.8956147e-01    2.4128646e+00     6.0625402e-01
 2597.0 2632.0     5.9047148e-01    2.3828286e+00     6.0352734e-01
 2632.0 2667.0     5.9078753e-01    2.3376675e+00     5.9968258e-01
 2667.0 2703.0     5.9034569e-01    2.2749988e+00     5.9450931e-01
 2703.0 2740.0     5.8975968e-01    2.2093146e+00     5.8896953e-01
 2740.0 2778.0     5.8915822e-01    2.1438053e+00     5.8327798e-01
 2778.0 2817.0     5.8854136e-01    2.0785695e+00     5.7743465e-01
 2817.0 2857.0     5.8790914e-01    2.0137017e+00     5.7143955e-01
 2857.0 2899.0     5.8725364e-01    1.9485239e+00     5.6521679e-01
 2899.0 2941.0     5.8658290e-01    1.8839176e+00     5.5884225e-01
 2941.0 2985.0     5.8610982e-01    1.8152944e+00     5.4967168e-01
 2985.0 3030.0     5.8590350e-01    1.7407058e+00     5.3666766e-01
 3030.0 3077.0     5.8576363e-01    1.6652888e+00     5.2231418e-01
 3077.0 3125.0     5.8561925e-01    1.5908224e+00     5.0749265e-01
 3125.0 3175.0     5.8547034e-01    1.5175093e+00     4.9220307e-01
 3175.0 3225.0     5.8531842e-01    1.4461482e+00     4.7660146e-01
 3225.0 3275.0     5.8545973e-01    1.3784071e+00     4.6105456e-01
 3275.0 3325.0     5.8682539e-01    1.3149019e+00     4.4573562e-01
 3325.0 3375.0     5.8912672e-01    1.2551216e+00     4.3058991e-01
 3375.0 3425.0     5.9143708e-01    1.1980590e+00     4.1544420e-01
 3425.0 3450.0     5.9317494e-01    1.1567364e+00     4.0408493e-01
 3450.0 3550.0     5.9630366e-01    1.0936311e+00     3.8552957e-01
 3550.0 3650.0     6.0392960e-01    1.0108452e+00     3.6032468e-01
 3650.0 3750.0     6.1417101e-01    9.4667718e-01     3.3945276e-01
 3750.0 3850.0     6.2458610e-01    8.8658255e-01     3.1858083e-01
 3850.0 3950.0     6.3613994e-01    8.3050094e-01     2.9973509e-01
 3950.0 4050.0     6.4918162e-01    7.7822378e-01     2.8355540e-01
 4050.0 4150.0     6.6275980e-01    7.2896498e-01     2.6828818e-01
 4150.0 4250.0     6.7637346e-01    6.8098441e-01     2.5462466e-01
 4250.0 4350.0     6.9005984e-01    6.3465644e-01     2.4229221e-01
 4350.0 4450.0     7.0308885e-01    5.9043239e-01     2.3044918e-01
 4450.0 4550.0     7.1208018e-01    5.4482319e-01     2.2083076e-01
 4550.0 4650.0     7.1785157e-01    4.9933772e-01     2.1294754e-01
 4650.0 4750.0     7.2366974e-01    4.5764968e-01     2.0506431e-01
 4750.0 4850.0     7.2953506e-01    4.1944203e-01     1.9718109e-01
 4850.0 4950.0     7.3544792e-01    3.8442421e-01     1.8929787e-01
 4950.0 5050.0     7.4140871e-01    3.5232992e-01     1.8141464e-01
 5050.0 5150.0     7.4741780e-01    3.2291507e-01     1.7353142e-01
 5150.0 5250.0     7.5347561e-01    2.9595596e-01     1.6564819e-01
 5250.0 5350.0     7.5958251e-01    2.7124759e-01     1.5776497e-01
 5350.0 5450.0     7.6573890e-01    2.4860203e-01     1.4988175e-01
 5450.0 5550.0     7.7194519e-01    2.2784707e-01     1.4199852e-01
 5550.0 5650.0     7.7807904e-01    2.0901761e-01     1.3443757e-01
 5650.0 5750.0     7.8343862e-01    1.9294645e-01     1.2902505e-01
 5750.0 5850.0     7.8813549e-01    1.7912562e-01     1.2543871e-01
 5850.0 5950.0     7.9286051e-01    1.6629478e-01     1.2185237e-01
 5950.0 6050.0     7.9761386e-01    1.5438302e-01     1.1826603e-01
 6050.0 6150.0     8.0239570e-01    1.4332450e-01     1.1467968e-01
 6150.0 6250.0     8.0720621e-01    1.3305811e-01     1.1109334e-01
 6250.0 6350.0     8.1204557e-01    1.2352710e-01     1.0750700e-01
 6350.0 6450.0     8.1691394e-01    1.1467881e-01     1.0392066e-01
 6450.0 6550.0     8.2181149e-01    1.0646432e-01     1.0033431e-01
 6550.0 6650.0     8.2673840e-01    9.8838239e-02     9.6747972e-02
 6650.0 6750.0     8.3169486e-01    9.1758417e-02     9.3161629e-02
 6750.0 6850.0     8.3668102e-01    8.5185725e-02     8.9575287e-02
 6850.0 6950.0     8.4119154e-01    7.9446782e-02     8.6545872e-02
 6950.0 7050.0     8.4491011e-01    7.4669164e-02     8.4414722e-02
 7050.0 7150.0     8.4833420e-01    7.0389529e-02     8.2624910e-02
 7150.0 7250.0     8.5177217e-01    6.6355180e-02     8.0835099e-02
 7250.0 7350.0     8.5522408e-01    6.2552058e-02     7.9045288e-02
 7350.0 7450.0     8.5868997e-01    5.8966910e-02     7.7255477e-02
 7450.0 7550.0     8.6216990e-01    5.5587244e-02     7.5465666e-02
 7550.0 7650.0     8.6566394e-01    5.2401282e-02     7.3675855e-02
 7650.0 7750.0     8.6917214e-01    4.9397922e-02     7.1886044e-02
 7750.0 7850.0     8.7269456e-01    4.6566699e-02     7.0096233e-02
 7850.0 7950.0     8.7623125e-01    4.3897746e-02     6.8306422e-02
 7950.0 8050.0     8.7978228e-01    4.1381764e-02     6.6516610e-02
 8050.0 8150.0     8.8334769e-01    3.9009983e-02     6.4726799e-02
 8150.0 8250.0     8.8692756e-01    3.6774141e-02     6.2936988e-02
 8250.0 8350.0     8.9052193e-01    3.4666445e-02     6.1147177e-02
 8350.0 8450.0     8.9413087e-01    3.2679551e-02     5.9357366e-02
 8450.0 8550.0     8.9775443e-01    3.0806535e-02     5.7567555e-02
