 1216.0 1216.0     5.0617841e-01    3.0250096e+00     7.4538200e-01
 1300.0 1350.0     5.3867971e-01    3.0795261e+00     7.3052247e-01
 1350.0 1400.0     5.4817315e-01    3.0552502e+00     7.2056264e-01
 1400.0 1450.0     5.4991556e-01    2.9673920e+00     7.0646659e-01
 1450.0 1500.0     5.4976499e-01    2.8671687e+00     6.9137786e-01
 1500.0 1550.0     5.4961446e-01    2.7703305e+00     6.7628913e-01
 1550.0 1600.0     5.4946397e-01    2.6767629e+00     6.6120039e-01
 1600.0 1650.0     5.4868881e-01    2.5912418e+00     6.4735826e-01
 1650.0 1700.0     5.4627709e-01    2.5211202e+00     6.3679666e-01
 1700.0 1750.0     5.4286421e-01    2.4606921e+00     6.2826899e-01
 1754.0 1770.0     5.4035004e-01    2.4167500e+00     6.2195852e-01
 1770.0 1786.0     5.3926746e-01    2.3980604e+00     6.1922966e-01
 1786.0 1802.0     5.3818706e-01    2.3795153e+00     6.1650081e-01
 1802.0 1818.0     5.3710881e-01    2.3611137e+00     6.1377195e-01
 1818.0 1835.0     5.3599918e-01    2.3422883e+00     6.1095782e-01
 1835.0 1852.0     5.3485827e-01    2.3230470e+00     6.0805842e-01
 1852.0 1869.0     5.3371980e-01    2.3039639e+00     6.0515901e-01
 1869.0 1887.0     5.3255041e-01    2.2844855e+00     6.0217433e-01
 1887.0 1905.0     5.3135024e-01    2.2646200e+00     5.9910437e-01
 1905.0 1923.0     5.3015278e-01    2.2449273e+00     5.9603441e-01
 1923.0 1942.0     5.2892491e-01    2.2248684e+00     5.9287917e-01
 1942.0 1961.0     5.2766677e-01    2.2044514e+00     5.8963866e-01
 1961.0 1980.0     5.2635838e-01    2.1811863e+00     5.8542297e-01
 1980.0 2000.0     5.2493174e-01    2.1526218e+00     5.7949673e-01
 2000.0 2020.0     5.2344073e-01    2.1219209e+00     5.7283511e-01
 2020.0 2041.0     5.2191689e-01    2.0909123e+00     5.6600694e-01
 2041.0 2062.0     5.2036042e-01    2.0596117e+00     5.5901224e-01
 2062.0 2083.0     5.1880860e-01    2.0287796e+00     5.5201753e-01
 2083.0 2105.0     5.1722469e-01    1.9976970e+00     5.4485629e-01
 2105.0 2128.0     5.1557228e-01    1.9656786e+00     5.3736196e-01
 2128.0 2151.0     5.1388854e-01    1.9334733e+00     5.2970109e-01
 2151.0 2174.0     5.1221031e-01    1.9017957e+00     5.2204022e-01
 2174.0 2200.0     5.1042884e-01    1.8686404e+00     5.1387974e-01
 2200.0 2222.0     5.0868931e-01    1.8366826e+00     5.0588579e-01
 2222.0 2247.0     5.0699218e-01    1.8059585e+00     4.9805838e-01
 2247.0 2273.0     5.0515689e-01    1.7731890e+00     4.8956481e-01
 2273.0 2299.0     5.0329238e-01    1.7403833e+00     4.8090470e-01
 2299.0 2326.0     5.0139917e-01    1.7075771e+00     4.7207805e-01
 2326.0 2353.0     4.9947750e-01    1.6747820e+00     4.6308485e-01
 2353.0 2381.0     4.9752788e-01    1.6420327e+00     4.5392512e-01
 2381.0 2410.0     4.9676841e-01    1.6022456e+00     4.4391890e-01
 2410.0 2439.0     4.9737608e-01    1.5556316e+00     4.3317350e-01
 2439.0 2469.0     4.9814267e-01    1.5088774e+00     4.2218257e-01
 2469.0 2500.0     4.9893649e-01    1.4620153e+00     4.1081906e-01
 2500.0 2532.0     4.9975766e-01    1.4151440e+00     3.9908299e-01
 2532.0 2564.0     5.0059324e-01    1.3690553e+00     3.8716062e-01
 2564.0 2597.0     5.0144331e-01    1.3237942e+00     3.7505197e-01
 2597.0 2632.0     5.0233418e-01    1.2780564e+00     3.6238446e-01
 2632.0 2667.0     5.0236576e-01    1.2307768e+00     3.5057601e-01
 2667.0 2703.0     5.0131157e-01    1.1824036e+00     3.4011018e-01
 2703.0 2740.0     5.0004209e-01    1.1342779e+00     3.2961155e-01
 2740.0 2778.0     4.9874118e-01    1.0868730e+00     3.1882527e-01
 2778.0 2817.0     4.9740910e-01    1.0402643e+00     3.0775137e-01
 2817.0 2857.0     4.9604611e-01    9.9452147e-01     2.9638983e-01
 2857.0 2899.0     4.9463535e-01    9.4918046e-01     2.8459683e-01
 2899.0 2941.0     4.9319428e-01    9.0485151e-01     2.7251621e-01
 2941.0 2985.0     4.9084873e-01    8.6263791e-01     2.6178726e-01
 2985.0 3030.0     4.8727532e-01    8.2232976e-01     2.5286226e-01
 3030.0 3077.0     4.8331063e-01    7.8298107e-01     2.4420127e-01
 3077.0 3125.0     4.7925033e-01    7.4431413e-01     2.3525786e-01
 3125.0 3175.0     4.7509773e-01    7.0643585e-01     2.2603202e-01
 3175.0 3225.0     4.7089710e-01    6.6975185e-01     2.1661791e-01
 3225.0 3275.0     4.6698502e-01    6.3496563e-01     2.0756183e-01
 3275.0 3325.0     4.6414866e-01    6.0195753e-01     1.9999761e-01
 3325.0 3375.0     4.6212258e-01    5.7064384e-01     1.9356720e-01
 3375.0 3425.0     4.6010534e-01    5.4095909e-01     1.8713679e-01
 3425.0 3450.0     4.5859737e-01    5.1957436e-01     1.8231398e-01
 3450.0 3550.0     4.5645372e-01    4.8703024e-01     1.7445454e-01
 3550.0 3650.0     4.5725337e-01    4.4222668e-01     1.6400453e-01
 3650.0 3750.0     4.6216309e-01    4.0542788e-01     1.5560816e-01
 3750.0 3850.0     4.6712553e-01    3.7169121e-01     1.4721179e-01
 3850.0 3950.0     4.7406599e-01    3.4063067e-01     1.3962124e-01
 3950.0 4050.0     4.8366479e-01    3.1199666e-01     1.3309096e-01
 4050.0 4150.0     4.9419683e-01    2.8564761e-01     1.2691449e-01
 4150.0 4250.0     5.0565071e-01    2.6106435e-01     1.2132242e-01
 4250.0 4350.0     5.1794770e-01    2.3822195e-01     1.1621539e-01
 4350.0 4450.0     5.2969518e-01    2.1731065e-01     1.1127837e-01
 4450.0 4550.0     5.3781202e-01    1.9794938e-01     1.0711409e-01
 4550.0 4650.0     5.4302054e-01    1.8009527e-01     1.0355253e-01
 4650.0 4750.0     5.4827951e-01    1.6385152e-01     9.9990983e-02
 4750.0 4850.0     5.5358941e-01    1.4907289e-01     9.6429431e-02
 4850.0 4950.0     5.5895073e-01    1.3562721e-01     9.2867878e-02
 4950.0 5050.0     5.6436397e-01    1.2339427e-01     8.9306326e-02
 5050.0 5150.0     5.6982964e-01    1.1226469e-01     8.5744774e-02
 5150.0 5250.0     5.7534824e-01    1.0213894e-01     8.2183222e-02
 5250.0 5350.0     5.8092029e-01    9.2926486e-02     7.8621670e-02
 5350.0 5450.0     5.8654630e-01    8.4544952e-02     7.5060118e-02
 5450.0 5550.0     5.9222680e-01    7.6919394e-02     7.1498565e-02
 5550.0 5650.0     5.9797900e-01    7.0059350e-02     6.8070330e-02
 5650.0 5750.0     6.0389924e-01    6.4293703e-02     6.5530869e-02
 5750.0 5850.0     6.0997361e-01    5.9409889e-02     6.3746863e-02
 5850.0 5950.0     6.1610908e-01    5.4897054e-02     6.1962858e-02
 5950.0 6050.0     6.2230626e-01    5.0727019e-02     6.0178853e-02
 6050.0 6150.0     6.2856577e-01    4.6873744e-02     5.8394847e-02
 6150.0 6250.0     6.3488825e-01    4.3313167e-02     5.6610842e-02
 6250.0 6350.0     6.4127432e-01    4.0023056e-02     5.4826837e-02
 6350.0 6450.0     6.4772462e-01    3.6982864e-02     5.3042831e-02
 6450.0 6550.0     6.5423981e-01    3.4173609e-02     5.1258826e-02
 6550.0 6650.0     6.6082053e-01    3.1577747e-02     4.9474820e-02
 6650.0 6750.0     6.6746744e-01    2.9179070e-02     4.7690815e-02
 6750.0 6850.0     6.7418122e-01    2.6962599e-02     4.5906810e-02
 6850.0 6950.0     6.8055120e-01    2.5035093e-02     4.4391878e-02
 6950.0 7050.0     6.8631623e-01    2.3436115e-02     4.3310937e-02
 7050.0 7150.0     6.9187611e-01    2.2009020e-02     4.2394910e-02
 7150.0 7250.0     6.9748103e-01    2.0668824e-02     4.1478883e-02
 7250.0 7350.0     7.0313136e-01    1.9410237e-02     4.0562856e-02
 7350.0 7450.0     7.0882746e-01    1.8228289e-02     3.9646829e-02
 7450.0 7550.0     7.1456971e-01    1.7118314e-02     3.8730802e-02
 7550.0 7650.0     7.2035847e-01    1.6075928e-02     3.7814775e-02
 7650.0 7750.0     7.2619413e-01    1.5097016e-02     3.6898748e-02
 7750.0 7850.0     7.3207706e-01    1.4177713e-02     3.5982721e-02
 7850.0 7950.0     7.3800766e-01    1.3314390e-02     3.5066694e-02
 7950.0 8050.0     7.4398629e-01    1.2503636e-02     3.4150667e-02
 8050.0 8150.0     7.5001336e-01    1.1742252e-02     3.3234641e-02
 8150.0 8250.0     7.5608925e-01    1.1027231e-02     3.2318614e-02
 8250.0 8350.0     7.6221437e-01    1.0355750e-02     3.1402587e-02
 8350.0 8450.0     7.6838911e-01    9.7251570e-03     3.0486560e-02
 8450.0 8550.0     7.7461386e-01    9.1329628e-03     2.9570533e-02
