 1216.0 1216.0     4.0332415e-01    1.4450858e+01     9.4309040e-01
 1300.0 1350.0     3.9986624e-01    1.4831107e+01     9.3757660e-01
 1350.0 1400.0     4.0072193e-01    1.4998772e+01     9.3528789e-01
 1400.0 1450.0     4.0480724e-01    1.5155189e+01     9.3331569e-01
 1450.0 1500.0     4.0971636e-01    1.5310058e+01     9.3141945e-01
 1500.0 1550.0     4.1468502e-01    1.5466510e+01     9.2952322e-01
 1550.0 1600.0     4.1971393e-01    1.5624561e+01     9.2762698e-01
 1600.0 1650.0     4.2472625e-01    1.5769092e+01     9.2567500e-01
 1650.0 1700.0     4.2959288e-01    1.5875004e+01     9.2357631e-01
 1700.0 1750.0     4.3438733e-01    1.5956831e+01     9.2138667e-01
 1754.0 1770.0     4.3796358e-01    1.6017606e+01     9.1976634e-01
 1770.0 1786.0     4.3952180e-01    1.6043980e+01     9.1906565e-01
 1786.0 1802.0     4.4108556e-01    1.6070397e+01     9.1836497e-01
 1802.0 1818.0     4.4265489e-01    1.6096857e+01     9.1766428e-01
 1818.0 1835.0     4.4427919e-01    1.6124191e+01     9.1694170e-01
 1835.0 1852.0     4.4595886e-01    1.6152400e+01     9.1619723e-01
 1852.0 1869.0     4.4764488e-01    1.6180659e+01     9.1545275e-01
 1869.0 1887.0     4.4938724e-01    1.6209802e+01     9.1468637e-01
 1887.0 1905.0     4.5118636e-01    1.6239831e+01     9.1389810e-01
 1905.0 1923.0     4.5299268e-01    1.6269916e+01     9.1310983e-01
 1923.0 1942.0     4.5485682e-01    1.6300895e+01     9.1229967e-01
 1942.0 1961.0     4.5677922e-01    1.6332773e+01     9.1146760e-01
 1961.0 1980.0     4.5861230e-01    1.6353195e+01     9.1057491e-01
 1980.0 2000.0     4.6034130e-01    1.6355300e+01     9.0955929e-01
 2000.0 2020.0     4.6206283e-01    1.6350575e+01     9.0848134e-01
 2020.0 2041.0     4.6383415e-01    1.6345733e+01     9.0737646e-01
 2041.0 2062.0     4.6565563e-01    1.6340775e+01     9.0624462e-01
 2062.0 2083.0     4.6748427e-01    1.6335818e+01     9.0511278e-01
 2083.0 2105.0     4.6936397e-01    1.6330745e+01     9.0395399e-01
 2105.0 2128.0     4.7133919e-01    1.6325437e+01     9.0274131e-01
 2128.0 2151.0     4.7336681e-01    1.6320013e+01     9.0150167e-01
 2151.0 2174.0     4.7540314e-01    1.6314591e+01     9.0026204e-01
 2174.0 2200.0     4.7758223e-01    1.6308818e+01     8.9894156e-01
 2200.0 2222.0     4.7972582e-01    1.6303164e+01     8.9764803e-01
 2222.0 2247.0     4.8183477e-01    1.6297630e+01     8.9638145e-01
 2247.0 2273.0     4.8413348e-01    1.6291627e+01     8.9500708e-01
 2273.0 2299.0     4.8648844e-01    1.6285509e+01     8.9360575e-01
 2299.0 2326.0     4.8890060e-01    1.6279276e+01     8.9217748e-01
 2326.0 2353.0     4.9137045e-01    1.6272927e+01     8.9072226e-01
 2353.0 2381.0     4.9389898e-01    1.6266463e+01     8.8924009e-01
 2381.0 2410.0     4.9701217e-01    1.6271278e+01     8.8797009e-01
 2410.0 2439.0     5.0072672e-01    1.6288825e+01     8.8696992e-01
 2439.0 2469.0     5.0459076e-01    1.6308049e+01     8.8598373e-01
 2469.0 2500.0     5.0861713e-01    1.6327947e+01     8.8496410e-01
 2500.0 2532.0     5.1280925e-01    1.6348524e+01     8.8391105e-01
 2532.0 2564.0     5.1710301e-01    1.6369454e+01     8.8284128e-01
 2564.0 2597.0     5.2150094e-01    1.6390738e+01     8.8175480e-01
 2597.0 2632.0     5.2614220e-01    1.6413035e+01     8.8061817e-01
 2632.0 2667.0     5.3185351e-01    1.6375481e+01     8.7869768e-01
 2667.0 2703.0     5.3880822e-01    1.6263565e+01     8.7582891e-01
 2703.0 2740.0     5.4624618e-01    1.6136564e+01     8.7271968e-01
 2740.0 2778.0     5.5399487e-01    1.6007117e+01     8.6952528e-01
 2778.0 2817.0     5.6206456e-01    1.5875298e+01     8.6624569e-01
 2817.0 2857.0     5.7046603e-01    1.5741183e+01     8.6288091e-01
 2857.0 2899.0     5.7932024e-01    1.5603181e+01     8.5938836e-01
 2899.0 2941.0     5.8853117e-01    1.5463053e+01     8.5581063e-01
 2941.0 2985.0     5.9679475e-01    1.5324064e+01     8.5232932e-01
 2985.0 3030.0     6.0371205e-01    1.5185721e+01     8.4896788e-01
 3030.0 3077.0     6.1048816e-01    1.5045113e+01     8.4555572e-01
 3077.0 3125.0     6.1756463e-01    1.4901278e+01     8.4203229e-01
 3125.0 3175.0     6.2495098e-01    1.4754349e+01     8.3839759e-01
 3175.0 3225.0     6.3257822e-01    1.4605900e+01     8.3468872e-01
 3225.0 3275.0     6.4015621e-01    1.4468636e+01     8.3129439e-01
 3275.0 3325.0     6.4722710e-01    1.4372865e+01     8.2921068e-01
 3325.0 3375.0     6.5392082e-01    1.4308297e+01     8.2812304e-01
 3375.0 3425.0     6.6068378e-01    1.4244020e+01     8.2703539e-01
 3425.0 3450.0     6.6579524e-01    1.4195975e+01     8.2621966e-01
 3450.0 3550.0     6.7447170e-01    1.4120660e+01     8.2486852e-01
 3550.0 3650.0     6.8883487e-01    1.4050817e+01     8.2280697e-01
 3650.0 3750.0     7.0379414e-01    1.4029816e+01     8.2084229e-01
 3750.0 3850.0     7.1907829e-01    1.4008847e+01     8.1887762e-01
 3850.0 3950.0     7.3559011e-01    1.3978457e+01     8.1639977e-01
 3950.0 4050.0     7.5366808e-01    1.3935712e+01     8.1324668e-01
 4050.0 4150.0     7.7241914e-01    1.3885915e+01     8.0975840e-01
 4150.0 4250.0     7.9126780e-01    1.3811656e+01     8.0525171e-01
 4250.0 4350.0     8.1026905e-01    1.3717391e+01     7.9989974e-01
 4350.0 4450.0     8.2853908e-01    1.3604147e+01     7.9429950e-01
 4450.0 4550.0     8.4176361e-01    1.3403804e+01     7.8757084e-01
 4550.0 4650.0     8.5094916e-01    1.3138317e+01     7.7996199e-01
 4650.0 4750.0     8.6023496e-01    1.2878089e+01     7.7235314e-01
 4750.0 4850.0     8.6962208e-01    1.2623016e+01     7.6474430e-01
 4850.0 4950.0     8.7911164e-01    1.2372994e+01     7.5713545e-01
 4950.0 5050.0     8.8870475e-01    1.2127925e+01     7.4952660e-01
 5050.0 5150.0     8.9840254e-01    1.1887710e+01     7.4191776e-01
 5150.0 5250.0     9.0820616e-01    1.1652253e+01     7.3430891e-01
 5250.0 5350.0     9.1811675e-01    1.1421459e+01     7.2670006e-01
 5350.0 5450.0     9.2813550e-01    1.1195236e+01     7.1909122e-01
 5450.0 5550.0     9.3826357e-01    1.0973495e+01     7.1148237e-01
 5550.0 5650.0     9.4790006e-01    1.0749736e+01     7.0424770e-01
 5650.0 5750.0     9.5360352e-01    1.0488724e+01     6.9950749e-01
 5750.0 5850.0     9.5592331e-01    1.0198756e+01     6.9688756e-01
 5850.0 5950.0     9.5824874e-01    9.9168049e+00     6.9426764e-01
 5950.0 6050.0     9.6057983e-01    9.6426483e+00     6.9164772e-01
 6050.0 6150.0     9.6291659e-01    9.3760711e+00     6.8902780e-01
 6150.0 6250.0     9.6525904e-01    9.1168635e+00     6.8640788e-01
 6250.0 6350.0     9.6760718e-01    8.8648219e+00     6.8378796e-01
 6350.0 6450.0     9.6996103e-01    8.6197481e+00     6.8116803e-01
 6450.0 6550.0     9.7232062e-01    8.3814496e+00     6.7854811e-01
 6550.0 6650.0     9.7468594e-01    8.1497390e+00     6.7592819e-01
 6650.0 6750.0     9.7705701e-01    7.9244342e+00     6.7330827e-01
 6750.0 6850.0     9.7943386e-01    7.7053580e+00     6.7068835e-01
 6850.0 6950.0     9.8127541e-01    7.4775208e+00     6.6875136e-01
 6950.0 7050.0     9.8224790e-01    7.2328654e+00     6.6791588e-01
 7050.0 7150.0     9.8288969e-01    6.9874587e+00     6.6749897e-01
 7150.0 7250.0     9.8353191e-01    6.7503785e+00     6.6708206e-01
 7250.0 7350.0     9.8417454e-01    6.5213423e+00     6.6666514e-01
 7350.0 7450.0     9.8481760e-01    6.3000771e+00     6.6624823e-01
 7450.0 7550.0     9.8546107e-01    6.0863193e+00     6.6583132e-01
 7550.0 7650.0     9.8610497e-01    5.8798142e+00     6.6541441e-01
 7650.0 7750.0     9.8674928e-01    5.6803157e+00     6.6499749e-01
 7750.0 7850.0     9.8739402e-01    5.4875861e+00     6.6458058e-01
 7850.0 7950.0     9.8803918e-01    5.3013957e+00     6.6416367e-01
 7950.0 8050.0     9.8868476e-01    5.1215225e+00     6.6374676e-01
 8050.0 8150.0     9.8933076e-01    4.9477524e+00     6.6332984e-01
 8150.0 8250.0     9.8997718e-01    4.7798782e+00     6.6291293e-01
 8250.0 8350.0     9.9062403e-01    4.6176999e+00     6.6249602e-01
 8350.0 8450.0     9.9127130e-01    4.4610241e+00     6.6207911e-01
 8450.0 8550.0     9.9191899e-01    4.3096643e+00     6.6166220e-01
