 1216.0 1216.0     4.0167496e-01    1.4868519e+01     9.4462123e-01
 1300.0 1350.0     3.9821832e-01    1.5260032e+01     9.3934234e-01
 1350.0 1400.0     3.9903590e-01    1.5431397e+01     9.3715053e-01
 1400.0 1450.0     4.0303120e-01    1.5589483e+01     9.3526095e-01
 1450.0 1500.0     4.0783598e-01    1.5745511e+01     9.3344391e-01
 1500.0 1550.0     4.1269805e-01    1.5903101e+01     9.3162686e-01
 1550.0 1600.0     4.1761809e-01    1.6062268e+01     9.2980982e-01
 1600.0 1650.0     4.2252274e-01    1.6207439e+01     9.2793724e-01
 1650.0 1700.0     4.2728885e-01    1.6312774e+01     9.2591852e-01
 1700.0 1750.0     4.3198661e-01    1.6393258e+01     9.2380918e-01
 1754.0 1770.0     4.3549034e-01    1.6453027e+01     9.2224828e-01
 1770.0 1786.0     4.3701678e-01    1.6478960e+01     9.2157329e-01
 1786.0 1802.0     4.3854858e-01    1.6504934e+01     9.2089830e-01
 1802.0 1818.0     4.4008575e-01    1.6530948e+01     9.2022332e-01
 1818.0 1835.0     4.4167668e-01    1.6557820e+01     9.1952724e-01
 1835.0 1852.0     4.4332175e-01    1.6585550e+01     9.1881006e-01
 1852.0 1869.0     4.4497295e-01    1.6613327e+01     9.1809289e-01
 1869.0 1887.0     4.4667923e-01    1.6641971e+01     9.1735462e-01
 1887.0 1905.0     4.4844098e-01    1.6671483e+01     9.1659526e-01
 1905.0 1923.0     4.5020969e-01    1.6701048e+01     9.1583590e-01
 1923.0 1942.0     4.5203490e-01    1.6731489e+01     9.1505545e-01
 1942.0 1961.0     4.5391704e-01    1.6762810e+01     9.1425390e-01
 1961.0 1980.0     4.5571500e-01    1.6782458e+01     9.1339305e-01
 1980.0 2000.0     4.5741665e-01    1.6783413e+01     9.1241226e-01
 2000.0 2020.0     4.5911320e-01    1.6777381e+01     9.1137083e-01
 2020.0 2041.0     4.6085878e-01    1.6771200e+01     9.1030337e-01
 2041.0 2062.0     4.6265373e-01    1.6764871e+01     9.0920988e-01
 2062.0 2083.0     4.6445568e-01    1.6758545e+01     9.0811638e-01
 2083.0 2105.0     4.6630788e-01    1.6752070e+01     9.0699685e-01
 2105.0 2128.0     4.6825415e-01    1.6745297e+01     9.0582524e-01
 2128.0 2151.0     4.7025196e-01    1.6738376e+01     9.0462761e-01
 2151.0 2174.0     4.7225830e-01    1.6731458e+01     9.0342997e-01
 2174.0 2200.0     4.7440521e-01    1.6724092e+01     9.0215422e-01
 2200.0 2222.0     4.7651708e-01    1.6716879e+01     9.0090451e-01
 2222.0 2247.0     4.7859473e-01    1.6709820e+01     8.9968084e-01
 2247.0 2273.0     4.8085924e-01    1.6702163e+01     8.9835302e-01
 2273.0 2299.0     4.8317909e-01    1.6694360e+01     8.9699917e-01
 2299.0 2326.0     4.8555517e-01    1.6686410e+01     8.9561928e-01
 2326.0 2353.0     4.8798798e-01    1.6678315e+01     8.9421336e-01
 2353.0 2381.0     4.9047850e-01    1.6670073e+01     8.9278140e-01
 2381.0 2410.0     4.9354369e-01    1.6672703e+01     8.9155816e-01
 2410.0 2439.0     4.9719978e-01    1.6687647e+01     8.9059976e-01
 2439.0 2469.0     5.0100266e-01    1.6704177e+01     8.8965545e-01
 2469.0 2500.0     5.0496505e-01    1.6721283e+01     8.8867913e-01
 2500.0 2532.0     5.0909024e-01    1.6738969e+01     8.8767080e-01
 2532.0 2564.0     5.1331515e-01    1.6756954e+01     8.8664646e-01
 2564.0 2597.0     5.1764224e-01    1.6775241e+01     8.8560612e-01
 2597.0 2632.0     5.2220839e-01    1.6794393e+01     8.8451776e-01
 2632.0 2667.0     5.2785918e-01    1.6752077e+01     8.8266578e-01
 2667.0 2703.0     5.3477369e-01    1.6633503e+01     8.7988956e-01
 2703.0 2740.0     5.4217382e-01    1.6499419e+01     8.7687952e-01
 2740.0 2778.0     5.4988335e-01    1.6362788e+01     8.7378700e-01
 2778.0 2817.0     5.5791253e-01    1.6223690e+01     8.7061202e-01
 2817.0 2857.0     5.6627213e-01    1.6082208e+01     8.6735458e-01
 2857.0 2899.0     5.7508252e-01    1.5936666e+01     8.6397343e-01
 2899.0 2941.0     5.8424821e-01    1.5788924e+01     8.6050981e-01
 2941.0 2985.0     5.9248622e-01    1.5643143e+01     8.5713708e-01
 2985.0 3030.0     5.9940522e-01    1.5499047e+01     8.5387703e-01
 3030.0 3077.0     6.0619104e-01    1.5352877e+01     8.5056683e-01
 3077.0 3125.0     6.1327833e-01    1.5203379e+01     8.4714868e-01
 3125.0 3175.0     6.2067673e-01    1.5050693e+01     8.4362259e-01
 3175.0 3225.0     6.2831718e-01    1.4896456e+01     8.4002454e-01
 3225.0 3275.0     6.3590767e-01    1.4753586e+01     8.3673328e-01
 3275.0 3325.0     6.4298483e-01    1.4652675e+01     8.3472032e-01
 3325.0 3375.0     6.4968005e-01    1.4583317e+01     8.3367887e-01
 3375.0 3425.0     6.5644499e-01    1.4514288e+01     8.3263741e-01
 3425.0 3450.0     6.6155822e-01    1.4462700e+01     8.3185631e-01
 3450.0 3550.0     6.7023880e-01    1.4381521e+01     8.3056315e-01
 3550.0 3650.0     6.8461254e-01    1.4302005e+01     8.2859705e-01
 3650.0 3750.0     6.9958734e-01    1.4271053e+01     8.2673048e-01
 3750.0 3850.0     7.1488969e-01    1.4240168e+01     8.2486390e-01
 3850.0 3950.0     7.3145101e-01    1.4198973e+01     8.2250114e-01
 3950.0 4050.0     7.4962092e-01    1.4144269e+01     8.1948550e-01
 4050.0 4150.0     7.6848710e-01    1.4082328e+01     8.1614622e-01
 4150.0 4250.0     7.8749981e-01    1.3996170e+01     8.1182480e-01
 4250.0 4350.0     8.0670941e-01    1.3890262e+01     8.0668821e-01
 4350.0 4450.0     8.2519473e-01    1.3767019e+01     8.0131088e-01
 4450.0 4550.0     8.3862041e-01    1.3563484e+01     7.9483932e-01
 4550.0 4650.0     8.4799431e-01    1.3299982e+01     7.8751425e-01
 4650.0 4750.0     8.5747299e-01    1.3041599e+01     7.8018918e-01
 4750.0 4850.0     8.6705762e-01    1.2788236e+01     7.7286411e-01
 4850.0 4950.0     8.7674939e-01    1.2539795e+01     7.6553904e-01
 4950.0 5050.0     8.8654949e-01    1.2296181e+01     7.5821397e-01
 5050.0 5150.0     8.9645913e-01    1.2057299e+01     7.5088890e-01
 5150.0 5250.0     9.0647954e-01    1.1823058e+01     7.4356383e-01
 5250.0 5350.0     9.1661195e-01    1.1593368e+01     7.3623876e-01
 5350.0 5450.0     9.2685762e-01    1.1368140e+01     7.2891369e-01
 5450.0 5550.0     9.3721782e-01    1.1147288e+01     7.2158862e-01
 5550.0 5650.0     9.4707776e-01    1.0924882e+01     7.1462504e-01
 5650.0 5750.0     9.5291556e-01    1.0668754e+01     7.1007135e-01
 5750.0 5850.0     9.5529201e-01    1.0386408e+01     7.0756607e-01
 5850.0 5950.0     9.5767438e-01    1.0111535e+01     7.0506079e-01
 5950.0 6050.0     9.6006269e-01    9.8439359e+00     7.0255551e-01
 6050.0 6150.0     9.6245696e-01    9.5834188e+00     7.0005023e-01
 6150.0 6250.0     9.6485720e-01    9.3297962e+00     6.9754495e-01
 6250.0 6350.0     9.6726342e-01    9.0828857e+00     6.9503968e-01
 6350.0 6450.0     9.6967565e-01    8.8425097e+00     6.9253440e-01
 6450.0 6550.0     9.7209389e-01    8.6084951e+00     6.9002912e-01
 6550.0 6650.0     9.7451817e-01    8.3806736e+00     6.8752384e-01
 6650.0 6750.0     9.7694848e-01    8.1588814e+00     6.8501856e-01
 6750.0 6850.0     9.7938486e-01    7.9429588e+00     6.8251328e-01
 6850.0 6950.0     9.8126992e-01    7.7173263e+00     6.8066782e-01
 6950.0 7050.0     9.8225975e-01    7.4735736e+00     6.7988658e-01
 7050.0 7150.0     9.8290891e-01    7.2283947e+00     6.7950973e-01
 7150.0 7250.0     9.8355851e-01    6.9912593e+00     6.7913289e-01
 7250.0 7350.0     9.8420853e-01    6.7619033e+00     6.7875605e-01
 7350.0 7450.0     9.8485898e-01    6.5400716e+00     6.7837921e-01
 7450.0 7550.0     9.8550986e-01    6.3255174e+00     6.7800237e-01
 7550.0 7650.0     9.8616118e-01    6.1180018e+00     6.7762553e-01
 7650.0 7750.0     9.8681292e-01    5.9172940e+00     6.7724868e-01
 7750.0 7850.0     9.8746510e-01    5.7231706e+00     6.7687184e-01
 7850.0 7950.0     9.8811770e-01    5.5354157e+00     6.7649500e-01
 7950.0 8050.0     9.8877074e-01    5.3538203e+00     6.7611816e-01
 8050.0 8150.0     9.8942421e-01    5.1781823e+00     6.7574132e-01
 8150.0 8250.0     9.9007811e-01    5.0083063e+00     6.7536448e-01
 8250.0 8350.0     9.9073244e-01    4.8440033e+00     6.7498763e-01
 8350.0 8450.0     9.9138720e-01    4.6850904e+00     6.7461079e-01
 8450.0 8550.0     9.9204240e-01    4.5313909e+00     6.7423395e-01
