 1216.0 1216.0     4.2884567e-01    3.5944249e+00     8.9743011e-01
 1300.0 1350.0     4.2490236e-01    3.6849536e+00     8.8560486e-01
 1350.0 1400.0     4.2654510e-01    3.7327859e+00     8.8080883e-01
 1400.0 1450.0     4.3277307e-01    3.7886102e+00     8.7683965e-01
 1450.0 1500.0     4.4020587e-01    3.8470593e+00     8.7306892e-01
 1500.0 1550.0     4.4776634e-01    3.9064102e+00     8.6929819e-01
 1550.0 1600.0     4.5545665e-01    3.9666767e+00     8.6552745e-01
 1600.0 1650.0     4.6309354e-01    4.0242722e+00     8.6168865e-01
 1650.0 1700.0     4.7036574e-01    4.0731655e+00     8.5767074e-01
 1700.0 1750.0     4.7744503e-01    4.1167203e+00     8.5354177e-01
 1754.0 1770.0     4.8274013e-01    4.1491979e+00     8.5048633e-01
 1770.0 1786.0     4.8505330e-01    4.1633443e+00     8.4916506e-01
 1786.0 1802.0     4.8737756e-01    4.1775389e+00     8.4784379e-01
 1802.0 1818.0     4.8971296e-01    4.1917820e+00     8.4652253e-01
 1818.0 1835.0     4.9213324e-01    4.2065217e+00     8.4515997e-01
 1835.0 1852.0     4.9463918e-01    4.2217616e+00     8.4375612e-01
 1852.0 1869.0     4.9715788e-01    4.2370567e+00     8.4235227e-01
 1869.0 1887.0     4.9976426e-01    4.2528603e+00     8.4090713e-01
 1887.0 1905.0     5.0245916e-01    4.2691761e+00     8.3942070e-01
 1905.0 1923.0     5.0516859e-01    4.2855545e+00     8.3793427e-01
 1923.0 1942.0     5.0796872e-01    4.3024542e+00     8.3640656e-01
 1942.0 1961.0     5.1086046e-01    4.3198791e+00     8.3483755e-01
 1961.0 1980.0     5.1351843e-01    4.3336238e+00     8.3317465e-01
 1980.0 2000.0     5.1584985e-01    4.3416238e+00     8.3131398e-01
 2000.0 2020.0     5.1810162e-01    4.3475990e+00     8.2934942e-01
 2020.0 2041.0     5.2042001e-01    4.3537321e+00     8.2733575e-01
 2041.0 2062.0     5.2280557e-01    4.3600237e+00     8.2527297e-01
 2062.0 2083.0     5.2520206e-01    4.3663244e+00     8.2321019e-01
 2083.0 2105.0     5.2766714e-01    4.3727846e+00     8.2109829e-01
 2105.0 2128.0     5.3025925e-01    4.3795556e+00     8.1888817e-01
 2128.0 2151.0     5.3292199e-01    4.3864877e+00     8.1662893e-01
 2151.0 2174.0     5.3559809e-01    4.3934308e+00     8.1436969e-01
 2174.0 2200.0     5.3846398e-01    4.4008392e+00     8.1196312e-01
 2200.0 2222.0     5.4128517e-01    4.4081077e+00     8.0960565e-01
 2222.0 2247.0     5.4406297e-01    4.4152372e+00     8.0729730e-01
 2247.0 2273.0     5.4709297e-01    4.4229863e+00     8.0479249e-01
 2273.0 2299.0     5.5019959e-01    4.4309011e+00     8.0223857e-01
 2299.0 2326.0     5.5338428e-01    4.4389829e+00     7.9963553e-01
 2326.0 2353.0     5.5664785e-01    4.4472322e+00     7.9698339e-01
 2353.0 2381.0     5.5999181e-01    4.4556501e+00     7.9428212e-01
 2381.0 2410.0     5.6408661e-01    4.4713704e+00     7.9185984e-01
 2410.0 2439.0     5.6895258e-01    4.4951012e+00     7.8980917e-01
 2439.0 2469.0     5.7401797e-01    4.5201967e+00     7.8776741e-01
 2469.0 2500.0     5.7930249e-01    4.5462902e+00     7.8565644e-01
 2500.0 2532.0     5.8481135e-01    4.5733973e+00     7.8347627e-01
 2532.0 2564.0     5.9046087e-01    4.6010989e+00     7.8126148e-01
 2564.0 2597.0     5.9625496e-01    4.6294064e+00     7.7901209e-01
 2597.0 2632.0     6.0237780e-01    4.6592082e+00     7.7665888e-01
 2632.0 2667.0     6.0907804e-01    4.6708351e+00     7.7292885e-01
 2667.0 2703.0     6.1636000e-01    4.6591446e+00     7.6754096e-01
 2703.0 2740.0     6.2400954e-01    4.6430916e+00     7.6172315e-01
 2740.0 2778.0     6.3196755e-01    4.6266564e+00     7.5574594e-01
 2778.0 2817.0     6.4024337e-01    4.6098435e+00     7.4960935e-01
 2817.0 2857.0     6.4884679e-01    4.5926573e+00     7.4331336e-01
 2857.0 2899.0     6.5789999e-01    4.5748867e+00     7.3677828e-01
 2899.0 2941.0     6.6730339e-01    4.5567531e+00     7.3008381e-01
 2941.0 2985.0     6.7542880e-01    4.5334492e+00     7.2384485e-01
 2985.0 3030.0     6.8175795e-01    4.5030791e+00     7.1820532e-01
 3030.0 3077.0     6.8779334e-01    4.4702558e+00     7.1258756e-01
 3077.0 3125.0     6.9408130e-01    4.4366118e+00     7.0678662e-01
 3125.0 3175.0     7.0062839e-01    4.4021721e+00     7.0080249e-01
 3175.0 3225.0     7.0737211e-01    4.3673023e+00     6.9469624e-01
 3225.0 3275.0     7.1407947e-01    4.3360568e+00     6.8909144e-01
 3275.0 3325.0     7.2042574e-01    4.3189538e+00     6.8557605e-01
 3325.0 3375.0     7.2650509e-01    4.3125128e+00     6.8364859e-01
 3375.0 3425.0     7.3263575e-01    4.3060813e+00     6.8172114e-01
 3425.0 3450.0     7.3726278e-01    4.3012631e+00     6.8027555e-01
 3450.0 3550.0     7.4510545e-01    4.2951737e+00     6.7783324e-01
 3550.0 3650.0     7.5818683e-01    4.3084056e+00     6.7353275e-01
 3650.0 3750.0     7.7188454e-01    4.3439850e+00     6.6885269e-01
 3750.0 3850.0     7.8582972e-01    4.3798581e+00     6.6417263e-01
 3850.0 3950.0     8.0039734e-01    4.4123408e+00     6.5827451e-01
 3950.0 4050.0     8.1572497e-01    4.4402101e+00     6.5077370e-01
 4050.0 4150.0     8.3129952e-01    4.4630339e+00     6.4251416e-01
 4150.0 4250.0     8.4618117e-01    4.4621688e+00     6.3205419e-01
 4250.0 4350.0     8.6050566e-01    4.4416324e+00     6.1976784e-01
 4350.0 4450.0     8.7406451e-01    4.3993478e+00     6.0707171e-01
 4450.0 4550.0     8.8322244e-01    4.2611125e+00     5.9251290e-01
 4550.0 4650.0     8.8888339e-01    4.0538864e+00     5.7650120e-01
 4650.0 4750.0     8.9458062e-01    3.8567382e+00     5.6048951e-01
 4750.0 4850.0     9.0031436e-01    3.6691776e+00     5.4447782e-01
 4850.0 4950.0     9.0608486e-01    3.4907385e+00     5.2846613e-01
 4950.0 5050.0     9.1189234e-01    3.3209772e+00     5.1245444e-01
 5050.0 5150.0     9.1773704e-01    3.1594718e+00     4.9644275e-01
 5150.0 5250.0     9.2361921e-01    3.0058206e+00     4.8043106e-01
 5250.0 5350.0     9.2953907e-01    2.8596418e+00     4.6441937e-01
 5350.0 5450.0     9.3549688e-01    2.7205720e+00     4.4840767e-01
 5450.0 5550.0     9.4149288e-01    2.5882654e+00     4.3239598e-01
 5550.0 5650.0     9.4719454e-01    2.4602296e+00     4.1705895e-01
 5650.0 5750.0     9.5070606e-01    2.3247932e+00     4.0621959e-01
 5750.0 5850.0     9.5234236e-01    2.1852972e+00     3.9920325e-01
 5850.0 5950.0     9.5398148e-01    2.0541715e+00     3.9218691e-01
 5950.0 6050.0     9.5562341e-01    1.9309138e+00     3.8517057e-01
 6050.0 6150.0     9.5726817e-01    1.8150520e+00     3.7815423e-01
 6150.0 6250.0     9.5891576e-01    1.7061423e+00     3.7113789e-01
 6250.0 6350.0     9.6056619e-01    1.6037676e+00     3.6412155e-01
 6350.0 6450.0     9.6221946e-01    1.5075358e+00     3.5710521e-01
 6450.0 6550.0     9.6387557e-01    1.4170782e+00     3.5008887e-01
 6550.0 6650.0     9.6553454e-01    1.3320484e+00     3.4307253e-01
 6650.0 6750.0     9.6719636e-01    1.2521207e+00     3.3605619e-01
 6750.0 6850.0     9.6886104e-01    1.1769890e+00     3.2903985e-01
 6850.0 6950.0     9.7024194e-01    1.1081661e+00     3.2318020e-01
 6950.0 7050.0     9.7116246e-01    1.0462149e+00     3.1918616e-01
 7050.0 7150.0     9.7190809e-01    9.8877189e-01     3.1590105e-01
 7150.0 7250.0     9.7265429e-01    9.3448278e-01     3.1261594e-01
 7250.0 7350.0     9.7340107e-01    8.8317446e-01     3.0933083e-01
 7350.0 7450.0     9.7414842e-01    8.3468324e-01     3.0604572e-01
 7450.0 7550.0     9.7489634e-01    7.8885447e-01     3.0276061e-01
 7550.0 7650.0     9.7564484e-01    7.4554195e-01     2.9947551e-01
 7650.0 7750.0     9.7639391e-01    7.0460753e-01     2.9619040e-01
 7750.0 7850.0     9.7714356e-01    6.6592064e-01     2.9290529e-01
 7850.0 7950.0     9.7789378e-01    6.2935787e-01     2.8962018e-01
 7950.0 8050.0     9.7864458e-01    5.9480261e-01     2.8633507e-01
 8050.0 8150.0     9.7939595e-01    5.6214462e-01     2.8304996e-01
 8150.0 8250.0     9.8014790e-01    5.3127974e-01     2.7976486e-01
 8250.0 8350.0     9.8090043e-01    5.0210951e-01     2.7647975e-01
 8350.0 8450.0     9.8165354e-01    4.7454089e-01     2.7319464e-01
 8450.0 8550.0     9.8240722e-01    4.4848595e-01     2.6990953e-01
