 1216.0 1216.0     4.6886152e-01    2.5768185e+00     8.5398787e-01
 1300.0 1350.0     4.6538886e-01    2.6426718e+00     8.4126003e-01
 1350.0 1400.0     4.6779433e-01    2.6820569e+00     8.3640598e-01
 1400.0 1450.0     4.7552849e-01    2.7334828e+00     8.3284720e-01
 1450.0 1500.0     4.8468585e-01    2.7886863e+00     8.2959930e-01
 1500.0 1550.0     4.9401956e-01    2.8450047e+00     8.2635139e-01
 1550.0 1600.0     5.0353301e-01    2.9024604e+00     8.2310348e-01
 1600.0 1650.0     5.1269365e-01    2.9567074e+00     8.1969376e-01
 1650.0 1700.0     5.2059834e-01    3.0003824e+00     8.1585824e-01
 1700.0 1750.0     5.2773929e-01    3.0374966e+00     8.1175872e-01
 1754.0 1770.0     5.3307548e-01    3.0652044e+00     8.0872508e-01
 1770.0 1786.0     5.3540452e-01    3.0772868e+00     8.0741324e-01
 1786.0 1802.0     5.3774373e-01    3.0894169e+00     8.0610139e-01
 1802.0 1818.0     5.4009317e-01    3.1015948e+00     8.0478954e-01
 1818.0 1835.0     5.4252694e-01    3.1142043e+00     8.0343670e-01
 1835.0 1852.0     5.4504577e-01    3.1272487e+00     8.0204287e-01
 1852.0 1869.0     5.4757628e-01    3.1403478e+00     8.0064903e-01
 1869.0 1887.0     5.5019368e-01    3.1538902e+00     7.9921420e-01
 1887.0 1905.0     5.5289873e-01    3.1678797e+00     7.9773837e-01
 1905.0 1923.0     5.5561708e-01    3.1819313e+00     7.9626254e-01
 1923.0 1942.0     5.5842505e-01    3.1964389e+00     7.9474572e-01
 1942.0 1961.0     5.6132349e-01    3.2114067e+00     7.9318791e-01
 1961.0 1980.0     5.6379004e-01    3.2218815e+00     7.9149480e-01
 1980.0 2000.0     5.6559938e-01    3.2251902e+00     7.8953523e-01
 2000.0 2020.0     5.6719312e-01    3.2258605e+00     7.8744446e-01
 2020.0 2041.0     5.6883143e-01    3.2265477e+00     7.8530143e-01
 2041.0 2062.0     5.7051455e-01    3.2272518e+00     7.8310613e-01
 2062.0 2083.0     5.7220265e-01    3.2279560e+00     7.8091083e-01
 2083.0 2105.0     5.7393617e-01    3.2286772e+00     7.7866326e-01
 2105.0 2128.0     5.7575595e-01    3.2294322e+00     7.7631116e-01
 2128.0 2151.0     5.7762207e-01    3.2302040e+00     7.7390678e-01
 2151.0 2174.0     5.7949423e-01    3.2309761e+00     7.7150241e-01
 2174.0 2200.0     5.8149538e-01    3.2317987e+00     7.6894122e-01
 2200.0 2222.0     5.8346190e-01    3.2326047e+00     7.6643231e-01
 2222.0 2247.0     5.8539438e-01    3.2333941e+00     7.6397566e-01
 2247.0 2273.0     5.8749841e-01    3.2342510e+00     7.6130994e-01
 2273.0 2299.0     5.8965141e-01    3.2351248e+00     7.5859195e-01
 2299.0 2326.0     5.9185402e-01    3.2360157e+00     7.5582169e-01
 2326.0 2353.0     5.9410656e-01    3.2369237e+00     7.5299916e-01
 2353.0 2381.0     5.9640971e-01    3.2378488e+00     7.5012437e-01
 2381.0 2410.0     5.9906794e-01    3.2400685e+00     7.4760861e-01
 2410.0 2439.0     6.0207267e-01    3.2437134e+00     7.4555766e-01
 2439.0 2469.0     6.0517571e-01    3.2475737e+00     7.4352575e-01
 2469.0 2500.0     6.0840077e-01    3.2515696e+00     7.4142497e-01
 2500.0 2532.0     6.1174960e-01    3.2557017e+00     7.3925531e-01
 2532.0 2564.0     6.1517031e-01    3.2599048e+00     7.3705121e-01
 2564.0 2597.0     6.1866421e-01    3.2641791e+00     7.3481267e-01
 2597.0 2632.0     6.2234076e-01    3.2686567e+00     7.3247082e-01
 2632.0 2667.0     6.2602933e-01    3.2520281e+00     7.2808548e-01
 2667.0 2703.0     6.2964741e-01    3.2094143e+00     7.2121448e-01
 2703.0 2740.0     6.3336384e-01    3.1617600e+00     7.1372988e-01
 2740.0 2778.0     6.3720493e-01    3.1135370e+00     7.0604022e-01
 2778.0 2817.0     6.4117269e-01    3.0647930e+00     6.9814551e-01
 2817.0 2857.0     6.4526919e-01    3.0155760e+00     6.9004574e-01
 2857.0 2899.0     6.4954911e-01    2.9653309e+00     6.8163838e-01
 2899.0 2941.0     6.5396249e-01    2.9147179e+00     6.7302597e-01
 2941.0 2985.0     6.5779663e-01    2.8640299e+00     6.6534396e-01
 2985.0 3030.0     6.6083678e-01    2.8127936e+00     6.5890270e-01
 3030.0 3077.0     6.6374680e-01    2.7608748e+00     6.5263557e-01
 3077.0 3125.0     6.6676508e-01    2.7082632e+00     6.4616408e-01
 3125.0 3175.0     6.6989313e-01    2.6550458e+00     6.3948822e-01
 3175.0 3225.0     6.7309999e-01    2.6018095e+00     6.3267612e-01
 3225.0 3275.0     6.7615010e-01    2.5500524e+00     6.2652431e-01
 3275.0 3325.0     6.7849523e-01    2.5010155e+00     6.2312375e-01
 3325.0 3375.0     6.8030219e-01    2.4542010e+00     6.2181411e-01
 3375.0 3425.0     6.8211397e-01    2.4082629e+00     6.2050447e-01
 3425.0 3450.0     6.8347551e-01    2.3742950e+00     6.1952225e-01
 3450.0 3550.0     6.8590413e-01    2.3201617e+00     6.1779562e-01
 3550.0 3650.0     6.9160724e-01    2.2459218e+00     6.1396696e-01
 3650.0 3750.0     6.9910553e-01    2.1841386e+00     6.0910809e-01
 3750.0 3850.0     7.0668512e-01    2.1240550e+00     6.0424922e-01
 3850.0 3950.0     7.1576372e-01    2.0588343e+00     5.9751231e-01
 3950.0 4050.0     7.2683382e-01    1.9867864e+00     5.8830430e-01
 4050.0 4150.0     7.3864432e-01    1.9131366e+00     5.7801016e-01
 4150.0 4250.0     7.5132495e-01    1.8305294e+00     5.6481564e-01
 4250.0 4350.0     7.6478826e-01    1.7419128e+00     5.4921380e-01
 4350.0 4450.0     7.7779340e-01    1.6533194e+00     5.3315032e-01
 4450.0 4550.0     7.8781144e-01    1.5508277e+00     5.1498849e-01
 4550.0 4650.0     7.9545700e-01    1.4406693e+00     4.9518995e-01
 4650.0 4750.0     8.0317676e-01    1.3383356e+00     4.7539141e-01
 4750.0 4850.0     8.1097145e-01    1.2432709e+00     4.5559286e-01
 4850.0 4950.0     8.1884177e-01    1.1549588e+00     4.3579432e-01
 4950.0 5050.0     8.2678848e-01    1.0729197e+00     4.1599578e-01
 5050.0 5150.0     8.3481231e-01    9.9670802e-01     3.9619724e-01
 5150.0 5250.0     8.4291401e-01    9.2590981e-01     3.7639870e-01
 5250.0 5350.0     8.5109433e-01    8.6014054e-01     3.5660016e-01
 5350.0 5450.0     8.5935404e-01    7.9904299e-01     3.3680161e-01
 5450.0 5550.0     8.6769391e-01    7.4228533e-01     3.1700307e-01
 5550.0 5650.0     8.7575134e-01    6.8999820e-01     2.9802884e-01
 5650.0 5750.0     8.8144868e-01    6.4415716e-01     2.8454992e-01
 5750.0 5850.0     8.8511625e-01    6.0369381e-01     2.7574201e-01
 5850.0 5950.0     8.8879909e-01    5.6577220e-01     2.6693411e-01
 5950.0 6050.0     8.9249725e-01    5.3023268e-01     2.5812620e-01
 6050.0 6150.0     8.9621080e-01    4.9692560e-01     2.4931829e-01
 6150.0 6250.0     8.9993979e-01    4.6571074e-01     2.4051039e-01
 6250.0 6350.0     9.0368431e-01    4.3645668e-01     2.3170248e-01
 6350.0 6450.0     9.0744440e-01    4.0904023e-01     2.2289458e-01
 6450.0 6550.0     9.1122014e-01    3.8334597e-01     2.1408667e-01
 6550.0 6650.0     9.1501159e-01    3.5926573e-01     2.0527876e-01
 6650.0 6750.0     9.1881882e-01    3.3669811e-01     1.9647086e-01
 6750.0 6850.0     9.2264189e-01    3.1554809e-01     1.8766295e-01
 6850.0 6950.0     9.2586975e-01    2.9657213e-01     1.8038746e-01
 6950.0 7050.0     9.2812297e-01    2.8007609e-01     1.7558358e-01
 7050.0 7150.0     9.3000662e-01    2.6498931e-01     1.7171891e-01
 7150.0 7250.0     9.3189408e-01    2.5071521e-01     1.6785424e-01
 7250.0 7350.0     9.3378538e-01    2.3721000e-01     1.6398957e-01
 7350.0 7450.0     9.3568052e-01    2.2443227e-01     1.6012490e-01
 7450.0 7550.0     9.3757950e-01    2.1234284e-01     1.5626023e-01
 7550.0 7650.0     9.3948234e-01    2.0090463e-01     1.5239556e-01
 7650.0 7750.0     9.4138904e-01    1.9008256e-01     1.4853089e-01
 7750.0 7850.0     9.4329961e-01    1.7984343e-01     1.4466621e-01
 7850.0 7950.0     9.4521405e-01    1.7015586e-01     1.4080154e-01
 7950.0 8050.0     9.4713239e-01    1.6099012e-01     1.3693687e-01
 8050.0 8150.0     9.4905461e-01    1.5231811e-01     1.3307220e-01
 8150.0 8250.0     9.5098074e-01    1.4411323e-01     1.2920753e-01
 8250.0 8350.0     9.5291077e-01    1.3635032e-01     1.2534286e-01
 8350.0 8450.0     9.5484472e-01    1.2900558e-01     1.2147819e-01
 8450.0 8550.0     9.5678260e-01    1.2205647e-01     1.1761352e-01
