 1216.0 1216.0     4.0910691e-01    1.0423057e+01     9.3070910e-01
 1300.0 1350.0     4.0556481e-01    1.0695209e+01     9.2305269e-01
 1350.0 1400.0     4.0666339e-01    1.0821267e+01     9.1987898e-01
 1400.0 1450.0     4.1136926e-01    1.0947410e+01     9.1715053e-01
 1450.0 1500.0     4.1700404e-01    1.1074684e+01     9.1452894e-01
 1500.0 1550.0     4.2271600e-01    1.1203438e+01     9.1190736e-01
 1550.0 1600.0     4.2850621e-01    1.1333689e+01     9.0928578e-01
 1600.0 1650.0     4.3428386e-01    1.1454933e+01     9.0661117e-01
 1650.0 1700.0     4.3989580e-01    1.1549672e+01     9.0379704e-01
 1700.0 1750.0     4.4542852e-01    1.1627929e+01     9.0089639e-01
 1754.0 1770.0     4.4955960e-01    1.1686121e+01     8.9874992e-01
 1770.0 1786.0     4.5136129e-01    1.1711401e+01     8.9782171e-01
 1786.0 1802.0     4.5317019e-01    1.1736736e+01     8.9689351e-01
 1802.0 1818.0     4.5498634e-01    1.1762125e+01     8.9596530e-01
 1818.0 1835.0     4.5686699e-01    1.1788366e+01     8.9500809e-01
 1835.0 1852.0     4.5881264e-01    1.1815463e+01     8.9402187e-01
 1852.0 1869.0     4.6076657e-01    1.1842622e+01     8.9303565e-01
 1869.0 1887.0     4.6278679e-01    1.1870646e+01     8.9202043e-01
 1887.0 1905.0     4.6487384e-01    1.1899539e+01     8.9097620e-01
 1905.0 1923.0     4.6697030e-01    1.1928503e+01     8.8993197e-01
 1923.0 1942.0     4.6913499e-01    1.1958345e+01     8.8885873e-01
 1942.0 1961.0     4.7136848e-01    1.1989070e+01     8.8775648e-01
 1961.0 1980.0     4.7347903e-01    1.2011122e+01     8.8658432e-01
 1980.0 2000.0     4.7543564e-01    1.2019446e+01     8.8526662e-01
 2000.0 2020.0     4.7737049e-01    1.2022755e+01     8.8387331e-01
 2020.0 2041.0     4.7936199e-01    1.2026148e+01     8.8244516e-01
 2041.0 2062.0     4.8141057e-01    1.2029624e+01     8.8098218e-01
 2062.0 2083.0     4.8346791e-01    1.2033102e+01     8.7951920e-01
 2083.0 2105.0     4.8558344e-01    1.2036663e+01     8.7802138e-01
 2105.0 2128.0     4.8780729e-01    1.2040391e+01     8.7645390e-01
 2128.0 2151.0     4.9009097e-01    1.2044203e+01     8.7485159e-01
 2151.0 2174.0     4.9238534e-01    1.2048016e+01     8.7324928e-01
 2174.0 2200.0     4.9484153e-01    1.2052080e+01     8.7154246e-01
 2200.0 2222.0     4.9725861e-01    1.2056061e+01     8.6987048e-01
 2222.0 2247.0     4.9963762e-01    1.2059962e+01     8.6823334e-01
 2247.0 2273.0     5.0223172e-01    1.2064195e+01     8.6645686e-01
 2273.0 2299.0     5.0489041e-01    1.2068513e+01     8.6464555e-01
 2299.0 2326.0     5.0761486e-01    1.2072915e+01     8.6279941e-01
 2326.0 2353.0     5.1040569e-01    1.2077403e+01     8.6091843e-01
 2353.0 2381.0     5.1326412e-01    1.2081975e+01     8.5900262e-01
 2381.0 2410.0     5.1678462e-01    1.2098907e+01     8.5732266e-01
 2410.0 2439.0     5.2098679e-01    1.2129562e+01     8.5594863e-01
 2439.0 2469.0     5.2536091e-01    1.2162263e+01     8.5458677e-01
 2469.0 2500.0     5.2992193e-01    1.2196164e+01     8.5317875e-01
 2500.0 2532.0     5.3467405e-01    1.2231277e+01     8.5172456e-01
 2532.0 2564.0     5.3954489e-01    1.2267049e+01     8.5024729e-01
 2564.0 2597.0     5.4453762e-01    1.2303489e+01     8.4874693e-01
 2597.0 2632.0     5.4981061e-01    1.2341726e+01     8.4717733e-01
 2632.0 2667.0     5.5586559e-01    1.2329783e+01     8.4464538e-01
 2667.0 2703.0     5.6278292e-01    1.2254907e+01     8.4095300e-01
 2703.0 2740.0     5.7010878e-01    1.2167580e+01     8.3696173e-01
 2740.0 2778.0     5.7773467e-01    1.2078509e+01     8.3286110e-01
 2778.0 2817.0     5.8567006e-01    1.1987740e+01     8.2865112e-01
 2817.0 2857.0     5.9392485e-01    1.1895323e+01     8.2433180e-01
 2857.0 2899.0     6.0261698e-01    1.1800155e+01     8.1984844e-01
 2899.0 2941.0     6.1165141e-01    1.1703445e+01     8.1525574e-01
 2941.0 2985.0     6.2004397e-01    1.1617916e+01     8.1086001e-01
 2985.0 3030.0     6.2752016e-01    1.1546860e+01     8.0671798e-01
 3030.0 3077.0     6.3499580e-01    1.1478206e+01     8.0254187e-01
 3077.0 3125.0     6.4280818e-01    1.1407739e+01     7.9822958e-01
 3125.0 3175.0     6.5096852e-01    1.1335503e+01     7.9378112e-01
 3175.0 3225.0     6.5940110e-01    1.1262259e+01     7.8924187e-01
 3225.0 3275.0     6.6771248e-01    1.1195014e+01     7.8507115e-01
 3275.0 3325.0     6.7516064e-01    1.1151138e+01     7.8243596e-01
 3325.0 3375.0     6.8195508e-01    1.1124899e+01     7.8096776e-01
 3375.0 3425.0     6.8881789e-01    1.1098721e+01     7.7949957e-01
 3425.0 3450.0     6.9400376e-01    1.1079123e+01     7.7839842e-01
 3450.0 3550.0     7.0279733e-01    1.1050518e+01     7.7656896e-01
 3550.0 3650.0     7.1728193e-01    1.1051822e+01     7.7371062e-01
 3650.0 3750.0     7.3229403e-01    1.1098688e+01     7.7091877e-01
 3750.0 3850.0     7.4762032e-01    1.1145753e+01     7.6812692e-01
 3850.0 3950.0     7.6392479e-01    1.1189851e+01     7.6464610e-01
 3950.0 4050.0     7.8145537e-01    1.1229952e+01     7.6025874e-01
 4050.0 4150.0     7.9948724e-01    1.1265280e+01     7.5542390e-01
 4150.0 4250.0     8.1725472e-01    1.1277682e+01     7.4923667e-01
 4250.0 4350.0     8.3485057e-01    1.1271005e+01     7.4192696e-01
 4350.0 4450.0     8.5166742e-01    1.1236637e+01     7.3431271e-01
 4450.0 4550.0     8.6351010e-01    1.1078188e+01     7.2531424e-01
 4550.0 4650.0     8.7138070e-01    1.0826247e+01     7.1523607e-01
 4650.0 4750.0     8.7932304e-01    1.0580036e+01     7.0515791e-01
 4750.0 4850.0     8.8733777e-01    1.0339424e+01     6.9507975e-01
 4850.0 4950.0     8.9542556e-01    1.0104284e+01     6.8500159e-01
 4950.0 5050.0     9.0358706e-01    9.8744917e+00     6.7492342e-01
 5050.0 5150.0     9.1182294e-01    9.6499253e+00     6.6484526e-01
 5150.0 5250.0     9.2013390e-01    9.4304660e+00     6.5476710e-01
 5250.0 5350.0     9.2852061e-01    9.2159977e+00     6.4468894e-01
 5350.0 5450.0     9.3698376e-01    9.0064068e+00     6.3461077e-01
 5450.0 5550.0     9.4552405e-01    8.8015824e+00     6.2453261e-01
 5550.0 5650.0     9.5363293e-01    8.5918379e+00     6.1493720e-01
 5650.0 5750.0     9.5840372e-01    8.3249979e+00     6.0856013e-01
 5750.0 5850.0     9.6030848e-01    8.0142483e+00     6.0491865e-01
 5850.0 5950.0     9.6221701e-01    7.7150982e+00     6.0127716e-01
 5950.0 6050.0     9.6412935e-01    7.4271145e+00     5.9763567e-01
 6050.0 6150.0     9.6604548e-01    7.1498805e+00     5.9399418e-01
 6150.0 6250.0     9.6796542e-01    6.8829948e+00     5.9035270e-01
 6250.0 6350.0     9.6988917e-01    6.6260713e+00     5.8671121e-01
 6350.0 6450.0     9.7181675e-01    6.3787380e+00     5.8306972e-01
 6450.0 6550.0     9.7374816e-01    6.1406371e+00     5.7942824e-01
 6550.0 6650.0     9.7568341e-01    5.9114237e+00     5.7578675e-01
 6650.0 6750.0     9.7762251e-01    5.6907663e+00     5.7214526e-01
 6750.0 6850.0     9.7956545e-01    5.4783455e+00     5.6850377e-01
 6850.0 6950.0     9.8108921e-01    5.2649736e+00     5.6571898e-01
 6950.0 7050.0     9.8193306e-01    5.0458399e+00     5.6431595e-01
 7050.0 7150.0     9.8251830e-01    4.8306253e+00     5.6343798e-01
 7150.0 7250.0     9.8310389e-01    4.6245899e+00     5.6256001e-01
 7250.0 7350.0     9.8368983e-01    4.4273423e+00     5.6168205e-01
 7350.0 7450.0     9.8427611e-01    4.2385077e+00     5.6080408e-01
 7450.0 7550.0     9.8486275e-01    4.0577273e+00     5.5992611e-01
 7550.0 7650.0     9.8544974e-01    3.8846575e+00     5.5904815e-01
 7650.0 7750.0     9.8603708e-01    3.7189695e+00     5.5817018e-01
 7750.0 7850.0     9.8662476e-01    3.5603483e+00     5.5729221e-01
 7850.0 7950.0     9.8721280e-01    3.4084927e+00     5.5641424e-01
 7950.0 8050.0     9.8780119e-01    3.2631140e+00     5.5553628e-01
 8050.0 8150.0     9.8838993e-01    3.1239360e+00     5.5465831e-01
 8150.0 8250.0     9.8897902e-01    2.9906942e+00     5.5378034e-01
 8250.0 8350.0     9.8956846e-01    2.8631353e+00     5.5290238e-01
 8350.0 8450.0     9.9015825e-01    2.7410172e+00     5.5202441e-01
 8450.0 8550.0     9.9074839e-01    2.6241076e+00     5.5114644e-01
