 1216.0 1216.0     4.0895437e-01    6.2522210e+00     9.1934764e-01
 1300.0 1350.0     4.0522051e-01    6.4134177e+00     9.0968594e-01
 1350.0 1400.0     4.0646618e-01    6.4908924e+00     9.0569273e-01
 1400.0 1450.0     4.1163409e-01    6.5722045e+00     9.0227682e-01
 1450.0 1500.0     4.1781936e-01    6.6552382e+00     8.9899948e-01
 1500.0 1550.0     4.2409757e-01    6.7393209e+00     8.9572213e-01
 1550.0 1600.0     4.3047012e-01    6.8244660e+00     8.9244479e-01
 1600.0 1650.0     4.3683971e-01    6.9046744e+00     8.8911867e-01
 1650.0 1700.0     4.4304157e-01    6.9699244e+00     8.8566422e-01
 1700.0 1750.0     4.4916822e-01    7.0259112e+00     8.8213021e-01
 1754.0 1770.0     4.5374682e-01    7.0675799e+00     8.7951504e-01
 1770.0 1786.0     4.5574536e-01    7.0856973e+00     8.7838415e-01
 1786.0 1802.0     4.5775269e-01    7.1038611e+00     8.7725326e-01
 1802.0 1818.0     4.5976887e-01    7.1220715e+00     8.7612238e-01
 1818.0 1835.0     4.6185750e-01    7.1409006e+00     8.7495615e-01
 1835.0 1852.0     4.6401920e-01    7.1603515e+00     8.7375459e-01
 1852.0 1869.0     4.6619101e-01    7.1798555e+00     8.7255302e-01
 1869.0 1887.0     4.6843747e-01    7.1999894e+00     8.7131612e-01
 1887.0 1905.0     4.7075926e-01    7.2207566e+00     8.7004387e-01
 1905.0 1923.0     4.7309255e-01    7.2415837e+00     8.6877162e-01
 1923.0 1942.0     4.7550287e-01    7.2630528e+00     8.6746404e-01
 1942.0 1961.0     4.7799094e-01    7.2851676e+00     8.6612111e-01
 1961.0 1980.0     4.8033101e-01    7.3019529e+00     8.6470099e-01
 1980.0 2000.0     4.8248017e-01    7.3103703e+00     8.6311688e-01
 2000.0 2020.0     4.8459756e-01    7.3157847e+00     8.6144597e-01
 2020.0 2041.0     4.8677765e-01    7.3213387e+00     8.5973329e-01
 2041.0 2062.0     4.8902096e-01    7.3270325e+00     8.5797883e-01
 2062.0 2083.0     4.9127461e-01    7.3327307e+00     8.5622438e-01
 2083.0 2105.0     4.9359281e-01    7.3385692e+00     8.5442815e-01
 2105.0 2128.0     4.9603054e-01    7.3446842e+00     8.5254838e-01
 2128.0 2151.0     4.9853476e-01    7.3509404e+00     8.5062683e-01
 2151.0 2174.0     5.0105161e-01    7.3572019e+00     8.4870528e-01
 2174.0 2200.0     5.0374703e-01    7.3638778e+00     8.4665842e-01
 2200.0 2222.0     5.0640048e-01    7.3704228e+00     8.4465333e-01
 2222.0 2247.0     5.0901320e-01    7.3768376e+00     8.4269001e-01
 2247.0 2273.0     5.1186321e-01    7.3838046e+00     8.4055960e-01
 2273.0 2299.0     5.1478538e-01    7.3909148e+00     8.3838741e-01
 2299.0 2326.0     5.1778107e-01    7.3981689e+00     8.3617346e-01
 2326.0 2353.0     5.2085105e-01    7.4055671e+00     8.3391773e-01
 2353.0 2381.0     5.2399676e-01    7.4131100e+00     8.3162023e-01
 2381.0 2410.0     5.2786233e-01    7.4302470e+00     8.2957532e-01
 2410.0 2439.0     5.3246872e-01    7.4579647e+00     8.2786355e-01
 2439.0 2469.0     5.3726555e-01    7.4873660e+00     8.2616172e-01
 2469.0 2500.0     5.4227043e-01    7.5178858e+00     8.2440220e-01
 2500.0 2532.0     5.4748835e-01    7.5495368e+00     8.2258500e-01
 2532.0 2564.0     5.5284009e-01    7.5818257e+00     8.2073894e-01
 2564.0 2597.0     5.5832943e-01    7.6147614e+00     8.1886405e-01
 2597.0 2632.0     5.6413090e-01    7.6493716e+00     8.1690262e-01
 2632.0 2667.0     5.7084941e-01    7.6585164e+00     8.1385452e-01
 2667.0 2703.0     5.7858924e-01    7.6352379e+00     8.0950021e-01
 2703.0 2740.0     5.8680436e-01    7.6057511e+00     8.0480436e-01
 2740.0 2778.0     5.9536605e-01    7.5755751e+00     7.9997986e-01
 2778.0 2817.0     6.0428604e-01    7.5447189e+00     7.9502670e-01
 2817.0 2857.0     6.1357662e-01    7.5131919e+00     7.8994489e-01
 2857.0 2899.0     6.2337207e-01    7.4806078e+00     7.8467010e-01
 2899.0 2941.0     6.3356661e-01    7.4473738e+00     7.7926666e-01
 2941.0 2985.0     6.4249135e-01    7.4090371e+00     7.7410378e-01
 2985.0 3030.0     6.4961590e-01    7.3636489e+00     7.6925139e-01
 3030.0 3077.0     6.5647798e-01    7.3154969e+00     7.6436266e-01
 3077.0 3125.0     6.6363948e-01    7.2661034e+00     7.5931451e-01
 3125.0 3175.0     6.7110944e-01    7.2155013e+00     7.5410695e-01
 3175.0 3225.0     6.7881764e-01    7.1642262e+00     7.4879311e-01
 3225.0 3275.0     6.8648837e-01    7.1189178e+00     7.4390610e-01
 3275.0 3325.0     6.9371666e-01    7.0972037e+00     7.4079756e-01
 3325.0 3375.0     7.0061814e-01    7.0933009e+00     7.3904066e-01
 3375.0 3425.0     7.0758828e-01    7.0894003e+00     7.3728375e-01
 3425.0 3450.0     7.1285480e-01    7.0864760e+00     7.3596608e-01
 3450.0 3550.0     7.2177766e-01    7.0844632e+00     7.3376584e-01
 3550.0 3650.0     7.3640099e-01    7.1153986e+00     7.3019668e-01
 3650.0 3750.0     7.5148325e-01    7.1796347e+00     7.2658037e-01
 3750.0 3850.0     7.6687440e-01    7.2444508e+00     7.2296405e-01
 3850.0 3950.0     7.8307261e-01    7.3107588e+00     7.1849350e-01
 3950.0 4050.0     8.0026394e-01    7.3788699e+00     7.1289895e-01
 4050.0 4150.0     8.1783493e-01    7.4448234e+00     7.0674529e-01
 4150.0 4250.0     8.3485479e-01    7.4931520e+00     6.9888958e-01
 4250.0 4350.0     8.5144920e-01    7.5266900e+00     6.8962117e-01
 4350.0 4450.0     8.6723276e-01    7.5341213e+00     6.8000313e-01
 4450.0 4550.0     8.7808012e-01    7.4239875e+00     6.6879590e-01
 4550.0 4650.0     8.8499250e-01    7.2251689e+00     6.5634908e-01
 4650.0 4750.0     8.9195929e-01    7.0316748e+00     6.4390227e-01
 4750.0 4850.0     8.9898093e-01    6.8433626e+00     6.3145546e-01
 4850.0 4950.0     9.0605784e-01    6.6600934e+00     6.1900865e-01
 4950.0 5050.0     9.1319047e-01    6.4817324e+00     6.0656183e-01
 5050.0 5150.0     9.2037924e-01    6.3081479e+00     5.9411502e-01
 5150.0 5250.0     9.2762461e-01    6.1392121e+00     5.8166821e-01
 5250.0 5350.0     9.3492701e-01    5.9748005e+00     5.6922140e-01
 5350.0 5450.0     9.4228689e-01    5.8147920e+00     5.5677458e-01
 5450.0 5550.0     9.4970472e-01    5.6590685e+00     5.4432777e-01
 5550.0 5650.0     9.5673688e-01    5.4991807e+00     5.3245328e-01
 5650.0 5750.0     9.6085132e-01    5.2901301e+00     5.2439421e-01
 5750.0 5850.0     9.6246412e-01    5.0440544e+00     5.1957826e-01
 5850.0 5950.0     9.6407963e-01    4.8094252e+00     5.1476231e-01
 5950.0 6050.0     9.6569784e-01    4.5857100e+00     5.0994635e-01
 6050.0 6150.0     9.6731878e-01    4.3724011e+00     5.0513040e-01
 6150.0 6250.0     9.6894244e-01    4.1690144e+00     5.0031445e-01
 6250.0 6350.0     9.7056882e-01    3.9750885e+00     4.9549849e-01
 6350.0 6450.0     9.7219793e-01    3.7901833e+00     4.9068254e-01
 6450.0 6550.0     9.7382977e-01    3.6138791e+00     4.8586659e-01
 6550.0 6650.0     9.7546436e-01    3.4457759e+00     4.8105063e-01
 6650.0 6750.0     9.7710169e-01    3.2854922e+00     4.7623468e-01
 6750.0 6850.0     9.7874176e-01    3.1326642e+00     4.7141873e-01
 6850.0 6950.0     9.8004660e-01    2.9840328e+00     4.6757253e-01
 6950.0 7050.0     9.8080805e-01    2.8378479e+00     4.6529047e-01
 7050.0 7150.0     9.8136289e-01    2.6971296e+00     4.6360277e-01
 7150.0 7250.0     9.8191805e-01    2.5633891e+00     4.6191506e-01
 7250.0 7350.0     9.8247352e-01    2.4362802e+00     4.6022736e-01
 7350.0 7450.0     9.8302930e-01    2.3154741e+00     4.5853966e-01
 7450.0 7550.0     9.8358540e-01    2.2006584e+00     4.5685196e-01
 7550.0 7650.0     9.8414181e-01    2.0915360e+00     4.5516425e-01
 7650.0 7750.0     9.8469854e-01    1.9878246e+00     4.5347655e-01
 7750.0 7850.0     9.8525559e-01    1.8892558e+00     4.5178885e-01
 7850.0 7950.0     9.8581294e-01    1.7955746e+00     4.5010115e-01
 7950.0 8050.0     9.8637062e-01    1.7065388e+00     4.4841344e-01
 8050.0 8150.0     9.8692861e-01    1.6219179e+00     4.4672574e-01
 8150.0 8250.0     9.8748691e-01    1.5414931e+00     4.4503804e-01
 8250.0 8350.0     9.8804553e-01    1.4650562e+00     4.4335034e-01
 8350.0 8450.0     9.8860447e-01    1.3924095e+00     4.4166264e-01
 8450.0 8550.0     9.8916372e-01    1.3233651e+00     4.3997493e-01
