 1216.0 1216.0     4.6497816e-01    2.4842580e+00     5.5481749e-01
 1300.0 1350.0     4.6808431e-01    2.0883321e+00     5.0903281e-01
 1350.0 1400.0     4.6513716e-01    1.9271956e+00     4.8408555e-01
 1400.0 1450.0     4.5652634e-01    1.7777557e+00     4.5394739e-01
 1450.0 1500.0     4.4673449e-01    1.6397377e+00     4.2256340e-01
 1500.0 1550.0     4.3715266e-01    1.5124349e+00     3.9117941e-01
 1550.0 1600.0     4.2777635e-01    1.3950153e+00     3.5979543e-01
 1600.0 1650.0     4.1873301e-01    1.2914718e+00     3.3107779e-01
 1650.0 1700.0     4.1022357e-01    1.2076832e+00     3.0937685e-01
 1700.0 1750.0     4.0209800e-01    1.1366670e+00     2.9202628e-01
 1754.0 1770.0     3.9617108e-01    1.0863698e+00     2.7918686e-01
 1770.0 1786.0     3.9364287e-01    1.0655047e+00     2.7363468e-01
 1786.0 1802.0     3.9113079e-01    1.0450403e+00     2.6808250e-01
 1802.0 1818.0     3.8863475e-01    1.0249689e+00     2.6253031e-01
 1818.0 1835.0     3.8607763e-01    1.0046801e+00     2.5680462e-01
 1835.0 1852.0     3.8346037e-01    9.8419030e-01     2.5090543e-01
 1852.0 1869.0     3.8086085e-01    9.6411836e-01     2.4500624e-01
 1869.0 1887.0     3.7820354e-01    9.4388965e-01     2.3893354e-01
 1887.0 1905.0     3.7548938e-01    9.2351957e-01     2.3268733e-01
 1905.0 1923.0     3.7279470e-01    9.0358910e-01     2.2644113e-01
 1923.0 1942.0     3.7004559e-01    8.8355913e-01     2.2002142e-01
 1942.0 1961.0     3.6724300e-01    8.6344385e-01     2.1342820e-01
 1961.0 1980.0     3.6418247e-01    8.4482942e-01     2.0789234e-01
 1980.0 2000.0     3.6061254e-01    8.2784606e-01     2.0394522e-01
 2000.0 2020.0     3.5682183e-01    8.1138972e-01     2.0052948e-01
 2020.0 2041.0     3.5297821e-01    7.9486552e-01     1.9702836e-01
 2041.0 2062.0     3.4908326e-01    7.7828305e-01     1.9344184e-01
 2062.0 2083.0     3.4523128e-01    7.6204652e-01     1.8985532e-01
 2083.0 2105.0     3.4133214e-01    7.4577830e-01     1.8618341e-01
 2105.0 2128.0     3.3729879e-01    7.2912521e-01     1.8234071e-01
 2128.0 2151.0     3.3322453e-01    7.1248220e-01     1.7841261e-01
 2151.0 2174.0     3.2919948e-01    6.9621908e-01     1.7448452e-01
 2174.0 2200.0     3.2496706e-01    6.7931603e-01     1.7030025e-01
 2200.0 2222.0     3.2087002e-01    6.6312783e-01     1.6620137e-01
 2222.0 2247.0     3.1691203e-01    6.4767759e-01     1.6218788e-01
 2247.0 2273.0     3.1267129e-01    6.3131129e-01     1.5783282e-01
 2273.0 2299.0     3.0840525e-01    6.1504578e-01     1.5339237e-01
 2299.0 2326.0     3.0411764e-01    5.9890265e-01     1.4886653e-01
 2326.0 2353.0     2.9980986e-01    5.8288667e-01     1.4425529e-01
 2353.0 2381.0     2.9548559e-01    5.6701822e-01     1.3955865e-01
 2381.0 2410.0     2.9183392e-01    5.4918519e-01     1.3555268e-01
 2410.0 2439.0     2.8900426e-01    5.2960078e-01     1.3242217e-01
 2439.0 2469.0     2.8624324e-01    5.1019345e-01     1.2933879e-01
 2469.0 2500.0     2.8341636e-01    4.9087568e-01     1.2615089e-01
 2500.0 2532.0     2.8052610e-01    4.7169203e-01     1.2285847e-01
 2532.0 2564.0     2.7761990e-01    4.5296556e-01     1.1951379e-01
 2564.0 2597.0     2.7469935e-01    4.3471295e-01     1.1611684e-01
 2597.0 2632.0     2.7167712e-01    4.1641031e-01     1.1256312e-01
 2632.0 2667.0     2.6818152e-01    3.9882308e-01     1.0932552e-01
 2667.0 2703.0     2.6417076e-01    3.8230924e-01     1.0655786e-01
 2703.0 2740.0     2.6002204e-01    3.6613671e-01     1.0380172e-01
 2740.0 2778.0     2.5582750e-01    3.5023333e-01     1.0097007e-01
 2778.0 2817.0     2.5159149e-01    3.3462423e-01     9.8062903e-02
 2817.0 2857.0     2.4731834e-01    3.1933241e-01     9.5080229e-02
 2857.0 2899.0     2.4296013e-01    3.0420296e-01     9.1984288e-02
 2899.0 2941.0     2.3857431e-01    2.8943893e-01     8.8812837e-02
 2941.0 2985.0     2.3395866e-01    2.7591976e-01     8.5933527e-02
 2985.0 3030.0     2.2900049e-01    2.6370372e-01     8.3442292e-02
 3030.0 3077.0     2.2391611e-01    2.5192620e-01     8.0993764e-02
 3077.0 3125.0     2.1878376e-01    2.4031356e-01     7.8465392e-02
 3125.0 3175.0     2.1361319e-01    2.2889762e-01     7.5857177e-02
 3175.0 3225.0     2.0846180e-01    2.1780215e-01     7.3195733e-02
 3225.0 3275.0     2.0368326e-01    2.0720517e-01     7.0619457e-02
 3275.0 3325.0     2.0003737e-01    1.9696597e-01     6.8398046e-02
 3325.0 3375.0     1.9723394e-01    1.8711438e-01     6.6446333e-02
 3375.0 3425.0     1.9446980e-01    1.7775553e-01     6.4494619e-02
 3425.0 3450.0     1.9241855e-01    1.7100268e-01     6.3030834e-02
 3450.0 3550.0     1.8933130e-01    1.6062668e-01     6.0639624e-02
 3550.0 3650.0     1.8754136e-01    1.4557186e-01     5.7390025e-02
 3650.0 3750.0     1.8878220e-01    1.3244693e-01     5.4697393e-02
 3750.0 3850.0     1.9003125e-01    1.2050536e-01     5.2004760e-02
 3850.0 3950.0     1.9272916e-01    1.0938247e-01     4.9543514e-02
 3950.0 4050.0     1.9738622e-01    9.8955336e-02     4.7386722e-02
 4050.0 4150.0     2.0275260e-01    8.9411647e-02     4.5332229e-02
 4150.0 4250.0     2.0902730e-01    8.0588234e-02     4.3449677e-02
 4250.0 4350.0     2.1613416e-01    7.2472778e-02     4.1709835e-02
 4350.0 4450.0     2.2297213e-01    6.5229975e-02     4.0022400e-02
 4450.0 4550.0     2.2767287e-01    5.8944148e-02     3.8573178e-02
 4550.0 4650.0     2.3064333e-01    5.3442278e-02     3.7309763e-02
 4650.0 4750.0     2.3365255e-01    4.8453955e-02     3.6046348e-02
 4750.0 4850.0     2.3670103e-01    4.3931244e-02     3.4782932e-02
 4850.0 4950.0     2.3978928e-01    3.9830685e-02     3.3519517e-02
 4950.0 5050.0     2.4291782e-01    3.6112873e-02     3.2256102e-02
 5050.0 5150.0     2.4608718e-01    3.2742083e-02     3.0992686e-02
 5150.0 5250.0     2.4929790e-01    2.9685925e-02     2.9729271e-02
 5250.0 5350.0     2.5255050e-01    2.6915029e-02     2.8465856e-02
 5350.0 5450.0     2.5584554e-01    2.4402770e-02     2.7202440e-02
 5450.0 5550.0     2.5918357e-01    2.2125006e-02     2.5939025e-02
 5550.0 5650.0     2.6266062e-01    2.0076777e-02     2.4721710e-02
 5650.0 5750.0     2.6682961e-01    1.8322752e-02     2.3811732e-02
 5750.0 5850.0     2.7161567e-01    1.6810034e-02     2.3162988e-02
 5850.0 5950.0     2.7648759e-01    1.5422206e-02     2.2514245e-02
 5950.0 6050.0     2.8144689e-01    1.4148956e-02     2.1865501e-02
 6050.0 6150.0     2.8649514e-01    1.2980825e-02     2.1216758e-02
 6150.0 6250.0     2.9163394e-01    1.1909134e-02     2.0568014e-02
 6250.0 6350.0     2.9686492e-01    1.0925922e-02     1.9919271e-02
 6350.0 6450.0     3.0218972e-01    1.0023883e-02     1.9270527e-02
 6450.0 6550.0     3.0761004e-01    9.1963160e-03     1.8621784e-02
 6550.0 6650.0     3.1312757e-01    8.4370725e-03     1.7973041e-02
 6650.0 6750.0     3.1874408e-01    7.7405119e-03     1.7324297e-02
 6750.0 6850.0     3.2446132e-01    7.1014589e-03     1.6675554e-02
 6850.0 6950.0     3.3028496e-01    6.5423892e-03     1.6124383e-02
 6950.0 7050.0     3.3621935e-01    6.0702196e-03     1.5730586e-02
 7050.0 7150.0     3.4226277e-01    5.6477168e-03     1.5396591e-02
 7150.0 7250.0     3.4841481e-01    5.2546212e-03     1.5062596e-02
 7250.0 7350.0     3.5467744e-01    4.8888861e-03     1.4728601e-02
 7350.0 7450.0     3.6105264e-01    4.5486071e-03     1.4394606e-02
 7450.0 7550.0     3.6754242e-01    4.2320124e-03     1.4060611e-02
 7550.0 7650.0     3.7414886e-01    3.9374535e-03     1.3726616e-02
 7650.0 7750.0     3.8087405e-01    3.6633966e-03     1.3392621e-02
 7750.0 7850.0     3.8772012e-01    3.4084148e-03     1.3058626e-02
 7850.0 7950.0     3.9468924e-01    3.1711804e-03     1.2724631e-02
 7950.0 8050.0     4.0178363e-01    2.9504581e-03     1.2390636e-02
 8050.0 8150.0     4.0900555e-01    2.7450987e-03     1.2056641e-02
 8150.0 8250.0     4.1635727e-01    2.5540328e-03     1.1722646e-02
 8250.0 8350.0     4.2384113e-01    2.3762655e-03     1.1388651e-02
 8350.0 8450.0     4.3145952e-01    2.2108714e-03     1.1054656e-02
 8450.0 8550.0     4.3921485e-01    2.0569890e-03     1.0720662e-02
