 1216.0 1216.0     4.1101033e-01    5.3445575e+00     9.1535187e-01
 1300.0 1350.0     4.0722003e-01    5.4817120e+00     9.0515831e-01
 1350.0 1400.0     4.0852971e-01    5.5486778e+00     9.0095653e-01
 1400.0 1450.0     4.1388228e-01    5.6203199e+00     8.9737867e-01
 1450.0 1500.0     4.2028618e-01    5.6938222e+00     8.9395053e-01
 1500.0 1550.0     4.2678916e-01    5.7682857e+00     8.9052240e-01
 1550.0 1600.0     4.3339276e-01    5.8437231e+00     8.8709427e-01
 1600.0 1650.0     4.3998894e-01    5.9150173e+00     8.8361573e-01
 1650.0 1700.0     4.4639457e-01    5.9736108e+00     8.8000451e-01
 1700.0 1750.0     4.5271215e-01    6.0243514e+00     8.7631104e-01
 1754.0 1770.0     4.5743452e-01    6.0621280e+00     8.7357787e-01
 1770.0 1786.0     4.5949626e-01    6.0785582e+00     8.7239596e-01
 1786.0 1802.0     4.6156729e-01    6.0950330e+00     8.7121405e-01
 1802.0 1818.0     4.6364765e-01    6.1115524e+00     8.7003214e-01
 1818.0 1835.0     4.6580299e-01    6.1286356e+00     8.6881329e-01
 1835.0 1852.0     4.6803398e-01    6.1462858e+00     8.6755751e-01
 1852.0 1869.0     4.7027565e-01    6.1639867e+00     8.6630173e-01
 1869.0 1887.0     4.7259462e-01    6.1822623e+00     8.6500901e-01
 1887.0 1905.0     4.7499162e-01    6.2011158e+00     8.6367936e-01
 1905.0 1923.0     4.7740077e-01    6.2200268e+00     8.6234971e-01
 1923.0 1942.0     4.7988976e-01    6.2395240e+00     8.6098313e-01
 1942.0 1961.0     4.8245934e-01    6.2596109e+00     8.5957961e-01
 1961.0 1980.0     4.8486882e-01    6.2750474e+00     8.5809604e-01
 1980.0 2000.0     4.8706876e-01    6.2831973e+00     8.5644214e-01
 2000.0 2020.0     4.8923090e-01    6.2887456e+00     8.5469793e-01
 2020.0 2041.0     4.9145718e-01    6.2944378e+00     8.5291013e-01
 2041.0 2062.0     4.9374814e-01    6.3002741e+00     8.5107871e-01
 2062.0 2083.0     4.9604977e-01    6.3061158e+00     8.4924730e-01
 2083.0 2105.0     4.9841746e-01    6.3121023e+00     8.4737228e-01
 2105.0 2128.0     5.0090737e-01    6.3183733e+00     8.4541005e-01
 2128.0 2151.0     5.0346533e-01    6.3247900e+00     8.4340421e-01
 2151.0 2174.0     5.0603635e-01    6.3312132e+00     8.4139838e-01
 2174.0 2200.0     5.0878995e-01    6.3380628e+00     8.3926173e-01
 2200.0 2222.0     5.1150083e-01    6.3447792e+00     8.3716869e-01
 2222.0 2247.0     5.1417026e-01    6.3513631e+00     8.3511925e-01
 2247.0 2273.0     5.1708232e-01    6.3585149e+00     8.3289539e-01
 2273.0 2299.0     5.2006829e-01    6.3658152e+00     8.3062792e-01
 2299.0 2326.0     5.2312960e-01    6.3732646e+00     8.2831685e-01
 2326.0 2353.0     5.2626703e-01    6.3808633e+00     8.2596218e-01
 2353.0 2381.0     5.2948208e-01    6.3886123e+00     8.2356390e-01
 2381.0 2410.0     5.3343063e-01    6.4051599e+00     8.2142294e-01
 2410.0 2439.0     5.3813391e-01    6.4313971e+00     8.1962267e-01
 2439.0 2469.0     5.4303187e-01    6.4592022e+00     8.1783180e-01
 2469.0 2500.0     5.4814273e-01    6.4880762e+00     8.1598021e-01
 2500.0 2532.0     5.5347166e-01    6.5180324e+00     8.1406793e-01
 2532.0 2564.0     5.5893781e-01    6.5486046e+00     8.1212528e-01
 2564.0 2597.0     5.6454505e-01    6.5798024e+00     8.1015229e-01
 2597.0 2632.0     5.7047177e-01    6.6126004e+00     8.0808823e-01
 2632.0 2667.0     5.7727391e-01    6.6233090e+00     8.0488772e-01
 2667.0 2703.0     5.8504136e-01    6.6058053e+00     8.0032146e-01
 2703.0 2740.0     5.9327420e-01    6.5829513e+00     7.9539774e-01
 2740.0 2778.0     6.0185326e-01    6.5595535e+00     7.9033912e-01
 2778.0 2817.0     6.1079019e-01    6.5356183e+00     7.8514560e-01
 2817.0 2857.0     6.2009718e-01    6.5111522e+00     7.7981719e-01
 2857.0 2899.0     6.2990857e-01    6.4858544e+00     7.7428643e-01
 2899.0 2941.0     6.4011828e-01    6.4600404e+00     7.6862078e-01
 2941.0 2985.0     6.4902927e-01    6.4291075e+00     7.6323084e-01
 2985.0 3030.0     6.5610082e-01    6.3911371e+00     7.5819850e-01
 3030.0 3077.0     6.6289645e-01    6.3505461e+00     7.5313801e-01
 3077.0 3125.0     6.6998715e-01    6.3089006e+00     7.4791251e-01
 3125.0 3175.0     6.7738168e-01    6.2662276e+00     7.4252199e-01
 3175.0 3225.0     6.8501038e-01    6.2229782e+00     7.3702146e-01
 3225.0 3275.0     6.9260251e-01    6.1849577e+00     7.3196225e-01
 3275.0 3325.0     6.9976452e-01    6.1676853e+00     7.2874187e-01
 3325.0 3375.0     7.0660900e-01    6.1660821e+00     7.2691899e-01
 3375.0 3425.0     7.1352042e-01    6.1644794e+00     7.2509611e-01
 3425.0 3450.0     7.1874193e-01    6.1632775e+00     7.2372896e-01
 3450.0 3550.0     7.2758745e-01    6.1638549e+00     7.2144154e-01
 3550.0 3650.0     7.4209478e-01    6.1956418e+00     7.1767665e-01
 3650.0 3750.0     7.5706585e-01    6.2575679e+00     7.1381029e-01
 3750.0 3850.0     7.7233896e-01    6.3201130e+00     7.0994392e-01
 3850.0 3950.0     7.8836318e-01    6.3839354e+00     7.0515554e-01
 3950.0 4050.0     8.0530612e-01    6.4492626e+00     6.9915397e-01
 4050.0 4150.0     8.2259116e-01    6.5123993e+00     6.9255442e-01
 4150.0 4250.0     8.3926037e-01    6.5580153e+00     6.8415006e-01
 4250.0 4350.0     8.5544632e-01    6.5889122e+00     6.7424770e-01
 4350.0 4450.0     8.7082026e-01    6.5945046e+00     6.6398214e-01
 4450.0 4550.0     8.8131909e-01    6.4863464e+00     6.5206566e-01
 4550.0 4650.0     8.8793417e-01    6.2927476e+00     6.3886147e-01
 4650.0 4750.0     8.9459889e-01    6.1049273e+00     6.2565729e-01
 4750.0 4850.0     9.0131364e-01    5.9227128e+00     6.1245310e-01
 4850.0 4950.0     9.0807878e-01    5.7459370e+00     5.9924891e-01
 4950.0 5050.0     9.1489471e-01    5.5744373e+00     5.8604473e-01
 5050.0 5150.0     9.2176179e-01    5.4080565e+00     5.7284054e-01
 5150.0 5250.0     9.2868042e-01    5.2466416e+00     5.5963635e-01
 5250.0 5350.0     9.3565098e-01    5.0900445e+00     5.4643217e-01
 5350.0 5450.0     9.4267386e-01    4.9381214e+00     5.3322798e-01
 5450.0 5550.0     9.4974945e-01    4.7907327e+00     5.2002379e-01
 5550.0 5650.0     9.5645679e-01    4.6406603e+00     5.0741413e-01
 5650.0 5750.0     9.6039382e-01    4.4497980e+00     4.9876789e-01
 5750.0 5850.0     9.6195654e-01    4.2286955e+00     4.9349057e-01
 5850.0 5950.0     9.6352179e-01    4.0185791e+00     4.8821325e-01
 5950.0 6050.0     9.6508960e-01    3.8189031e+00     4.8293593e-01
 6050.0 6150.0     9.6665995e-01    3.6291486e+00     4.7765861e-01
 6150.0 6250.0     9.6823286e-01    3.4488227e+00     4.7238129e-01
 6250.0 6350.0     9.6980833e-01    3.2774569e+00     4.6710397e-01
 6350.0 6450.0     9.7138636e-01    3.1146059e+00     4.6182665e-01
 6450.0 6550.0     9.7296696e-01    2.9598467e+00     4.5654933e-01
 6550.0 6650.0     9.7455013e-01    2.8127772e+00     4.5127201e-01
 6650.0 6750.0     9.7613588e-01    2.6730153e+00     4.4599468e-01
 6750.0 6850.0     9.7772421e-01    2.5401980e+00     4.4071736e-01
 6850.0 6950.0     9.7899682e-01    2.4127540e+00     4.3644265e-01
 6950.0 7050.0     9.7975771e-01    2.2897656e+00     4.3378503e-01
 7050.0 7150.0     9.8032406e-01    2.1723340e+00     4.3174191e-01
 7150.0 7250.0     9.8089073e-01    2.0609248e+00     4.2969878e-01
 7250.0 7350.0     9.8145773e-01    1.9552294e+00     4.2765566e-01
 7350.0 7450.0     9.8202506e-01    1.8549545e+00     4.2561254e-01
 7450.0 7550.0     9.8259271e-01    1.7598224e+00     4.2356942e-01
 7550.0 7650.0     9.8316069e-01    1.6695691e+00     4.2152629e-01
 7650.0 7750.0     9.8372901e-01    1.5839445e+00     4.1948317e-01
 7750.0 7850.0     9.8429765e-01    1.5027112e+00     4.1744005e-01
 7850.0 7950.0     9.8486662e-01    1.4256439e+00     4.1539692e-01
 7950.0 8050.0     9.8543592e-01    1.3525291e+00     4.1335380e-01
 8050.0 8150.0     9.8600554e-01    1.2831641e+00     4.1131068e-01
 8150.0 8250.0     9.8657550e-01    1.2173564e+00     4.0926756e-01
 8250.0 8350.0     9.8714579e-01    1.1549237e+00     4.0722443e-01
 8350.0 8450.0     9.8771640e-01    1.0956930e+00     4.0518131e-01
 8450.0 8550.0     9.8828735e-01    1.0394998e+00     4.0313819e-01
