 1216.0 1216.0     3.5694766e-01    2.0219427e+01     9.6500749e-01
 1300.0 1350.0     3.5309394e-01    2.0747438e+01     9.6236382e-01
 1350.0 1400.0     3.5318270e-01    2.0952834e+01     9.6126183e-01
 1400.0 1450.0     3.5571351e-01    2.1106020e+01     9.6030551e-01
 1450.0 1500.0     3.5885268e-01    2.1247243e+01     9.5938414e-01
 1500.0 1550.0     3.6201956e-01    2.1389411e+01     9.5846277e-01
 1550.0 1600.0     3.6521439e-01    2.1532530e+01     9.5754140e-01
 1600.0 1650.0     3.6843658e-01    2.1656225e+01     9.5657518e-01
 1650.0 1700.0     3.7168499e-01    2.1726937e+01     9.5549091e-01
 1700.0 1750.0     3.7496068e-01    2.1764599e+01     9.5433346e-01
 1754.0 1770.0     3.7739999e-01    2.1792504e+01     9.5347694e-01
 1770.0 1786.0     3.7846116e-01    2.1804585e+01     9.5310656e-01
 1786.0 1802.0     3.7952530e-01    2.1816673e+01     9.5273617e-01
 1802.0 1818.0     3.8059244e-01    2.1828767e+01     9.5236579e-01
 1818.0 1835.0     3.8169612e-01    2.1841247e+01     9.5198383e-01
 1835.0 1852.0     3.8283654e-01    2.1854112e+01     9.5159029e-01
 1852.0 1869.0     3.8398037e-01    2.1866985e+01     9.5119676e-01
 1869.0 1887.0     3.8516146e-01    2.1880244e+01     9.5079165e-01
 1887.0 1905.0     3.8638003e-01    2.1893891e+01     9.5037497e-01
 1905.0 1923.0     3.8760246e-01    2.1907546e+01     9.4995828e-01
 1923.0 1942.0     3.8886293e-01    2.1921589e+01     9.4953003e-01
 1942.0 1961.0     3.9016168e-01    2.1936021e+01     9.4909019e-01
 1961.0 1980.0     3.9145502e-01    2.1936994e+01     9.4861086e-01
 1980.0 2000.0     3.9277092e-01    2.1915921e+01     9.4805412e-01
 2000.0 2020.0     3.9411925e-01    2.1886286e+01     9.4745947e-01
 2020.0 2041.0     3.9550614e-01    2.1855953e+01     9.4684996e-01
 2041.0 2062.0     3.9693187e-01    2.1824922e+01     9.4622558e-01
 2062.0 2083.0     3.9836273e-01    2.1793936e+01     9.4560120e-01
 2083.0 2105.0     3.9983307e-01    2.1762258e+01     9.4496195e-01
 2105.0 2128.0     4.0137761e-01    2.1729156e+01     9.4429297e-01
 2128.0 2151.0     4.0296257e-01    2.1695370e+01     9.4360913e-01
 2151.0 2174.0     4.0455379e-01    2.1661636e+01     9.4292528e-01
 2174.0 2200.0     4.0625592e-01    2.1625762e+01     9.4219684e-01
 2200.0 2222.0     4.0792975e-01    2.1590674e+01     9.4148326e-01
 2222.0 2247.0     4.0957588e-01    2.1556376e+01     9.4078455e-01
 2247.0 2273.0     4.1136947e-01    2.1519219e+01     9.4002637e-01
 2273.0 2299.0     4.1320624e-01    2.1481398e+01     9.3925333e-01
 2299.0 2326.0     4.1508685e-01    2.1442920e+01     9.3846542e-01
 2326.0 2353.0     4.1701167e-01    2.1403786e+01     9.3766265e-01
 2353.0 2381.0     4.1898139e-01    2.1364001e+01     9.3684501e-01
 2381.0 2410.0     4.2139208e-01    2.1326941e+01     9.3617901e-01
 2410.0 2439.0     4.2425448e-01    2.1293792e+01     9.3570044e-01
 2439.0 2469.0     4.2722890e-01    2.1260604e+01     9.3523491e-01
 2469.0 2500.0     4.3032607e-01    2.1226345e+01     9.3475360e-01
 2500.0 2532.0     4.3354835e-01    2.1191021e+01     9.3425651e-01
 2532.0 2564.0     4.3684630e-01    2.1155197e+01     9.3375152e-01
 2564.0 2597.0     4.4022165e-01    2.1118875e+01     9.3323865e-01
 2597.0 2632.0     4.4378092e-01    2.1080943e+01     9.3270211e-01
 2632.0 2667.0     4.4863036e-01    2.0960720e+01     9.3167903e-01
 2667.0 2703.0     4.5502958e-01    2.0740374e+01     9.3006367e-01
 2703.0 2740.0     4.6195455e-01    2.0499222e+01     9.2830267e-01
 2740.0 2778.0     4.6917903e-01    2.0254384e+01     9.2649343e-01
 2778.0 2817.0     4.7671371e-01    2.0006058e+01     9.2463594e-01
 2817.0 2857.0     4.8456988e-01    1.9754446e+01     9.2273020e-01
 2857.0 2899.0     4.9286221e-01    1.9496647e+01     9.2075209e-01
 2899.0 2941.0     5.0150215e-01    1.9236006e+01     9.1872573e-01
 2941.0 2985.0     5.0946252e-01    1.8989784e+01     9.1673643e-01
 2985.0 3030.0     5.1644307e-01    1.8760770e+01     9.1479107e-01
 3030.0 3077.0     5.2339607e-01    1.8532736e+01     9.1280952e-01
 3077.0 3125.0     5.3067351e-01    1.8300159e+01     9.1076336e-01
 3125.0 3175.0     5.3828738e-01    1.8063312e+01     9.0865258e-01
 3175.0 3225.0     5.4616809e-01    1.7824758e+01     9.0649873e-01
 3225.0 3275.0     5.5399840e-01    1.7599948e+01     9.0454552e-01
 3275.0 3325.0     5.6124361e-01    1.7421796e+01     9.0342833e-01
 3325.0 3375.0     5.6805243e-01    1.7278734e+01     9.0294651e-01
 3375.0 3425.0     5.7494384e-01    1.7136847e+01     9.0246470e-01
 3425.0 3450.0     5.8015931e-01    1.7031088e+01     9.0210334e-01
 3450.0 3550.0     5.8903309e-01    1.6860003e+01     9.0150946e-01
 3550.0 3650.0     6.0372199e-01    1.6624408e+01     9.0065916e-01
 3650.0 3750.0     6.1904216e-01    1.6426363e+01     8.9990540e-01
 3750.0 3850.0     6.3475109e-01    1.6230676e+01     8.9915163e-01
 3850.0 3950.0     6.5222288e-01    1.6010531e+01     8.9809420e-01
 3950.0 4050.0     6.7198745e-01    1.5758314e+01     8.9663722e-01
 4050.0 4150.0     6.9285130e-01    1.5497411e+01     8.9498797e-01
 4150.0 4250.0     7.1469654e-01    1.5215628e+01     8.9277175e-01
 4250.0 4350.0     7.3750900e-01    1.4918146e+01     8.9008495e-01
 4350.0 4450.0     7.5976651e-01    1.4630406e+01     8.8725625e-01
 4450.0 4550.0     7.7677128e-01    1.4365811e+01     8.8378252e-01
 4550.0 4650.0     7.8954069e-01    1.4119683e+01     8.7980567e-01
 4650.0 4750.0     8.0252002e-01    1.3877772e+01     8.7582882e-01
 4750.0 4850.0     8.1571272e-01    1.3640006e+01     8.7185197e-01
 4850.0 4950.0     8.2912229e-01    1.3406313e+01     8.6787512e-01
 4950.0 5050.0     8.4275231e-01    1.3176625e+01     8.6389827e-01
 5050.0 5150.0     8.5660639e-01    1.2950871e+01     8.5992142e-01
 5150.0 5250.0     8.7068822e-01    1.2728985e+01     8.5594457e-01
 5250.0 5350.0     8.8500154e-01    1.2510901e+01     8.5196772e-01
 5350.0 5450.0     8.9955016e-01    1.2296553e+01     8.4799087e-01
 5450.0 5550.0     9.1433795e-01    1.2085878e+01     8.4401402e-01
 5550.0 5650.0     9.2848534e-01    1.1883057e+01     8.4024497e-01
 5650.0 5750.0     9.3692173e-01    1.1711600e+01     8.3786123e-01
 5750.0 5850.0     9.4041457e-01    1.1566380e+01     8.3665501e-01
 5850.0 5950.0     9.4392043e-01    1.1422961e+01     8.3544879e-01
 5950.0 6050.0     9.4743935e-01    1.1281320e+01     8.3424257e-01
 6050.0 6150.0     9.5097140e-01    1.1141436e+01     8.3303635e-01
 6150.0 6250.0     9.5451661e-01    1.1003286e+01     8.3183013e-01
 6250.0 6350.0     9.5807504e-01    1.0866849e+01     8.3062391e-01
 6350.0 6450.0     9.6164673e-01    1.0732103e+01     8.2941769e-01
 6450.0 6550.0     9.6523174e-01    1.0599029e+01     8.2821147e-01
 6550.0 6650.0     9.6883012e-01    1.0467604e+01     8.2700524e-01
 6650.0 6750.0     9.7244191e-01    1.0337810e+01     8.2579902e-01
 6750.0 6850.0     9.7606716e-01    1.0209624e+01     8.2459280e-01
 6850.0 6950.0     9.7883230e-01    1.0069942e+01     8.2374632e-01
 6950.0 7050.0     9.8019671e-01    9.9112167e+00     8.2348006e-01
 7050.0 7150.0     9.8102760e-01    9.7471159e+00     8.2343429e-01
 7150.0 7250.0     9.8185920e-01    9.5857320e+00     8.2338851e-01
 7250.0 7350.0     9.8269149e-01    9.4270202e+00     8.2334273e-01
 7350.0 7450.0     9.8352450e-01    9.2709362e+00     8.2329696e-01
 7450.0 7550.0     9.8435821e-01    9.1174366e+00     8.2325118e-01
 7550.0 7650.0     9.8519263e-01    8.9664784e+00     8.2320541e-01
 7650.0 7750.0     9.8602775e-01    8.8180196e+00     8.2315963e-01
 7750.0 7850.0     9.8686358e-01    8.6720189e+00     8.2311386e-01
 7850.0 7950.0     9.8770012e-01    8.5284355e+00     8.2306808e-01
 7950.0 8050.0     9.8853737e-01    8.3872295e+00     8.2302230e-01
 8050.0 8150.0     9.8937533e-01    8.2483614e+00     8.2297653e-01
 8150.0 8250.0     9.9021400e-01    8.1117926e+00     8.2293075e-01
 8250.0 8350.0     9.9105338e-01    7.9774849e+00     8.2288498e-01
 8350.0 8450.0     9.9189348e-01    7.8454010e+00     8.2283920e-01
 8450.0 8550.0     9.9273428e-01    7.7155041e+00     8.2279343e-01
