 1216.0 1216.0     5.4949818e-02    2.9794522e-01     3.6979630e-02
 1300.0 1350.0     4.7196879e-02    2.1733887e-01     3.1166024e-02
 1350.0 1400.0     4.3495272e-02    1.9390613e-01     2.8858931e-02
 1400.0 1450.0     3.9437327e-02    1.8112723e-01     2.7025124e-02
 1450.0 1500.0     3.5614636e-02    1.7106394e-01     2.5304906e-02
 1500.0 1550.0     3.2162482e-02    1.6155976e-01     2.3584688e-02
 1550.0 1600.0     2.9044947e-02    1.5258363e-01     2.1864470e-02
 1600.0 1650.0     2.6401694e-02    1.4440488e-01     2.0298166e-02
 1650.0 1700.0     2.4433987e-02    1.3742860e-01     1.9136897e-02
 1700.0 1750.0     2.2877537e-02    1.3125572e-01     1.8226752e-02
 1754.0 1770.0     2.1779367e-02    1.2683694e-01     1.7553245e-02
 1770.0 1786.0     2.1325441e-02    1.2498530e-01     1.7261998e-02
 1786.0 1802.0     2.0880976e-02    1.2316068e-01     1.6970752e-02
 1802.0 1818.0     2.0445775e-02    1.2136271e-01     1.6679505e-02
 1818.0 1835.0     2.0006615e-02    1.1953644e-01     1.6379157e-02
 1835.0 1852.0     1.9563866e-02    1.1768316e-01     1.6069708e-02
 1852.0 1869.0     1.9130915e-02    1.1585861e-01     1.5760259e-02
 1869.0 1887.0     1.8695379e-02    1.1401035e-01     1.5441708e-02
 1887.0 1905.0     1.8257598e-02    1.1213963e-01     1.5114056e-02
 1905.0 1923.0     1.7830068e-02    1.1029959e-01     1.4786403e-02
 1923.0 1942.0     1.7401233e-02    1.0844033e-01     1.4449650e-02
 1942.0 1961.0     1.6971400e-02    1.0656300e-01     1.4103794e-02
 1961.0 1980.0     1.6571882e-02    1.0488179e-01     1.3805374e-02
 1980.0 2000.0     1.6203799e-02    1.0345151e-01     1.3576909e-02
 2000.0 2020.0     1.5846202e-02    1.0210132e-01     1.3370966e-02
 2020.0 2041.0     1.5487952e-02    1.0073589e-01     1.3159874e-02
 2041.0 2062.0     1.5129262e-02    9.9355860e-02     1.2943633e-02
 2062.0 2083.0     1.4778878e-02    9.7994737e-02     1.2727392e-02
 2083.0 2105.0     1.4428655e-02    9.6620746e-02     1.2506003e-02
 2105.0 2128.0     1.4071026e-02    9.5203474e-02     1.2274317e-02
 2128.0 2151.0     1.3714511e-02    9.3775959e-02     1.2037482e-02
 2151.0 2174.0     1.3367030e-02    9.2369848e-02     1.1800647e-02
 2174.0 2200.0     1.3006862e-02    9.0895939e-02     1.1548366e-02
 2200.0 2222.0     1.2662795e-02    8.9473294e-02     1.1301234e-02
 2222.0 2247.0     1.2335347e-02    8.8103429e-02     1.1059250e-02
 2247.0 2273.0     1.1989414e-02    8.6640219e-02     1.0796672e-02
 2273.0 2299.0     1.1646590e-02    8.5173097e-02     1.0528946e-02
 2299.0 2326.0     1.1307352e-02    8.3703562e-02     1.0256071e-02
 2326.0 2353.0     1.0971781e-02    8.2232135e-02     9.9780468e-03
 2353.0 2381.0     1.0640323e-02    8.0760285e-02     9.6948745e-03
 2381.0 2410.0     1.0367328e-02    7.8882635e-02     9.4469687e-03
 2410.0 2439.0     1.0162739e-02    7.6602476e-02     9.2447350e-03
 2439.0 2469.0     9.9657374e-03    7.4308136e-02     9.0443625e-03
 2469.0 2500.0     9.7660721e-03    7.2008248e-02     8.8371977e-03
 2500.0 2532.0     9.5640588e-03    6.9707651e-02     8.6232406e-03
 2532.0 2564.0     9.3630841e-03    6.7445212e-02     8.4058874e-03
 2564.0 2597.0     9.1633242e-03    6.5223132e-02     8.1851381e-03
 2597.0 2632.0     8.9589381e-03    6.2977380e-02     7.9542003e-03
 2632.0 2667.0     8.7444055e-03    6.0850217e-02     7.7402543e-03
 2667.0 2703.0     8.5213240e-03    5.8894824e-02     7.5524371e-03
 2703.0 2740.0     8.2960651e-03    5.6971485e-02     7.3643888e-03
 2740.0 2778.0     8.0708348e-03    5.5060848e-02     7.1711885e-03
 2778.0 2817.0     7.8459584e-03    5.3165903e-02     6.9728361e-03
 2817.0 2857.0     7.6217514e-03    5.1289496e-02     6.7693318e-03
 2857.0 2899.0     7.3958451e-03    4.9412266e-02     6.5580994e-03
 2899.0 2941.0     7.1712888e-03    4.7559644e-02     6.3417150e-03
 2941.0 2985.0     6.9485672e-03    4.5855768e-02     6.1434236e-03
 2985.0 3030.0     6.7253679e-03    4.4314865e-02     5.9691019e-03
 3030.0 3077.0     6.5022317e-03    4.2816779e-02     5.7969136e-03
 3077.0 3125.0     6.2795457e-03    4.1322695e-02     5.6191104e-03
 3125.0 3175.0     6.0578560e-03    3.9836314e-02     5.4356924e-03
 3175.0 3225.0     5.8396292e-03    3.8374161e-02     5.2485312e-03
 3225.0 3275.0     5.6392866e-03    3.6937985e-02     5.0671673e-03
 3275.0 3325.0     5.4867971e-03    3.5443818e-02     4.9099585e-03
 3325.0 3375.0     5.3695458e-03    3.3926221e-02     4.7711077e-03
 3375.0 3425.0     5.2548001e-03    3.2473602e-02     4.6322569e-03
 3425.0 3450.0     5.1701268e-03    3.1419462e-02     4.5281188e-03
 3450.0 3550.0     5.0424988e-03    2.9768911e-02     4.3579624e-03
 3550.0 3650.0     4.9488031e-03    2.7215283e-02     4.1262557e-03
 3650.0 3750.0     4.9608422e-03    2.4830919e-02     3.9337299e-03
 3750.0 3850.0     4.9729105e-03    2.2655453e-02     3.7412041e-03
 3850.0 3950.0     5.0342014e-03    2.0579107e-02     3.5649632e-03
 3950.0 4050.0     5.1620106e-03    1.8576034e-02     3.4101498e-03
 4050.0 4150.0     5.3140314e-03    1.6731502e-02     3.2625402e-03
 4150.0 4250.0     5.4998013e-03    1.5013599e-02     3.1270549e-03
 4250.0 4350.0     5.7166104e-03    1.3426202e-02     3.0016330e-03
 4350.0 4450.0     5.9257281e-03    1.2023440e-02     2.8799601e-03
 4450.0 4550.0     6.0675027e-03    1.0837839e-02     2.7753284e-03
 4550.0 4650.0     6.1544351e-03    9.8231954e-03     2.6839887e-03
 4650.0 4750.0     6.2426131e-03    8.9035428e-03     2.5926490e-03
 4750.0 4850.0     6.3320544e-03    8.0699886e-03     2.5013092e-03
 4850.0 4950.0     6.4227772e-03    7.3144722e-03     2.4099695e-03
 4950.0 5050.0     6.5147998e-03    6.6296875e-03     2.3186298e-03
 5050.0 5150.0     6.6081409e-03    6.0090128e-03     2.2272901e-03
 5150.0 5250.0     6.7028193e-03    5.4464460e-03     2.1359504e-03
 5250.0 5350.0     6.7988543e-03    4.9365469e-03     2.0446107e-03
 5350.0 5450.0     6.8962652e-03    4.4743849e-03     1.9532710e-03
 5450.0 5550.0     6.9950717e-03    4.0554907e-03     1.8619313e-03
 5550.0 5650.0     7.1003090e-03    3.6776248e-03     1.7739337e-03
 5650.0 5750.0     7.2411502e-03    3.3461230e-03     1.7082166e-03
 5750.0 5850.0     7.4139036e-03    3.0538736e-03     1.6614379e-03
 5850.0 5950.0     7.5907783e-03    2.7871492e-03     1.6146593e-03
 5950.0 6050.0     7.7718728e-03    2.5437204e-03     1.5678806e-03
 6050.0 6150.0     7.9572877e-03    2.3215527e-03     1.5211020e-03
 6150.0 6250.0     8.1471261e-03    2.1187889e-03     1.4743233e-03
 6250.0 6350.0     8.3414935e-03    1.9337346e-03     1.4275447e-03
 6350.0 6450.0     8.5404979e-03    1.7648428e-03     1.3807660e-03
 6450.0 6550.0     8.7442500e-03    1.6107019e-03     1.3339874e-03
 6550.0 6650.0     8.9528631e-03    1.4700237e-03     1.2872087e-03
 6650.0 6750.0     9.1664530e-03    1.3416323e-03     1.2404301e-03
 6750.0 6850.0     9.3851387e-03    1.2244545e-03     1.1936514e-03
 6850.0 6950.0     9.6229762e-03    1.1205501e-03     1.1539376e-03
 6950.0 7050.0     9.8895853e-03    1.0302277e-03     1.1256185e-03
 7050.0 7150.0     1.0172378e-02    9.4890606e-04     1.1016294e-03
 7150.0 7250.0     1.0463258e-02    8.7400363e-04     1.0776403e-03
 7250.0 7350.0     1.0762455e-02    8.0501366e-04     1.0536512e-03
 7350.0 7450.0     1.1070208e-02    7.4146946e-04     1.0296621e-03
 7450.0 7550.0     1.1386761e-02    6.8294115e-04     1.0056730e-03
 7550.0 7650.0     1.1712366e-02    6.2903281e-04     9.8168392e-04
 7650.0 7750.0     1.2047282e-02    5.7937975e-04     9.5769483e-04
 7750.0 7850.0     1.2391774e-02    5.3364608e-04     9.3370574e-04
 7850.0 7950.0     1.2746118e-02    4.9152243e-04     9.0971665e-04
 7950.0 8050.0     1.3110594e-02    4.5272383e-04     8.8572756e-04
 8050.0 8150.0     1.3485491e-02    4.1698782e-04     8.6173847e-04
 8150.0 8250.0     1.3871110e-02    3.8407265e-04     8.3774938e-04
 8250.0 8350.0     1.4267755e-02    3.5375566e-04     8.1376028e-04
 8350.0 8450.0     1.4675742e-02    3.2583176e-04     7.8977119e-04
 8450.0 8550.0     1.5095395e-02    3.0011205e-04     7.6578210e-04
