 1216.0 1216.0     3.9023331e-01    1.6834071e+01     9.5229678e-01
 1300.0 1350.0     3.8666816e-01    1.7276155e+01     9.4811113e-01
 1350.0 1400.0     3.8724574e-01    1.7462232e+01     9.4637041e-01
 1400.0 1450.0     3.9074501e-01    1.7623394e+01     9.4486561e-01
 1450.0 1500.0     3.9498297e-01    1.7779538e+01     9.4341743e-01
 1500.0 1550.0     3.9926689e-01    1.7937067e+01     9.4196925e-01
 1550.0 1600.0     4.0359728e-01    1.8095991e+01     9.4052106e-01
 1600.0 1650.0     4.0792289e-01    1.8238747e+01     9.3901985e-01
 1650.0 1700.0     4.1215783e-01    1.8336267e+01     9.3737909e-01
 1700.0 1750.0     4.1635145e-01    1.8405551e+01     9.3565180e-01
 1754.0 1770.0     4.1947736e-01    1.8456961e+01     9.3437361e-01
 1770.0 1786.0     4.2083845e-01    1.8479249e+01     9.3382087e-01
 1786.0 1802.0     4.2220397e-01    1.8501564e+01     9.3326814e-01
 1802.0 1818.0     4.2357391e-01    1.8523906e+01     9.3271541e-01
 1818.0 1835.0     4.2499139e-01    1.8546975e+01     9.3214540e-01
 1835.0 1852.0     4.2645671e-01    1.8570773e+01     9.3155813e-01
 1852.0 1869.0     4.2792708e-01    1.8594601e+01     9.3097085e-01
 1869.0 1887.0     4.2944607e-01    1.8619162e+01     9.3036630e-01
 1887.0 1905.0     4.3101401e-01    1.8644459e+01     9.2974447e-01
 1905.0 1923.0     4.3258768e-01    1.8669790e+01     9.2912265e-01
 1923.0 1942.0     4.3421112e-01    1.8695861e+01     9.2848355e-01
 1942.0 1961.0     4.3588470e-01    1.8722674e+01     9.2782718e-01
 1961.0 1980.0     4.3750153e-01    1.8736971e+01     9.2711847e-01
 1980.0 2000.0     4.3906342e-01    1.8731080e+01     9.2630526e-01
 2000.0 2020.0     4.4063314e-01    1.8717539e+01     9.2543988e-01
 2020.0 2041.0     4.4224800e-01    1.8703670e+01     9.2455286e-01
 2041.0 2062.0     4.4390830e-01    1.8689474e+01     9.2364421e-01
 2062.0 2083.0     4.4557484e-01    1.8675288e+01     9.2273556e-01
 2083.0 2105.0     4.4728762e-01    1.8660775e+01     9.2180527e-01
 2105.0 2128.0     4.4908711e-01    1.8645600e+01     9.2083172e-01
 2128.0 2151.0     4.5093399e-01    1.8630100e+01     9.1983653e-01
 2151.0 2174.0     4.5278847e-01    1.8614613e+01     9.1884134e-01
 2174.0 2200.0     4.5477254e-01    1.8598130e+01     9.1778124e-01
 2200.0 2222.0     4.5672394e-01    1.8581998e+01     9.1674279e-01
 2222.0 2247.0     4.5864341e-01    1.8566215e+01     9.1572596e-01
 2247.0 2273.0     4.6073517e-01    1.8549105e+01     9.1462260e-01
 2273.0 2299.0     4.6287767e-01    1.8531675e+01     9.1349760e-01
 2299.0 2326.0     4.6507173e-01    1.8513926e+01     9.1235097e-01
 2326.0 2353.0     4.6731778e-01    1.8495861e+01     9.1118271e-01
 2353.0 2381.0     4.6961667e-01    1.8477478e+01     9.0999281e-01
 2381.0 2410.0     4.7244363e-01    1.8467516e+01     9.0899283e-01
 2410.0 2439.0     4.7581315e-01    1.8467344e+01     9.0823131e-01
 2439.0 2469.0     4.7931682e-01    1.8468234e+01     9.0748403e-01
 2469.0 2500.0     4.8296640e-01    1.8469154e+01     9.0671142e-01
 2500.0 2532.0     4.8676480e-01    1.8470105e+01     9.0591347e-01
 2532.0 2564.0     4.9065384e-01    1.8471071e+01     9.0510287e-01
 2564.0 2597.0     4.9463570e-01    1.8472052e+01     9.0427959e-01
 2597.0 2632.0     4.9883620e-01    1.8473078e+01     9.0341832e-01
 2632.0 2667.0     5.0419823e-01    1.8405203e+01     9.0189607e-01
 2667.0 2703.0     5.1093049e-01    1.8252478e+01     8.9957209e-01
 2703.0 2740.0     5.1816262e-01    1.8082302e+01     8.9704742e-01
 2740.0 2778.0     5.2569951e-01    1.7909115e+01     8.9445359e-01
 2778.0 2817.0     5.3355145e-01    1.7733036e+01     8.9179058e-01
 2817.0 2857.0     5.4172924e-01    1.7554183e+01     8.8905841e-01
 2857.0 2899.0     5.5035101e-01    1.7370457e+01     8.8622249e-01
 2899.0 2941.0     5.5932362e-01    1.7184220e+01     8.8331739e-01
 2941.0 2985.0     5.6746173e-01    1.7004286e+01     8.8047895e-01
 2985.0 3030.0     5.7440910e-01    1.6831508e+01     8.7772196e-01
 3030.0 3077.0     5.8126239e-01    1.6657710e+01     8.7491884e-01
 3077.0 3125.0     5.8842452e-01    1.6480118e+01     8.7202431e-01
 3125.0 3175.0     5.9590579e-01    1.6298912e+01     8.6903838e-01
 3175.0 3225.0     6.0363679e-01    1.6116041e+01     8.6599151e-01
 3225.0 3275.0     6.1131548e-01    1.5945352e+01     8.6321225e-01
 3275.0 3325.0     6.1845048e-01    1.5818453e+01     8.6154801e-01
 3325.0 3375.0     6.2518035e-01    1.5724472e+01     8.6073119e-01
 3375.0 3425.0     6.3198346e-01    1.5631049e+01     8.5991437e-01
 3425.0 3450.0     6.3712733e-01    1.5561295e+01     8.5930176e-01
 3450.0 3550.0     6.4586586e-01    1.5449966e+01     8.5828990e-01
 3550.0 3650.0     6.6034232e-01    1.5319089e+01     8.5677994e-01
 3650.0 3750.0     6.7543655e-01    1.5233866e+01     8.5537533e-01
 3750.0 3850.0     6.9087581e-01    1.5149117e+01     8.5397073e-01
 3850.0 3950.0     7.0774152e-01    1.5049402e+01     8.5214927e-01
 3950.0 4050.0     7.2644263e-01    1.4930088e+01     8.4977931e-01
 4050.0 4150.0     7.4596746e-01    1.4802795e+01     8.4713949e-01
 4150.0 4250.0     7.6590225e-01    1.4652703e+01     8.4368660e-01
 4250.0 4350.0     7.8627407e-01    1.4484371e+01     8.3955886e-01
 4350.0 4450.0     8.0596461e-01    1.4307986e+01     8.3522813e-01
 4450.0 4550.0     8.2051845e-01    1.4088928e+01     8.2997471e-01
 4550.0 4650.0     8.3095017e-01    1.3838470e+01     8.2400158e-01
 4650.0 4750.0     8.4151451e-01    1.3592465e+01     8.1802845e-01
 4750.0 4850.0     8.5221316e-01    1.3350832e+01     8.1205533e-01
 4850.0 4950.0     8.6304782e-01    1.3113496e+01     8.0608220e-01
 4950.0 5050.0     8.7402024e-01    1.2880378e+01     8.0010907e-01
 5050.0 5150.0     8.8513215e-01    1.2651404e+01     7.9413595e-01
 5150.0 5250.0     8.9638534e-01    1.2426501e+01     7.8816282e-01
 5250.0 5350.0     9.0778159e-01    1.2205596e+01     7.8218970e-01
 5350.0 5450.0     9.1932273e-01    1.1988618e+01     7.7621657e-01
 5450.0 5550.0     9.3101060e-01    1.1775497e+01     7.7024344e-01
 5550.0 5650.0     9.4215067e-01    1.1563613e+01     7.6457075e-01
 5650.0 5750.0     9.4875711e-01    1.1338812e+01     7.6090088e-01
 5750.0 5850.0     9.5145540e-01    1.1104222e+01     7.5893342e-01
 5850.0 5950.0     9.5416136e-01    1.0874485e+01     7.5696597e-01
 5950.0 6050.0     9.5687502e-01    1.0649502e+01     7.5499851e-01
 6050.0 6150.0     9.5959640e-01    1.0429173e+01     7.5303105e-01
 6150.0 6250.0     9.6232551e-01    1.0213402e+01     7.5106359e-01
 6250.0 6350.0     9.6506239e-01    1.0002096e+01     7.4909614e-01
 6350.0 6450.0     9.6780705e-01    9.7951613e+00     7.4712868e-01
 6450.0 6550.0     9.7055952e-01    9.5925079e+00     7.4516122e-01
 6550.0 6650.0     9.7331981e-01    9.3940473e+00     7.4319376e-01
 6650.0 6750.0     9.7608796e-01    9.1996926e+00     7.4122631e-01
 6750.0 6850.0     9.7886397e-01    9.0093589e+00     7.3925885e-01
 6850.0 6950.0     9.8099806e-01    8.8056638e+00     7.3783478e-01
 6950.0 7050.0     9.8208894e-01    8.5789994e+00     7.3728716e-01
 7050.0 7150.0     9.8278273e-01    8.3478727e+00     7.3707258e-01
 7150.0 7250.0     9.8347702e-01    8.1229728e+00     7.3685800e-01
 7250.0 7350.0     9.8417180e-01    7.9041320e+00     7.3664342e-01
 7350.0 7450.0     9.8486707e-01    7.6911869e+00     7.3642884e-01
 7450.0 7550.0     9.8556283e-01    7.4839788e+00     7.3621426e-01
 7550.0 7650.0     9.8625908e-01    7.2823530e+00     7.3599968e-01
 7650.0 7750.0     9.8695582e-01    7.0861593e+00     7.3578510e-01
 7750.0 7850.0     9.8765305e-01    6.8952512e+00     7.3557052e-01
 7850.0 7950.0     9.8835078e-01    6.7094864e+00     7.3535594e-01
 7950.0 8050.0     9.8904900e-01    6.5287262e+00     7.3514136e-01
 8050.0 8150.0     9.8974771e-01    6.3528359e+00     7.3492678e-01
 8150.0 8250.0     9.9044692e-01    6.1816843e+00     7.3471220e-01
 8250.0 8350.0     9.9114662e-01    6.0151436e+00     7.3449762e-01
 8350.0 8450.0     9.9184682e-01    5.8530898e+00     7.3428304e-01
 8450.0 8550.0     9.9254751e-01    5.6954018e+00     7.3406846e-01
