 1216.0 1216.0     3.7776589e-01    1.8256428e+01     9.5800644e-01
 1300.0 1350.0     3.7411619e-01    1.8735526e+01     9.5455018e-01
 1350.0 1400.0     3.7449621e-01    1.8930481e+01     9.5311120e-01
 1400.0 1450.0     3.7758459e-01    1.9089490e+01     9.5186494e-01
 1450.0 1500.0     3.8135355e-01    1.9240666e+01     9.5066494e-01
 1500.0 1550.0     3.8516013e-01    1.9393040e+01     9.4946494e-01
 1550.0 1600.0     3.8900471e-01    1.9546620e+01     9.4826494e-01
 1600.0 1650.0     3.9285726e-01    1.9682595e+01     9.4701505e-01
 1650.0 1700.0     3.9666750e-01    1.9769895e+01     9.4563389e-01
 1700.0 1750.0     4.0046462e-01    1.9826814e+01     9.4417134e-01
 1754.0 1770.0     4.0329377e-01    1.9869021e+01     9.4308905e-01
 1770.0 1786.0     4.0452515e-01    1.9887308e+01     9.4262103e-01
 1786.0 1802.0     4.0576029e-01    1.9905612e+01     9.4215301e-01
 1802.0 1818.0     4.0699920e-01    1.9923934e+01     9.4168500e-01
 1818.0 1835.0     4.0828084e-01    1.9942845e+01     9.4120236e-01
 1835.0 1852.0     4.0960549e-01    1.9962348e+01     9.4070509e-01
 1852.0 1869.0     4.1093443e-01    1.9981871e+01     9.4020782e-01
 1869.0 1887.0     4.1230703e-01    2.0001987e+01     9.3969593e-01
 1887.0 1905.0     4.1372356e-01    2.0022700e+01     9.3916941e-01
 1905.0 1923.0     4.1514496e-01    2.0043433e+01     9.3864289e-01
 1923.0 1942.0     4.1661099e-01    2.0064766e+01     9.3810175e-01
 1942.0 1961.0     4.1812197e-01    2.0086698e+01     9.3754598e-01
 1961.0 1980.0     4.1959845e-01    2.0095683e+01     9.3694346e-01
 1980.0 2000.0     4.2105359e-01    2.0083650e+01     9.3624841e-01
 2000.0 2020.0     4.2252721e-01    2.0063568e+01     9.3550756e-01
 2020.0 2041.0     4.2404309e-01    2.0043005e+01     9.3474820e-01
 2041.0 2062.0     4.2560152e-01    2.0021962e+01     9.3397032e-01
 2062.0 2083.0     4.2716567e-01    2.0000941e+01     9.3319243e-01
 2083.0 2105.0     4.2877309e-01    1.9979443e+01     9.3239602e-01
 2105.0 2128.0     4.3046176e-01    1.9956970e+01     9.3156258e-01
 2128.0 2151.0     4.3219474e-01    1.9934023e+01     9.3071061e-01
 2151.0 2174.0     4.3393471e-01    1.9911102e+01     9.2985864e-01
 2174.0 2200.0     4.3579610e-01    1.9886717e+01     9.2895111e-01
 2200.0 2222.0     4.3762668e-01    1.9862856e+01     9.2806210e-01
 2222.0 2247.0     4.3942713e-01    1.9839522e+01     9.2719160e-01
 2247.0 2273.0     4.4138901e-01    1.9814233e+01     9.2624703e-01
 2273.0 2299.0     4.4339830e-01    1.9788480e+01     9.2528394e-01
 2299.0 2326.0     4.4545573e-01    1.9762267e+01     9.2430232e-01
 2326.0 2353.0     4.4756170e-01    1.9735595e+01     9.2330218e-01
 2353.0 2381.0     4.4971700e-01    1.9708466e+01     9.2228352e-01
 2381.0 2410.0     4.5236272e-01    1.9687406e+01     9.2143867e-01
 2410.0 2439.0     4.5551174e-01    1.9673704e+01     9.2081049e-01
 2439.0 2469.0     4.5878521e-01    1.9660599e+01     9.2019622e-01
 2469.0 2500.0     4.6219437e-01    1.9647059e+01     9.1956113e-01
 2500.0 2532.0     4.6574191e-01    1.9633085e+01     9.1890521e-01
 2532.0 2564.0     4.6937341e-01    1.9618899e+01     9.1823889e-01
 2564.0 2597.0     4.7309087e-01    1.9604501e+01     9.1756215e-01
 2597.0 2632.0     4.7701166e-01    1.9589451e+01     9.1685418e-01
 2632.0 2667.0     4.8215697e-01    1.9500246e+01     9.1556323e-01
 2667.0 2703.0     4.8875945e-01    1.9320218e+01     9.1356403e-01
 2703.0 2740.0     4.9587492e-01    1.9121391e+01     9.1138892e-01
 2740.0 2778.0     5.0329324e-01    1.8919247e+01     9.0915422e-01
 2778.0 2817.0     5.1102485e-01    1.8713936e+01     9.0685993e-01
 2817.0 2857.0     5.1908073e-01    1.8505608e+01     9.0450605e-01
 2857.0 2899.0     5.2757774e-01    1.8291836e+01     9.0206278e-01
 2899.0 2941.0     5.3642446e-01    1.8075380e+01     8.9955992e-01
 2941.0 2985.0     5.4449950e-01    1.7868491e+01     8.9710854e-01
 2985.0 3030.0     5.5146935e-01    1.7672820e+01     8.9471923e-01
 3030.0 3077.0     5.5837218e-01    1.7476920e+01     8.9228766e-01
 3077.0 3125.0     5.6559031e-01    1.7276899e+01     8.8977679e-01
 3125.0 3175.0     5.7313468e-01    1.7072972e+01     8.8718664e-01
 3175.0 3225.0     5.8093570e-01    1.6867340e+01     8.8454362e-01
 3225.0 3275.0     5.8868463e-01    1.6674515e+01     8.8213857e-01
 3275.0 3325.0     5.9587157e-01    1.6526674e+01     8.8072504e-01
 3325.0 3375.0     6.0263953e-01    1.6412651e+01     8.8006507e-01
 3375.0 3425.0     6.0948437e-01    1.6299415e+01     8.7940509e-01
 3425.0 3450.0     6.1466161e-01    1.6214928e+01     8.7891011e-01
 3450.0 3550.0     6.2346247e-01    1.6079132e+01     8.7809413e-01
 3550.0 3650.0     6.3804349e-01    1.5905646e+01     8.7689563e-01
 3650.0 3750.0     6.5325400e-01    1.5774676e+01     8.7580059e-01
 3750.0 3850.0     6.6882711e-01    1.5644784e+01     8.7470556e-01
 3850.0 3950.0     6.8596369e-01    1.5495922e+01     8.7324759e-01
 3950.0 4050.0     7.0512131e-01    1.5322213e+01     8.7131207e-01
 4050.0 4150.0     7.2521323e-01    1.5140119e+01     8.6914312e-01
 4150.0 4250.0     7.4594624e-01    1.4936427e+01     8.6627513e-01
 4250.0 4350.0     7.6732918e-01    1.4715825e+01     8.6282695e-01
 4350.0 4450.0     7.8807560e-01    1.4494800e+01     8.5920342e-01
 4450.0 4550.0     8.0362492e-01    1.4260580e+01     8.5478290e-01
 4550.0 4650.0     8.1499567e-01    1.4017321e+01     8.4974073e-01
 4650.0 4750.0     8.2652731e-01    1.3778212e+01     8.4469855e-01
 4750.0 4850.0     8.3822212e-01    1.3543182e+01     8.3965637e-01
 4850.0 4950.0     8.5008240e-01    1.3312161e+01     8.3461419e-01
 4950.0 5050.0     8.6211049e-01    1.3085080e+01     8.2957202e-01
 5050.0 5150.0     8.7430877e-01    1.2861874e+01     8.2452984e-01
 5150.0 5250.0     8.8667965e-01    1.2642474e+01     8.1948766e-01
 5250.0 5350.0     8.9922558e-01    1.2426817e+01     8.1444548e-01
 5350.0 5450.0     9.1194901e-01    1.2214839e+01     8.0940331e-01
 5450.0 5550.0     9.2485248e-01    1.2006477e+01     8.0436113e-01
 5550.0 5650.0     9.3716849e-01    1.1802002e+01     7.9957671e-01
 5650.0 5750.0     9.4448510e-01    1.1603196e+01     7.9651065e-01
 5750.0 5850.0     9.4748515e-01    1.1409593e+01     7.9490520e-01
 5850.0 5950.0     9.5049474e-01    1.1219221e+01     7.9329975e-01
 5950.0 6050.0     9.5351388e-01    1.1032025e+01     7.9169431e-01
 6050.0 6150.0     9.5654262e-01    1.0847952e+01     7.9008886e-01
 6150.0 6250.0     9.5958098e-01    1.0666951e+01     7.8848341e-01
 6250.0 6350.0     9.6262898e-01    1.0488970e+01     7.8687796e-01
 6350.0 6450.0     9.6568667e-01    1.0313958e+01     7.8527251e-01
 6450.0 6550.0     9.6875407e-01    1.0141867e+01     7.8366706e-01
 6550.0 6650.0     9.7183121e-01    9.9726469e+00     7.8206161e-01
 6650.0 6750.0     9.7491813e-01    9.8062503e+00     7.8045616e-01
 6750.0 6850.0     9.7801486e-01    9.6426302e+00     7.7885072e-01
 6850.0 6950.0     9.8038592e-01    9.4649701e+00     7.7770355e-01
 6950.0 7050.0     9.8157679e-01    9.2638011e+00     7.7729556e-01
 7050.0 7150.0     9.8231832e-01    9.0568770e+00     7.7716844e-01
 7150.0 7250.0     9.8306042e-01    8.8545748e+00     7.7704133e-01
 7250.0 7350.0     9.8380307e-01    8.6567915e+00     7.7691422e-01
 7350.0 7450.0     9.8454629e-01    8.4634260e+00     7.7678710e-01
 7450.0 7550.0     9.8529006e-01    8.2743797e+00     7.7665999e-01
 7550.0 7650.0     9.8603440e-01    8.0895561e+00     7.7653288e-01
 7650.0 7750.0     9.8677930e-01    7.9088609e+00     7.7640576e-01
 7750.0 7850.0     9.8752476e-01    7.7322018e+00     7.7627865e-01
 7850.0 7950.0     9.8827079e-01    7.5594887e+00     7.7615154e-01
 7950.0 8050.0     9.8901738e-01    7.3906336e+00     7.7602442e-01
 8050.0 8150.0     9.8976453e-01    7.2255501e+00     7.7589731e-01
 8150.0 8250.0     9.9051225e-01    7.0641540e+00     7.7577020e-01
 8250.0 8350.0     9.9126053e-01    6.9063630e+00     7.7564308e-01
 8350.0 8450.0     9.9200938e-01    6.7520966e+00     7.7551597e-01
 8450.0 8550.0     9.9275879e-01    6.6012760e+00     7.7538886e-01
