 1216.0 1216.0     3.7437627e-01    1.8595047e+01     9.5931795e-01
 1300.0 1350.0     3.7068358e-01    1.9082335e+01     9.5602075e-01
 1350.0 1400.0     3.7102493e-01    1.9279573e+01     9.5464616e-01
 1400.0 1450.0     3.7404888e-01    1.9438855e+01     9.5345301e-01
 1450.0 1500.0     3.7774632e-01    1.9589798e+01     9.5230341e-01
 1500.0 1550.0     3.8148030e-01    1.9741913e+01     9.5115380e-01
 1550.0 1600.0     3.8525120e-01    1.9895209e+01     9.5000420e-01
 1600.0 1650.0     3.8901997e-01    2.0030122e+01     9.4880667e-01
 1650.0 1700.0     3.9272132e-01    2.0114355e+01     9.4748304e-01
 1700.0 1750.0     3.9639302e-01    2.0166953e+01     9.4608123e-01
 1754.0 1770.0     3.9912827e-01    2.0205949e+01     9.4504389e-01
 1770.0 1786.0     4.0031861e-01    2.0222842e+01     9.4459531e-01
 1786.0 1802.0     4.0151249e-01    2.0239749e+01     9.4414672e-01
 1802.0 1818.0     4.0270993e-01    2.0256670e+01     9.4369814e-01
 1818.0 1835.0     4.0394860e-01    2.0274136e+01     9.4323554e-01
 1835.0 1852.0     4.0522872e-01    2.0292145e+01     9.4275893e-01
 1852.0 1869.0     4.0651290e-01    2.0310171e+01     9.4228231e-01
 1869.0 1887.0     4.0783916e-01    2.0328744e+01     9.4179168e-01
 1887.0 1905.0     4.0920777e-01    2.0347866e+01     9.4128702e-01
 1905.0 1923.0     4.1058097e-01    2.0367005e+01     9.4078237e-01
 1923.0 1942.0     4.1199718e-01    2.0386695e+01     9.4026370e-01
 1942.0 1961.0     4.1345668e-01    2.0406936e+01     9.3973101e-01
 1961.0 1980.0     4.1489097e-01    2.0414268e+01     9.3915278e-01
 1980.0 2000.0     4.1631833e-01    2.0400603e+01     9.3848466e-01
 2000.0 2020.0     4.1776909e-01    2.0378876e+01     9.3777215e-01
 2020.0 2041.0     4.1926143e-01    2.0356629e+01     9.3704184e-01
 2041.0 2062.0     4.2079563e-01    2.0333864e+01     9.3629371e-01
 2062.0 2083.0     4.2233544e-01    2.0311125e+01     9.3554559e-01
 2083.0 2105.0     4.2391782e-01    2.0287871e+01     9.3477965e-01
 2105.0 2128.0     4.2558015e-01    2.0263565e+01     9.3397808e-01
 2128.0 2151.0     4.2728608e-01    2.0238747e+01     9.3315870e-01
 2151.0 2174.0     4.2899885e-01    2.0213961e+01     9.3233933e-01
 2174.0 2200.0     4.3083111e-01    2.0187592e+01     9.3146651e-01
 2200.0 2222.0     4.3263302e-01    2.0161792e+01     9.3061151e-01
 2222.0 2247.0     4.3440524e-01    2.0136564e+01     9.2977432e-01
 2247.0 2273.0     4.3633632e-01    2.0109224e+01     9.2886588e-01
 2273.0 2299.0     4.3831402e-01    2.0081385e+01     9.2793963e-01
 2299.0 2326.0     4.4033907e-01    2.0053051e+01     9.2699556e-01
 2326.0 2353.0     4.4241186e-01    2.0024224e+01     9.2603369e-01
 2353.0 2381.0     4.4453315e-01    1.9994906e+01     9.2505400e-01
 2381.0 2410.0     4.4713694e-01    1.9971107e+01     9.2424395e-01
 2410.0 2439.0     4.5023587e-01    1.9954103e+01     9.2364504e-01
 2439.0 2469.0     4.5345714e-01    1.9937588e+01     9.2305991e-01
 2469.0 2500.0     4.5681185e-01    1.9920528e+01     9.2245493e-01
 2500.0 2532.0     4.6030259e-01    1.9902923e+01     9.2183012e-01
 2532.0 2564.0     4.6387585e-01    1.9885055e+01     9.2119540e-01
 2564.0 2597.0     4.6753355e-01    1.9866924e+01     9.2055075e-01
 2597.0 2632.0     4.7139118e-01    1.9847974e+01     9.1987636e-01
 2632.0 2667.0     4.7648484e-01    1.9753463e+01     9.1863693e-01
 2667.0 2703.0     4.8305189e-01    1.9566522e+01     9.1671079e-01
 2703.0 2740.0     4.9013412e-01    1.9360429e+01     9.1461442e-01
 2740.0 2778.0     4.9751854e-01    1.9150951e+01     9.1246062e-01
 2778.0 2817.0     5.0521564e-01    1.8938245e+01     9.1024938e-01
 2817.0 2857.0     5.1323644e-01    1.8722469e+01     9.0798070e-01
 2857.0 2899.0     5.2169739e-01    1.8501115e+01     9.0562588e-01
 2899.0 2941.0     5.3050757e-01    1.8277043e+01     9.0321362e-01
 2941.0 2985.0     5.3856363e-01    1.8063432e+01     9.0084989e-01
 2985.0 3030.0     5.4553846e-01    1.7862153e+01     8.9854452e-01
 3030.0 3077.0     5.5245382e-01    1.7660873e+01     8.9619795e-01
 3077.0 3125.0     5.5968618e-01    1.7455398e+01     8.9377486e-01
 3125.0 3175.0     5.6724669e-01    1.7245951e+01     8.9127526e-01
 3175.0 3225.0     5.7506570e-01    1.7034795e+01     8.8872464e-01
 3225.0 3275.0     5.8283271e-01    1.6836592e+01     8.8640506e-01
 3275.0 3325.0     5.9003285e-01    1.6683628e+01     8.8504811e-01
 3325.0 3375.0     5.9681032e-01    1.6564675e+01     8.8442278e-01
 3375.0 3425.0     6.0366564e-01    1.6446569e+01     8.8379744e-01
 3425.0 3450.0     6.0885132e-01    1.6358464e+01     8.8332844e-01
 3450.0 3550.0     6.1766786e-01    1.6216660e+01     8.8255567e-01
 3550.0 3650.0     6.3227326e-01    1.6032594e+01     8.8142516e-01
 3650.0 3750.0     6.4750925e-01    1.5890179e+01     8.8039702e-01
 3750.0 3850.0     6.6311238e-01    1.5749029e+01     8.7936887e-01
 3850.0 3950.0     6.8031280e-01    1.5587910e+01     8.7798975e-01
 3950.0 4050.0     6.9958017e-01    1.5400634e+01     8.7614880e-01
 4050.0 4150.0     7.1980983e-01    1.5204895e+01     8.7408243e-01
 4150.0 4250.0     7.4073955e-01    1.4987804e+01     8.7134207e-01
 4250.0 4350.0     7.6237381e-01    1.4754099e+01     8.6804229e-01
 4350.0 4450.0     7.8338418e-01    1.4521802e+01     8.6457365e-01
 4450.0 4550.0     7.9918473e-01    1.4283128e+01     8.6033742e-01
 4550.0 4650.0     8.1079448e-01    1.4040584e+01     8.5550248e-01
 4650.0 4750.0     8.2257287e-01    1.3802159e+01     8.5066754e-01
 4750.0 4850.0     8.3452238e-01    1.3567782e+01     8.4583261e-01
 4850.0 4950.0     8.4664547e-01    1.3337385e+01     8.4099767e-01
 4950.0 5050.0     8.5894467e-01    1.3110900e+01     8.3616273e-01
 5050.0 5150.0     8.7142255e-01    1.2888262e+01     8.3132779e-01
 5150.0 5250.0     8.8408169e-01    1.2669404e+01     8.2649285e-01
 5250.0 5350.0     8.9692473e-01    1.2454263e+01     8.2165791e-01
 5350.0 5450.0     9.0995434e-01    1.2242775e+01     8.1682297e-01
 5450.0 5550.0     9.2317323e-01    1.2034878e+01     8.1198803e-01
 5550.0 5650.0     9.3579507e-01    1.1831551e+01     8.0740109e-01
 5650.0 5750.0     9.4329744e-01    1.1638494e+01     8.0446749e-01
 5750.0 5850.0     9.4637776e-01    1.1454383e+01     8.0293922e-01
 5850.0 5950.0     9.4946813e-01    1.1273186e+01     8.0141095e-01
 5950.0 6050.0     9.5256859e-01    1.1094854e+01     7.9988268e-01
 6050.0 6150.0     9.5567917e-01    1.0919344e+01     7.9835440e-01
 6150.0 6250.0     9.5879992e-01    1.0746610e+01     7.9682613e-01
 6250.0 6350.0     9.6193085e-01    1.0576608e+01     7.9529786e-01
 6350.0 6450.0     9.6507201e-01    1.0409296e+01     7.9376959e-01
 6450.0 6550.0     9.6822342e-01    1.0244631e+01     7.9224132e-01
 6550.0 6650.0     9.7138513e-01    1.0082570e+01     7.9071305e-01
 6650.0 6750.0     9.7455716e-01    9.9230733e+00     7.8918477e-01
 6750.0 6850.0     9.7773955e-01    9.7660994e+00     7.8765650e-01
 6850.0 6950.0     9.8017421e-01    9.5952588e+00     7.8656788e-01
 6950.0 7050.0     9.8139252e-01    9.4012832e+00     7.8618837e-01
 7050.0 7150.0     9.8214770e-01    9.2014380e+00     7.8607833e-01
 7150.0 7250.0     9.8290347e-01    9.0058408e+00     7.8596828e-01
 7250.0 7350.0     9.8365981e-01    8.8144016e+00     7.8585823e-01
 7350.0 7450.0     9.8441674e-01    8.6270318e+00     7.8574818e-01
 7450.0 7550.0     9.8517425e-01    8.4436450e+00     7.8563814e-01
 7550.0 7650.0     9.8593234e-01    8.2641564e+00     7.8552809e-01
 7650.0 7750.0     9.8669102e-01    8.0884833e+00     7.8541804e-01
 7750.0 7850.0     9.8745027e-01    7.9165445e+00     7.8530800e-01
 7850.0 7950.0     9.8821012e-01    7.7482607e+00     7.8519795e-01
 7950.0 8050.0     9.8897055e-01    7.5835541e+00     7.8508790e-01
 8050.0 8150.0     9.8973156e-01    7.4223487e+00     7.8497786e-01
 8150.0 8250.0     9.9049316e-01    7.2645701e+00     7.8486781e-01
 8250.0 8350.0     9.9125534e-01    7.1101455e+00     7.8475776e-01
 8350.0 8450.0     9.9201811e-01    6.9590034e+00     7.8464771e-01
 8450.0 8550.0     9.9278147e-01    6.8110743e+00     7.8453767e-01
