 1216.0 1216.0     3.6041474e-01    1.9901053e+01     9.6399062e-01
 1300.0 1350.0     3.5659168e-01    2.0421058e+01     9.6123460e-01
 1350.0 1400.0     3.5672485e-01    2.0624751e+01     9.6008597e-01
 1400.0 1450.0     3.5934092e-01    2.0778900e+01     9.5908943e-01
 1450.0 1500.0     3.6257637e-01    2.0921761e+01     9.5812940e-01
 1500.0 1550.0     3.6584095e-01    2.1065604e+01     9.5716937e-01
 1550.0 1600.0     3.6913493e-01    2.1210436e+01     9.5620933e-01
 1600.0 1650.0     3.7245921e-01    2.1336354e+01     9.5520263e-01
 1650.0 1700.0     3.7581513e-01    2.1410561e+01     9.5407310e-01
 1700.0 1750.0     3.7920236e-01    2.1452509e+01     9.5286742e-01
 1754.0 1770.0     3.8172509e-01    2.1483594e+01     9.5197522e-01
 1770.0 1786.0     3.8282269e-01    2.1497054e+01     9.5158941e-01
 1786.0 1802.0     3.8392345e-01    2.1510522e+01     9.5120359e-01
 1802.0 1818.0     3.8502737e-01    2.1523999e+01     9.5081777e-01
 1818.0 1835.0     3.8616917e-01    2.1537907e+01     9.5041990e-01
 1835.0 1852.0     3.8734905e-01    2.1552244e+01     9.5000997e-01
 1852.0 1869.0     3.8853254e-01    2.1566592e+01     9.4960004e-01
 1869.0 1887.0     3.8975467e-01    2.1581371e+01     9.4917805e-01
 1887.0 1905.0     3.9101567e-01    2.1596583e+01     9.4874401e-01
 1905.0 1923.0     3.9228075e-01    2.1611806e+01     9.4830996e-01
 1923.0 1942.0     3.9358529e-01    2.1627463e+01     9.4786386e-01
 1942.0 1961.0     3.9492955e-01    2.1643555e+01     9.4740571e-01
 1961.0 1980.0     3.9625652e-01    2.1645995e+01     9.4690812e-01
 1980.0 2000.0     3.9758717e-01    2.1626110e+01     9.4633276e-01
 2000.0 2020.0     3.9894339e-01    2.1597575e+01     9.4571905e-01
 2020.0 2041.0     4.0033838e-01    2.1568366e+01     9.4509001e-01
 2041.0 2062.0     4.0177238e-01    2.1538485e+01     9.4444562e-01
 2062.0 2083.0     4.0321152e-01    2.1508645e+01     9.4380123e-01
 2083.0 2105.0     4.0469034e-01    2.1478138e+01     9.4314150e-01
 2105.0 2128.0     4.0624374e-01    2.1446259e+01     9.4245108e-01
 2128.0 2151.0     4.0783776e-01    2.1413719e+01     9.4174532e-01
 2151.0 2174.0     4.0943803e-01    2.1381229e+01     9.4103956e-01
 2174.0 2200.0     4.1114979e-01    2.1346676e+01     9.4028777e-01
 2200.0 2222.0     4.1283306e-01    2.1312879e+01     9.3955133e-01
 2222.0 2247.0     4.1448843e-01    2.1279841e+01     9.3883022e-01
 2247.0 2273.0     4.1629204e-01    2.1244048e+01     9.3804775e-01
 2273.0 2299.0     4.1813901e-01    2.1207615e+01     9.3724994e-01
 2299.0 2326.0     4.2003002e-01    2.1170546e+01     9.3643678e-01
 2326.0 2353.0     4.2196542e-01    2.1132844e+01     9.3560828e-01
 2353.0 2381.0     4.2394591e-01    2.1094513e+01     9.3476443e-01
 2381.0 2410.0     4.2638301e-01    2.1059702e+01     9.3407458e-01
 2410.0 2439.0     4.2928923e-01    2.1029652e+01     9.3357538e-01
 2439.0 2469.0     4.3231040e-01    2.0999697e+01     9.3308925e-01
 2469.0 2500.0     4.3545633e-01    2.0968771e+01     9.3258664e-01
 2500.0 2532.0     4.3872945e-01    2.0936878e+01     9.3206755e-01
 2532.0 2564.0     4.4207951e-01    2.0904529e+01     9.3154022e-01
 2564.0 2597.0     4.4550831e-01    2.0871726e+01     9.3100465e-01
 2597.0 2632.0     4.4912404e-01    2.0837464e+01     9.3044436e-01
 2632.0 2667.0     4.5402032e-01    2.0722255e+01     9.2938347e-01
 2667.0 2703.0     4.6045271e-01    2.0508463e+01     9.2771334e-01
 2703.0 2740.0     4.6740903e-01    2.0274193e+01     9.2589319e-01
 2740.0 2778.0     4.7466540e-01    2.0036292e+01     9.2402317e-01
 2778.0 2817.0     4.8223248e-01    1.9794950e+01     9.2210328e-01
 2817.0 2857.0     4.9012151e-01    1.9550360e+01     9.2013352e-01
 2857.0 2899.0     4.9844751e-01    1.9299698e+01     9.1808896e-01
 2899.0 2941.0     5.0712147e-01    1.9046215e+01     9.1599454e-01
 2941.0 2985.0     5.1510208e-01    1.8806405e+01     9.1393905e-01
 2985.0 3030.0     5.2208417e-01    1.8582890e+01     9.1192987e-01
 3030.0 3077.0     5.2903285e-01    1.8360173e+01     9.0988356e-01
 3077.0 3125.0     5.3630466e-01    1.8132980e+01     9.0777052e-01
 3125.0 3175.0     5.4391141e-01    1.7901573e+01     9.0559076e-01
 3175.0 3225.0     5.5178349e-01    1.7668457e+01     9.0336651e-01
 3225.0 3275.0     5.5960480e-01    1.7448922e+01     9.0134839e-01
 3275.0 3325.0     5.6684420e-01    1.7275745e+01     9.0018914e-01
 3325.0 3375.0     5.7364962e-01    1.7137431e+01     8.9968264e-01
 3375.0 3425.0     5.8053673e-01    1.7000225e+01     8.9917614e-01
 3425.0 3450.0     5.8574846e-01    1.6897939e+01     8.9879627e-01
 3450.0 3550.0     5.9461477e-01    1.6732614e+01     8.9817153e-01
 3550.0 3650.0     6.0929565e-01    1.6507217e+01     8.9727171e-01
 3650.0 3750.0     6.2461011e-01    1.6320223e+01     8.9646830e-01
 3750.0 3850.0     6.4030949e-01    1.6135347e+01     8.9566489e-01
 3850.0 3950.0     6.5773549e-01    1.5926639e+01     8.9455209e-01
 3950.0 4050.0     6.7740455e-01    1.5686695e+01     8.9303219e-01
 4050.0 4150.0     6.9814529e-01    1.5438069e+01     8.9131468e-01
 4150.0 4250.0     7.1981752e-01    1.5168751e+01     8.8900955e-01
 4250.0 4350.0     7.4240992e-01    1.4883775e+01     8.8621670e-01
 4350.0 4450.0     7.6443297e-01    1.4606982e+01     8.8327720e-01
 4450.0 4550.0     7.8120823e-01    1.4348015e+01     8.7967114e-01
 4550.0 4650.0     7.9375404e-01    1.4103498e+01     8.7554515e-01
 4650.0 4750.0     8.0650134e-01    1.3863147e+01     8.7141917e-01
 4750.0 4850.0     8.1945335e-01    1.3626893e+01     8.6729318e-01
 4850.0 4950.0     8.3261336e-01    1.3394664e+01     8.6316720e-01
 4950.0 5050.0     8.4598471e-01    1.3166394e+01     8.5904121e-01
 5050.0 5150.0     8.5957081e-01    1.2942013e+01     8.5491523e-01
 5150.0 5250.0     8.7337508e-01    1.2721457e+01     8.5078925e-01
 5250.0 5350.0     8.8740105e-01    1.2504659e+01     8.4666326e-01
 5350.0 5450.0     9.0165227e-01    1.2291556e+01     8.4253728e-01
 5450.0 5550.0     9.1613236e-01    1.2082084e+01     8.3841129e-01
 5550.0 5650.0     9.2997996e-01    1.1879839e+01     8.3450013e-01
 5650.0 5750.0     9.3823183e-01    1.1705057e+01     8.3202114e-01
 5750.0 5850.0     9.4164199e-01    1.1553304e+01     8.3075948e-01
 5850.0 5950.0     9.4506453e-01    1.1403518e+01     8.2949782e-01
 5950.0 6050.0     9.4849952e-01    1.1255673e+01     8.2823616e-01
 6050.0 6150.0     9.5194699e-01    1.1109746e+01     8.2697450e-01
 6150.0 6250.0     9.5540699e-01    1.0965711e+01     8.2571284e-01
 6250.0 6350.0     9.5887957e-01    1.0823543e+01     8.2445119e-01
 6350.0 6450.0     9.6236477e-01    1.0683218e+01     8.2318953e-01
 6450.0 6550.0     9.6586264e-01    1.0544712e+01     8.2192787e-01
 6550.0 6650.0     9.6937322e-01    1.0408002e+01     8.2066621e-01
 6650.0 6750.0     9.7289656e-01    1.0273065e+01     8.1940455e-01
 6750.0 6850.0     9.7643271e-01    1.0139877e+01     8.1814289e-01
 6850.0 6950.0     9.7913114e-01    9.9945751e+00     8.1725489e-01
 6950.0 7050.0     9.8046565e-01    9.8292028e+00     8.1696957e-01
 7050.0 7150.0     9.8128069e-01    9.6582430e+00     8.1691326e-01
 7150.0 7250.0     9.8209640e-01    9.4902567e+00     8.1685695e-01
 7250.0 7350.0     9.8291279e-01    9.3251922e+00     8.1680064e-01
 7350.0 7450.0     9.8372986e-01    9.1629987e+00     8.1674433e-01
 7450.0 7550.0     9.8454761e-01    9.0036262e+00     8.1668802e-01
 7550.0 7650.0     9.8536604e-01    8.8470257e+00     8.1663171e-01
 7650.0 7750.0     9.8618516e-01    8.6931489e+00     8.1657541e-01
 7750.0 7850.0     9.8700495e-01    8.5419486e+00     8.1651910e-01
 7850.0 7950.0     9.8782542e-01    8.3933780e+00     8.1646279e-01
 7950.0 8050.0     9.8864657e-01    8.2473916e+00     8.1640648e-01
 8050.0 8150.0     9.8946841e-01    8.1039443e+00     8.1635017e-01
 8150.0 8250.0     9.9029093e-01    7.9629920e+00     8.1629386e-01
 8250.0 8350.0     9.9111414e-01    7.8244913e+00     8.1623755e-01
 8350.0 8450.0     9.9193802e-01    7.6883996e+00     8.1618124e-01
 8450.0 8550.0     9.9276260e-01    7.5546748e+00     8.1612493e-01
