 1216.0 1216.0     4.0766917e-01    1.2708370e+01     9.3721844e-01
 1300.0 1350.0     4.0422343e-01    1.3042484e+01     9.3074297e-01
 1350.0 1400.0     4.0521885e-01    1.3193517e+01     9.2805741e-01
 1400.0 1450.0     4.0962424e-01    1.3339640e+01     9.2574662e-01
 1450.0 1500.0     4.1490371e-01    1.3485770e+01     9.2352578e-01
 1500.0 1550.0     4.2025122e-01    1.3633501e+01     9.2130495e-01
 1550.0 1600.0     4.2566766e-01    1.3782850e+01     9.1908411e-01
 1600.0 1650.0     4.3106658e-01    1.3920678e+01     9.1680780e-01
 1650.0 1700.0     4.3630252e-01    1.4025132e+01     9.1438551e-01
 1700.0 1750.0     4.4145793e-01    1.4108795e+01     9.1187271e-01
 1754.0 1770.0     4.4530521e-01    1.4170970e+01     9.1001325e-01
 1770.0 1786.0     4.4698227e-01    1.4197966e+01     9.0920915e-01
 1786.0 1802.0     4.4866563e-01    1.4225013e+01     9.0840506e-01
 1802.0 1818.0     4.5035534e-01    1.4252112e+01     9.0760096e-01
 1818.0 1835.0     4.5210462e-01    1.4280112e+01     9.0677174e-01
 1835.0 1852.0     4.5391391e-01    1.4309018e+01     9.0591739e-01
 1852.0 1869.0     4.5573044e-01    1.4337982e+01     9.0506304e-01
 1869.0 1887.0     4.5760810e-01    1.4367860e+01     9.0418356e-01
 1887.0 1905.0     4.5954736e-01    1.4398656e+01     9.0327895e-01
 1905.0 1923.0     4.6149484e-01    1.4429518e+01     9.0237434e-01
 1923.0 1942.0     4.6350514e-01    1.4461307e+01     9.0144461e-01
 1942.0 1961.0     4.6557877e-01    1.4494027e+01     9.0048975e-01
 1961.0 1980.0     4.6754531e-01    1.4516370e+01     8.9946953e-01
 1980.0 2000.0     4.6938123e-01    1.4522203e+01     8.9831528e-01
 2000.0 2020.0     4.7120175e-01    1.4521940e+01     8.9709232e-01
 2020.0 2041.0     4.7307520e-01    1.4521670e+01     8.9583880e-01
 2041.0 2062.0     4.7500198e-01    1.4521394e+01     8.9455470e-01
 2062.0 2083.0     4.7693661e-01    1.4521118e+01     8.9327060e-01
 2083.0 2105.0     4.7892555e-01    1.4520835e+01     8.9195592e-01
 2105.0 2128.0     4.8101589e-01    1.4520539e+01     8.9058010e-01
 2128.0 2151.0     4.8316201e-01    1.4520237e+01     8.8917371e-01
 2151.0 2174.0     4.8531770e-01    1.4519935e+01     8.8776731e-01
 2174.0 2200.0     4.8762490e-01    1.4519612e+01     8.8626919e-01
 2200.0 2222.0     4.8989488e-01    1.4519297e+01     8.8480165e-01
 2222.0 2247.0     4.9212856e-01    1.4518988e+01     8.8336468e-01
 2247.0 2273.0     4.9456363e-01    1.4518652e+01     8.8180542e-01
 2273.0 2299.0     4.9705873e-01    1.4518311e+01     8.8021558e-01
 2299.0 2326.0     4.9961489e-01    1.4517962e+01     8.7859517e-01
 2326.0 2353.0     5.0223267e-01    1.4517607e+01     8.7694418e-01
 2353.0 2381.0     5.0491316e-01    1.4517246e+01     8.7526262e-01
 2381.0 2410.0     5.0821441e-01    1.4529197e+01     8.7380525e-01
 2410.0 2439.0     5.1215448e-01    1.4554913e+01     8.7263557e-01
 2439.0 2469.0     5.1625427e-01    1.4582570e+01     8.7147922e-01
 2469.0 2500.0     5.2052756e-01    1.4611221e+01     8.7028366e-01
 2500.0 2532.0     5.2497809e-01    1.4640870e+01     8.6904891e-01
 2532.0 2564.0     5.2953791e-01    1.4671050e+01     8.6779456e-01
 2564.0 2597.0     5.3420984e-01    1.4701766e+01     8.6652061e-01
 2597.0 2632.0     5.3914186e-01    1.4733970e+01     8.6518786e-01
 2632.0 2667.0     5.4509456e-01    1.4713353e+01     8.6299457e-01
 2667.0 2703.0     5.5222104e-01    1.4626720e+01     8.5976209e-01
 2703.0 2740.0     5.5982445e-01    1.4526845e+01     8.5626383e-01
 2740.0 2778.0     5.6774522e-01    1.4424945e+01     8.5266974e-01
 2778.0 2817.0     5.7599381e-01    1.4321071e+01     8.4897980e-01
 2817.0 2857.0     5.8458122e-01    1.4215276e+01     8.4519402e-01
 2857.0 2899.0     5.9363103e-01    1.4106295e+01     8.4126447e-01
 2899.0 2941.0     6.0304507e-01    1.3995512e+01     8.3723908e-01
 2941.0 2985.0     6.1143461e-01    1.3883079e+01     8.3333479e-01
 2985.0 3030.0     6.1837024e-01    1.3767769e+01     8.2958256e-01
 3030.0 3077.0     6.2513435e-01    1.3649610e+01     8.2577860e-01
 3077.0 3125.0     6.3219627e-01    1.3528656e+01     8.2185059e-01
 3125.0 3175.0     6.3956524e-01    1.3405012e+01     8.1779855e-01
 3175.0 3225.0     6.4717223e-01    1.3279998e+01     8.1366381e-01
 3225.0 3275.0     6.5473292e-01    1.3165318e+01     8.0987305e-01
 3275.0 3325.0     6.6180741e-01    1.3089696e+01     8.0751558e-01
 3325.0 3375.0     6.6852087e-01    1.3043462e+01     8.0624740e-01
 3375.0 3425.0     6.7530244e-01    1.2997392e+01     8.0497922e-01
 3425.0 3450.0     6.8042722e-01    1.2962931e+01     8.0402809e-01
 3450.0 3550.0     6.8912198e-01    1.2910018e+01     8.0245003e-01
 3550.0 3650.0     7.0349070e-01    1.2875787e+01     8.0001041e-01
 3650.0 3750.0     7.1842935e-01    1.2890226e+01     7.9765319e-01
 3750.0 3850.0     7.3368521e-01    1.2904681e+01     7.9529597e-01
 3850.0 3950.0     7.5005515e-01    1.2913221e+01     7.9235516e-01
 3950.0 4050.0     7.6783696e-01    1.2913965e+01     7.8864646e-01
 4050.0 4150.0     7.8620812e-01    1.2908555e+01     7.8455512e-01
 4150.0 4250.0     8.0449136e-01    1.2878013e+01     7.7929699e-01
 4250.0 4350.0     8.2276052e-01    1.2826724e+01     7.7307042e-01
 4350.0 4450.0     8.4027474e-01    1.2751110e+01     7.6656705e-01
 4450.0 4550.0     8.5278998e-01    1.2565923e+01     7.5880553e-01
 4550.0 4650.0     8.6130861e-01    1.2298468e+01     7.5006265e-01
 4650.0 4750.0     8.6991234e-01    1.2036706e+01     7.4131977e-01
 4750.0 4850.0     8.7860201e-01    1.1780515e+01     7.3257689e-01
 4850.0 4950.0     8.8737849e-01    1.1529777e+01     7.2383401e-01
 4950.0 5050.0     8.9624263e-01    1.1284376e+01     7.1509113e-01
 5050.0 5150.0     9.0519532e-01    1.1044198e+01     7.0634825e-01
 5150.0 5250.0     9.1423744e-01    1.0809132e+01     6.9760537e-01
 5250.0 5350.0     9.2336988e-01    1.0579069e+01     6.8886249e-01
 5350.0 5450.0     9.3259355e-01    1.0353902e+01     6.8011961e-01
 5450.0 5550.0     9.4190935e-01    1.0133529e+01     6.7137673e-01
 5550.0 5650.0     9.5076436e-01    9.9095851e+00     6.6305838e-01
 5650.0 5750.0     9.5599517e-01    9.6368598e+00     6.5757019e-01
 5750.0 5850.0     9.5811122e-01    9.3263763e+00     6.5448763e-01
 5850.0 5950.0     9.6023194e-01    9.0258961e+00     6.5140508e-01
 5950.0 6050.0     9.6235737e-01    8.7350969e+00     6.4832252e-01
 6050.0 6150.0     9.6448749e-01    8.4536667e+00     6.4523997e-01
 6150.0 6250.0     9.6662234e-01    8.1813038e+00     6.4215742e-01
 6250.0 6350.0     9.6876190e-01    7.9177159e+00     6.3907486e-01
 6350.0 6450.0     9.7090621e-01    7.6626204e+00     6.3599231e-01
 6450.0 6550.0     9.7305526e-01    7.4157436e+00     6.3290975e-01
 6550.0 6650.0     9.7520906e-01    7.1768208e+00     6.2982720e-01
 6650.0 6750.0     9.7736764e-01    6.9455957e+00     6.2674464e-01
 6750.0 6850.0     9.7953099e-01    6.7218202e+00     6.2366209e-01
 6850.0 6950.0     9.8121657e-01    6.4931521e+00     6.2134881e-01
 6950.0 7050.0     9.8212686e-01    6.2530536e+00     6.2027631e-01
 7050.0 7150.0     9.8274219e-01    6.0147118e+00     6.1967530e-01
 7150.0 7250.0     9.8335791e-01    5.7854547e+00     6.1907429e-01
 7250.0 7350.0     9.8397401e-01    5.5649360e+00     6.1847328e-01
 7350.0 7450.0     9.8459050e-01    5.3528225e+00     6.1787227e-01
 7450.0 7550.0     9.8520738e-01    5.1487940e+00     6.1727126e-01
 7550.0 7650.0     9.8582464e-01    4.9525423e+00     6.1667025e-01
 7650.0 7750.0     9.8644229e-01    4.7637709e+00     6.1606924e-01
 7750.0 7850.0     9.8706032e-01    4.5821947e+00     6.1546823e-01
 7850.0 7950.0     9.8767875e-01    4.4075395e+00     6.1486722e-01
 7950.0 8050.0     9.8829756e-01    4.2395415e+00     6.1426621e-01
 8050.0 8150.0     9.8891675e-01    4.0779469e+00     6.1366519e-01
 8150.0 8250.0     9.8953634e-01    3.9225116e+00     6.1306418e-01
 8250.0 8350.0     9.9015632e-01    3.7730009e+00     6.1246317e-01
 8350.0 8450.0     9.9077668e-01    3.6291890e+00     6.1186216e-01
 8450.0 8550.0     9.9139743e-01    3.4908586e+00     6.1126115e-01
