 1216.0 1216.0     7.7307165e-03    1.2994413e-01     9.2873117e-03
 1300.0 1350.0     6.5216098e-03    9.6754126e-02     7.8301729e-03
 1350.0 1400.0     5.9648905e-03    8.7095377e-02     7.2512297e-03
 1400.0 1450.0     5.3729544e-03    8.1981380e-02     6.7900090e-03
 1450.0 1500.0     4.8215088e-03    7.7997581e-02     6.3570416e-03
 1500.0 1550.0     4.3266601e-03    7.4207370e-02     5.9240742e-03
 1550.0 1600.0     3.8825995e-03    7.0601341e-02     5.4911068e-03
 1600.0 1650.0     3.5090895e-03    6.7257886e-02     5.0969053e-03
 1650.0 1700.0     3.2345292e-03    6.4296644e-02     4.8047195e-03
 1700.0 1750.0     3.0197633e-03    6.1602492e-02     4.5757835e-03
 1754.0 1770.0     2.8685518e-03    5.9669498e-02     4.4063709e-03
 1770.0 1786.0     2.8061733e-03    5.8857739e-02     4.3331113e-03
 1786.0 1802.0     2.7451512e-03    5.8057023e-02     4.2598518e-03
 1802.0 1818.0     2.6854561e-03    5.7267201e-02     4.1865923e-03
 1818.0 1835.0     2.6252753e-03    5.6464119e-02     4.1110434e-03
 1835.0 1852.0     2.5646604e-03    5.5648306e-02     4.0332052e-03
 1852.0 1869.0     2.5054451e-03    5.4844280e-02     3.9553670e-03
 1869.0 1887.0     2.4459362e-03    5.4028912e-02     3.8752394e-03
 1887.0 1905.0     2.3861810e-03    5.3202717e-02     3.7928224e-03
 1905.0 1923.0     2.3278856e-03    5.2389156e-02     3.7104055e-03
 1923.0 1942.0     2.2694745e-03    5.1566133e-02     3.6256992e-03
 1942.0 1961.0     2.2109901e-03    5.0734146e-02     3.5387035e-03
 1961.0 1980.0     2.1569031e-03    4.9985498e-02     3.4636512e-03
 1980.0 2000.0     2.1074874e-03    4.9343006e-02     3.4062150e-03
 2000.0 2020.0     2.0596581e-03    4.8733882e-02     3.3544517e-03
 2020.0 2041.0     2.0117730e-03    4.8117427e-02     3.3013942e-03
 2041.0 2062.0     1.9638604e-03    4.7493926e-02     3.2470427e-03
 2062.0 2083.0     1.9170890e-03    4.6878503e-02     3.1926912e-03
 2083.0 2105.0     1.8703710e-03    4.6256785e-02     3.1370455e-03
 2105.0 2128.0     1.8226988e-03    4.5614977e-02     3.0788118e-03
 2128.0 2151.0     1.7752093e-03    4.4968010e-02     3.0192839e-03
 2151.0 2174.0     1.7289572e-03    4.4330219e-02     2.9597560e-03
 2174.0 2200.0     1.6810541e-03    4.3661090e-02     2.8963459e-03
 2200.0 2222.0     1.6353252e-03    4.3014713e-02     2.8342299e-03
 2222.0 2247.0     1.5918408e-03    4.2391748e-02     2.7734079e-03
 2247.0 2273.0     1.5459368e-03    4.1725762e-02     2.7074096e-03
 2273.0 2299.0     1.5004824e-03    4.1057386e-02     2.6401172e-03
 2299.0 2326.0     1.4555417e-03    4.0387276e-02     2.5715308e-03
 2326.0 2353.0     1.4111246e-03    3.9715666e-02     2.5016502e-03
 2353.0 2381.0     1.3672903e-03    3.9043202e-02     2.4304756e-03
 2381.0 2410.0     1.3312253e-03    3.8167608e-02     2.3681833e-03
 2410.0 2439.0     1.3042316e-03    3.7088948e-02     2.3173908e-03
 2439.0 2469.0     1.2782559e-03    3.6001616e-02     2.2670689e-03
 2469.0 2500.0     1.2519435e-03    3.4910931e-02     2.2150412e-03
 2500.0 2532.0     1.2253367e-03    3.3819160e-02     2.1613077e-03
 2532.0 2564.0     1.1988822e-03    3.2744747e-02     2.1067212e-03
 2564.0 2597.0     1.1726032e-03    3.1688740e-02     2.0512819e-03
 2597.0 2632.0     1.1457322e-03    3.0620690e-02     1.9932838e-03
 2632.0 2667.0     1.1176332e-03    2.9607977e-02     1.9395636e-03
 2667.0 2703.0     1.0885348e-03    2.8675927e-02     1.8924187e-03
 2703.0 2740.0     1.0591849e-03    2.7758449e-02     1.8452187e-03
 2740.0 2778.0     1.0298549e-03    2.6846397e-02     1.7967255e-03
 2778.0 2817.0     1.0005874e-03    2.5941192e-02     1.7469392e-03
 2817.0 2857.0     9.7142405e-04    2.5044186e-02     1.6958597e-03
 2857.0 2899.0     9.4205731e-04    2.4146105e-02     1.6428405e-03
 2899.0 2941.0     9.1288384e-04    2.3259115e-02     1.5885281e-03
 2941.0 2985.0     8.8402085e-04    2.2442203e-02     1.5387671e-03
 2985.0 3030.0     8.5518351e-04    2.1702157e-02     1.4950361e-03
 3030.0 3077.0     8.2638736e-04    2.0981990e-02     1.4518448e-03
 3077.0 3125.0     7.9766416e-04    2.0263280e-02     1.4072450e-03
 3125.0 3175.0     7.6908489e-04    1.9547791e-02     1.3612369e-03
 3175.0 3225.0     7.4096735e-04    1.8843482e-02     1.3142898e-03
 3225.0 3275.0     7.1516492e-04    1.8150413e-02     1.2687992e-03
 3275.0 3325.0     6.9552209e-04    1.7425766e-02     1.2293772e-03
 3325.0 3375.0     6.8041319e-04    1.6687213e-02     1.1945674e-03
 3375.0 3425.0     6.6563251e-04    1.5979963e-02     1.1597575e-03
 3425.0 3450.0     6.5472849e-04    1.5466547e-02     1.1336501e-03
 3450.0 3550.0     6.3829167e-04    1.4661783e-02     1.0909930e-03
 3550.0 3650.0     6.2610337e-04    1.3412484e-02     1.0329180e-03
 3650.0 3750.0     6.2741207e-04    1.2241932e-02     9.8467752e-04
 3750.0 3850.0     6.2872352e-04    1.1173537e-02     9.3643702e-04
 3850.0 3950.0     6.3630236e-04    1.0152459e-02     8.9228012e-04
 3950.0 4050.0     6.5234767e-04    9.1659415e-03     8.5349636e-04
 4050.0 4150.0     6.7146895e-04    8.2570214e-03     8.1651887e-04
 4150.0 4250.0     6.9488702e-04    7.4100003e-03     7.8258079e-04
 4250.0 4350.0     7.2225485e-04    6.6269543e-03     7.5116544e-04
 4350.0 4450.0     7.4864436e-04    5.9350119e-03     7.2069011e-04
 4450.0 4550.0     7.6650263e-04    5.3504396e-03     6.9448758e-04
 4550.0 4650.0     7.7741365e-04    4.8503340e-03     6.7161782e-04
 4650.0 4750.0     7.8847999e-04    4.3969732e-03     6.4874805e-04
 4750.0 4850.0     7.9970385e-04    3.9859881e-03     6.2587829e-04
 4850.0 4950.0     8.1108748e-04    3.6134178e-03     6.0300853e-04
 4950.0 5050.0     8.2263316e-04    3.2756716e-03     5.8013876e-04
 5050.0 5150.0     8.3434318e-04    2.9694946e-03     5.5726900e-04
 5150.0 5250.0     8.4621990e-04    2.6919359e-03     5.3439924e-04
 5250.0 5350.0     8.5826568e-04    2.4403207e-03     5.1152947e-04
 5350.0 5450.0     8.7048293e-04    2.2122239e-03     4.8865971e-04
 5450.0 5550.0     8.8287409e-04    2.0054473e-03     4.6578995e-04
 5550.0 5650.0     8.9608638e-04    1.8188665e-03     4.4375745e-04
 5650.0 5750.0     9.1387022e-04    1.6549940e-03     4.2730672e-04
 5750.0 5850.0     9.3575087e-04    1.5103784e-03     4.1560046e-04
 5850.0 5950.0     9.5815541e-04    1.3783995e-03     4.0389420e-04
 5950.0 6050.0     9.8109638e-04    1.2579531e-03     3.9218795e-04
 6050.0 6150.0     1.0045866e-03    1.1480315e-03     3.8048169e-04
 6150.0 6250.0     1.0286393e-03    1.0477149e-03     3.6877544e-04
 6250.0 6350.0     1.0532678e-03    9.5616417e-04     3.5706918e-04
 6350.0 6450.0     1.0784860e-03    8.7261325e-04     3.4536292e-04
 6450.0 6550.0     1.1043081e-03    7.9636313e-04     3.3365667e-04
 6550.0 6650.0     1.1307483e-03    7.2677584e-04     3.2195041e-04
 6650.0 6750.0     1.1578217e-03    6.6326918e-04     3.1024416e-04
 6750.0 6850.0     1.1855432e-03    6.0531183e-04     2.9853790e-04
 6850.0 6950.0     1.2157594e-03    5.5388761e-04     2.8860024e-04
 6950.0 7050.0     1.2497345e-03    5.0913460e-04     2.8151513e-04
 7050.0 7150.0     1.2858154e-03    4.6882872e-04     2.7551399e-04
 7150.0 7250.0     1.3229380e-03    4.3171368e-04     2.6951285e-04
 7250.0 7350.0     1.3611323e-03    3.9753686e-04     2.6351171e-04
 7350.0 7450.0     1.4004294e-03    3.6606567e-04     2.5751057e-04
 7450.0 7550.0     1.4408609e-03    3.3708591e-04     2.5150943e-04
 7550.0 7650.0     1.4824598e-03    3.1040034e-04     2.4550829e-04
 7650.0 7750.0     1.5252597e-03    2.8582735e-04     2.3950715e-04
 7750.0 7850.0     1.5692952e-03    2.6319970e-04     2.3350601e-04
 7850.0 7950.0     1.6146021e-03    2.4236337e-04     2.2750487e-04
 7950.0 8050.0     1.6612170e-03    2.2317656e-04     2.2150373e-04
 8050.0 8150.0     1.7091777e-03    2.0550868e-04     2.1550259e-04
 8150.0 8250.0     1.7585231e-03    1.8923949e-04     2.0950145e-04
 8250.0 8350.0     1.8092932e-03    1.7425826e-04     2.0350031e-04
 8350.0 8450.0     1.8615290e-03    1.6046302e-04     1.9749917e-04
 8450.0 8550.0     1.9152729e-03    1.4775989e-04     1.9149803e-04
