 1216.0 1216.0     4.0837349e-01    8.0967738e+00     9.2483993e-01
 1300.0 1350.0     4.0473164e-01    8.3068579e+00     9.1607710e-01
 1350.0 1400.0     4.0590427e-01    8.4059712e+00     9.1244754e-01
 1400.0 1450.0     4.1084467e-01    8.5075812e+00     9.0933124e-01
 1450.0 1500.0     4.1675898e-01    8.6107376e+00     9.0633812e-01
 1500.0 1550.0     4.2275844e-01    8.7151449e+00     9.0334501e-01
 1550.0 1600.0     4.2884426e-01    8.8208181e+00     9.0035189e-01
 1600.0 1650.0     4.3492531e-01    8.9198436e+00     8.9730904e-01
 1650.0 1700.0     4.4084749e-01    8.9990188e+00     8.9413529e-01
 1700.0 1750.0     4.4669763e-01    9.0658753e+00     8.9088039e-01
 1754.0 1770.0     4.5106786e-01    9.1156128e+00     8.8847176e-01
 1770.0 1786.0     4.5297473e-01    9.1372295e+00     8.8743019e-01
 1786.0 1802.0     4.5488965e-01    9.1588976e+00     8.8638862e-01
 1802.0 1818.0     4.5681267e-01    9.1806170e+00     8.8534706e-01
 1818.0 1835.0     4.5880444e-01    9.2030700e+00     8.8427294e-01
 1835.0 1852.0     4.6086550e-01    9.2262599e+00     8.8316627e-01
 1852.0 1869.0     4.6293583e-01    9.2495082e+00     8.8205961e-01
 1869.0 1887.0     4.6507690e-01    9.2735024e+00     8.8092039e-01
 1887.0 1905.0     4.6728934e-01    9.2982462e+00     8.7974863e-01
 1905.0 1923.0     4.6951230e-01    9.3230560e+00     8.7857686e-01
 1923.0 1942.0     4.7180817e-01    9.3486249e+00     8.7737255e-01
 1942.0 1961.0     4.7417763e-01    9.3749568e+00     8.7613569e-01
 1961.0 1980.0     4.7641200e-01    9.3944883e+00     8.7482514e-01
 1980.0 2000.0     4.7847478e-01    9.4033032e+00     8.7335924e-01
 2000.0 2020.0     4.8051132e-01    9.4082406e+00     8.7181167e-01
 2020.0 2041.0     4.8260788e-01    9.4133040e+00     8.7022541e-01
 2041.0 2062.0     4.8476495e-01    9.4184938e+00     8.6860046e-01
 2062.0 2083.0     4.8693166e-01    9.4236864e+00     8.6697551e-01
 2083.0 2105.0     4.8916012e-01    9.4290057e+00     8.6531187e-01
 2105.0 2128.0     4.9150314e-01    9.4345756e+00     8.6357085e-01
 2128.0 2151.0     4.9390970e-01    9.4402726e+00     8.6179114e-01
 2151.0 2174.0     4.9632804e-01    9.4459731e+00     8.6001143e-01
 2174.0 2200.0     4.9891754e-01    9.4520492e+00     8.5811566e-01
 2200.0 2222.0     5.0146635e-01    9.4580049e+00     8.5625857e-01
 2222.0 2247.0     5.0397560e-01    9.4638404e+00     8.5444018e-01
 2247.0 2273.0     5.0671232e-01    9.4701765e+00     8.5246702e-01
 2273.0 2299.0     5.0951786e-01    9.4766412e+00     8.5045518e-01
 2299.0 2326.0     5.1239349e-01    9.4832347e+00     8.4840465e-01
 2326.0 2353.0     5.1533991e-01    9.4899574e+00     8.4631543e-01
 2353.0 2381.0     5.1835847e-01    9.4968095e+00     8.4418752e-01
 2381.0 2410.0     5.2207277e-01    9.5147800e+00     8.4230462e-01
 2410.0 2439.0     5.2650336e-01    9.5450450e+00     8.4074261e-01
 2439.0 2469.0     5.3111651e-01    9.5772124e+00     8.3919152e-01
 2469.0 2500.0     5.3592853e-01    9.6105842e+00     8.3758784e-01
 2500.0 2532.0     5.4094410e-01    9.6451722e+00     8.3593159e-01
 2532.0 2564.0     5.4608697e-01    9.6804356e+00     8.3424904e-01
 2564.0 2597.0     5.5136063e-01    9.7163831e+00     8.3254021e-01
 2597.0 2632.0     5.5693262e-01    9.7541337e+00     8.3075250e-01
 2632.0 2667.0     5.6345910e-01    9.7589090e+00     8.2794782e-01
 2667.0 2703.0     5.7106009e-01    9.7219197e+00     8.2391967e-01
 2703.0 2740.0     5.7914041e-01    9.6768113e+00     8.1957291e-01
 2740.0 2778.0     5.8756119e-01    9.6306850e+00     8.1510705e-01
 2778.0 2817.0     5.9633393e-01    9.5835574e+00     8.1052210e-01
 2817.0 2857.0     6.0547068e-01    9.5354454e+00     8.0581807e-01
 2857.0 2899.0     6.1510342e-01    9.4857634e+00     8.0093539e-01
 2899.0 2941.0     6.2512809e-01    9.4351347e+00     7.9593363e-01
 2941.0 2985.0     6.3394434e-01    9.3795150e+00     7.9112735e-01
 2985.0 3030.0     6.4104660e-01    9.3169039e+00     7.8657139e-01
 3030.0 3077.0     6.4791005e-01    9.2512327e+00     7.8197025e-01
 3077.0 3125.0     6.5507402e-01    9.1839032e+00     7.7721907e-01
 3125.0 3175.0     6.6254767e-01    9.1149635e+00     7.7231786e-01
 3175.0 3225.0     6.7026084e-01    9.0451451e+00     7.6731662e-01
 3225.0 3275.0     6.7793499e-01    8.9827341e+00     7.6271958e-01
 3275.0 3325.0     6.8515602e-01    8.9493313e+00     7.5980673e-01
 3325.0 3375.0     6.9204202e-01    8.9378050e+00     7.5817385e-01
 3375.0 3425.0     6.9899722e-01    8.9262934e+00     7.5654097e-01
 3425.0 3450.0     7.0425286e-01    8.9176681e+00     7.5531631e-01
 3450.0 3550.0     7.1316028e-01    8.9067191e+00     7.5327643e-01
 3550.0 3650.0     7.2778044e-01    8.9297838e+00     7.5002707e-01
 3650.0 3750.0     7.4288227e-01    8.9922828e+00     7.4679169e-01
 3750.0 3850.0     7.5829747e-01    9.0552192e+00     7.4355631e-01
 3850.0 3950.0     7.7459930e-01    9.1184729e+00     7.3955627e-01
 3950.0 4050.0     7.9200189e-01    9.1820059e+00     7.3455012e-01
 4050.0 4150.0     8.0983964e-01    9.2425111e+00     7.2904080e-01
 4150.0 4250.0     8.2724710e-01    9.2831654e+00     7.2199214e-01
 4250.0 4350.0     8.4433623e-01    9.3072091e+00     7.1366581e-01
 4350.0 4450.0     8.6062573e-01    9.3035934e+00     7.0500945e-01
 4450.0 4550.0     8.7194335e-01    9.1756996e+00     6.9485297e-01
 4550.0 4650.0     8.7929427e-01    8.9539309e+00     6.8352640e-01
 4650.0 4750.0     8.8670716e-01    8.7375221e+00     6.7219984e-01
 4750.0 4850.0     8.9418255e-01    8.5263438e+00     6.6087327e-01
 4850.0 4950.0     9.0172096e-01    8.3202694e+00     6.4954671e-01
 4950.0 5050.0     9.0932292e-01    8.1191757e+00     6.3822014e-01
 5050.0 5150.0     9.1698897e-01    7.9229422e+00     6.2689357e-01
 5150.0 5250.0     9.2471965e-01    7.7314516e+00     6.1556701e-01
 5250.0 5350.0     9.3251550e-01    7.5445891e+00     6.0424044e-01
 5350.0 5450.0     9.4037707e-01    7.3622429e+00     5.9291387e-01
 5450.0 5550.0     9.4830492e-01    7.1843039e+00     5.8158731e-01
 5550.0 5650.0     9.5582492e-01    7.0010929e+00     5.7079461e-01
 5650.0 5750.0     9.6022915e-01    6.7606925e+00     5.6356097e-01
 5750.0 5850.0     9.6196031e-01    6.4766463e+00     5.5935253e-01
 5850.0 5950.0     9.6369458e-01    6.2045341e+00     5.5514409e-01
 5950.0 6050.0     9.6543198e-01    5.9438545e+00     5.5093565e-01
 6050.0 6150.0     9.6717251e-01    5.6941273e+00     5.4672721e-01
 6150.0 6250.0     9.6891618e-01    5.4548921e+00     5.4251877e-01
 6250.0 6350.0     9.7066300e-01    5.2257083e+00     5.3831032e-01
 6350.0 6450.0     9.7241296e-01    5.0061534e+00     5.3410188e-01
 6450.0 6550.0     9.7416608e-01    4.7958231e+00     5.2989344e-01
 6550.0 6650.0     9.7592235e-01    4.5943296e+00     5.2568500e-01
 6650.0 6750.0     9.7768180e-01    4.4013018e+00     5.2147656e-01
 6750.0 6850.0     9.7944442e-01    4.2163838e+00     5.1726812e-01
 6850.0 6950.0     9.8083574e-01    4.0334425e+00     5.1398093e-01
 6950.0 7050.0     9.8162510e-01    3.8492710e+00     5.1217961e-01
 7050.0 7150.0     9.8218554e-01    3.6701289e+00     5.1094293e-01
 7150.0 7250.0     9.8274630e-01    3.4993239e+00     5.0970624e-01
 7250.0 7350.0     9.8330738e-01    3.3364680e+00     5.0846956e-01
 7350.0 7450.0     9.8386878e-01    3.1811913e+00     5.0723287e-01
 7450.0 7550.0     9.8443050e-01    3.0331411e+00     5.0599618e-01
 7550.0 7650.0     9.8499254e-01    2.8919810e+00     5.0475950e-01
 7650.0 7750.0     9.8555490e-01    2.7573904e+00     5.0352281e-01
 7750.0 7850.0     9.8611758e-01    2.6290636e+00     5.0228612e-01
 7850.0 7950.0     9.8668059e-01    2.5067089e+00     5.0104944e-01
 7950.0 8050.0     9.8724391e-01    2.3900486e+00     4.9981275e-01
 8050.0 8150.0     9.8780756e-01    2.2788176e+00     4.9857606e-01
 8150.0 8250.0     9.8837153e-01    2.1727631e+00     4.9733938e-01
 8250.0 8350.0     9.8893582e-01    2.0716444e+00     4.9610269e-01
 8350.0 8450.0     9.8950044e-01    1.9752316e+00     4.9486600e-01
 8450.0 8550.0     9.9006537e-01    1.8833059e+00     4.9362932e-01
