 1216.0 1216.0     4.0533357e-01    1.3809227e+01     9.4083351e-01
 1300.0 1350.0     4.0190106e-01    1.4172917e+01     9.3496057e-01
 1350.0 1400.0     4.0281827e-01    1.4334837e+01     9.3252384e-01
 1400.0 1450.0     4.0703233e-01    1.4488084e+01     9.3042563e-01
 1450.0 1500.0     4.1208903e-01    1.4640424e+01     9.2840867e-01
 1500.0 1550.0     4.1720855e-01    1.4794365e+01     9.2639171e-01
 1550.0 1600.0     4.2239168e-01    1.4949925e+01     9.2437474e-01
 1600.0 1650.0     4.2755685e-01    1.5092690e+01     9.2230182e-01
 1650.0 1700.0     4.3256693e-01    1.5198717e+01     9.2008161e-01
 1700.0 1750.0     4.3749986e-01    1.5281838e+01     9.1777010e-01
 1754.0 1770.0     4.4118005e-01    1.5343589e+01     9.1605959e-01
 1770.0 1786.0     4.4278381e-01    1.5370391e+01     9.1531990e-01
 1786.0 1802.0     4.4439341e-01    1.5397240e+01     9.1458022e-01
 1802.0 1818.0     4.4600885e-01    1.5424137e+01     9.1384053e-01
 1818.0 1835.0     4.4768103e-01    1.5451923e+01     9.1307774e-01
 1835.0 1852.0     4.4941034e-01    1.5480604e+01     9.1229182e-01
 1852.0 1869.0     4.5114632e-01    1.5509337e+01     9.1150591e-01
 1869.0 1887.0     4.5294047e-01    1.5538972e+01     9.1069688e-01
 1887.0 1905.0     4.5479323e-01    1.5569512e+01     9.0986474e-01
 1905.0 1923.0     4.5665356e-01    1.5600112e+01     9.0903259e-01
 1923.0 1942.0     4.5857360e-01    1.5631626e+01     9.0817733e-01
 1942.0 1961.0     4.6055383e-01    1.5664057e+01     9.0729896e-01
 1961.0 1980.0     4.6243814e-01    1.5685418e+01     9.0635820e-01
 1980.0 2000.0     4.6420857e-01    1.5689115e+01     9.0529036e-01
 2000.0 2020.0     4.6596861e-01    1.5686251e+01     9.0415782e-01
 2020.0 2041.0     4.6777966e-01    1.5683316e+01     9.0299696e-01
 2041.0 2062.0     4.6964210e-01    1.5680310e+01     9.0180779e-01
 2062.0 2083.0     4.7151196e-01    1.5677305e+01     9.0061862e-01
 2083.0 2105.0     4.7343414e-01    1.5674228e+01     8.9940114e-01
 2105.0 2128.0     4.7545411e-01    1.5671009e+01     8.9812703e-01
 2128.0 2151.0     4.7752778e-01    1.5667719e+01     8.9682461e-01
 2151.0 2174.0     4.7961050e-01    1.5664430e+01     8.9552218e-01
 2174.0 2200.0     4.8183935e-01    1.5660927e+01     8.9413482e-01
 2200.0 2222.0     4.8403203e-01    1.5657497e+01     8.9277577e-01
 2222.0 2247.0     4.8618942e-01    1.5654138e+01     8.9144503e-01
 2247.0 2273.0     4.8854107e-01    1.5650495e+01     8.9000104e-01
 2273.0 2299.0     4.9095043e-01    1.5646781e+01     8.8852873e-01
 2299.0 2326.0     4.9341847e-01    1.5642996e+01     8.8702811e-01
 2326.0 2353.0     4.9594571e-01    1.5639141e+01     8.8549918e-01
 2353.0 2381.0     4.9853318e-01    1.5635216e+01     8.8394193e-01
 2381.0 2410.0     5.0172053e-01    1.5643111e+01     8.8259725e-01
 2410.0 2439.0     5.0552513e-01    1.5664295e+01     8.8152451e-01
 2439.0 2469.0     5.0948339e-01    1.5687280e+01     8.8046487e-01
 2469.0 2500.0     5.1360841e-01    1.5711080e+01     8.7936931e-01
 2500.0 2532.0     5.1790375e-01    1.5735698e+01     8.7823783e-01
 2532.0 2564.0     5.2230375e-01    1.5760747e+01     8.7708839e-01
 2564.0 2597.0     5.2681107e-01    1.5786227e+01     8.7592099e-01
 2597.0 2632.0     5.3156837e-01    1.5812929e+01     8.7469971e-01
 2632.0 2667.0     5.3737155e-01    1.5782169e+01     8.7267326e-01
 2667.0 2703.0     5.4438464e-01    1.5679853e+01     8.6967391e-01
 2703.0 2740.0     5.5187690e-01    1.5563085e+01     8.6642643e-01
 2740.0 2778.0     5.5968182e-01    1.5444023e+01     8.6308999e-01
 2778.0 2817.0     5.6780973e-01    1.5322734e+01     8.5966457e-01
 2817.0 2857.0     5.7627144e-01    1.5199285e+01     8.5615018e-01
 2857.0 2899.0     5.8518872e-01    1.5072206e+01     8.5250233e-01
 2899.0 2941.0     5.9446484e-01    1.4943115e+01     8.4876551e-01
 2941.0 2985.0     6.0276702e-01    1.4814108e+01     8.4512995e-01
 2985.0 3030.0     6.0968601e-01    1.4684414e+01     8.4162033e-01
 3030.0 3077.0     6.1645314e-01    1.4552231e+01     8.3805795e-01
 3077.0 3125.0     6.2351934e-01    1.4416979e+01     8.3437942e-01
 3125.0 3175.0     6.3089402e-01    1.4278780e+01     8.3058471e-01
 3175.0 3225.0     6.3850820e-01    1.4139113e+01     8.2671257e-01
 3225.0 3275.0     6.4607414e-01    1.4010330e+01     8.2316625e-01
 3275.0 3325.0     6.5314110e-01    1.3922218e+01     8.2097754e-01
 3325.0 3375.0     6.5983714e-01    1.3864698e+01     8.1982061e-01
 3375.0 3425.0     6.6660184e-01    1.3807416e+01     8.1866369e-01
 3425.0 3450.0     6.7171428e-01    1.3764588e+01     8.1779599e-01
 3450.0 3550.0     6.8039078e-01    1.3697894e+01     8.1635787e-01
 3550.0 3650.0     6.9474678e-01    1.3642036e+01     8.1415250e-01
 3650.0 3750.0     7.0969047e-01    1.3635217e+01     8.1203955e-01
 3750.0 3850.0     7.2495560e-01    1.3628401e+01     8.0992660e-01
 3850.0 3950.0     7.4140300e-01    1.3613455e+01     8.0727474e-01
 3950.0 4050.0     7.5935496e-01    1.3587834e+01     8.0391377e-01
 4050.0 4150.0     7.7794684e-01    1.3555467e+01     8.0020003e-01
 4150.0 4250.0     7.9656583e-01    1.3498374e+01     7.9541223e-01
 4250.0 4350.0     8.1527387e-01    1.3420980e+01     7.8973296e-01
 4350.0 4450.0     8.3324101e-01    1.3322348e+01     7.8379440e-01
 4450.0 4550.0     8.4618177e-01    1.3127174e+01     7.7667731e-01
 4550.0 4650.0     8.5510092e-01    1.2859672e+01     7.6864096e-01
 4650.0 4750.0     8.6411409e-01    1.2597622e+01     7.6060462e-01
 4750.0 4850.0     8.7322226e-01    1.2340911e+01     7.5256827e-01
 4850.0 4950.0     8.8242643e-01    1.2089432e+01     7.4453193e-01
 4950.0 5050.0     8.9172762e-01    1.1843077e+01     7.3649558e-01
 5050.0 5150.0     9.0112685e-01    1.1601742e+01     7.2845924e-01
 5150.0 5250.0     9.1062515e-01    1.1365325e+01     7.2042289e-01
 5250.0 5350.0     9.2022356e-01    1.1133726e+01     7.1238655e-01
 5350.0 5450.0     9.2992315e-01    1.0906846e+01     7.0435020e-01
 5450.0 5550.0     9.3972498e-01    1.0684589e+01     6.9631386e-01
 5550.0 5650.0     9.4904752e-01    1.0459679e+01     6.8867072e-01
 5650.0 5750.0     9.5456178e-01    1.0192689e+01     6.8364898e-01
 5750.0 5850.0     9.5680104e-01    9.8930333e+00     6.8085543e-01
 5850.0 5950.0     9.5904556e-01    9.6021868e+00     6.7806187e-01
 5950.0 6050.0     9.6129533e-01    9.3198909e+00     6.7526832e-01
 6050.0 6150.0     9.6355039e-01    9.0458942e+00     6.7247476e-01
 6150.0 6250.0     9.6581074e-01    8.7799529e+00     6.6968121e-01
 6250.0 6350.0     9.6807639e-01    8.5218299e+00     6.6688765e-01
 6350.0 6450.0     9.7034735e-01    8.2712956e+00     6.6409410e-01
 6450.0 6550.0     9.7262364e-01    8.0281267e+00     6.6130054e-01
 6550.0 6650.0     9.7490527e-01    7.7921068e+00     6.5850699e-01
 6650.0 6750.0     9.7719225e-01    7.5630257e+00     6.5571343e-01
 6750.0 6850.0     9.7948460e-01    7.3406794e+00     6.5291988e-01
 6850.0 6950.0     9.8126449e-01    7.1110814e+00     6.5084282e-01
 6950.0 7050.0     9.8221254e-01    6.8667588e+00     6.4992139e-01
 7050.0 7150.0     9.8284408e-01    6.6226959e+00     6.4943909e-01
 7150.0 7250.0     9.8347603e-01    6.3873077e+00     6.4895680e-01
 7250.0 7350.0     9.8410838e-01    6.1602858e+00     6.4847451e-01
 7350.0 7450.0     9.8474115e-01    5.9413329e+00     6.4799221e-01
 7450.0 7550.0     9.8537432e-01    5.7301621e+00     6.4750992e-01
 7550.0 7650.0     9.8600789e-01    5.5264969e+00     6.4702763e-01
 7650.0 7750.0     9.8664188e-01    5.3300705e+00     6.4654533e-01
 7750.0 7850.0     9.8727627e-01    5.1406256e+00     6.4606304e-01
 7850.0 7950.0     9.8791107e-01    4.9579141e+00     6.4558075e-01
 7950.0 8050.0     9.8854627e-01    4.7816967e+00     6.4509845e-01
 8050.0 8150.0     9.8918189e-01    4.6117425e+00     6.4461616e-01
 8150.0 8250.0     9.8981791e-01    4.4478289e+00     6.4413387e-01
 8250.0 8350.0     9.9045435e-01    4.2897412e+00     6.4365158e-01
 8350.0 8450.0     9.9109119e-01    4.1372724e+00     6.4316928e-01
 8450.0 8550.0     9.9172844e-01    3.9902228e+00     6.4268699e-01
