 1216.0 1216.0     3.7094432e-01    1.8928740e+01     9.6057424e-01
 1300.0 1350.0     3.6720926e-01    1.9424098e+01     9.5742647e-01
 1350.0 1400.0     3.6748130e-01    1.9622508e+01     9.5611608e-01
 1400.0 1450.0     3.7036882e-01    1.9779542e+01     9.5498140e-01
 1450.0 1500.0     3.7391151e-01    1.9927359e+01     9.5388890e-01
 1500.0 1550.0     3.7748808e-01    2.0076281e+01     9.5279639e-01
 1550.0 1600.0     3.8109886e-01    2.0226315e+01     9.5170389e-01
 1600.0 1650.0     3.8472498e-01    2.0358126e+01     9.5056253e-01
 1650.0 1700.0     3.8833475e-01    2.0439811e+01     9.4929263e-01
 1700.0 1750.0     3.9194677e-01    2.0490212e+01     9.4794303e-01
 1754.0 1770.0     3.9463748e-01    2.0527576e+01     9.4694432e-01
 1770.0 1786.0     3.9580839e-01    2.0543760e+01     9.4651245e-01
 1786.0 1802.0     3.9698277e-01    2.0559957e+01     9.4608058e-01
 1802.0 1818.0     3.9816064e-01    2.0576167e+01     9.4564870e-01
 1818.0 1835.0     3.9937904e-01    2.0592897e+01     9.4520333e-01
 1835.0 1852.0     4.0063819e-01    2.0610148e+01     9.4474447e-01
 1852.0 1869.0     4.0190132e-01    2.0627413e+01     9.4428560e-01
 1869.0 1887.0     4.0320582e-01    2.0645202e+01     9.4381324e-01
 1887.0 1905.0     4.0455194e-01    2.0663514e+01     9.4332739e-01
 1905.0 1923.0     4.0590256e-01    2.0681843e+01     9.4284153e-01
 1923.0 1942.0     4.0729546e-01    2.0700698e+01     9.4234217e-01
 1942.0 1961.0     4.0873091e-01    2.0720081e+01     9.4182933e-01
 1961.0 1980.0     4.1014213e-01    2.0726334e+01     9.4127251e-01
 1980.0 2000.0     4.1154750e-01    2.0711209e+01     9.4062894e-01
 2000.0 2020.0     4.1297626e-01    2.0687855e+01     9.3994256e-01
 2020.0 2041.0     4.1444595e-01    2.0663945e+01     9.3923902e-01
 2041.0 2062.0     4.1595685e-01    2.0639480e+01     9.3851832e-01
 2062.0 2083.0     4.1747325e-01    2.0615044e+01     9.3779763e-01
 2083.0 2105.0     4.1903156e-01    2.0590057e+01     9.3705977e-01
 2105.0 2128.0     4.2066857e-01    2.0563940e+01     9.3628759e-01
 2128.0 2151.0     4.2234850e-01    2.0537276e+01     9.3549826e-01
 2151.0 2174.0     4.2403513e-01    2.0510647e+01     9.3470892e-01
 2174.0 2200.0     4.2583941e-01    2.0482321e+01     9.3386811e-01
 2200.0 2222.0     4.2761377e-01    2.0454608e+01     9.3304445e-01
 2222.0 2247.0     4.2935886e-01    2.0427511e+01     9.3223796e-01
 2247.0 2273.0     4.3126036e-01    2.0398147e+01     9.3136282e-01
 2273.0 2299.0     4.3320773e-01    2.0368251e+01     9.3047053e-01
 2299.0 2326.0     4.3520168e-01    2.0337826e+01     9.2956108e-01
 2326.0 2353.0     4.3724261e-01    2.0306873e+01     9.2863447e-01
 2353.0 2381.0     4.3933126e-01    2.0275396e+01     9.2769070e-01
 2381.0 2410.0     4.4189404e-01    2.0248872e+01     9.2691256e-01
 2410.0 2439.0     4.4494325e-01    2.0228558e+01     9.2634028e-01
 2439.0 2469.0     4.4811268e-01    2.0208625e+01     9.2578161e-01
 2469.0 2500.0     4.5141328e-01    2.0188036e+01     9.2520400e-01
 2500.0 2532.0     4.5484763e-01    2.0166794e+01     9.2460745e-01
 2532.0 2564.0     4.5836303e-01    2.0145238e+01     9.2400143e-01
 2564.0 2597.0     4.6196138e-01    2.0123369e+01     9.2338594e-01
 2597.0 2632.0     4.6575628e-01    2.0100516e+01     9.2274205e-01
 2632.0 2667.0     4.7079896e-01    2.0000737e+01     9.2155113e-01
 2667.0 2703.0     4.7733153e-01    1.9806967e+01     9.1969521e-01
 2703.0 2740.0     4.8438158e-01    1.9593708e+01     9.1767468e-01
 2740.0 2778.0     4.9173323e-01    1.9376997e+01     9.1559878e-01
 2778.0 2817.0     4.9939703e-01    1.9157000e+01     9.1346753e-01
 2817.0 2857.0     5.0738404e-01    1.8933885e+01     9.1128092e-01
 2857.0 2899.0     5.1581034e-01    1.8705062e+01     9.0901128e-01
 2899.0 2941.0     5.2458551e-01    1.8473491e+01     9.0668628e-01
 2941.0 2985.0     5.3262306e-01    1.8253237e+01     9.0440675e-01
 2985.0 3030.0     5.3960191e-01    1.8046377e+01     9.0218167e-01
 3030.0 3077.0     5.4652838e-01    1.7839733e+01     8.9991634e-01
 3077.0 3125.0     5.5377353e-01    1.7628820e+01     8.9757713e-01
 3125.0 3175.0     5.6134867e-01    1.7413873e+01     8.9516405e-01
 3175.0 3225.0     5.6918413e-01    1.7197213e+01     8.9270173e-01
 3225.0 3275.0     5.7696774e-01    1.6993657e+01     8.9046376e-01
 3275.0 3325.0     5.8417985e-01    1.6835593e+01     8.8916062e-01
 3325.0 3375.0     5.9096581e-01    1.6711732e+01     8.8856794e-01
 3375.0 3425.0     5.9783060e-01    1.6588783e+01     8.8797526e-01
 3425.0 3450.0     6.0302393e-01    1.6497080e+01     8.8753075e-01
 3450.0 3550.0     6.1185486e-01    1.6349303e+01     8.8679868e-01
 3550.0 3650.0     6.2648247e-01    1.6154722e+01     8.8573198e-01
 3650.0 3750.0     6.4174165e-01    1.6000941e+01     8.8476637e-01
 3750.0 3850.0     6.5737251e-01    1.5848623e+01     8.8380076e-01
 3850.0 3950.0     6.7463420e-01    1.5675358e+01     8.8249549e-01
 3950.0 4050.0     6.9400846e-01    1.5474650e+01     8.8074332e-01
 4050.0 4150.0     7.1437291e-01    1.5265410e+01     8.7877334e-01
 4150.0 4250.0     7.3549583e-01    1.5035008e+01     8.7615307e-01
 4250.0 4350.0     7.5737755e-01    1.4788249e+01     8.7299307e-01
 4350.0 4450.0     7.7864852e-01    1.4544684e+01     8.6967022e-01
 4450.0 4550.0     7.9469846e-01    1.4301292e+01     8.6560710e-01
 4550.0 4650.0     8.0654655e-01    1.4058990e+01     8.6096658e-01
 4650.0 4750.0     8.1857129e-01    1.3820794e+01     8.5632606e-01
 4750.0 4850.0     8.3077529e-01    1.3586634e+01     8.5168554e-01
 4850.0 4950.0     8.4316125e-01    1.3356440e+01     8.4704502e-01
 4950.0 5050.0     8.5573187e-01    1.3130147e+01     8.4240450e-01
 5050.0 5150.0     8.6848990e-01    1.2907688e+01     8.3776398e-01
 5150.0 5250.0     8.8143814e-01    1.2688998e+01     8.3312346e-01
 5250.0 5350.0     8.9457942e-01    1.2474013e+01     8.2848294e-01
 5350.0 5450.0     9.0791663e-01    1.2262671e+01     8.2384242e-01
 5450.0 5550.0     9.2145268e-01    1.2054909e+01     8.1920190e-01
 5550.0 5650.0     9.3438231e-01    1.1852395e+01     8.1480032e-01
 5650.0 5750.0     9.4207209e-01    1.1664644e+01     8.1199170e-01
 5750.0 5850.0     9.4523389e-01    1.1489511e+01     8.1053710e-01
 5850.0 5950.0     9.4840630e-01    1.1317007e+01     8.0908249e-01
 5950.0 6050.0     9.5158936e-01    1.1147093e+01     8.0762789e-01
 6050.0 6150.0     9.5478310e-01    1.0979731e+01     8.0617328e-01
 6150.0 6250.0     9.5798756e-01    1.0814881e+01     8.0471868e-01
 6250.0 6350.0     9.6120278e-01    1.0652506e+01     8.0326407e-01
 6350.0 6450.0     9.6442878e-01    1.0492568e+01     8.0180947e-01
 6450.0 6550.0     9.6766562e-01    1.0335033e+01     8.0035486e-01
 6550.0 6650.0     9.7091332e-01    1.0179862e+01     7.9890025e-01
 6650.0 6750.0     9.7417191e-01    1.0027021e+01     7.9744565e-01
 6750.0 6850.0     9.7744145e-01    9.8764754e+00     7.9599104e-01
 6850.0 6950.0     9.7994092e-01    9.7123592e+00     7.9495804e-01
 6950.0 7050.0     9.8118746e-01    9.5256649e+00     7.9460504e-01
 7050.0 7150.0     9.8195689e-01    9.3330684e+00     7.9451044e-01
 7150.0 7250.0     9.8272693e-01    9.1443660e+00     7.9441584e-01
 7250.0 7350.0     9.8349757e-01    8.9594790e+00     7.9432124e-01
 7350.0 7450.0     9.8426882e-01    8.7783301e+00     7.9422664e-01
 7450.0 7550.0     9.8504067e-01    8.6008438e+00     7.9413204e-01
 7550.0 7650.0     9.8581312e-01    8.4269460e+00     7.9403743e-01
 7650.0 7750.0     9.8658618e-01    8.2565642e+00     7.9394283e-01
 7750.0 7850.0     9.8735985e-01    8.0896274e+00     7.9384823e-01
 7850.0 7950.0     9.8813412e-01    7.9260657e+00     7.9375363e-01
 7950.0 8050.0     9.8890900e-01    7.7658111e+00     7.9365903e-01
 8050.0 8150.0     9.8968449e-01    7.6087966e+00     7.9356443e-01
 8150.0 8250.0     9.9046059e-01    7.4549567e+00     7.9346983e-01
 8250.0 8350.0     9.9123730e-01    7.3042273e+00     7.9337523e-01
 8350.0 8450.0     9.9201461e-01    7.1565454e+00     7.9328063e-01
 8450.0 8550.0     9.9279253e-01    7.0118495e+00     7.9318603e-01
