 1216.0 1216.0     3.9981328e-01    1.5278473e+01     9.4616389e-01
 1300.0 1350.0     3.9634486e-01    1.5680755e+01     9.4111580e-01
 1350.0 1400.0     3.9711893e-01    1.5855518e+01     9.3901916e-01
 1400.0 1450.0     4.0101952e-01    1.6014872e+01     9.3721069e-01
 1450.0 1500.0     4.0571542e-01    1.6171633e+01     9.3547137e-01
 1500.0 1550.0     4.1046631e-01    1.6329927e+01     9.3373206e-01
 1550.0 1600.0     4.1527283e-01    1.6489772e+01     9.3199274e-01
 1600.0 1650.0     4.2006576e-01    1.6635164e+01     9.3019823e-01
 1650.0 1700.0     4.2472891e-01    1.6739566e+01     9.2825845e-01
 1700.0 1750.0     4.2932861e-01    1.6818393e+01     9.2622861e-01
 1754.0 1770.0     4.3275879e-01    1.6876922e+01     9.2472653e-01
 1770.0 1786.0     4.3425304e-01    1.6902313e+01     9.2407698e-01
 1786.0 1802.0     4.3575244e-01    1.6927742e+01     9.2342744e-01
 1802.0 1818.0     4.3725702e-01    1.6953210e+01     9.2277789e-01
 1818.0 1835.0     4.3881414e-01    1.6979514e+01     9.2210804e-01
 1835.0 1852.0     4.4042416e-01    1.7006657e+01     9.2141789e-01
 1852.0 1869.0     4.4204009e-01    1.7033843e+01     9.2072775e-01
 1869.0 1887.0     4.4370983e-01    1.7061876e+01     9.2001731e-01
 1887.0 1905.0     4.4543376e-01    1.7090756e+01     9.1928656e-01
 1905.0 1923.0     4.4716439e-01    1.7119686e+01     9.1855582e-01
 1923.0 1942.0     4.4895020e-01    1.7149471e+01     9.1780478e-01
 1942.0 1961.0     4.5079160e-01    1.7180114e+01     9.1703344e-01
 1961.0 1980.0     4.5255398e-01    1.7198878e+01     9.1620414e-01
 1980.0 2000.0     4.5422781e-01    1.7198594e+01     9.1525792e-01
 2000.0 2020.0     4.5589893e-01    1.7191171e+01     9.1425276e-01
 2020.0 2041.0     4.5761828e-01    1.7183566e+01     9.1322248e-01
 2041.0 2062.0     4.5938622e-01    1.7175780e+01     9.1216706e-01
 2062.0 2083.0     4.6116098e-01    1.7167996e+01     9.1111164e-01
 2083.0 2105.0     4.6298519e-01    1.7160031e+01     9.1003110e-01
 2105.0 2128.0     4.6490198e-01    1.7151700e+01     9.0890030e-01
 2128.0 2151.0     4.6686947e-01    1.7143187e+01     9.0774437e-01
 2151.0 2174.0     4.6884529e-01    1.7134679e+01     9.0658843e-01
 2174.0 2200.0     4.7095945e-01    1.7125620e+01     9.0535712e-01
 2200.0 2222.0     4.7303904e-01    1.7116751e+01     9.0415093e-01
 2222.0 2247.0     4.7508487e-01    1.7108072e+01     9.0296987e-01
 2247.0 2273.0     4.7731461e-01    1.7098658e+01     9.0168829e-01
 2273.0 2299.0     4.7959874e-01    1.7089065e+01     9.0038159e-01
 2299.0 2326.0     4.8193816e-01    1.7079294e+01     8.9904975e-01
 2326.0 2353.0     4.8433334e-01    1.7069343e+01     8.9769279e-01
 2353.0 2381.0     4.8678522e-01    1.7059215e+01     8.9631070e-01
 2381.0 2410.0     4.8980236e-01    1.7059529e+01     8.9513378e-01
 2410.0 2439.0     4.9340063e-01    1.7071718e+01     8.9421665e-01
 2439.0 2469.0     4.9714310e-01    1.7085397e+01     8.9331369e-01
 2469.0 2500.0     5.0104229e-01    1.7099550e+01     8.9238012e-01
 2500.0 2532.0     5.0510143e-01    1.7114181e+01     8.9141594e-01
 2532.0 2564.0     5.0925840e-01    1.7129056e+01     8.9043646e-01
 2564.0 2597.0     5.1351562e-01    1.7144176e+01     8.8944167e-01
 2597.0 2632.0     5.1800771e-01    1.7160010e+01     8.8840097e-01
 2632.0 2667.0     5.2359922e-01    1.7112796e+01     8.8661709e-01
 2667.0 2703.0     5.3047500e-01    1.6987484e+01     8.8393334e-01
 2703.0 2740.0     5.3783890e-01    1.6846248e+01     8.8102242e-01
 2740.0 2778.0     5.4551102e-01    1.6702366e+01     8.7803174e-01
 2778.0 2817.0     5.5350161e-01    1.6555925e+01     8.7496131e-01
 2817.0 2857.0     5.6182141e-01    1.6407015e+01     8.7181113e-01
 2857.0 2899.0     5.7059028e-01    1.6253875e+01     8.6854132e-01
 2899.0 2941.0     5.7971321e-01    1.6098464e+01     8.6519176e-01
 2941.0 2985.0     5.8792788e-01    1.5945862e+01     8.6192773e-01
 2985.0 3030.0     5.9485037e-01    1.5796017e+01     8.5876944e-01
 3030.0 3077.0     6.0164769e-01    1.5644298e+01     8.5556164e-01
 3077.0 3125.0     6.0874774e-01    1.5489153e+01     8.5224924e-01
 3125.0 3175.0     6.1616028e-01    1.5330728e+01     8.4883224e-01
 3175.0 3225.0     6.2381618e-01    1.5170725e+01     8.4534550e-01
 3225.0 3275.0     6.3142147e-01    1.5022261e+01     8.4215775e-01
 3275.0 3325.0     6.3850713e-01    1.4916183e+01     8.4021574e-01
 3325.0 3375.0     6.4520604e-01    1.4841975e+01     8.3922050e-01
 3375.0 3425.0     6.5197522e-01    1.4768136e+01     8.3822527e-01
 3425.0 3450.0     6.5709196e-01    1.4712963e+01     8.3747884e-01
 3450.0 3550.0     6.6577964e-01    1.4625846e+01     8.3624363e-01
 3550.0 3650.0     6.8016804e-01    1.4536414e+01     8.3437241e-01
 3650.0 3750.0     6.9516192e-01    1.4495155e+01     8.3260278e-01
 3750.0 3850.0     7.1048633e-01    1.4454013e+01     8.3083315e-01
 3850.0 3950.0     7.2710184e-01    1.4401655e+01     8.2858402e-01
 3950.0 4050.0     7.4536946e-01    1.4334604e+01     8.2570398e-01
 4050.0 4150.0     7.6435704e-01    1.4260115e+01     8.2251168e-01
 4150.0 4250.0     7.8353939e-01    1.4161507e+01     8.1837323e-01
 4250.0 4350.0     8.0296241e-01    1.4043294e+01     8.1344948e-01
 4350.0 4450.0     8.2166900e-01    1.3909534e+01     8.0829249e-01
 4450.0 4550.0     8.3530370e-01    1.3702860e+01     8.0207530e-01
 4550.0 4650.0     8.4487526e-01    1.3441822e+01     7.9503117e-01
 4650.0 4750.0     8.5455650e-01    1.3185757e+01     7.8798705e-01
 4750.0 4850.0     8.6434867e-01    1.2934570e+01     7.8094292e-01
 4850.0 4950.0     8.7425305e-01    1.2688168e+01     7.7389879e-01
 4950.0 5050.0     8.8427092e-01    1.2446460e+01     7.6685466e-01
 5050.0 5150.0     8.9440358e-01    1.2209357e+01     7.5981053e-01
 5150.0 5250.0     9.0465236e-01    1.1976770e+01     7.5276641e-01
 5250.0 5350.0     9.1501857e-01    1.1748614e+01     7.4572228e-01
 5350.0 5450.0     9.2550356e-01    1.1524804e+01     7.3867815e-01
 5450.0 5550.0     9.3610870e-01    1.1305258e+01     7.3163402e-01
 5550.0 5650.0     9.4620452e-01    1.1084647e+01     7.2493879e-01
 5650.0 5750.0     9.5218381e-01    1.0834050e+01     7.2056951e-01
 5750.0 5850.0     9.5461941e-01    1.0560150e+01     7.1817728e-01
 5850.0 5950.0     9.5706124e-01    1.0293174e+01     7.1578506e-01
 5950.0 6050.0     9.5950932e-01    1.0032947e+01     7.1339283e-01
 6050.0 6150.0     9.6196367e-01    9.7792995e+00     7.1100061e-01
 6150.0 6250.0     9.6442428e-01    9.5320645e+00     7.0860838e-01
 6250.0 6350.0     9.6689120e-01    9.2910800e+00     7.0621616e-01
 6350.0 6450.0     9.6936442e-01    9.0561879e+00     7.0382393e-01
 6450.0 6550.0     9.7184397e-01    8.8272342e+00     7.0143171e-01
 6550.0 6650.0     9.7432986e-01    8.6040688e+00     6.9903948e-01
 6650.0 6750.0     9.7682211e-01    8.3865454e+00     6.9664726e-01
 6750.0 6850.0     9.7932074e-01    8.1745213e+00     6.9425503e-01
 6850.0 6950.0     9.8125131e-01    7.9518819e+00     6.9249921e-01
 6950.0 7050.0     9.8225934e-01    7.7098888e+00     6.9176986e-01
 7050.0 7150.0     9.8291631e-01    7.4657979e+00     6.9143056e-01
 7150.0 7250.0     9.8357371e-01    7.2294347e+00     6.9109126e-01
 7250.0 7350.0     9.8423155e-01    7.0005547e+00     6.9075196e-01
 7350.0 7450.0     9.8488983e-01    6.7789209e+00     6.9041266e-01
 7450.0 7550.0     9.8554855e-01    6.5643039e+00     6.9007336e-01
 7550.0 7650.0     9.8620771e-01    6.3564816e+00     6.8973406e-01
 7650.0 7750.0     9.8686732e-01    6.1552388e+00     6.8939476e-01
 7750.0 7850.0     9.8752736e-01    5.9603672e+00     6.8905546e-01
 7850.0 7950.0     9.8818785e-01    5.7716652e+00     6.8871616e-01
 7950.0 8050.0     9.8884877e-01    5.5889374e+00     6.8837686e-01
 8050.0 8150.0     9.8951014e-01    5.4119946e+00     6.8803756e-01
 8150.0 8250.0     9.9017195e-01    5.2406538e+00     6.8769826e-01
 8250.0 8350.0     9.9083421e-01    5.0747375e+00     6.8735896e-01
 8350.0 8450.0     9.9149691e-01    4.9140740e+00     6.8701966e-01
 8450.0 8550.0     9.9216005e-01    4.7584971e+00     6.8668036e-01
