 1216.0 1216.0     4.0828361e-01    1.2258964e+01     9.3583628e-01
 1300.0 1350.0     4.0480988e-01    1.2580597e+01     9.2912091e-01
 1350.0 1400.0     4.0582716e-01    1.2726845e+01     9.2633615e-01
 1400.0 1450.0     4.1030080e-01    1.2869521e+01     9.2394046e-01
 1450.0 1500.0     4.1566127e-01    1.3012521e+01     9.2163815e-01
 1500.0 1550.0     4.2109177e-01    1.3157110e+01     9.1933584e-01
 1550.0 1600.0     4.2659322e-01    1.3303305e+01     9.1703353e-01
 1600.0 1650.0     4.3207748e-01    1.3438482e+01     9.1467605e-01
 1650.0 1700.0     4.3739613e-01    1.3541634e+01     9.1217338e-01
 1700.0 1750.0     4.4263323e-01    1.3624844e+01     9.0958070e-01
 1754.0 1770.0     4.4654191e-01    1.3686691e+01     9.0766212e-01
 1770.0 1786.0     4.4824591e-01    1.3713547e+01     9.0683246e-01
 1786.0 1802.0     4.4995640e-01    1.3740456e+01     9.0600281e-01
 1802.0 1818.0     4.5167343e-01    1.3767418e+01     9.0517315e-01
 1818.0 1835.0     4.5345107e-01    1.3795278e+01     9.0431756e-01
 1835.0 1852.0     4.5528980e-01    1.3824041e+01     9.0343605e-01
 1852.0 1869.0     4.5713598e-01    1.3852864e+01     9.0255454e-01
 1869.0 1887.0     4.5904440e-01    1.3882599e+01     9.0164711e-01
 1887.0 1905.0     4.6101553e-01    1.3913248e+01     9.0071374e-01
 1905.0 1923.0     4.6299513e-01    1.3943966e+01     8.9978038e-01
 1923.0 1942.0     4.6503870e-01    1.3975608e+01     8.9882108e-01
 1942.0 1961.0     4.6714677e-01    1.4008179e+01     8.9783587e-01
 1961.0 1980.0     4.6914410e-01    1.4030689e+01     8.9678429e-01
 1980.0 2000.0     4.7100542e-01    1.4037210e+01     8.9559619e-01
 2000.0 2020.0     4.7284981e-01    1.4037841e+01     8.9433793e-01
 2020.0 2041.0     4.7474790e-01    1.4038488e+01     8.9304821e-01
 2041.0 2062.0     4.7670010e-01    1.4039150e+01     8.9172704e-01
 2062.0 2083.0     4.7866031e-01    1.4039812e+01     8.9040586e-01
 2083.0 2105.0     4.8067565e-01    1.4040491e+01     8.8905323e-01
 2105.0 2128.0     4.8279382e-01    1.4041201e+01     8.8763768e-01
 2128.0 2151.0     4.8496859e-01    1.4041926e+01     8.8619068e-01
 2151.0 2174.0     4.8715316e-01    1.4042652e+01     8.8474368e-01
 2174.0 2200.0     4.8949137e-01    1.4043425e+01     8.8320231e-01
 2200.0 2222.0     4.9179196e-01    1.4044182e+01     8.8169239e-01
 2222.0 2247.0     4.9405587e-01    1.4044924e+01     8.8021393e-01
 2247.0 2273.0     4.9652400e-01    1.4045729e+01     8.7860965e-01
 2273.0 2299.0     4.9905310e-01    1.4046549e+01     8.7697391e-01
 2299.0 2326.0     5.0164422e-01    1.4047386e+01     8.7530671e-01
 2326.0 2353.0     5.0429793e-01    1.4048238e+01     8.7360806e-01
 2353.0 2381.0     5.0701536e-01    1.4049106e+01     8.7187794e-01
 2381.0 2410.0     5.1036214e-01    1.4062406e+01     8.7037460e-01
 2410.0 2439.0     5.1435664e-01    1.4089581e+01     8.6916292e-01
 2439.0 2469.0     5.1851339e-01    1.4118739e+01     8.6796434e-01
 2469.0 2500.0     5.2284637e-01    1.4148948e+01     8.6672513e-01
 2500.0 2532.0     5.2735942e-01    1.4180216e+01     8.6544530e-01
 2532.0 2564.0     5.3198369e-01    1.4212050e+01     8.6414515e-01
 2564.0 2597.0     5.3672203e-01    1.4244456e+01     8.6282468e-01
 2597.0 2632.0     5.4172459e-01    1.4278437e+01     8.6144327e-01
 2632.0 2667.0     5.4773777e-01    1.4261478e+01     8.5918343e-01
 2667.0 2703.0     5.5491028e-01    1.4180762e+01     8.5586326e-01
 2703.0 2740.0     5.6255893e-01    1.4087297e+01     8.5227135e-01
 2740.0 2778.0     5.7052694e-01    1.3991912e+01     8.4858103e-01
 2778.0 2817.0     5.7882487e-01    1.3894656e+01     8.4479230e-01
 2817.0 2857.0     5.8746376e-01    1.3795576e+01     8.4090516e-01
 2857.0 2899.0     5.9656798e-01    1.3693485e+01     8.3687040e-01
 2899.0 2941.0     6.0603877e-01    1.3589678e+01     8.3273724e-01
 2941.0 2985.0     6.1446734e-01    1.3483710e+01     8.2873308e-01
 2985.0 3030.0     6.2141712e-01    1.3374229e+01     8.2489141e-01
 3030.0 3077.0     6.2818879e-01    1.3261821e+01     8.2099860e-01
 3077.0 3125.0     6.3525831e-01    1.3146734e+01     8.1697885e-01
 3125.0 3175.0     6.4263488e-01    1.3029065e+01     8.1283216e-01
 3175.0 3225.0     6.5024940e-01    1.2910068e+01     8.0860084e-01
 3225.0 3275.0     6.5781735e-01    1.2801121e+01     8.0471951e-01
 3275.0 3325.0     6.6489882e-01    1.2730306e+01     8.0229643e-01
 3325.0 3375.0     6.7161903e-01    1.2688190e+01     8.0098162e-01
 3375.0 3425.0     6.7840716e-01    1.2646212e+01     7.9966682e-01
 3425.0 3450.0     6.8353676e-01    1.2614807e+01     7.9868071e-01
 3450.0 3550.0     6.9223903e-01    1.2566926e+01     7.9704428e-01
 3550.0 3650.0     7.0661705e-01    1.2540511e+01     7.9451017e-01
 3650.0 3750.0     7.2156188e-01    1.2562562e+01     7.9205740e-01
 3750.0 3850.0     7.3682280e-01    1.2584652e+01     7.8960463e-01
 3850.0 3950.0     7.5317068e-01    1.2601577e+01     7.8655046e-01
 3950.0 4050.0     7.7089349e-01    1.2611681e+01     7.8270496e-01
 4050.0 4150.0     7.8918689e-01    1.2615903e+01     7.7846475e-01
 4150.0 4250.0     8.0735234e-01    1.2595191e+01     7.7301986e-01
 4250.0 4350.0     8.2546790e-01    1.2553857e+01     7.6657510e-01
 4350.0 4450.0     8.4282317e-01    1.2487193e+01     7.5984708e-01
 4450.0 4550.0     8.5518639e-01    1.2306679e+01     7.5183154e-01
 4550.0 4650.0     8.6355963e-01    1.2040619e+01     7.4281173e-01
 4650.0 4750.0     8.7201486e-01    1.1780312e+01     7.3379193e-01
 4750.0 4850.0     8.8055287e-01    1.1525631e+01     7.2477212e-01
 4850.0 4950.0     8.8917448e-01    1.1276457e+01     7.1575231e-01
 4950.0 5050.0     8.9788050e-01    1.1032670e+01     7.0673250e-01
 5050.0 5150.0     9.0667177e-01    1.0794153e+01     6.9771270e-01
 5150.0 5250.0     9.1554911e-01    1.0560793e+01     6.8869289e-01
 5250.0 5350.0     9.2451337e-01    1.0332477e+01     6.7967308e-01
 5350.0 5450.0     9.3356540e-01    1.0109098e+01     6.7065327e-01
 5450.0 5550.0     9.4270606e-01    9.8905482e+00     6.6163347e-01
 5550.0 5650.0     9.5139261e-01    9.6681108e+00     6.5305039e-01
 5650.0 5750.0     9.5652060e-01    9.3946955e+00     6.4737880e-01
 5750.0 5850.0     9.5859091e-01    9.0818741e+00     6.4418198e-01
 5850.0 5950.0     9.6066571e-01    8.7794690e+00     6.4098516e-01
 5950.0 6050.0     9.6274499e-01    8.4871332e+00     6.3778834e-01
 6050.0 6150.0     9.6482878e-01    8.2045315e+00     6.3459152e-01
 6150.0 6250.0     9.6691708e-01    7.9313398e+00     6.3139469e-01
 6250.0 6350.0     9.6900989e-01    7.6672448e+00     6.2819787e-01
 6350.0 6450.0     9.7110724e-01    7.4119435e+00     6.2500105e-01
 6450.0 6550.0     9.7320912e-01    7.1651431e+00     6.2180423e-01
 6550.0 6650.0     9.7531556e-01    6.9265606e+00     6.1860741e-01
 6650.0 6750.0     9.7742655e-01    6.6959223e+00     6.1541059e-01
 6750.0 6850.0     9.7954212e-01    6.4729638e+00     6.1221377e-01
 6850.0 6950.0     9.8119270e-01    6.2459952e+00     6.0980579e-01
 6950.0 7050.0     9.8208882e-01    6.0088429e+00     6.0867014e-01
 7050.0 7150.0     9.8269792e-01    5.7739733e+00     6.0801797e-01
 7150.0 7250.0     9.8330740e-01    5.5482841e+00     6.0736580e-01
 7250.0 7350.0     9.8391725e-01    5.3314166e+00     6.0671364e-01
 7350.0 7450.0     9.8452749e-01    5.1230258e+00     6.0606147e-01
 7450.0 7550.0     9.8513810e-01    4.9227804e+00     6.0540930e-01
 7550.0 7650.0     9.8574910e-01    4.7303621e+00     6.0475713e-01
 7650.0 7750.0     9.8636047e-01    4.5454649e+00     6.0410497e-01
 7750.0 7850.0     9.8697222e-01    4.3677948e+00     6.0345280e-01
 7850.0 7950.0     9.8758435e-01    4.1970694e+00     6.0280063e-01
 7950.0 8050.0     9.8819686e-01    4.0330172e+00     6.0214846e-01
 8050.0 8150.0     9.8880975e-01    3.8753774e+00     6.0149629e-01
 8150.0 8250.0     9.8942302e-01    3.7238993e+00     6.0084413e-01
 8250.0 8350.0     9.9003667e-01    3.5783420e+00     6.0019196e-01
 8350.0 8450.0     9.9065070e-01    3.4384742e+00     5.9953979e-01
 8450.0 8550.0     9.9126511e-01    3.3040735e+00     5.9888762e-01
