 1216.0 1216.0     3.8729443e-01    1.7200079e+01     9.5378509e-01
 1300.0 1350.0     3.8374268e-01    1.7652650e+01     9.4979285e-01
 1350.0 1400.0     3.8428012e-01    1.7841417e+01     9.4813245e-01
 1400.0 1450.0     3.8767740e-01    1.8002367e+01     9.4669692e-01
 1450.0 1500.0     3.9179672e-01    1.8157562e+01     9.4531535e-01
 1500.0 1550.0     3.9595981e-01    1.8314094e+01     9.4393379e-01
 1550.0 1600.0     4.0016714e-01    1.8471977e+01     9.4255223e-01
 1600.0 1650.0     4.0437279e-01    1.8613312e+01     9.4111832e-01
 1650.0 1700.0     4.0849983e-01    1.8708498e+01     9.3954670e-01
 1700.0 1750.0     4.1259257e-01    1.8774877e+01     9.3788968e-01
 1754.0 1770.0     4.1564293e-01    1.8824122e+01     9.3666349e-01
 1770.0 1786.0     4.1697099e-01    1.8845469e+01     9.3613324e-01
 1786.0 1802.0     4.1830330e-01    1.8866840e+01     9.3560299e-01
 1802.0 1818.0     4.1963986e-01    1.8888235e+01     9.3507275e-01
 1818.0 1835.0     4.2102274e-01    1.8910325e+01     9.3452593e-01
 1835.0 1852.0     4.2245221e-01    1.8933110e+01     9.3396254e-01
 1852.0 1869.0     4.2388653e-01    1.8955923e+01     9.3339916e-01
 1869.0 1887.0     4.2536821e-01    1.8979436e+01     9.3281920e-01
 1887.0 1905.0     4.2689754e-01    1.9003651e+01     9.3222268e-01
 1905.0 1923.0     4.2843237e-01    1.9027897e+01     9.3162615e-01
 1923.0 1942.0     4.3001567e-01    1.9052849e+01     9.3101305e-01
 1942.0 1961.0     4.3164777e-01    1.9078509e+01     9.3038339e-01
 1961.0 1980.0     4.3322874e-01    1.9091530e+01     9.2970281e-01
 1980.0 2000.0     4.3476326e-01    1.9084131e+01     9.2892081e-01
 2000.0 2020.0     4.3630829e-01    1.9068973e+01     9.2808831e-01
 2020.0 2041.0     4.3789772e-01    1.9053449e+01     9.2723499e-01
 2041.0 2062.0     4.3953185e-01    1.9037560e+01     9.2636086e-01
 2062.0 2083.0     4.4117207e-01    1.9021683e+01     9.2548673e-01
 2083.0 2105.0     4.4285776e-01    1.9005443e+01     9.2459179e-01
 2105.0 2128.0     4.4462876e-01    1.8988462e+01     9.2365522e-01
 2128.0 2151.0     4.4644635e-01    1.8971119e+01     9.2269784e-01
 2151.0 2174.0     4.4827137e-01    1.8953792e+01     9.2174046e-01
 2174.0 2200.0     4.5022388e-01    1.8935353e+01     9.2072064e-01
 2200.0 2222.0     4.5214419e-01    1.8917306e+01     9.1972163e-01
 2222.0 2247.0     4.5403302e-01    1.8899653e+01     9.1874344e-01
 2247.0 2273.0     4.5609135e-01    1.8880517e+01     9.1768200e-01
 2273.0 2299.0     4.5819955e-01    1.8861024e+01     9.1659974e-01
 2299.0 2326.0     4.6035841e-01    1.8841178e+01     9.1549667e-01
 2326.0 2353.0     4.6256837e-01    1.8820978e+01     9.1437279e-01
 2353.0 2381.0     4.6483027e-01    1.8800427e+01     9.1322810e-01
 2381.0 2410.0     4.6761077e-01    1.8787725e+01     9.1226930e-01
 2410.0 2439.0     4.7092398e-01    1.8784224e+01     9.1154347e-01
 2439.0 2469.0     4.7436887e-01    1.8781669e+01     9.1083183e-01
 2469.0 2500.0     4.7795704e-01    1.8779028e+01     9.1009606e-01
 2500.0 2532.0     4.8169134e-01    1.8776301e+01     9.0933617e-01
 2532.0 2564.0     4.8551456e-01    1.8773531e+01     9.0856422e-01
 2564.0 2597.0     4.8942882e-01    1.8770719e+01     9.0778021e-01
 2597.0 2632.0     4.9355777e-01    1.8767777e+01     9.0696001e-01
 2632.0 2667.0     4.9886492e-01    1.8694607e+01     9.0549910e-01
 2667.0 2703.0     5.0556521e-01    1.8535078e+01     9.0326072e-01
 2703.0 2740.0     5.1276884e-01    1.8357753e+01     9.0082812e-01
 2740.0 2778.0     5.2027675e-01    1.8177337e+01     8.9832888e-01
 2778.0 2817.0     5.2809924e-01    1.7993955e+01     8.9576298e-01
 2817.0 2857.0     5.3624716e-01    1.7807731e+01     8.9313045e-01
 2857.0 2899.0     5.4483833e-01    1.7616487e+01     8.9039794e-01
 2899.0 2941.0     5.5378003e-01    1.7422682e+01     8.8759878e-01
 2941.0 2985.0     5.6190238e-01    1.7235962e+01     8.8486191e-01
 2985.0 3030.0     5.6885462e-01    1.7057371e+01     8.8220087e-01
 3030.0 3077.0     5.7571928e-01    1.6877943e+01     8.7949456e-01
 3077.0 3125.0     5.8289425e-01    1.6694634e+01     8.7670000e-01
 3125.0 3175.0     5.9039001e-01    1.6507633e+01     8.7381719e-01
 3175.0 3225.0     5.9813710e-01    1.6318953e+01     8.7087555e-01
 3225.0 3275.0     6.0583202e-01    1.6142624e+01     8.6819392e-01
 3275.0 3325.0     6.1297940e-01    1.6010440e+01     8.6659567e-01
 3325.0 3375.0     6.1971876e-01    1.5911440e+01     8.6582079e-01
 3375.0 3425.0     6.2653222e-01    1.5813052e+01     8.6504591e-01
 3425.0 3450.0     6.3168434e-01    1.5739604e+01     8.6446475e-01
 3450.0 3550.0     6.4043829e-01    1.5622141e+01     8.6350527e-01
 3550.0 3650.0     6.5494142e-01    1.5480657e+01     8.6207874e-01
 3650.0 3750.0     6.7006597e-01    1.5384101e+01     8.6075719e-01
 3750.0 3850.0     6.8553979e-01    1.5288148e+01     8.5943563e-01
 3850.0 3950.0     7.0247399e-01    1.5176218e+01     8.5771171e-01
 3950.0 4050.0     7.2128951e-01    1.5043369e+01     8.5545834e-01
 4050.0 4150.0     7.4095586e-01    1.4902422e+01     8.5294487e-01
 4150.0 4250.0     7.6108909e-01    1.4739015e+01     8.4964882e-01
 4250.0 4350.0     7.8171158e-01    1.4557726e+01     8.4570323e-01
 4350.0 4450.0     8.0166305e-01    1.4370311e+01     8.4156204e-01
 4450.0 4550.0     8.1646158e-01    1.4147811e+01     8.3653175e-01
 4550.0 4650.0     8.2712303e-01    1.3899670e+01     8.3080797e-01
 4650.0 4750.0     8.3792370e-01    1.3655880e+01     8.2508418e-01
 4750.0 4850.0     8.4886540e-01    1.3416366e+01     8.1936040e-01
 4850.0 4950.0     8.5994998e-01    1.3181054e+01     8.1363661e-01
 4950.0 5050.0     8.7117930e-01    1.2949868e+01     8.0791283e-01
 5050.0 5150.0     8.8255526e-01    1.2722737e+01     8.0218905e-01
 5150.0 5250.0     8.9407977e-01    1.2499590e+01     7.9646526e-01
 5250.0 5350.0     9.0575476e-01    1.2280357e+01     7.9074148e-01
 5350.0 5450.0     9.1758221e-01    1.2064969e+01     7.8501769e-01
 5450.0 5550.0     9.2956410e-01    1.1853359e+01     7.7929391e-01
 5550.0 5650.0     9.4098824e-01    1.1643630e+01     7.7385905e-01
 5650.0 5750.0     9.4776579e-01    1.1425611e+01     7.7035034e-01
 5750.0 5850.0     9.5053627e-01    1.1201510e+01     7.6847885e-01
 5850.0 5950.0     9.5331485e-01    1.0981804e+01     7.6660735e-01
 5950.0 6050.0     9.5610155e-01    1.0766408e+01     7.6473586e-01
 6050.0 6150.0     9.5889639e-01    1.0555236e+01     7.6286437e-01
 6150.0 6250.0     9.6169941e-01    1.0348207e+01     7.6099288e-01
 6250.0 6350.0     9.6451062e-01    1.0145238e+01     7.5912139e-01
 6350.0 6450.0     9.6733005e-01    9.9462497e+00     7.5724990e-01
 6450.0 6550.0     9.7015772e-01    9.7511647e+00     7.5537841e-01
 6550.0 6650.0     9.7299365e-01    9.5599061e+00     7.5350692e-01
 6650.0 6750.0     9.7583787e-01    9.3723988e+00     7.5163543e-01
 6750.0 6850.0     9.7869041e-01    9.1885692e+00     7.4976394e-01
 6850.0 6950.0     9.8088087e-01    8.9909872e+00     7.4841386e-01
 6950.0 7050.0     9.8199517e-01    8.7699724e+00     7.4790477e-01
 7050.0 7150.0     9.8269982e-01    8.5440459e+00     7.4771526e-01
 7150.0 7250.0     9.8340498e-01    8.3239395e+00     7.4752574e-01
 7250.0 7350.0     9.8411065e-01    8.1095034e+00     7.4733623e-01
 7350.0 7450.0     9.8481682e-01    7.9005915e+00     7.4714671e-01
 7450.0 7550.0     9.8552350e-01    7.6970614e+00     7.4695719e-01
 7550.0 7650.0     9.8623068e-01    7.4987745e+00     7.4676768e-01
 7650.0 7750.0     9.8693838e-01    7.3055958e+00     7.4657816e-01
 7750.0 7850.0     9.8764658e-01    7.1173936e+00     7.4638865e-01
 7850.0 7950.0     9.8835529e-01    6.9340398e+00     7.4619913e-01
 7950.0 8050.0     9.8906450e-01    6.7554094e+00     7.4600962e-01
 8050.0 8150.0     9.8977423e-01    6.5813808e+00     7.4582010e-01
 8150.0 8250.0     9.9048447e-01    6.4118354e+00     7.4563058e-01
 8250.0 8350.0     9.9119521e-01    6.2466577e+00     7.4544107e-01
 8350.0 8450.0     9.9190647e-01    6.0857353e+00     7.4525155e-01
 8450.0 8550.0     9.9261823e-01    5.9289584e+00     7.4506204e-01
