 1216.0 1216.0  0.4556275  5.4888701  0.8216575
 1300.0 1350.0  0.4962537  5.6856852  0.8056340
 1350.0 1400.0  0.5175049  5.7549639  0.7971222
 1400.0 1450.0  0.5288088  5.7318850  0.7873438
 1450.0 1500.0  0.5406684  5.6662259  0.7754391
 1500.0 1550.0  0.5518021  5.5781999  0.7628611
 1550.0 1600.0  0.5612489  5.4861660  0.7510281
 1600.0 1650.0  0.5688349  5.4012122  0.7408199
 1650.0 1700.0  0.5744847  5.3632250  0.7317575
 1700.0 1750.0  0.5791526  5.3338928  0.7239877
 1754.0 1770.0  0.5824001  5.3159351  0.7188664
 1770.0 1786.0  0.5837993  5.3086081  0.7167686
 1786.0 1802.0  0.5852168  5.3013959  0.7147214
 1802.0 1818.0  0.5884340  5.3384848  0.7116126
 1818.0 1835.0  0.5899402  5.3321919  0.7096624
 1835.0 1852.0  0.5915561  5.3251262  0.7076058
 1852.0 1869.0  0.5932283  5.3175421  0.7055430
 1869.0 1887.0  0.5950386  5.3087168  0.7033318
 1887.0 1905.0  0.5969563  5.2989998  0.7010683
 1905.0 1923.0  0.5989559  5.2881889  0.6987332
 1923.0 1942.0  0.6011164  5.2753801  0.6961696
 1942.0 1961.0  0.6033507  5.2620282  0.6936274
 1961.0 1980.0  0.6056368  5.2461371  0.6908083
 1980.0 2000.0  0.6074603  5.2266102  0.6876678
 2000.0 2020.0  0.6093791  5.2054510  0.6843542
 2020.0 2041.0  0.6113414  5.1820841  0.6808051
 2041.0 2062.0  0.6134675  5.1557908  0.6768783
 2062.0 2083.0  0.6175202  5.1928401  0.6732225
 2083.0 2105.0  0.6198870  5.1627860  0.6687974
 2105.0 2128.0  0.6223053  5.1306968  0.6641303
 2128.0 2151.0  0.6248538  5.0953522  0.6590252
 2151.0 2174.0  0.6273924  5.0577688  0.6536617
 2174.0 2200.0  0.6300987  5.0148358  0.6475863
 2200.0 2222.0  0.6326879  4.9718208  0.6415417
 2222.0 2247.0  0.6351205  4.9288492  0.6355629
 2247.0 2273.0  0.6377812  4.8789568  0.6286562
 2273.0 2299.0  0.6430386  4.9022608  0.6232374
 2299.0 2326.0  0.6456878  4.8502188  0.6161612
 2326.0 2353.0  0.6483065  4.7948780  0.6087297
 2353.0 2381.0  0.6508711  4.7362990  0.6009768
 2381.0 2410.0  0.6546525  4.6769071  0.5931678
 2410.0 2439.0  0.6604292  4.6147628  0.5850211
 2439.0 2469.0  0.6661946  4.5485978  0.5766259
 2469.0 2500.0  0.6719680  4.4811001  0.5683056
 2500.0 2532.0  0.6778217  4.4078069  0.5595713
 2532.0 2564.0  0.6835957  4.3333540  0.5510029
 2564.0 2597.0  0.6892833  4.2577400  0.5426401
 2597.0 2632.0  0.6950586  4.1763620  0.5340149
 2632.0 2667.0  0.7004837  4.0893569  0.5252270
 2667.0 2703.0  0.7050391  4.0041852  0.5170435
 2703.0 2740.0  0.7049112  3.8387320  0.5074214
 2740.0 2778.0  0.7091671  3.7456150  0.4993581
 2778.0 2817.0  0.7133655  3.6519930  0.4916741
 2817.0 2857.0  0.7174388  3.5532970  0.4840071
 2857.0 2899.0  0.7162256  3.3784521  0.4753032
 2899.0 2941.0  0.7200922  3.2758329  0.4681732
 2941.0 2985.0  0.7233832  3.1717870  0.4613265
 2985.0 3030.0  0.7250680  3.0680389  0.4548238
 3030.0 3077.0  0.7206324  2.8919070  0.4473142
 3077.0 3125.0  0.7219426  2.7858930  0.4412604
 3125.0 3175.0  0.7230977  2.6774230  0.4353532
 3175.0 3225.0  0.7177510  2.5091200  0.4288789
 3225.0 3275.0  0.7185775  2.4055200  0.4236432
 3275.0 3325.0  0.7197943  2.3038421  0.4187182
 3325.0 3375.0  0.7211459  2.2047229  0.4140901
 3375.0 3425.0  0.7224753  2.1085920  0.4097413
 3425.0 3450.0  0.7165273  1.9886470  0.4059550
 3450.0 3550.0  0.7182855  1.8789980  0.4011671
 3550.0 3650.0  0.7266915  1.7575949  0.3947418
 3650.0 3750.0  0.7272374  1.6042500  0.3884397
 3750.0 3850.0  0.7351382  1.4989680  0.3832621
 3850.0 3950.0  0.7434515  1.3993150  0.3785463
 3950.0 4050.0  0.7523625  1.3051370  0.3742274
 4050.0 4150.0  0.7679345  1.2453279  0.3707091
 4150.0 4250.0  0.7772404  1.1605850  0.3670173
 4250.0 4350.0  0.7869549  1.0814650  0.3635830
 4350.0 4450.0  0.7973926  1.0074190  0.3603687
 4450.0 4550.0  0.7988181  0.9219072  0.3569796
 4550.0 4650.0  0.7990002  0.8460180  0.3537912
 4650.0 4750.0  0.7998325  0.7770224  0.3507653
 4750.0 4850.0  0.7960885  0.6986475  0.3475338
 4850.0 4950.0  0.7984112  0.6427336  0.3447887
 4950.0 5050.0  0.8015379  0.5916773  0.3421531
 5050.0 5150.0  0.8056203  0.5449260  0.3396139
 5150.0 5250.0  0.8107089  0.5020607  0.3371599
 5250.0 5350.0  0.8168541  0.4627098  0.3347811
 5350.0 5450.0  0.8194784  0.4171607  0.3321908
 5450.0 5550.0  0.8283523  0.3844593  0.3299476
 5550.0 5650.0  0.8387853  0.3542165  0.3277563
 5650.0 5750.0  0.8433244  0.3290342  0.3256207
 5750.0 5850.0  0.8444544  0.3072566  0.3235302
 5850.0 5950.0  0.8460550  0.2871498  0.3214747
 5950.0 6050.0  0.8439724  0.2626067  0.3192214
 6050.0 6150.0  0.8466718  0.2457694  0.3172319
 6150.0 6250.0  0.8498884  0.2300501  0.3151454
 6250.0 6350.0  0.8539127  0.2155842  0.3133292
 6350.0 6450.0  0.8584503  0.2020428  0.3114029
 6450.0 6550.0  0.8636854  0.1894139  0.3094987
 6550.0 6650.0  0.8660058  0.1736159  0.3074184
 6650.0 6750.0  0.8729628  0.1628072  0.3055507
 6750.0 6850.0  0.8808050  0.1526773  0.3036948
 6850.0 6950.0  0.8885846  0.1433326  0.3018516
 6950.0 7050.0  0.8891139  0.1357759  0.3000219
 7050.0 7150.0  0.8898649  0.1287006  0.2982006
 7150.0 7250.0  0.8907204  0.1220849  0.2963887
 7250.0 7350.0  0.8919383  0.1158593  0.2945847
 7350.0 7450.0  0.8902409  0.1074970  0.2926321
 7450.0 7550.0  0.8920202  0.1021220  0.2908461
 7550.0 7650.0  0.8939300  0.0970751  0.2890664
 7650.0 7750.0  0.8962770  0.0923005  0.2872926
 7750.0 7850.0  0.8989303  0.0877937  0.2855245
 7850.0 7950.0  0.9017366  0.0835508  0.2837617
 7950.0 8050.0  0.9050400  0.0795231  0.2820040
 8050.0 8150.0  0.9086958  0.0757101  0.2802512
 8150.0 8250.0  0.9127214  0.0720972  0.2785032
 8250.0 8350.0  0.9143952  0.0670777  0.2766336
 8350.0 8450.0  0.9193484  0.0638947  0.2748974
 8450.0 8550.0  0.9247466  0.0608702  0.2731659
