 1216.0 1216.0  0.3933014 21.1779900  0.9246009
 1300.0 1350.0  0.4176168 21.1477604  0.9189557
 1350.0 1400.0  0.4312584 20.9941807  0.9160010
 1400.0 1450.0  0.4392824 20.7123299  0.9121124
 1450.0 1500.0  0.4488556 20.3064194  0.9071140
 1500.0 1550.0  0.4586060 19.8577003  0.9016705
 1550.0 1600.0  0.4674838 19.4371605  0.8965041
 1600.0 1650.0  0.4748580 19.0693798  0.8920926
 1650.0 1700.0  0.4800415 18.8734398  0.8884248
 1700.0 1750.0  0.4843048 18.7177792  0.8854283
 1754.0 1770.0  0.4872441 18.6169205  0.8835497
 1770.0 1786.0  0.4885086 18.5747795  0.8828025
 1786.0 1802.0  0.4897891 18.5327606  0.8820848
 1802.0 1818.0  0.4918109 18.5913391  0.8809891
 1818.0 1835.0  0.4931482 18.5502796  0.8803245
 1835.0 1852.0  0.4946015 18.5057507  0.8796334
 1852.0 1869.0  0.4961158 18.4590492  0.8789476
 1869.0 1887.0  0.4977797 18.4071903  0.8782136
 1887.0 1905.0  0.4995731 18.3520203  0.8774652
 1905.0 1923.0  0.5014724 18.2931499  0.8766921
 1923.0 1942.0  0.5035660 18.2270699  0.8758399
 1942.0 1961.0  0.5057520 18.1590595  0.8749895
 1961.0 1980.0  0.5080572 18.0842304  0.8740404
 1980.0 2000.0  0.5100695 18.0072594  0.8729758
 2000.0 2020.0  0.5122137 17.9251499  0.8718365
 2020.0 2041.0  0.5144846 17.8380909  0.8706191
 2041.0 2062.0  0.5169839 17.7418194  0.8692551
 2062.0 2083.0  0.5197942 17.7854309  0.8680687
 2083.0 2105.0  0.5226333 17.6775894  0.8665241
 2105.0 2128.0  0.5255997 17.5651093  0.8648854
 2128.0 2151.0  0.5287845 17.4435005  0.8630782
 2151.0 2174.0  0.5320641 17.3182106  0.8611744
 2174.0 2200.0  0.5356762 17.1790905  0.8590126
 2200.0 2222.0  0.5392241 17.0427399  0.8568544
 2222.0 2247.0  0.5426750 16.9101906  0.8547205
 2247.0 2273.0  0.5465645 16.7594891  0.8522438
 2273.0 2299.0  0.5509867 16.7585697  0.8504768
 2299.0 2326.0  0.5549977 16.6059494  0.8479419
 2326.0 2353.0  0.5591283 16.4478092  0.8452768
 2353.0 2381.0  0.5633604 16.2847195  0.8424943
 2381.0 2410.0  0.5688078 16.1072903  0.8396912
 2410.0 2439.0  0.5762901 15.9033804  0.8367608
 2439.0 2469.0  0.5839995 15.6947899  0.8337480
 2469.0 2500.0  0.5921376 15.4976397  0.8308693
 2500.0 2532.0  0.6000784 15.2694197  0.8276353
 2532.0 2564.0  0.6083749 15.0547895  0.8245729
 2564.0 2597.0  0.6167318 14.8429203  0.8215889
 2597.0 2632.0  0.6254930 14.6228905  0.8185232
 2632.0 2667.0  0.6342208 14.3990898  0.8154139
 2667.0 2703.0  0.6421197 14.1912098  0.8125385
 2703.0 2740.0  0.6481732 13.8449097  0.8088893
 2740.0 2778.0  0.6563163 13.6296997  0.8061051
 2778.0 2817.0  0.6645140 13.4172201  0.8034819
 2817.0 2857.0  0.6728973 13.1989202  0.8009012
 2857.0 2899.0  0.6789696 12.8417196  0.7977168
 2899.0 2941.0  0.6875684 12.6200304  0.7954069
 2941.0 2985.0  0.6957155 12.3988400  0.7933651
 2985.0 3030.0  0.7024707 12.1908798  0.7912504
 3030.0 3077.0  0.7063801 11.8318701  0.7887180
 3077.0 3125.0  0.7131782 11.6135502  0.7869949
 3125.0 3175.0  0.7200820 11.3891497  0.7853808
 3175.0 3225.0  0.7236955 11.0215902  0.7833931
 3225.0 3275.0  0.7304139 10.7981300  0.7821081
 3275.0 3325.0  0.7374924 10.5746498  0.7809619
 3325.0 3375.0  0.7446460 10.3530197  0.7799479
 3375.0 3425.0  0.7517031 10.1344805  0.7790584
 3425.0 3450.0  0.7533193  9.8267965  0.7780440
 3450.0 3550.0  0.7619423  9.5616293  0.7772095
 3550.0 3650.0  0.7777450  9.2939215  0.7765333
 3650.0 3750.0  0.7885446  8.8984947  0.7757728
 3750.0 3850.0  0.8027131  8.6535053  0.7755684
 3850.0 3950.0  0.8165671  8.4156227  0.7755176
 3950.0 4050.0  0.8302991  8.1896763  0.7755455
 4050.0 4150.0  0.8464264  8.0920029  0.7760242
 4150.0 4250.0  0.8587995  7.8732781  0.7762489
 4250.0 4350.0  0.8706833  7.6613941  0.7765279
 4350.0 4450.0  0.8822762  7.4555449  0.7768446
 4450.0 4550.0  0.8883425  7.1427751  0.7769763
 4550.0 4650.0  0.8931563  6.8439202  0.7771471
 4650.0 4750.0  0.8979752  6.5554099  0.7773390
 4750.0 4850.0  0.9006050  6.1633019  0.7773511
 4850.0 4950.0  0.9055447  5.8986092  0.7775703
 4950.0 5050.0  0.9105411  5.6443958  0.7777887
 5050.0 5150.0  0.9156584  5.4003859  0.7780015
 5150.0 5250.0  0.9209003  5.1664262  0.7782048
 5250.0 5350.0  0.9262682  4.9423022  0.7783951
 5350.0 5450.0  0.9300779  4.6312332  0.7784253
 5450.0 5550.0  0.9359258  4.4287748  0.7785901
 5550.0 5650.0  0.9420186  4.2350998  0.7787361
 5650.0 5750.0  0.9453619  4.0571871  0.7788672
 5750.0 5850.0  0.9471874  3.8913491  0.7789793
 5850.0 5950.0  0.9490834  3.7333000  0.7790690
 5950.0 6050.0  0.9497135  3.5037589  0.7790216
 6050.0 6150.0  0.9518147  3.3628981  0.7790697
 6150.0 6250.0  0.9540069  3.2286620  0.7790949
 6250.0 6350.0  0.9563220  3.1005909  0.7790923
 6350.0 6450.0  0.9587135  2.9786749  0.7790768
 6450.0 6550.0  0.9612109  2.8623531  0.7790338
 6550.0 6650.0  0.9627778  2.6875219  0.7788762
 6650.0 6750.0  0.9655786  2.5837760  0.7787923
 6750.0 6850.0  0.9685062  2.4847660  0.7786869
 6850.0 6950.0  0.9712768  2.3907599  0.7785608
 6950.0 7050.0  0.9719122  2.3049450  0.7784153
 7050.0 7150.0  0.9725829  2.2231219  0.7782496
 7150.0 7250.0  0.9732556  2.1451001  0.7780642
 7250.0 7350.0  0.9739988  2.0705590  0.7778596
 7350.0 7450.0  0.9739947  1.9509830  0.7775638
 7450.0 7550.0  0.9748384  1.8845230  0.7773243
 7550.0 7650.0  0.9756859  1.8210450  0.7770669
 7650.0 7750.0  0.9766129  1.7602800  0.7767923
 7750.0 7850.0  0.9775835  1.7021379  0.7765009
 7850.0 7950.0  0.9785587  1.6465330  0.7761933
 7950.0 8050.0  0.9796185  1.5932260  0.7758697
 8050.0 8150.0  0.9807249  1.5421480  0.7755310
 8150.0 8250.0  0.9818786  1.4931840  0.7751773
 8250.0 8350.0  0.9824901  1.4101650  0.7747523
 8350.0 8450.0  0.9837801  1.3661820  0.7743714
 8450.0 8550.0  0.9851224  1.3239630  0.7739770
