     Z      PO2_O1D    PO2_O3P   
 2.50E+04   0.00E+00   3.42E-12  
 1.75E+05   0.00E+00   1.11E-11  
 3.25E+05   0.00E+00   2.88E-11  
 4.75E+05   0.00E+00   6.59E-11  
 6.25E+05   0.00E+00   1.34E-10  
 7.75E+05   0.00E+00   2.44E-10  
 9.25E+05   0.00E+00   4.03E-10  
 1.08E+06   0.00E+00   6.36E-10  
 1.23E+06   0.00E+00   9.99E-10  
 1.38E+06   1.83-275   1.49E-09  
 1.53E+06   1.07-214   2.17E-09  
 1.68E+06   1.00-167   3.09E-09  
 1.83E+06   2.21-131   4.25E-09  
 1.98E+06   2.93-103   5.54E-09  
 2.13E+06   1.63E-81   7.05E-09  
 2.28E+06   1.02E-64   8.55E-09  
 2.43E+06   9.37E-52   1.01E-08  
 2.58E+06   9.33E-42   1.16E-08  
 2.73E+06   4.76E-34   1.29E-08  
 2.88E+06   4.15E-28   1.42E-08  
 3.03E+06   1.57E-23   1.53E-08  
 3.18E+06   5.27E-20   1.62E-08  
 3.33E+06   2.75E-17   1.70E-08  
 3.48E+06   3.42E-15   1.76E-08  
 3.63E+06   1.41E-13   1.81E-08  
 3.78E+06   2.48E-12   1.85E-08  
 3.93E+06   2.26E-11   1.88E-08  
 4.08E+06   1.24E-10   1.91E-08  
 4.23E+06   4.63E-10   1.93E-08  
 4.38E+06   1.28E-09   1.94E-08  
 4.53E+06   2.81E-09   1.95E-08  
 4.68E+06   5.16E-09   1.96E-08  
 4.83E+06   8.27E-09   1.97E-08  
 4.98E+06   1.20E-08   1.98E-08  
 5.13E+06   1.60E-08   1.98E-08  
 5.28E+06   2.02E-08   1.99E-08  
 5.43E+06   2.44E-08   1.99E-08  
 5.58E+06   2.89E-08   2.00E-08  
 5.73E+06   3.38E-08   2.01E-08  
 5.88E+06   3.96E-08   2.02E-08  
 6.03E+06   4.67E-08   2.04E-08  
 6.18E+06   5.52E-08   2.05E-08  
 6.33E+06   6.55E-08   2.07E-08  
 6.48E+06   7.81E-08   2.10E-08  
 6.63E+06   9.38E-08   2.12E-08  
 6.78E+06   1.14E-07   2.14E-08  
 6.93E+06   1.40E-07   2.16E-08  
 7.08E+06   1.78E-07   2.19E-08  
 7.23E+06   2.36E-07   2.21E-08  
 7.38E+06   3.34E-07   2.23E-08  
 7.53E+06   5.23E-07   2.25E-08  
 7.68E+06   9.16E-07   2.27E-08  
 7.83E+06   1.62E-06   2.27E-08  
 7.98E+06   2.54E-06   2.27E-08  