     Z      PO2_O1D    PO2_O3P    
 2.50E+04   0.00E+00   3.39E-12   
 1.75E+05   0.00E+00   1.10E-11   
 3.25E+05   0.00E+00   2.86E-11   
 4.75E+05   0.00E+00   6.55E-11   
 6.25E+05   0.00E+00   1.33E-10   
 7.75E+05   0.00E+00   2.42E-10   
 9.25E+05   0.00E+00   4.01E-10   
 1.08E+06   0.00E+00   6.32E-10   
 1.23E+06   0.00E+00   9.90E-10   
 1.38E+06   6.07-277   1.47E-09   
 1.53E+06   3.55-216   2.13E-09   
 1.68E+06   3.32-169   3.02E-09   
 1.83E+06   7.32-133   4.12E-09   
 1.98E+06   1.04-104   5.36E-09   
 2.13E+06   7.28E-83   6.82E-09   
 2.28E+06   6.95E-66   8.27E-09   
 2.43E+06   1.13E-52   9.80E-09   
 2.58E+06   2.00E-42   1.13E-08   
 2.73E+06   1.65E-34   1.26E-08   
 2.88E+06   2.05E-28   1.39E-08   
 3.03E+06   9.82E-24   1.50E-08   
 3.18E+06   3.83E-20   1.59E-08   
 3.33E+06   2.17E-17   1.67E-08   
 3.48E+06   2.83E-15   1.73E-08   
 3.63E+06   1.19E-13   1.78E-08   
 3.78E+06   2.13E-12   1.82E-08   
 3.93E+06   1.96E-11   1.85E-08   
 4.08E+06   1.08E-10   1.88E-08   
 4.23E+06   4.05E-10   1.90E-08   
 4.38E+06   1.12E-09   1.91E-08   
 4.53E+06   2.47E-09   1.93E-08   
 4.68E+06   4.55E-09   1.94E-08   
 4.83E+06   7.31E-09   1.94E-08   
 4.98E+06   1.06E-08   1.95E-08   
 5.13E+06   1.42E-08   1.96E-08   
 5.28E+06   1.79E-08   1.96E-08   
 5.43E+06   2.18E-08   1.97E-08   
 5.58E+06   2.59E-08   1.97E-08   
 5.73E+06   3.06E-08   1.99E-08   
 5.88E+06   3.63E-08   2.00E-08   
 6.03E+06   4.32E-08   2.02E-08   
 6.18E+06   5.15E-08   2.04E-08   
 6.33E+06   6.16E-08   2.06E-08   
 6.48E+06   7.41E-08   2.09E-08   
 6.63E+06   8.95E-08   2.11E-08   
 6.78E+06   1.09E-07   2.13E-08   
 6.93E+06   1.35E-07   2.16E-08   
 7.08E+06   1.73E-07   2.18E-08   
 7.23E+06   2.30E-07   2.21E-08   
 7.38E+06   3.26E-07   2.23E-08   
 7.53E+06   5.11E-07   2.25E-08   
 7.68E+06   9.00E-07   2.27E-08   
 7.83E+06   1.60E-06   2.27E-08   
 7.98E+06   2.54E-06   2.27E-08   