     Z      PO2_O1D    PO2_O3P   
 2.50E+04   0.00E+00   3.73E-32  
 1.75E+05   0.00E+00   1.74E-29  
 3.25E+05   0.00E+00   4.89E-27  
 4.75E+05   0.00E+00   8.11E-25  
 6.25E+05   0.00E+00   7.72E-23  
 7.75E+05   0.00E+00   4.15E-21  
 9.25E+05   0.00E+00   1.27E-19  
 1.08E+06   0.00E+00   2.31E-18  
 1.23E+06   0.00E+00   2.58E-17  
 1.38E+06   0.00E+00   1.81E-16  
 1.53E+06   0.00E+00   8.73E-16  
 1.68E+06   0.00E+00   3.18E-15  
 1.83E+06   0.00E+00   9.43E-15  
 1.98E+06   0.00E+00   2.43E-14  
 2.13E+06   0.00E+00   5.81E-14  
 2.28E+06   0.00E+00   1.34E-13  
 2.43E+06   0.00E+00   3.01E-13  
 2.58E+06   0.00E+00   6.63E-13  
 2.73E+06   0.00E+00   1.41E-12  
 2.88E+06   0.00E+00   2.90E-12  
 3.03E+06   0.00E+00   5.72E-12  
 3.18E+06   0.00E+00   1.09E-11  
 3.33E+06   3.32-303   1.98E-11  
 3.48E+06   1.51-245   3.41E-11  
 3.63E+06   6.55-200   5.55E-11  
 3.78E+06   1.23-163   8.55E-11  
 3.93E+06   1.10-134   1.25E-10  
 4.08E+06   1.69-111   1.73E-10  
 4.23E+06   7.45E-93   2.25E-10  
 4.38E+06   8.22E-78   2.74E-10  
 4.53E+06   1.24E-65   3.15E-10  
 4.68E+06   9.62E-56   3.50E-10  
 4.83E+06   1.12E-47   3.80E-10  
 4.98E+06   5.08E-41   4.08E-10  
 5.13E+06   1.67E-35   4.35E-10  
 5.28E+06   6.39E-31   4.62E-10  
 5.43E+06   4.45E-27   4.92E-10  
 5.58E+06   7.33E-24   5.26E-10  
 5.73E+06   3.56E-21   5.65E-10  
 5.88E+06   6.14E-19   6.12E-10  
 6.03E+06   4.41E-17   6.70E-10  
 6.18E+06   1.51E-15   7.40E-10  
 6.33E+06   2.80E-14   8.26E-10  
 6.48E+06   3.07E-13   9.30E-10  
 6.63E+06   2.18E-12   1.05E-09  
 6.78E+06   1.08E-11   1.20E-09  
 6.93E+06   3.97E-11   1.38E-09  
 7.08E+06   1.14E-10   1.61E-09  
 7.23E+06   2.65E-10   1.89E-09  
 7.38E+06   5.23E-10   2.26E-09  
 7.53E+06   8.96E-10   2.74E-09  
 7.68E+06   1.37E-09   3.40E-09  
 7.83E+06   1.93E-09   4.30E-09  
 7.98E+06   2.54E-06   6.97E-09  