     Z      PO2_O1D    PO2_O3P   
 2.50E+04   0.00E+00   2.04E-20  
 1.75E+05   0.00E+00   3.01E-19  
 3.25E+05   0.00E+00   2.62E-18  
 4.75E+05   0.00E+00   1.56E-17  
 6.25E+05   0.00E+00   6.93E-17  
 7.75E+05   0.00E+00   2.44E-16  
 9.25E+05   0.00E+00   7.02E-16  
 1.08E+06   0.00E+00   1.70E-15  
 1.23E+06   0.00E+00   3.54E-15  
 1.38E+06   0.00E+00   6.41E-15  
 1.53E+06   0.00E+00   1.05E-14  
 1.68E+06   0.00E+00   1.61E-14  
 1.83E+06   0.00E+00   2.39E-14  
 1.98E+06   0.00E+00   3.62E-14  
 2.13E+06   0.00E+00   5.73E-14  
 2.28E+06   0.00E+00   9.65E-14  
 2.43E+06   0.00E+00   1.70E-13  
 2.58E+06   0.00E+00   3.05E-13  
 2.73E+06   0.00E+00   5.48E-13  
 2.88E+06   0.00E+00   9.75E-13  
 3.03E+06   0.00E+00   1.71E-12  
 3.18E+06   0.00E+00   2.94E-12  
 3.33E+06   3.32-303   4.90E-12  
 3.48E+06   1.51-245   7.78E-12  
 3.63E+06   6.55-200   1.17E-11  
 3.78E+06   1.23-163   1.65E-11  
 3.93E+06   1.10-134   2.23E-11  
 4.08E+06   1.69-111   2.88E-11  
 4.23E+06   7.45E-93   3.58E-11  
 4.38E+06   8.22E-78   4.34E-11  
 4.53E+06   1.24E-65   5.17E-11  
 4.68E+06   9.62E-56   6.13E-11  
 4.83E+06   1.12E-47   7.28E-11  
 4.98E+06   5.08E-41   8.71E-11  
 5.13E+06   1.67E-35   1.05E-10  
 5.28E+06   6.39E-31   1.28E-10  
 5.43E+06   4.45E-27   1.56E-10  
 5.58E+06   7.33E-24   1.92E-10  
 5.73E+06   3.56E-21   2.34E-10  
 5.88E+06   6.14E-19   2.85E-10  
 6.03E+06   4.41E-17   3.46E-10  
 6.18E+06   1.51E-15   4.18E-10  
 6.33E+06   2.80E-14   5.05E-10  
 6.48E+06   3.07E-13   6.12E-10  
 6.63E+06   2.18E-12   7.46E-10  
 6.78E+06   1.08E-11   9.19E-10  
 6.93E+06   3.97E-11   1.14E-09  
 7.08E+06   1.14E-10   1.45E-09  
 7.23E+06   2.65E-10   1.87E-09  
 7.38E+06   5.23E-10   2.51E-09  
 7.53E+06   8.96E-10   3.69E-09  
 7.68E+06   1.37E-09   6.20E-09  
 7.83E+06   1.93E-09   1.16E-08  
 7.98E+06   2.54E-06   2.20E-08  