   25000.000000000000        0.0000000000000000       1.41043473556560662E-010
   75000.000000000000        0.0000000000000000       1.78137628608807069E-010
   125000.00000000000        0.0000000000000000       2.14232179366354433E-010
   175000.00000000000        0.0000000000000000       2.49524056889631298E-010
   225000.00000000000        0.0000000000000000       2.84160271272638147E-010
   275000.00000000000        0.0000000000000000       3.18285701619631652E-010
   325000.00000000000        0.0000000000000000       3.52079485453418297E-010
   375000.00000000000        0.0000000000000000       3.85770367530103569E-010
   425000.00000000000        0.0000000000000000       4.19581532596267089E-010
   475000.00000000000        0.0000000000000000       4.53654677095286667E-010
   525000.00000000000        0.0000000000000000       4.88039438722791247E-010
   575000.00000000000        0.0000000000000000       5.22723843478089929E-010
   625000.00000000000        0.0000000000000000       5.57679061821755627E-010
   675000.00000000000        0.0000000000000000       5.92902759448254485E-010
   725000.00000000000        0.0000000000000000       6.28455690419163384E-010
   775000.00000000000        0.0000000000000000       6.64483213866488367E-010
   825000.00000000000        0.0000000000000000       7.01221714530301177E-010
   875000.00000000000        0.0000000000000000       7.38991094000934944E-010
   925000.00000000000        0.0000000000000000       7.78182715881742989E-010
   975000.00000000000        0.0000000000000000       8.19259387817421599E-010
   1025000.0000000000        0.0000000000000000       8.62763274773102224E-010
   1075000.0000000000        0.0000000000000000       9.09325002382712429E-010
   1125000.0000000000        0.0000000000000000       9.58851420748856297E-010
   1175000.0000000000        0.0000000000000000       1.01099180235642704E-009
   1225000.0000000000        0.0000000000000000       1.06616887590809801E-009
   1275000.0000000000        0.0000000000000000       1.12481785354814614E-009
   1325000.0000000000        0.0000000000000000       1.18738911952023378E-009
   1375000.0000000000        0.0000000000000000       1.25435964968696951E-009
   1425000.0000000000        0.0000000000000000       1.32625374008174670E-009
   1475000.0000000000        0.0000000000000000       1.40366109958777850E-009
   1525000.0000000000        0.0000000000000000       1.48725803410601455E-009
   1575000.0000000000        0.0000000000000000       1.57783790176996670E-009
   1625000.0000000000        0.0000000000000000       1.67634519019183475E-009
   1675000.0000000000        0.0000000000000000       1.78390898361932598E-009
   1725000.0000000000        0.0000000000000000       1.90187917529116364E-009
   1775000.0000000000        0.0000000000000000       2.03186224947855645E-009
   1825000.0000000000        0.0000000000000000       2.17573779954058957E-009
   1875000.0000000000        0.0000000000000000       2.33564099230645136E-009
   1925000.0000000000        0.0000000000000000       2.51392301399064219E-009
   1975000.0000000000        0.0000000000000000       2.71310260344277748E-009
   2025000.0000000000        0.0000000000000000       2.93579611566879114E-009
   2075000.0000000000        0.0000000000000000       3.18463870416993563E-009
   2125000.0000000000        0.0000000000000000       3.46219953769454043E-009
   2175000.0000000000        0.0000000000000000       3.77090610030232971E-009
   2225000.0000000000        0.0000000000000000       4.11301623285339994E-009
   2275000.0000000000       5.37131602104721533E-161  4.49058195060351285E-009
   2325000.0000000000       5.18282477730600651E-148  4.90541359194383183E-009
   2375000.0000000000       3.56284088528242945E-136  5.35911060609309418E-009
   2425000.0000000000       2.20507480463976296E-125  5.85310448616079331E-009
   2475000.0000000000       1.52096503899760177E-115  6.38871201493638809E-009
   2525000.0000000000       1.42027743047668737E-106  6.96719338527359525E-009
   2575000.0000000000       2.14397759712314845E-098  7.58980364692307994E-009
   2625000.0000000000       6.15045198396216612E-091  8.25782395608436458E-009
   2675000.0000000000       3.88593834795504173E-084  8.97255941528566130E-009
   2725000.0000000000       6.18597600056751054E-078  9.73529062596962565E-009
   2775000.0000000000       2.80485378066688832E-072  1.05471698224842807E-008
   2825000.0000000000       4.05082931524556327E-067  1.14090723276639667E-008
   2875000.0000000000       2.06311398080524387E-062  1.23214402702531687E-008
   2925000.0000000000       4.06559010688852319E-058  1.32841376020011377E-008
   2975000.0000000000       3.37320012876367771E-054  1.42962983874956896E-008
   3025000.0000000000       1.27260094444827829E-050  1.53561862313421101E-008
   3075000.0000000000       2.34134480446640021E-047  1.64611048858728467E-008
   3125000.0000000000       2.23866239834614894E-044  1.76073807981270438E-008
   3175000.0000000000       1.17862911952163764E-041  1.87904439185744952E-008
   3225000.0000000000       3.60151246807916941E-039  2.00049701845525178E-008
   3275000.0000000000       6.70080022844514446E-037  2.12450098110775655E-008
   3325000.0000000000       7.92959431522482173E-035  2.25041119648254019E-008
   3375000.0000000000       6.21001152907753812E-033  2.37754720702725807E-008
   3425000.0000000000       3.33673134613715558E-031  2.50520959581407095E-008
   3475000.0000000000       1.27112194266255258E-029  2.63269926361200383E-008
   3525000.0000000000       3.53720680079270624E-028  2.75933411374266691E-008
   3575000.0000000000       7.38844406739390470E-027  2.88445607890247130E-008
   3625000.0000000000       1.18743324244770791E-025  3.00743754412283550E-008
   3675000.0000000000       1.50174516065014608E-024  3.12769518078790448E-008
   3725000.0000000000       1.52548788683199508E-023  3.24470205579942755E-008
   3775000.0000000000       1.26812184924184162E-022  3.35799246765294196E-008
   3825000.0000000000       8.77530734797788732E-022  3.46716283676408947E-008
   3875000.0000000000       5.13678353738064632E-021  3.57187039452152014E-008
   3925000.0000000000       2.61593114606919915E-020  3.67183305207841829E-008
   3975000.0000000000       1.44976159141552783E-019  3.76683117445391020E-008
   4025000.0000000000       2.04484122762437294E-018  3.85670701811467966E-008
   4075000.0000000000       5.22514848520419042E-017  3.94136146390847779E-008
   4125000.0000000000       1.06918836153239389E-015  4.02075058607835638E-008
   4175000.0000000000       1.55059253379499524E-014  4.09488378759647829E-008
   4225000.0000000000       1.62395271335287942E-013  4.16382380207239400E-008
   4275000.0000000000       1.26727845360583593E-012  4.22768731935488726E-008
   4325000.0000000000       7.59540014261288678E-012  4.28664603625053812E-008
   4375000.0000000000       3.59489272900473181E-011  4.34092896494484416E-008
   4425000.0000000000       1.37812863474950194E-010  4.39082218015368947E-008
   4475000.0000000000       4.37878764613527126E-010  4.43665877475042270E-008
   4525000.0000000000       1.17691273677884788E-009  4.47880100155528818E-008
   4575000.0000000000       2.72456889970337209E-009  4.51761956898138844E-008
   4625000.0000000000       5.52544668614030673E-009  4.55347178948844420E-008
   4675000.0000000000       9.98119252621503808E-009  4.58668912062970760E-008
   4725000.0000000000       1.63173466993356014E-008  4.61757962622619779E-008
   4775000.0000000000       2.44977925445811775E-008  4.64643632489019335E-008
   4825000.0000000000       3.42311564422240308E-008  4.67354470466237058E-008
   4875000.0000000000       4.50599514109583917E-008  4.69918695475016056E-008
   4925000.0000000000       5.64812965878385920E-008  4.72364264646264670E-008
   4975000.0000000000       6.80461014146215905E-008  4.74718844129132814E-008
   5025000.0000000000       7.94078155995732207E-008  4.77009597038405998E-008
   5075000.0000000000       9.03288327143869661E-008  4.79262528590337922E-008
   5125000.0000000000       1.00666051311842481E-007  4.81501497446446523E-008
   5175000.0000000000       1.10349059787286214E-007  4.83747179304707951E-008
   5225000.0000000000       1.19358074540363590E-007  4.86016204175476694E-008
   5275000.0000000000       1.27705445131844163E-007  4.88320604378241466E-008
   5325000.0000000000       1.35421854798226412E-007  4.90667574970288523E-008
   5375000.0000000000       1.42546846422249507E-007  4.93059337150344496E-008
   5425000.0000000000       1.49122792906232680E-007  4.95492670204174098E-008
   5475000.0000000000       1.55191443793430501E-007  4.97957802604232714E-008
   5525000.0000000000       1.60792353223327395E-007  5.00437525184384615E-008
   5575000.0000000000       1.65962519448776628E-007  5.02908525160087352E-008
   5625000.0000000000       1.70736454200622460E-007  5.05345106176411503E-008
   5675000.0000000000       1.75146156488264369E-007  5.07722937189986204E-008
   5725000.0000000000       1.79221021399251875E-007  5.10021221455604099E-008
   5775000.0000000000       1.82987874241238335E-007  5.12223442124128783E-008
   5825000.0000000000       1.86471145271725522E-007  5.14317310327427109E-008
   5875000.0000000000       1.89693107922373002E-007  5.16294365981993027E-008
   5925000.0000000000       1.92674116926959181E-007  5.18149471139017421E-008
   5975000.0000000000       1.95432815802897122E-007  5.19880303456927722E-008
   6025000.0000000000       1.97986306201092062E-007  5.21486888336294970E-008
   6075000.0000000000       2.00350283615010412E-007  5.22971177337750627E-008
   6125000.0000000000       2.02539148589459935E-007  5.24336669685941702E-008
   6175000.0000000000       2.04566102968063136E-007  5.25588072015315869E-008
   6225000.0000000000       2.06443238885008962E-007  5.26730993094501793E-008
   6275000.0000000000       2.08181625469759437E-007  5.27771672227073490E-008
   6325000.0000000000       2.09791395477508583E-007  5.28716741267383971E-008
   6375000.0000000000       2.11281831828951171E-007  5.29573020507582435E-008
   6425000.0000000000       2.12661452597057774E-007  5.30347348280264405E-008
   6475000.0000000000       2.13938092337229104E-007  5.31046443296734192E-008
   6525000.0000000000       2.15118977679171298E-007  5.31676797801486750E-008
   6575000.0000000000       2.16210795562369817E-007  5.32244598788356841E-008
   6625000.0000000000       2.17219753172107261E-007  5.32755673920079111E-008
   6675000.0000000000       2.18151629330398288E-007  5.33215458467112896E-008
   6725000.0000000000       2.19011817689976337E-007  5.33628979521409246E-008
   6775000.0000000000       2.19805362507141381E-007  5.34000853899168859E-008
   6825000.0000000000       2.20536988019388023E-007  5.34335213393610075E-008
   6875000.0000000000       2.21211113492844129E-007  5.34635666917251571E-008
   6925000.0000000000       2.21831865904295006E-007  5.34905445115470255E-008
   6975000.0000000000       2.22403108956631656E-007  5.35147513218384366E-008
   7025000.0000000000       2.22928467845458362E-007  5.35364585006381195E-008
   7075000.0000000000       2.23411341803026734E-007  5.35559137026551908E-008
   7125000.0000000000       2.23854915212049905E-007  5.35733423547518599E-008
   7175000.0000000000       2.24262167804476977E-007  5.35889491802780303E-008
   7225000.0000000000       2.24635884251507802E-007  5.36029197177055259E-008
   7275000.0000000000       2.24978663363749261E-007  5.36154218075100715E-008
   7325000.0000000000       2.25292927046617230E-007  5.36266070281554395E-008
   7375000.0000000000       2.25580929096976108E-007  5.36366120676214736E-008
   7425000.0000000000       2.25844763882028678E-007  5.36455600214074754E-008
   7475000.0000000000       2.26086374909116820E-007  5.36535616115187062E-008
   7525000.0000000000       2.26307563273399227E-007  5.36607163237535704E-008
   7575000.0000000000       2.26509995957246350E-007  5.36671134627951844E-008
   7625000.0000000000       2.26695213948648986E-007  5.36728331262635585E-008
   7675000.0000000000       2.26864640144224675E-007  5.36779471001177515E-008
   7725000.0000000000       2.27019587004029509E-007  5.36825196786787835E-008
   7775000.0000000000       2.27161263929158436E-007  5.36866084131423685E-008
   7825000.0000000000       2.27290784338116260E-007  5.36902647928261452E-008
   7875000.0000000000       2.27409172423475932E-007  5.36935348635982924E-008
   7925000.0000000000       2.27517369575921550E-007  5.36964597879947150E-008
   7975000.0000000000       2.27616240468080321E-007  5.36990763514921316E-008
   8025000.0000000000       2.27706578795363613E-007  5.37014174192888291E-008
   8075000.0000000000       2.27789112675266430E-007  5.37035123477698234E-008
   8125000.0000000000       2.27864509710161292E-007  5.37053873546257069E-008
   8175000.0000000000       2.27933381721575548E-007  5.37070658513599323E-008
   8225000.0000000000       2.27996289166293705E-007  5.37085687416727517E-008
   8275000.0000000000       2.28053745246425138E-007  5.37099146889597992E-008
   8325000.0000000000       2.28106219726891903E-007  5.37111203559136116E-008
   8375000.0000000000       2.28154142474675760E-007  5.37122006189729549E-008
   8425000.0000000000       2.28197906734692125E-007  5.37131687601322372E-008
   8475000.0000000000       2.28237872157383983E-007  5.37140366384005916E-008
   8525000.0000000000       2.28274367593109970E-007  5.37148148429926879E-008
   8575000.0000000000       2.28307693668184965E-007  5.37155128301377429E-008
   8625000.0000000000       2.28338125157065974E-007  5.37161390452131735E-008
   8675000.0000000000       2.28365913164690863E-007  5.37167010317430737E-008
   8725000.0000000000       2.28391287132409943E-007  5.37172055286485087E-008
   8775000.0000000000       2.28414456680325544E-007  5.37176585569977043E-008
   8825000.0000000000       2.28435613298190981E-007  5.37180654973760220E-008
   8875000.0000000000       2.28454931896338448E-007  5.37184311588819272E-008
   8925000.0000000000       2.28472572227420240E-007  5.37187598406480977E-008
   8975000.0000000000       2.28488680189063265E-007  5.37190553866956144E-008
   9025000.0000000000       2.28503389016872446E-007  5.37193212348404662E-008
   9075000.0000000000       2.28516820376570721E-007  5.37195604602982699E-008
   9125000.0000000000       2.28529085363441309E-007  5.37197758145623280E-008
   9175000.0000000000       2.28540285416646039E-007  5.37199697600683267E-008
   9225000.0000000000       2.28550513155428719E-007  5.37201445011048440E-008
   9275000.0000000000       2.28559853143682595E-007  5.37203020113779530E-008
   9325000.0000000000       2.28568382588858518E-007  5.37204440585950756E-008
   9375000.0000000000       2.28576171980724769E-007  5.37205722263923433E-008
   9425000.0000000000       2.28583285675050217E-007  5.37206879338952210E-008
   9475000.0000000000       2.28589782426875291E-007  5.37207924531710127E-008
   9525000.0000000000       2.28595715877657863E-007  5.37208869248013435E-008
   9575000.0000000000       2.28601135000227650E-007  5.37209723717810043E-008
   9625000.0000000000       2.28606084505160963E-007  5.37210497119242844E-008
   9675000.0000000000       2.28610605211886329E-007  5.37211197689415024E-008
   9725000.0000000000       2.28614734387553202E-007  5.37211832823301671E-008
   9775000.0000000000       2.28618506056443574E-007  5.37212409162091012E-008
   9825000.0000000000       2.28621951282468787E-007  5.37212932672111537E-008
   9875000.0000000000       2.28625098427081379E-007  5.37213408715348353E-008
   9925000.0000000000       2.28627973384729732E-007  5.37213842112473817E-008
   9975000.0000000000       2.28630599797803610E-007  5.37214237199173903E-008
