   25000.000000000000        0.0000000000000000       1.83877769132538517E-010
   75000.000000000000        0.0000000000000000       2.72038402132937146E-010
   125000.00000000000        0.0000000000000000       3.78927907367003976E-010
   175000.00000000000        0.0000000000000000       5.10830629095573743E-010
   225000.00000000000        0.0000000000000000       6.74975610180490051E-010
   275000.00000000000        0.0000000000000000       8.80703807649273554E-010
   325000.00000000000        0.0000000000000000       1.14217835278596309E-009
   375000.00000000000        0.0000000000000000       1.48717790398757239E-009
   425000.00000000000        0.0000000000000000       1.97498607047645530E-009
   475000.00000000000        0.0000000000000000       2.70954251521420490E-009
   525000.00000000000        0.0000000000000000       3.80441901409444716E-009
   575000.00000000000        0.0000000000000000       5.30144430224428573E-009
   625000.00000000000        0.0000000000000000       7.14107795817404752E-009
   675000.00000000000        0.0000000000000000       9.21169280039003688E-009
   725000.00000000000        0.0000000000000000       1.14054912925939621E-008
   775000.00000000000        0.0000000000000000       1.36420202536755271E-008
   825000.00000000000        0.0000000000000000       1.58689612647224217E-008
   875000.00000000000        0.0000000000000000       1.80554258330116287E-008
   925000.00000000000        0.0000000000000000       2.01845742562720135E-008
   975000.00000000000        0.0000000000000000       2.22475892687052675E-008
   1025000.0000000000        0.0000000000000000       2.42394491641783915E-008
   1075000.0000000000        0.0000000000000000       2.61563044646639085E-008
   1125000.0000000000        0.0000000000000000       2.79661199007566028E-008
   1175000.0000000000        0.0000000000000000       2.96381753003652053E-008
   1225000.0000000000        0.0000000000000000       3.11761667222892874E-008
   1275000.0000000000        0.0000000000000000       3.25841034815731761E-008
   1325000.0000000000        0.0000000000000000       3.38665584720953611E-008
   1375000.0000000000        0.0000000000000000       3.50288161529505754E-008
   1425000.0000000000        0.0000000000000000       3.60771158936891495E-008
   1475000.0000000000        0.0000000000000000       3.70185511246279491E-008
   1525000.0000000000        0.0000000000000000       3.78607196653177486E-008
   1575000.0000000000        0.0000000000000000       3.86114572240419525E-008
   1625000.0000000000        0.0000000000000000       3.92786191910585431E-008
   1675000.0000000000        0.0000000000000000       3.98698568027412299E-008
   1725000.0000000000        0.0000000000000000       4.03924636616774295E-008
   1775000.0000000000        0.0000000000000000       4.08533449636933251E-008
   1825000.0000000000        0.0000000000000000       4.12589779843612426E-008
   1875000.0000000000        0.0000000000000000       4.16153558485976849E-008
   1925000.0000000000        0.0000000000000000       4.19279761879820176E-008
   1975000.0000000000        0.0000000000000000       4.22018406154729776E-008
   2025000.0000000000        0.0000000000000000       4.24414809203369224E-008
   2075000.0000000000        0.0000000000000000       4.26509936949863083E-008
   2125000.0000000000        0.0000000000000000       4.28340565795172807E-008
   2175000.0000000000        0.0000000000000000       4.29939449104725020E-008
   2225000.0000000000        0.0000000000000000       4.31335881489506465E-008
   2275000.0000000000       2.09977831325763855E-160  4.32556339701180370E-008
   2325000.0000000000       1.96945882786844406E-147  4.33624131248440512E-008
   2375000.0000000000       1.31875251174233166E-135  4.34559351649391371E-008
   2425000.0000000000       7.96412636482097292E-125  4.35379577387368521E-008
   2475000.0000000000       5.36775539098198759E-115  4.36100135148714442E-008
   2525000.0000000000       4.90288420279525704E-106  4.36734361226192324E-008
   2575000.0000000000       7.24385367158257162E-098  4.37293843669183713E-008
   2625000.0000000000       2.03420532363451558E-090  4.37788639844236208E-008
   2675000.0000000000       1.25768687560989162E-083  4.38227468137724051E-008
   2725000.0000000000       1.95747396442151159E-077  4.38617876606027368E-008
   2775000.0000000000       8.66575094578849824E-072  4.38966388901337453E-008
   2825000.0000000000       1.21968096057611428E-066  4.39278635873013656E-008
   2875000.0000000000       6.04054867384022729E-062  4.39559489237377396E-008
   2925000.0000000000       1.15467390514684888E-057  4.39813180452431637E-008
   2975000.0000000000       9.26853228341363706E-054  4.40043379531722104E-008
   3025000.0000000000       3.37372239592225466E-050  4.40253253256064793E-008
   3075000.0000000000       5.97273508491252717E-047  4.40445522595034834E-008
   3125000.0000000000       5.48175572971167230E-044  4.40622521122719494E-008
   3175000.0000000000       2.76441055156595903E-041  4.40786260505487032E-008
   3225000.0000000000       8.07675019609830251E-039  4.40938487361063683E-008
   3275000.0000000000       1.43483150335132080E-036  4.41080712050679071E-008
   3325000.0000000000       1.61962299788418905E-034  4.41214225096628319E-008
   3375000.0000000000       1.20918207999919614E-032  4.41340115198731519E-008
   3425000.0000000000       6.19290362356203656E-031  4.41459289459881211E-008
   3475000.0000000000       2.24937960991036238E-029  4.41572502066439874E-008
   3525000.0000000000       5.97239292198137379E-028  4.41680375404108823E-008
   3575000.0000000000       1.19159577308343167E-026  4.41783394481757393E-008
   3625000.0000000000       1.83191198825239051E-025  4.41881906054107302E-008
   3675000.0000000000       2.22018119758726526E-024  4.41976147384170248E-008
   3725000.0000000000       2.16571640559299085E-023  4.42066275353397817E-008
   3775000.0000000000       1.73284656526835689E-022  4.42152378798380919E-008
   3825000.0000000000       1.15704437677525442E-021  4.42234483609594663E-008
   3875000.0000000000       6.55109621108103249E-021  4.42312553993747238E-008
   3925000.0000000000       3.21783257286717328E-020  4.42386501619001678E-008
   3975000.0000000000       1.60612615815967794E-019  4.42456207188010290E-008
   4025000.0000000000       1.79734512709444090E-018  4.42521538381567010E-008
   4075000.0000000000       4.33580691279977773E-017  4.42582360064578395E-008
   4125000.0000000000       8.98801014909375803E-016  4.42638544580388085E-008
   4175000.0000000000       1.32893324308174395E-014  4.42689987019938118E-008
   4225000.0000000000       1.41761548947012515E-013  4.42736626851382246E-008
   4275000.0000000000       1.12492204623577951E-012  4.42778471938363187E-008
   4325000.0000000000       6.84491147520308153E-012  4.42815621905867063E-008
   4375000.0000000000       3.28415574124970970E-011  4.42848291683814059E-008
   4425000.0000000000       1.27454570885642557E-010  4.42876824803910605E-008
   4475000.0000000000       4.09452907151681682E-010  4.42901678015955772E-008
   4525000.0000000000       1.11142233892419821E-009  4.42923388119897639E-008
   4575000.0000000000       2.59570152108856451E-009  4.42942538253650676E-008
   4625000.0000000000       5.30534717228771987E-009  4.42959715735696530E-008
   4675000.0000000000       9.64961751772725730E-009  4.42975480133949514E-008
   4725000.0000000000       1.58697785541547567E-008  4.42990369766254512E-008
   4775000.0000000000       2.39482658082104649E-008  4.43004931507353839E-008
   4825000.0000000000       3.36085173575771242E-008  4.43019748585941994E-008
   4875000.0000000000       4.43999599703185239E-008  4.43035452542681815E-008
   4925000.0000000000       5.58185734816643107E-008  4.43052717375119469E-008
   4975000.0000000000       6.74087816179116911E-008  4.43072247884650522E-008
   5025000.0000000000       7.88155217088223880E-008  4.43094765152183875E-008
   5075000.0000000000       8.97930397753353782E-008  4.43120982106037489E-008
   5125000.0000000000       1.00191632889405085E-007  4.43151570982808595E-008
   5175000.0000000000       1.09936133911594135E-007  4.43187129921936310E-008
   5225000.0000000000       1.19003667373939061E-007  4.43228153851950850E-008
   5275000.0000000000       1.27404791359519883E-007  4.43275012585385377E-008
   5325000.0000000000       1.35169325944970098E-007  4.43327935245321348E-008
   5375000.0000000000       1.42336570758747829E-007  4.43386992685050743E-008
   5425000.0000000000       1.48949044771410316E-007  4.43452059377935601E-008
   5475000.0000000000       1.55048867627129478E-007  4.43522738022124404E-008
   5525000.0000000000       1.60676071891216828E-007  4.43598279941542083E-008
   5575000.0000000000       1.65868173980465312E-007  4.43677598573147856E-008
   5625000.0000000000       1.70660218257476672E-007  4.43759407866845303E-008
   5675000.0000000000       1.75084739691341054E-007  4.43842391683386354E-008
   5725000.0000000000       1.79171652045809811E-007  4.43925321342887513E-008
   5775000.0000000000       1.82948258611472808E-007  4.44007114910378362E-008
   5825000.0000000000       1.86439411518610217E-007  4.44086859053320012E-008
   5875000.0000000000       1.89667743989550763E-007  4.44163810877660843E-008
   5925000.0000000000       1.92653909323621391E-007  4.44237389959355926E-008
   5975000.0000000000       1.95416793295420474E-007  4.44307165829052290E-008
   6025000.0000000000       1.97973690479210038E-007  4.44372843383782745E-008
   6075000.0000000000       2.00340447693207859E-007  4.44434247333347279E-008
   6125000.0000000000       2.02531582891932201E-007  4.44491306226235967E-008
   6175000.0000000000       2.04560388541903547E-007  4.44544036432189944E-008
   6225000.0000000000       2.06439026884596742E-007  4.44592526443265832E-008
   6275000.0000000000       2.08178621898819379E-007  4.44636921866032059E-008
   6325000.0000000000       2.09789350132697186E-007  4.44677411460447971E-008
   6375000.0000000000       2.11280530436886134E-007  4.44714214524734002E-008
   6425000.0000000000       2.12660711251425516E-007  4.44747569839205071E-008
   6475000.0000000000       2.13937753497590720E-007  4.44777726281474805E-008
   6525000.0000000000       2.15118907162536162E-007  4.44804935127268839E-008
   6575000.0000000000       2.16210880120904601E-007  4.44829443966605701E-008
   6625000.0000000000       2.17219898390588845E-007  4.44851492101361179E-008
   6675000.0000000000       2.18151757687662532E-007  4.44871307248834989E-008
   6725000.0000000000       2.19011866708372906E-007  4.44889103355830915E-008
   6775000.0000000000       2.19805282965938446E-007  4.44905079324617484E-008
   6825000.0000000000       2.20536742237651771E-007  4.44919414039920697E-008
   6875000.0000000000       2.21210673756951033E-007  4.44932263483810838E-008
   6925000.0000000000       2.21831213139816395E-007  4.44943767693224674E-008
   6975000.0000000000       2.22402231519522337E-007  4.44954056189449698E-008
   7025000.0000000000       2.22927360322975890E-007  4.44963248253569317E-008
   7075000.0000000000       2.23410003883042380E-007  4.44971453281012177E-008
   7125000.0000000000       2.23853350647826109E-007  4.44978771232320802E-008
   7175000.0000000000       2.24260383490555569E-007  4.44985293147953139E-008
   7225000.0000000000       2.24633889417420026E-007  4.44991101701868679E-008
   7275000.0000000000       2.24976468885362610E-007  4.44996271773729459E-008
   7325000.0000000000       2.25290544869943298E-007  4.45000871024275512E-008
   7375000.0000000000       2.25578371765937066E-007  4.45004960462048870E-008
   7425000.0000000000       2.25842044159724281E-007  4.45008594992810303E-008
   7475000.0000000000       2.26083505481247492E-007  4.45011823945372210E-008
   7525000.0000000000       2.26304556522405100E-007  4.45014691569711431E-008
   7575000.0000000000       2.26506863796177603E-007  4.45017237504699453E-008
   7625000.0000000000       2.26691967704595240E-007  4.45019497214137101E-008
   7675000.0000000000       2.26861290482141532E-007  4.45021502390732281E-008
   7725000.0000000000       2.27016143882904093E-007  4.45023281328361495E-008
   7775000.0000000000       2.27157736583563505E-007  4.45024859263466072E-008
   7825000.0000000000       2.27287181279263623E-007  4.45026258686997931E-008
   7875000.0000000000       2.27405501454858183E-007  4.45027499628295055E-008
   7925000.0000000000       2.27513637819510294E-007  4.45028599912720732E-008
   7975000.0000000000       2.27612454397818598E-007  4.45029575394761190E-008
   8025000.0000000000       2.27702744275353506E-007  4.45030440168488078E-008
   8075000.0000000000       2.27785235000613388E-007  4.45031206757082087E-008
   8125000.0000000000       2.27860593648904963E-007  4.45031886283217795E-008
   8175000.0000000000       2.27929431556523256E-007  4.45032488622006847E-008
   8225000.0000000000       2.27992308735885469E-007  4.45033022537990117E-008
   8275000.0000000000       2.28049737984011707E-007  4.45033495807762138E-008
   8325000.0000000000       2.28102188698007063E-007  4.45033915329543882E-008
   8375000.0000000000       2.28150090412040233E-007  4.45034287221001625E-008
   8425000.0000000000       2.28193836070808221E-007  4.45034616906512591E-008
   8475000.0000000000       2.28233785054670145E-007  4.45034909194880750E-008
   8525000.0000000000       2.28270265971593060E-007  4.45035168348603995E-008
   8575000.0000000000       2.28303579230818343E-007  4.45035398145418169E-008
   8625000.0000000000       2.28333999412772504E-007  4.45035601933120609E-008
   8675000.0000000000       2.28361777449256033E-007  4.45035782678217367E-008
   8725000.0000000000       2.28387142627360754E-007  4.45035943009177344E-008
   8775000.0000000000       2.28410304429940063E-007  4.45036085254816448E-008
   8825000.0000000000       2.28431454224783296E-007  4.45036211478391860E-008
   8875000.0000000000       2.28450766813962276E-007  4.45036323507833107E-008
   8925000.0000000000       2.28468401854129816E-007  4.45036422962547473E-008
   8975000.0000000000       2.28484505157863015E-007  4.45036511277232484E-008
   9025000.0000000000       2.28499209885480465E-007  4.45036589722939227E-008
   9075000.0000000000       2.28512637636110689E-007  4.45036659425754266E-008
   9125000.0000000000       2.28524899446171793E-007  4.45036721383385863E-008
   9175000.0000000000       2.28536096702823795E-007  4.45036776479834528E-008
   9225000.0000000000       2.28546321979398402E-007  4.45036825498381008E-008
   9275000.0000000000       2.28555659799272841E-007  4.45036869133107328E-008
   9325000.0000000000       2.28564187334160769E-007  4.45036907999127954E-008
   9375000.0000000000       2.28571975042321186E-007  4.45036942641572776E-008
   9425000.0000000000       2.28579087251751714E-007  4.45036973543638290E-008
   9475000.0000000000       2.28585582693024171E-007  4.45037001133658008E-008
   9525000.0000000000       2.28591514986043280E-007  4.45037025791376783E-008
   9575000.0000000000       2.28596933084658998E-007  4.45037047853506226E-008
   9625000.0000000000       2.28601881682737265E-007  4.45037067618662378E-008
   9675000.0000000000       2.28606401584996609E-007  4.45037085351700726E-008
   9725000.0000000000       2.28610530045638794E-007  4.45037101287599660E-008
   9775000.0000000000       2.28614301077550543E-007  4.45037115634864942E-008
   9825000.0000000000       2.28617745734614223E-007  4.45037128578549448E-008
   9875000.0000000000       2.28620892369455917E-007  4.45037140282958776E-008
   9925000.0000000000       2.28623766868754731E-007  4.45037150894001101E-008
   9975000.0000000000       2.28626392868061061E-007  4.45037160541294633E-008
