   25000.000000000000        0.0000000000000000       5.24011828202843120E-010
   75000.000000000000        0.0000000000000000       6.57050056797218582E-010
   125000.00000000000        0.0000000000000000       7.84559146387681860E-010
   175000.00000000000        0.0000000000000000       9.07459697525396755E-010
   225000.00000000000        0.0000000000000000       1.02667517492406847E-009
   275000.00000000000        0.0000000000000000       1.14334332925382151E-009
   325000.00000000000        0.0000000000000000       1.25908802071736278E-009
   375000.00000000000        0.0000000000000000       1.37602745217579507E-009
   425000.00000000000        0.0000000000000000       1.49625425194768608E-009
   475000.00000000000        0.0000000000000000       1.62127836067205482E-009
   525000.00000000000        0.0000000000000000       1.75193248283773786E-009
   575000.00000000000        0.0000000000000000       1.88851353358974293E-009
   625000.00000000000        0.0000000000000000       2.03106897740125753E-009
   675000.00000000000        0.0000000000000000       2.17973043081807618E-009
   725000.00000000000        0.0000000000000000       2.33500440584572143E-009
   775000.00000000000        0.0000000000000000       2.49795106854305582E-009
   825000.00000000000        0.0000000000000000       2.67022738044200738E-009
   875000.00000000000        0.0000000000000000       2.85407982196490195E-009
   925000.00000000000        0.0000000000000000       3.05238416155010636E-009
   975000.00000000000        0.0000000000000000       3.26868712494855032E-009
   1025000.0000000000        0.0000000000000000       3.50725028738633396E-009
   1075000.0000000000        0.0000000000000000       3.77313943241029781E-009
   1125000.0000000000        0.0000000000000000       4.06735103312265216E-009
   1175000.0000000000        0.0000000000000000       4.38890433075598607E-009
   1225000.0000000000        0.0000000000000000       4.74117356984428372E-009
   1275000.0000000000        0.0000000000000000       5.12761816287548184E-009
   1325000.0000000000        0.0000000000000000       5.55182599521599908E-009
   1375000.0000000000        0.0000000000000000       6.01759500436415077E-009
   1425000.0000000000        0.0000000000000000       6.52905107250263776E-009
   1475000.0000000000        0.0000000000000000       7.09079010810898028E-009
   1525000.0000000000        0.0000000000000000       7.70805849881492552E-009
   1575000.0000000000        0.0000000000000000       8.38695833753969045E-009
   1625000.0000000000        0.0000000000000000       9.13463682435444429E-009
   1675000.0000000000        0.0000000000000000       9.95945082446039889E-009
   1725000.0000000000        0.0000000000000000       1.08711141872859596E-008
   1775000.0000000000        0.0000000000000000       1.18808061912286315E-008
   1825000.0000000000        0.0000000000000000       1.30011799590118354E-008
   1875000.0000000000        0.0000000000000000       1.42462713622342100E-008
   1925000.0000000000        0.0000000000000000       1.56313269266245644E-008
   1975000.0000000000        0.0000000000000000       1.71725054105672212E-008
   2025000.0000000000        0.0000000000000000       1.88863291295924015E-008
   2075000.0000000000        0.0000000000000000       2.07882781939642913E-008
   2125000.0000000000        0.0000000000000000       2.28916067052938330E-008
   2175000.0000000000        0.0000000000000000       2.52071288879643120E-008
   2225000.0000000000        0.0000000000000000       2.77423626220035876E-008
   2275000.0000000000       5.30272310017439758E-165  3.05008076609348367E-008
   2325000.0000000000       5.24600431996861369E-152  3.34815297751263421E-008
   2375000.0000000000       3.69622427869552286E-140  3.66788582342546657E-008
   2425000.0000000000       2.34554274616019241E-129  4.00823287770140869E-008
   2475000.0000000000       1.66078017252487711E-119  4.36768893429968887E-008
   2525000.0000000000       1.59547892002946427E-110  4.74433659990915250E-008
   2575000.0000000000       2.48646088741462799E-102  5.13591493467296561E-008
   2625000.0000000000       7.40247338581066874E-095  5.53990417482353239E-008
   2675000.0000000000       4.88971222288901564E-088  5.95361848692440407E-008
   2725000.0000000000       8.21898340100607765E-082  6.37429768580568257E-008
   2775000.0000000000       3.98463280169965909E-076  6.79918900263982738E-008
   2825000.0000000000       6.24562984107031009E-071  7.22561678819358321E-008
   2875000.0000000000       3.51099873705450225E-066  7.65104950869080260E-008
   2925000.0000000000       7.77850032282569060E-062  8.07315850055126902E-008
   2975000.0000000000       7.40017840223240714E-058  8.48984904506288478E-008
   3025000.0000000000       3.26810878366039730E-054  8.89926812745486196E-008
   3075000.0000000000       7.18796283380755068E-051  9.29980398974290312E-008
   3125000.0000000000       8.38827942547788396E-048  9.69008395624342844E-008
   3175000.0000000000       5.49862472157150551E-045  1.00689802200094917E-007
   3225000.0000000000       2.13177278802963267E-042  1.04356106251858721E-007
   3275000.0000000000       5.12250772649669025E-040  1.07893138938282347E-007
   3325000.0000000000       7.96009412178170306E-038  1.11296143677325405E-007
   3375000.0000000000       8.31117050189385943E-036  1.14561919613891444E-007
   3425000.0000000000       6.03447328805717337E-034  1.17688587904630685E-007
   3475000.0000000000       3.14232087550210691E-032  1.20675490616705992E-007
   3525000.0000000000       1.20667476106594908E-030  1.23523054235068872E-007
   3575000.0000000000       3.50435553695185908E-029  1.26232413190066442E-007
   3625000.0000000000       7.87257614739557319E-028  1.28805120760452157E-007
   3675000.0000000000       1.39586272600375569E-026  1.31243202555058994E-007
   3725000.0000000000       1.98900211611572418E-025  1.33549232467491534E-007
   3775000.0000000000       2.31552831636594904E-024  1.35726245615028448E-007
   3825000.0000000000       2.23575433992922023E-023  1.37777589010962455E-007
   3875000.0000000000       1.81513318800298136E-022  1.39706736972715819E-007
   3925000.0000000000       1.25456514350607486E-021  1.41517195592582822E-007
   3975000.0000000000       7.47093850665066965E-021  1.43212565978563780E-007
   4025000.0000000000       3.91910325093205824E-020  1.44796592080829838E-007
   4075000.0000000000       2.04607910675041047E-019  1.46273126086306737E-007
   4125000.0000000000       1.68133383936902577E-018  1.47646078588104361E-007
   4175000.0000000000       2.47920809668666102E-017  1.48919383086822093E-007
   4225000.0000000000       3.67905753658172175E-016  1.50097001218573650E-007
   4275000.0000000000       4.28483882162399387E-015  1.51182964465419101E-007
   4325000.0000000000       3.82156491165266149E-014  1.52181417703757677E-007
   4375000.0000000000       2.65743880355450066E-013  1.53096657815585801E-007
   4425000.0000000000       1.47497248856576663E-012  1.53933157798052969E-007
   4475000.0000000000       6.68415045364669500E-012  1.54695535210339515E-007
   4525000.0000000000       2.52431656696692807E-011  1.55388522547451531E-007
   4575000.0000000000       8.09011015703769328E-011  1.56017053368077235E-007
   4625000.0000000000       2.23711242246604825E-010  1.56586329356818610E-007
   4675000.0000000000       5.42169876154044301E-010  1.57101705528468000E-007
   4725000.0000000000       1.16825793955724060E-009  1.57568526945782670E-007
   4775000.0000000000       2.26715447133869073E-009  1.57992016585716726E-007
   4825000.0000000000       4.00864989714568899E-009  1.58377157628081816E-007
   4875000.0000000000       6.52710456767869982E-009  1.58728572170860760E-007
   4925000.0000000000       9.88497217599083944E-009  1.59050437561684443E-007
   4975000.0000000000       1.40548013548955869E-008  1.59346464361122960E-007
   5025000.0000000000       1.89245398168055221E-008  1.59619931189947652E-007
   5075000.0000000000       2.43210324754165449E-008  1.59873740556235792E-007
   5125000.0000000000       3.00424253648476813E-008  1.60110469295699284E-007
   5175000.0000000000       3.58893804961645572E-008  1.60332406857891062E-007
   5225000.0000000000       4.16879138050489299E-008  1.60541580551542454E-007
   5275000.0000000000       4.73015524034054615E-008  1.60739768952428622E-007
   5325000.0000000000       5.26341874744243483E-008  1.60928507056369655E-007
   5375000.0000000000       5.76266293829774251E-008  1.61109087949050272E-007
   5425000.0000000000       6.22499259008983507E-008  1.61282564194356192E-007
   5475000.0000000000       6.64977661188663462E-008  1.61449746960579234E-007
   5525000.0000000000       7.03793989006840263E-008  1.61611192278236491E-007
   5575000.0000000000       7.39137871333196152E-008  1.61767159055887885E-007
   5625000.0000000000       7.71252835940428853E-008  1.61917555946292723E-007
   5675000.0000000000       8.00408149359426825E-008  1.62061968842280539E-007
   5725000.0000000000       8.26881825004183475E-008  1.62199818416453368E-007
   5775000.0000000000       8.50948777365015525E-008  1.62330545311702503E-007
   5825000.0000000000       8.72871309768261759E-008  1.62453720867365467E-007
   5875000.0000000000       8.92892605743897339E-008  1.62569083827739960E-007
   5925000.0000000000       9.11233473216811463E-008  1.62676536081852690E-007
   5975000.0000000000       9.28091437101432479E-008  1.62776121062422295E-007
   6025000.0000000000       9.43641154100004259E-008  1.62867997414101374E-007
   6075000.0000000000       9.58035456149522916E-008  1.62952413709509874E-007
   6125000.0000000000       9.71406661465763273E-008  1.63029686277600487E-007
   6175000.0000000000       9.83868015667300769E-008  1.63100180442107274E-007
   6225000.0000000000       9.95515244033974137E-008  1.63164294800731081E-007
   6275000.0000000000       1.00642823558768646E-007  1.63222448048025618E-007
   6325000.0000000000       1.01667286891669080E-007  1.63275067927838212E-007
   6375000.0000000000       1.02630295521750416E-007  1.63322582027132191E-007
   6425000.0000000000       1.03536223774223394E-007  1.63365410222477107E-007
   6475000.0000000000       1.04388636307119203E-007  1.63403958646009508E-007
   6525000.0000000000       1.05190473436097334E-007  1.63438615055499099E-007
   6575000.0000000000       1.05944216877393786E-007  1.63469745487295588E-007
   6625000.0000000000       1.06652030503790366E-007  1.63497692055166059E-007
   6675000.0000000000       1.07315873541674879E-007  1.63522771742533504E-007
   6725000.0000000000       1.07937586308584152E-007  1.63545276026366437E-007
   6775000.0000000000       1.08518950693307847E-007  1.63565471170243839E-007
   6825000.0000000000       1.09061728943582388E-007  1.63583594255103984E-007
   6875000.0000000000       1.09567644878841084E-007  1.63599851378476924E-007
   6925000.0000000000       1.10038360419808803E-007  1.63614426274541016E-007
   6975000.0000000000       1.10475529398170192E-007  1.63627486910237384E-007
   7025000.0000000000       1.10880836291500406E-007  1.63639186353934557E-007
   7075000.0000000000       1.11255984639679912E-007  1.63649663666594132E-007
   7125000.0000000000       1.11602682838532225E-007  1.63659044838192541E-007
   7175000.0000000000       1.11922629334105720E-007  1.63667443739680916E-007
   7225000.0000000000       1.12217498345228949E-007  1.63674963067902118E-007
   7275000.0000000000       1.12488926881661790E-007  1.63681695266641765E-007
   7325000.0000000000       1.12738503522896929E-007  1.63687723411653120E-007
   7375000.0000000000       1.12967759183306938E-007  1.63693122051240995E-007
   7425000.0000000000       1.13178159910233136E-007  1.63697957996982837E-007
   7475000.0000000000       1.13371101635771878E-007  1.63702291061537436E-007
   7525000.0000000000       1.13547906721448979E-007  1.63706174742334427E-007
   7575000.0000000000       1.13709822088350784E-007  1.63709656851351463E-007
   7625000.0000000000       1.13858018704906561E-007  1.63712780092241280E-007
   7675000.0000000000       1.13993592202851630E-007  1.63715582586835967E-007
   7725000.0000000000       1.14117564402777583E-007  1.63718098353578917E-007
   7775000.0000000000       1.14230885549253914E-007  1.63720357740782098E-007
   7825000.0000000000       1.14334437078169514E-007  1.63722387817785180E-007
   7875000.0000000000       1.14429034763088200E-007  1.63724212727174575E-007
   7925000.0000000000       1.14515432111270479E-007  1.63725854001204977E-007
   7975000.0000000000       1.14594323902455273E-007  1.63727330845487430E-007
   8025000.0000000000       1.14666349783863915E-007  1.63728660392884355E-007
   8075000.0000000000       1.14732097852883701E-007  1.63729857930395847E-007
   8125000.0000000000       1.14792108174430244E-007  1.63730937101646053E-007
   8175000.0000000000       1.14846876193164563E-007  1.63731910087396321E-007
   8225000.0000000000       1.14896856011721566E-007  1.63732787766318300E-007
   8275000.0000000000       1.14942463515115090E-007  1.63733579858077738E-007
   8325000.0000000000       1.14984079328763716E-007  1.63734295050597050E-007
   8375000.0000000000       1.15022051603369265E-007  1.63734941113190549E-007
   8425000.0000000000       1.15056698624406628E-007  1.63735524997106246E-007
   8475000.0000000000       1.15088311247454185E-007  1.63736052924853842E-007
   8525000.0000000000       1.15117155163197114E-007  1.63736530469557950E-007
   8575000.0000000000       1.15143472997828984E-007  1.63736962625447937E-007
   8625000.0000000000       1.15167486255900225E-007  1.63737353870477167E-007
   8675000.0000000000       1.15189397113531238E-007  1.63737708221955514E-007
   8725000.0000000000       1.15209390070419694E-007  1.63738029285986705E-007
   8775000.0000000000       1.15227633469308435E-007  1.63738320301408392E-007
   8825000.0000000000       1.15244280891604290E-007  1.63738584178860226E-007
   8875000.0000000000       1.15259472437706755E-007  1.63738823535533353E-007
   8925000.0000000000       1.15273335900357682E-007  1.63739040726089210E-007
   8975000.0000000000       1.15285987838996123E-007  1.63739237870184046E-007
   9025000.0000000000       1.15297534562719001E-007  1.63739416876983035E-007
   9075000.0000000000       1.15308073029035286E-007  1.63739579467004750E-007
   9125000.0000000000       1.15317691665167170E-007  1.63739727191596971E-007
   9175000.0000000000       1.15326471118216217E-007  1.63739861450310701E-007
   9225000.0000000000       1.15334484940079081E-007  1.63739983506409130E-007
   9275000.0000000000       1.15341800212575508E-007  1.63740094500718265E-007
   9325000.0000000000       1.15348478117844473E-007  1.63740195464005391E-007
   9375000.0000000000       1.15354574458677572E-007  1.63740287328050081E-007
   9425000.0000000000       1.15360140133090859E-007  1.63740370935549665E-007
   9475000.0000000000       1.15365221567090896E-007  1.63740447048987663E-007
   9525000.0000000000       1.15369861109268275E-007  1.63740516358581712E-007
   9575000.0000000000       1.15374097390550261E-007  1.63740579489407026E-007
   9625000.0000000000       1.15377965652164185E-007  1.63740637007789835E-007
   9675000.0000000000       1.15381498044605151E-007  1.63740689427044042E-007
   9725000.0000000000       1.15384723900162095E-007  1.63740737212623596E-007
   9775000.0000000000       1.15387669981335862E-007  1.63740780786758565E-007
   9825000.0000000000       1.15390360707281139E-007  1.63740820532607772E-007
   9875000.0000000000       1.15392818360217524E-007  1.63740856798058446E-007
   9925000.0000000000       1.15395063273585235E-007  1.63740889899032569E-007
   9975000.0000000000       1.15397114003563879E-007  1.63740920122549029E-007
