   25000.000000000000        0.0000000000000000       1.61675800305717046E-010
   75000.000000000000        0.0000000000000000       2.37096549910374747E-010
   125000.00000000000        0.0000000000000000       3.27691905650518501E-010
   175000.00000000000        0.0000000000000000       4.38506368392640293E-010
   225000.00000000000        0.0000000000000000       5.75335940384530426E-010
   275000.00000000000        0.0000000000000000       7.45740784569804905E-010
   325000.00000000000        0.0000000000000000       9.61294914036551072E-010
   375000.00000000000        0.0000000000000000       1.24446036673499679E-009
   425000.00000000000        0.0000000000000000       1.64285724624463021E-009
   475000.00000000000        0.0000000000000000       2.24191343174841367E-009
   525000.00000000000        0.0000000000000000       3.13908499068077086E-009
   575000.00000000000        0.0000000000000000       4.37460729070226742E-009
   625000.00000000000        0.0000000000000000       5.90215740162342572E-009
   675000.00000000000        0.0000000000000000       7.62886493835669419E-009
   725000.00000000000        0.0000000000000000       9.46359836188009014E-009
   775000.00000000000        0.0000000000000000       1.13379157851844590E-008
   825000.00000000000        0.0000000000000000       1.32071660955158229E-008
   875000.00000000000        0.0000000000000000       1.50449122607754496E-008
   925000.00000000000        0.0000000000000000       1.68367041944193123E-008
   975000.00000000000        0.0000000000000000       1.85749502160166055E-008
   1025000.0000000000        0.0000000000000000       2.02552956347136270E-008
   1075000.0000000000        0.0000000000000000       2.18743905927981983E-008
   1125000.0000000000        0.0000000000000000       2.34050772079152002E-008
   1175000.0000000000        0.0000000000000000       2.48213042483166837E-008
   1225000.0000000000        0.0000000000000000       2.61261820793736777E-008
   1275000.0000000000        0.0000000000000000       2.73231237036303673E-008
   1325000.0000000000        0.0000000000000000       2.84160095098486333E-008
   1375000.0000000000        0.0000000000000000       2.94092326654551760E-008
   1425000.0000000000        0.0000000000000000       3.03078152958905053E-008
   1475000.0000000000        0.0000000000000000       3.11173841095547616E-008
   1525000.0000000000        0.0000000000000000       3.18439760680308568E-008
   1575000.0000000000        0.0000000000000000       3.24938322922306143E-008
   1625000.0000000000        0.0000000000000000       3.30732360058142296E-008
   1675000.0000000000        0.0000000000000000       3.35883639427856504E-008
   1725000.0000000000        0.0000000000000000       3.40451609126820997E-008
   1775000.0000000000        0.0000000000000000       3.44492919782548048E-008
   1825000.0000000000        0.0000000000000000       3.48061021462970890E-008
   1875000.0000000000        0.0000000000000000       3.51205703311240148E-008
   1925000.0000000000        0.0000000000000000       3.53972940793448488E-008
   1975000.0000000000        0.0000000000000000       3.56404823289406674E-008
   2025000.0000000000        0.0000000000000000       3.58539699509377689E-008
   2075000.0000000000        0.0000000000000000       3.60412407685486763E-008
   2125000.0000000000        0.0000000000000000       3.62054379818931020E-008
   2175000.0000000000        0.0000000000000000       3.63494059566065489E-008
   2225000.0000000000        0.0000000000000000       3.64757159912712699E-008
   2275000.0000000000       1.86492078804065052E-160  3.65866376068899105E-008
   2325000.0000000000       1.75139892070724687E-147  3.66841571613582609E-008
   2375000.0000000000       1.17460327203087845E-135  3.67700220746931832E-008
   2425000.0000000000       7.10758934186718395E-125  3.68457655432793081E-008
   2475000.0000000000       4.80201548267733191E-115  3.69127281088072587E-008
   2525000.0000000000       4.39883414647293229E-106  3.69720784829560911E-008
   2575000.0000000000       6.52125448143353505E-098  3.70248335161935499E-008
   2625000.0000000000       1.83848045271896551E-090  3.70718766202920901E-008
   2675000.0000000000       1.14174629247941062E-083  3.71139740856726865E-008
   2725000.0000000000       1.78589301768620420E-077  3.71517895518695033E-008
   2775000.0000000000       7.94974800732586112E-072  3.71858963230691520E-008
   2825000.0000000000       1.12563538548258490E-066  3.72167887280005721E-008
   2875000.0000000000       5.61094332211014155E-062  3.72448949003758393E-008
   2925000.0000000000       1.07998494406734905E-057  3.72705881145425228E-008
   2975000.0000000000       8.73271443171238913E-054  3.72941930781220025E-008
   3025000.0000000000       3.20330929612422874E-050  3.73159899750767486E-008
   3075000.0000000000       5.71704950239939491E-047  3.73362190792467395E-008
   3125000.0000000000       5.29136961750698755E-044  3.73550859825112912E-008
   3175000.0000000000       2.69166774040831745E-041  3.73727682017950568E-008
   3225000.0000000000       7.93465918952258028E-039  3.73894209272717229E-008
   3275000.0000000000       1.42250087446686030E-036  3.74051790959835342E-008
   3325000.0000000000       1.62069014881508081E-034  3.74201580123450198E-008
   3375000.0000000000       1.22144429714705281E-032  3.74344544283238244E-008
   3425000.0000000000       6.31567861466390308E-031  3.74481481060975269E-008
   3475000.0000000000       2.31614521185924945E-029  3.74613046953712726E-008
   3525000.0000000000       6.20938941731394667E-028  3.74739776817360537E-008
   3575000.0000000000       1.25093550555995905E-026  3.74862066991588768E-008
   3625000.0000000000       1.94182602409425634E-025  3.74980165733109361E-008
   3675000.0000000000       2.37613756424146079E-024  3.75094206227575323E-008
   3725000.0000000000       2.34003534827940670E-023  3.75204241233428572E-008
   3775000.0000000000       1.89000255026118995E-022  3.75310254931736360E-008
   3825000.0000000000       1.27367859817832038E-021  3.75412165048049628E-008
   3875000.0000000000       7.27509961942020250E-021  3.75509819512999573E-008
   3925000.0000000000       3.57914255966451489E-020  3.75603004773471345E-008
   3975000.0000000000       1.59346412817565257E-019  3.75691473399532134E-008
   4025000.0000000000       9.41236564988299380E-019  3.75774967217773866E-008
   4075000.0000000000       1.47608104290765000E-017  3.75853228469447488E-008
   4125000.0000000000       3.04129679327843307E-016  3.75926009445055178E-008
   4175000.0000000000       4.80440964322127916E-015  3.75993087145749047E-008
   4225000.0000000000       5.51124968782805513E-014  3.76054286475707129E-008
   4275000.0000000000       4.69543510553644771E-013  3.76109508764831602E-008
   4325000.0000000000       3.05926185024022316E-012  3.76158761680001485E-008
   4375000.0000000000       1.56728569305635584E-011  3.76202192168004609E-008
   4425000.0000000000       6.47662291674028484E-011  3.76240113432097036E-008
   4475000.0000000000       2.20941141975814029E-010  3.76273005187572351E-008
   4525000.0000000000       6.35108988376460911E-010  3.76301495685314305E-008
   4575000.0000000000       1.56643310850281109E-009  3.76326334128769216E-008
   4625000.0000000000       3.37100848480075049E-009  3.76348326619439980E-008
   4675000.0000000000       6.43404937854123582E-009  3.76368264137800604E-008
   4725000.0000000000       1.10615338473584214E-008  3.76386904621123480E-008
   4775000.0000000000       1.73758109190602303E-008  3.76405000777570543E-008
   4825000.0000000000       2.52680241656073317E-008  3.76423336503551038E-008
   4875000.0000000000       3.44295841368816072E-008  3.76442749968959496E-008
   4925000.0000000000       4.44404097965960801E-008  3.76464136339353671E-008
   4975000.0000000000       5.48679529214571100E-008  3.76488441133218233E-008
   5025000.0000000000       6.53364910695494166E-008  3.76516646532629546E-008
   5075000.0000000000       7.55577378114969037E-008  3.76549741740751641E-008
   5125000.0000000000       8.53345109931281565E-008  3.76588679811599003E-008
   5175000.0000000000       9.45491873030455039E-008  3.76634330592489755E-008
   5225000.0000000000       1.03145699425651919E-007  3.76687437343994480E-008
   5275000.0000000000       1.11111240823574362E-007  3.76748582671786357E-008
   5325000.0000000000       1.18460791404421903E-007  3.76818165927479990E-008
   5375000.0000000000       1.25225372285229038E-007  3.76896386000385558E-008
   5425000.0000000000       1.31443807971568506E-007  3.76983208199428291E-008
   5475000.0000000000       1.37157390478495424E-007  3.77078279387334194E-008
   5525000.0000000000       1.42406852851596554E-007  3.77180790621758871E-008
   5575000.0000000000       1.47231097146492824E-007  3.77289409370333683E-008
   5625000.0000000000       1.51666892597406391E-007  3.77402411725789262E-008
   5675000.0000000000       1.55748692342131955E-007  3.77517933412967487E-008
   5725000.0000000000       1.59508324745148528E-007  3.77634174614691043E-008
   5775000.0000000000       1.62974810017046129E-007  3.77749512115869443E-008
   5825000.0000000000       1.66174413885839397E-007  3.77862545983250222E-008
   5875000.0000000000       1.69130852293869981E-007  3.77972110698085400E-008
   5925000.0000000000       1.71865543394076145E-007  3.78077269142004122E-008
   5975000.0000000000       1.74397845464686422E-007  3.78177298949795297E-008
   6025000.0000000000       1.76745256158825309E-007  3.78271675532962633E-008
   6075000.0000000000       1.78923570887916074E-007  3.78360053437430037E-008
   6125000.0000000000       1.80947009634082292E-007  3.78442246598781752E-008
   6175000.0000000000       1.82828325702348909E-007  3.78518207769509195E-008
   6225000.0000000000       1.84578909339472503E-007  3.78588007451897266E-008
   6275000.0000000000       1.86208895649807823E-007  3.78651812815937509E-008
   6325000.0000000000       1.87727281458708559E-007  3.78709867184928960E-008
   6375000.0000000000       1.89142051088339329E-007  3.78762470687404729E-008
   6425000.0000000000       1.90460307409491489E-007  3.78809962604117354E-008
   6475000.0000000000       1.91688402514307068E-007  3.78852705807728302E-008
   6525000.0000000000       1.92832061937418773E-007  3.78891073531795595E-008
   6575000.0000000000       1.93896497202061808E-007  3.78925438543713599E-008
   6625000.0000000000       1.94886503076310191E-007  3.78956164654388282E-008
   6675000.0000000000       1.95806537783606686E-007  3.78983600388143602E-008
   6725000.0000000000       1.96660786124209396E-007  3.79008074563550719E-008
   6775000.0000000000       1.97453206791792603E-007  3.79029893497907376E-008
   6825000.0000000000       1.98187566024829965E-007  3.79049331404086509E-008
   6875000.0000000000       1.98867439438549119E-007  3.79066624710829932E-008
   6925000.0000000000       1.99496208185229498E-007  3.79081984524720911E-008
   6975000.0000000000       2.00077093987327615E-007  3.79095606243114227E-008
   7025000.0000000000       2.00613187692363290E-007  3.79107669712629345E-008
   7075000.0000000000       2.01107451422977731E-007  3.79118339581625502E-008
   7125000.0000000000       2.01562718480081465E-007  3.79127765870661659E-008
   7175000.0000000000       2.01981692276244638E-007  3.79136084695451162E-008
   7225000.0000000000       2.02366945067499143E-007  3.79143419089769604E-008
   7275000.0000000000       2.02720917020482603E-007  3.79149879886292330E-008
   7325000.0000000000       2.03045915956062194E-007  3.79155566622523435E-008
   7375000.0000000000       2.03344117953690064E-007  3.79160568446548475E-008
   7425000.0000000000       2.03617568881549843E-007  3.79164965003636630E-008
   7475000.0000000000       2.03868186832091361E-007  3.79168827289886855E-008
   7525000.0000000000       2.04097765385508623E-007  3.79172218463408045E-008
   7575000.0000000000       2.04307977589460606E-007  3.79175194606708969E-008
   7625000.0000000000       2.04500380526488906E-007  3.79177805436902112E-008
   7675000.0000000000       2.04676420336436921E-007  3.79180094962093990E-008
   7725000.0000000000       2.04837437565766571E-007  3.79182102084160201E-008
   7775000.0000000000       2.04984672725854753E-007  3.79183861149064247E-008
   7825000.0000000000       2.05119271955714609E-007  3.79185402446860893E-008
   7875000.0000000000       2.05242292699359429E-007  3.79186752663968408E-008
   7925000.0000000000       2.05354709322960194E-007  3.79187935290710796E-008
   7975000.0000000000       2.05457418611218702E-007  3.79188970987357394E-008
   8025000.0000000000       2.05551245095482849E-007  3.79189877911809673E-008
   8075000.0000000000       2.05636946177799911E-007  3.79190672012273890E-008
   8125000.0000000000       2.05715217025233938E-007  3.79191367287978157E-008
   8175000.0000000000       2.05786695217379088E-007  3.79191976020895777E-008
   8225000.0000000000       2.05851965137165274E-007  3.79192508981413707E-008
   8275000.0000000000       2.05911562100896259E-007  3.79192975610474024E-008
   8325000.0000000000       2.05965976228138423E-007  3.79193384180662522E-008
   8375000.0000000000       2.06015656055734642E-007  3.79193741938476891E-008
   8425000.0000000000       2.06061011903000988E-007  3.79194055229840790E-008
   8475000.0000000000       2.06102418997223068E-007  3.79194329610683666E-008
   8525000.0000000000       2.06140220370011463E-007  3.79194569944277809E-008
   8575000.0000000000       2.06174729536029899E-007  3.79194780486870076E-008
   8625000.0000000000       2.06206232966160622E-007  3.79194964962908871E-008
   8675000.0000000000       2.06234992367409902E-007  3.79195126631103651E-008
   8725000.0000000000       2.06261246781843931E-007  3.79195268342430534E-008
   8775000.0000000000       2.06285214516646270E-007  3.79195392590972076E-008
   8825000.0000000000       2.06307094917050695E-007  3.79195501558510847E-008
   8875000.0000000000       2.06327069993457419E-007  3.79195597153594519E-008
   8925000.0000000000       2.06345305913534808E-007  3.79195681045762620E-008
   8975000.0000000000       2.06361954369546999E-007  3.79195754695506876E-008
   9025000.0000000000       2.06377153830571889E-007  3.79195819380504294E-008
   9075000.0000000000       2.06391030688679173E-007  3.79195876218565327E-008
   9125000.0000000000       2.06403700307554325E-007  3.79195926187726694E-008
   9175000.0000000000       2.06415267981473780E-007  3.79195970143810101E-008
   9225000.0000000000       2.06425829811980249E-007  3.79196008835786367E-008
   9275000.0000000000       2.06435473509070749E-007  3.79196042919216311E-008
   9325000.0000000000       2.06444279123196494E-007  3.79196072967990363E-008
   9375000.0000000000       2.06452319713893735E-007  3.79196099484606916E-008
   9425000.0000000000       2.06459661960406532E-007  3.79196122909137901E-008
   9475000.0000000000       2.06466366719236820E-007  3.79196143627098122E-008
   9525000.0000000000       2.06472489533159937E-007  3.79196161976276111E-008
   9575000.0000000000       2.06478081095871458E-007  3.79196178252767258E-008
   9625000.0000000000       2.06483187676087378E-007  3.79196192716183785E-008
   9675000.0000000000       2.06487851504602386E-007  3.79196205594261354E-008
   9725000.0000000000       2.06492111127516469E-007  3.79196217086846072E-008
   9775000.0000000000       2.06496001728566339E-007  3.79196227369418153E-008
   9825000.0000000000       2.06499555423252361E-007  3.79196236596130577E-008
   9875000.0000000000       2.06502801527217949E-007  3.79196244902514705E-008
   9925000.0000000000       2.06505766801129619E-007  3.79196252407791814E-008
   9975000.0000000000       2.06508475674111821E-007  3.79196259216949056E-008
