   25000.000000000000        0.0000000000000000       1.28877711195029157E-010
   75000.000000000000        0.0000000000000000       1.61048072388808105E-010
   125000.00000000000        0.0000000000000000       1.91858616405081461E-010
   175000.00000000000        0.0000000000000000       2.21484985761143601E-010
   225000.00000000000        0.0000000000000000       2.50107610405772447E-010
   275000.00000000000        0.0000000000000000       2.77949828947333286E-010
   325000.00000000000        0.0000000000000000       3.05322468336668857E-010
   375000.00000000000        0.0000000000000000       3.32626753173678046E-010
   425000.00000000000        0.0000000000000000       3.60259656208436965E-010
   475000.00000000000        0.0000000000000000       3.88508116619947735E-010
   525000.00000000000        0.0000000000000000       4.17529778820201191E-010
   575000.00000000000        0.0000000000000000       4.47382695300304376E-010
   625000.00000000000        0.0000000000000000       4.78081601079844751E-010
   675000.00000000000        0.0000000000000000       5.09659576076490517E-010
   725000.00000000000        0.0000000000000000       5.42218766757764276E-010
   775000.00000000000        0.0000000000000000       5.75960775917016959E-010
   825000.00000000000        0.0000000000000000       6.11200363480621924E-010
   875000.00000000000        0.0000000000000000       6.48364282581955631E-010
   925000.00000000000        0.0000000000000000       6.87986631169870891E-010
   975000.00000000000        0.0000000000000000       7.30715301588041282E-010
   1025000.0000000000        0.0000000000000000       7.77324179126720683E-010
   1075000.0000000000        0.0000000000000000       8.28728009888338597E-010
   1125000.0000000000        0.0000000000000000       8.85048412000341416E-010
   1175000.0000000000        0.0000000000000000       9.46041814135482204E-010
   1225000.0000000000        0.0000000000000000       1.01230220782304512E-009
   1275000.0000000000        0.0000000000000000       1.08443333830553823E-009
   1325000.0000000000        0.0000000000000000       1.16305465409450791E-009
   1375000.0000000000        0.0000000000000000       1.24881886566979797E-009
   1425000.0000000000        0.0000000000000000       1.34244159782464782E-009
   1475000.0000000000        0.0000000000000000       1.44473029560464318E-009
   1525000.0000000000        0.0000000000000000       1.55661579993291136E-009
   1575000.0000000000        0.0000000000000000       1.67919030625242370E-009
   1625000.0000000000        0.0000000000000000       1.81374403674900916E-009
   1675000.0000000000        0.0000000000000000       1.96179512868220782E-009
   1725000.0000000000        0.0000000000000000       2.12511662380218949E-009
   1775000.0000000000        0.0000000000000000       2.30575886007036784E-009
   1825000.0000000000        0.0000000000000000       2.50604954854927359E-009
   1875000.0000000000        0.0000000000000000       2.72855176375119256E-009
   1925000.0000000000        0.0000000000000000       2.97599010322493341E-009
   1975000.0000000000        0.0000000000000000       3.25117133234733590E-009
   2025000.0000000000        0.0000000000000000       3.55688353156795521E-009
   2075000.0000000000        0.0000000000000000       3.89577411485339496E-009
   2125000.0000000000        0.0000000000000000       4.27020521139162327E-009
   2175000.0000000000        0.0000000000000000       4.68211627914410002E-009
   2225000.0000000000        0.0000000000000000       5.13289159543125704E-009
   2275000.0000000000       4.85090510622200420E-161  5.62320338008212160E-009
   2325000.0000000000       4.68296919026007027E-148  6.15290073211944504E-009
   2375000.0000000000       3.22059410342588303E-136  6.72096049312506212E-009
   2425000.0000000000       1.99401235444210346E-125  7.32546973890009506E-009
   2475000.0000000000       1.37587823996948222E-115  7.96365741296857505E-009
   2525000.0000000000       1.28527555765930135E-106  8.63197183041923954E-009
   2575000.0000000000       1.94102196308235651E-098  9.32619684405817569E-009
   2625000.0000000000       5.57124279250398031E-091  1.00415978372258298E-008
   2675000.0000000000       3.52248662430976202E-084  1.07730871318801922E-008
   2725000.0000000000       5.61267729210089226E-078  1.15153950660838258E-008
   2775000.0000000000       2.54802820597751706E-072  1.22632333441807508E-008
   2825000.0000000000       3.68562824473489486E-067  1.30114426481174522E-008
   2875000.0000000000       1.88068310740068793E-062  1.37551200762813503E-008
   2925000.0000000000       3.71446177577427475E-058  1.44897243213903174E-008
   2975000.0000000000       3.08993702518686155E-054  1.52111524631121357E-008
   3025000.0000000000       1.16919359693440406E-050  1.59157874893639315E-008
   3075000.0000000000       2.15818484754170242E-047  1.66005221310147689E-008
   3125000.0000000000       2.07094948268189550E-044  1.72627644027633075E-008
   3175000.0000000000       1.09452823438167516E-041  1.79004308146734692E-008
   3225000.0000000000       3.35812220838218713E-039  1.85119265364915015E-008
   3275000.0000000000       6.27443861289496952E-037  1.90961097345429148E-008
   3325000.0000000000       7.45748393871200826E-035  1.96522470135117328E-008
   3375000.0000000000       5.86629520517099003E-033  2.01799669777638553E-008
   3425000.0000000000       3.16620647635193303E-031  2.06792143315854780E-008
   3475000.0000000000       1.21156537383658817E-029  2.11502076591786955E-008
   3525000.0000000000       3.38638523217938816E-028  2.15933975215569351E-008
   3575000.0000000000       7.10396095114915729E-027  2.20094210062474509E-008
   3625000.0000000000       1.14647758747372613E-025  2.23990619382567054E-008
   3675000.0000000000       1.45573218965577578E-024  2.27632225160584508E-008
   3725000.0000000000       1.48432267267185147E-023  2.31028982081002116E-008
   3775000.0000000000       1.23825094360439741E-022  2.34191520332703109E-008
   3825000.0000000000       8.59653603277687318E-022  2.37130910505851331E-008
   3875000.0000000000       5.04723616129806025E-021  2.39858459048391449E-008
   3925000.0000000000       2.57848843015352434E-020  2.42385552600454907E-008
   3975000.0000000000       1.44075961938952339E-019  2.44723552008933648E-008
   4025000.0000000000       2.06177543338941148E-018  2.46883701629749339E-008
   4075000.0000000000       5.28246168329974541E-017  2.48877046270866837E-008
   4125000.0000000000       1.07981234081217555E-015  2.50714367651140252E-008
   4175000.0000000000       1.56399439017447086E-014  2.52406143177939771E-008
   4225000.0000000000       1.63605527096943761E-013  2.53962524478132519E-008
   4275000.0000000000       1.27538007158643161E-012  2.55393327203788680E-008
   4325000.0000000000       7.63684579191526969E-012  2.56708022199892680E-008
   4375000.0000000000       3.61154635761036105E-011  2.57915720510205791E-008
   4425000.0000000000       1.38351675260211617E-010  2.59025147158251889E-008
   4475000.0000000000       4.39314149917378549E-010  2.60044606755599682E-008
   4525000.0000000000       1.18012385459785060E-009  2.60981928575428608E-008
   4575000.0000000000       2.73070720319205225E-009  2.61844369441728576E-008
   4625000.0000000000       5.53563868734052074E-009  2.62638547448612516E-008
   4675000.0000000000       9.99613268335653539E-009  2.63370488350426383E-008
   4725000.0000000000       1.63369912711562235E-008  2.64045705041136032E-008
   4775000.0000000000       2.45213179517129153E-008  2.64669230574880004E-008
   4825000.0000000000       3.42571908719183994E-008  2.65245641662401529E-008
   4875000.0000000000       4.50869394359705603E-008  2.65779100950374268E-008
   4925000.0000000000       5.65078228977404175E-008  2.66273423884314564E-008
   4975000.0000000000       6.80710752990808042E-008  2.66732169242798335E-008
   5025000.0000000000       7.94305169639158273E-008  2.67158713069711832E-008
   5075000.0000000000       9.03488723679860486E-008  2.67556273357477022E-008
   5125000.0000000000       1.00683296972920060E-007  2.67927892282247816E-008
   5175000.0000000000       1.10363559884532786E-007  2.68276395336186877E-008
   5225000.0000000000       1.19369994866870453E-007  2.68604344132438463E-008
   5275000.0000000000       1.27715022662366030E-007  2.68913996158145757E-008
   5325000.0000000000       1.35429367646178905E-007  2.69207277802144445E-008
   5375000.0000000000       1.42552596166097162E-007  2.69485766938097519E-008
   5425000.0000000000       1.49127092654211137E-007  2.69750671701921925E-008
   5475000.0000000000       1.55194602167262345E-007  2.70002796104473871E-008
   5525000.0000000000       1.60794647377175984E-007  2.70242525972084462E-008
   5575000.0000000000       1.65964167545750806E-007  2.70469909116114512E-008
   5625000.0000000000       1.70737608845056512E-007  2.70684828036380359E-008
   5675000.0000000000       1.75146919762012383E-007  2.70887164917237329E-008
   5725000.0000000000       1.79221463338801187E-007  2.71076894899663874E-008
   5775000.0000000000       1.82988044992179849E-007  2.71254117862099548E-008
   5825000.0000000000       1.86471081607615490E-007  2.71419056676324132E-008
   5875000.0000000000       1.89692836783707696E-007  2.71572041331224824E-008
   5925000.0000000000       1.92673657702726454E-007  2.71713489080497538E-008
   5975000.0000000000       1.95432182166677871E-007  2.71843885078266806E-008
   6025000.0000000000       1.97985507806335312E-007  2.71963765017963882E-008
   6075000.0000000000       2.00349327709327292E-007  2.72073699985612141E-008
   6125000.0000000000       2.02538041500044021E-007  2.72174283298025373E-008
   6175000.0000000000       2.04564851374666966E-007  2.72266119044752886E-008
   6225000.0000000000       2.06441850802011957E-007  2.72349812133599555E-008
   6275000.0000000000       2.08180110887089378E-007  2.72425959732608620E-008
   6325000.0000000000       2.09789766648767918E-007  2.72495144061728617E-008
   6375000.0000000000       2.11280103233644827E-007  2.72557926508026963E-008
   6425000.0000000000       2.12659640634642921E-007  2.72614843028366693E-008
   6475000.0000000000       2.13936214829450369E-007  2.72666400776410182E-008
   6525000.0000000000       2.15117053262882935E-007  2.72713075858886415E-008
   6575000.0000000000       2.16208843049577964E-007  2.72755312098008875E-008
   6625000.0000000000       2.17217790940641853E-007  2.72793520657709390E-008
   6675000.0000000000       2.18149674791271537E-007  2.72828080382616778E-008
   6725000.0000000000       2.19009886859494109E-007  2.72859338699902190E-008
   6775000.0000000000       2.19803469695660490E-007  2.72887612943290768E-008
   6825000.0000000000       2.20535145635710276E-007  2.72913188357491033E-008
   6875000.0000000000       2.21209332021585436E-007  2.72936317581562295E-008
   6925000.0000000000       2.21830154016783823E-007  2.72957227943448004E-008
   6975000.0000000000       2.22401473589432734E-007  2.72976127240844137E-008
   7025000.0000000000       2.22926914256851916E-007  2.72993205120841986E-008
   7075000.0000000000       2.23409873674514944E-007  2.73008634390769223E-008
   7125000.0000000000       2.23853534782174964E-007  2.73022572290035475E-008
   7175000.0000000000       2.24260876022900699E-007  2.73035161711132769E-008
   7225000.0000000000       2.24634680943152741E-007  2.73046532361679733E-008
   7275000.0000000000       2.24977547394764009E-007  2.73056801862349044E-008
   7325000.0000000000       2.25291896485838243E-007  2.73066076777829379E-008
   7375000.0000000000       2.25579981368297386E-007  2.73074453579775877E-008
   7425000.0000000000       2.25843895904599355E-007  2.73082019542100609E-008
   7475000.0000000000       2.26085583223539380E-007  2.73088853570001406E-008
   7525000.0000000000       2.26306844153101688E-007  2.73095026964913543E-008
   7575000.0000000000       2.26509345504963947E-007  2.73100604128134781E-008
   7625000.0000000000       2.26694628178512941E-007  2.73105643206240055E-008
   7675000.0000000000       2.26864115050335759E-007  2.73110196681644951E-008
   7725000.0000000000       2.27019118616638458E-007  2.73114311911815473E-008
   7775000.0000000000       2.27160848359705256E-007  2.73118031620617054E-008
   7825000.0000000000       2.27290417814426410E-007  2.73121394345295807E-008
   7875000.0000000000       2.27408851316394901E-007  2.73124434842474709E-008
   7925000.0000000000       2.27517090418612438E-007  2.73127184456427416E-008
   7975000.0000000000       2.27615999969121141E-007  2.73129671452738735E-008
   8025000.0000000000       2.27706373846679699E-007  2.73131921320290069E-008
   8075000.0000000000       2.27788940355823370E-007  2.73133957044325134E-008
   8125000.0000000000       2.27864367286233704E-007  2.73135799353173554E-008
   8175000.0000000000       2.27933266644300262E-007  2.73137466941014802E-008
   8225000.0000000000       2.27996199067115615E-007  2.73138976668893343E-008
   8275000.0000000000       2.28053677930951762E-007  2.73140343746014093E-008
   8325000.0000000000       2.28106173167589476E-007  2.73141581893185999E-008
   8375000.0000000000       2.28154114802767306E-007  2.73142703490115902E-008
   8425000.0000000000       2.28197896231550892E-007  2.73143719708111934E-008
   8475000.0000000000       2.28237877245661802E-007  2.73144640629613069E-008
   8525000.0000000000       2.28274386827790338E-007  2.73145475355832980E-008
   8575000.0000000000       2.28307725727711671E-007  2.73146232103688536E-008
   8625000.0000000000       2.28338168834661677E-007  2.73146918293069903E-008
   8675000.0000000000       2.28365967359952376E-007  2.73147540625412081E-008
   8725000.0000000000       2.28391350843244032E-007  2.73148105154433240E-008
   8775000.0000000000       2.28414528995267584E-007  2.73148617349820842E-008
   8825000.0000000000       2.28435693389134923E-007  2.73149082154572170E-008
   8875000.0000000000       2.28455019011693825E-007  2.73149504036624489E-008
   8925000.0000000000       2.28472665685699547E-007  2.73149887035347923E-008
   8975000.0000000000       2.28488779372899156E-007  2.73150234803415425E-008
   9025000.0000000000       2.28503493367454943E-007  2.73150550644515983E-008
   9075000.0000000000       2.28516929388491173E-007  2.73150837547327398E-008
   9125000.0000000000       2.28529198579928252E-007  2.73151098216124910E-008
   9175000.0000000000       2.28540402425172724E-007  2.73151335098361813E-008
   9225000.0000000000       2.28550633583673607E-007  2.73151550409529179E-008
   9275000.0000000000       2.28559976655821502E-007  2.73151746155564081E-008
   9325000.0000000000       2.28568508882167585E-007  2.73151924153053247E-008
   9375000.0000000000       2.28576300782474000E-007  2.73152086047452444E-008
   9425000.0000000000       2.28583416739666045E-007  2.73152233329521163E-008
   9475000.0000000000       2.28589915533353559E-007  2.73152367350147847E-008
   9525000.0000000000       2.28595850827207138E-007  2.73152489333728285E-008
   9575000.0000000000       2.28601271614125436E-007  2.73152600390241051E-008
   9625000.0000000000       2.28606222622806161E-007  2.73152701526147272E-008
   9675000.0000000000       2.28610744689030233E-007  2.73152793654233142E-008
   9725000.0000000000       2.28614875094695725E-007  2.73152877602500764E-008
   9775000.0000000000       2.28618647877379392E-007  2.73152954122196629E-008
   9825000.0000000000       2.28622094112971263E-007  2.73153023895069729E-008
   9875000.0000000000       2.28625242173711213E-007  2.73153087539926900E-008
   9925000.0000000000       2.28628117963757530E-007  2.73153145618562778E-008
   9975000.0000000000       2.28630745134236781E-007  2.73153198641154768E-008
