   25000.000000000000        0.0000000000000000       1.31257679014375241E-010
   75000.000000000000        0.0000000000000000       1.65684405105064778E-010
   125000.00000000000        0.0000000000000000       1.99170533531104767E-010
   175000.00000000000        0.0000000000000000       2.31879531441765085E-010
   225000.00000000000        0.0000000000000000       2.63949385765143105E-010
   275000.00000000000        0.0000000000000000       2.95517047219387310E-010
   325000.00000000000        0.0000000000000000       3.26741183139740137E-010
   375000.00000000000        0.0000000000000000       3.57817666645056168E-010
   425000.00000000000        0.0000000000000000       3.88936991437791367E-010
   475000.00000000000        0.0000000000000000       4.20218924699121263E-010
   525000.00000000000        0.0000000000000000       4.51701329741360714E-010
   575000.00000000000        0.0000000000000000       4.83367742641297318E-010
   625000.00000000000        0.0000000000000000       5.15189007739966161E-010
   675000.00000000000        0.0000000000000000       5.47161202489404262E-010
   725000.00000000000        0.0000000000000000       5.79335800589206739E-010
   775000.00000000000        0.0000000000000000       6.11836396881494885E-010
   825000.00000000000        0.0000000000000000       6.44860121179794681E-010
   875000.00000000000        0.0000000000000000       6.78669815702171389E-010
   925000.00000000000        0.0000000000000000       7.13589801275601997E-010
   975000.00000000000        0.0000000000000000       7.50007712171282843E-010
   1025000.0000000000        0.0000000000000000       7.88377049808628365E-010
   1075000.0000000000        0.0000000000000000       8.29223536058156206E-010
   1125000.0000000000        0.0000000000000000       8.72437593130866165E-010
   1175000.0000000000        0.0000000000000000       9.17696320846913720E-010
   1225000.0000000000        0.0000000000000000       9.65356999904165686E-010
   1275000.0000000000        0.0000000000000000       1.01578551295918521E-009
   1325000.0000000000        0.0000000000000000       1.06935919597507942E-009
   1375000.0000000000        0.0000000000000000       1.12647604224442551E-009
   1425000.0000000000        0.0000000000000000       1.18757068800089061E-009
   1475000.0000000000        0.0000000000000000       1.25312923856037912E-009
   1525000.0000000000        0.0000000000000000       1.32370766233820353E-009
   1575000.0000000000        0.0000000000000000       1.39995814650424108E-009
   1625000.0000000000        0.0000000000000000       1.48265940456447314E-009
   1675000.0000000000        0.0000000000000000       1.57274770659249451E-009
   1725000.0000000000        0.0000000000000000       1.67135083420103299E-009
   1775000.0000000000        0.0000000000000000       1.77982231973549055E-009
   1825000.0000000000        0.0000000000000000       1.89976108664543288E-009
   1875000.0000000000        0.0000000000000000       2.03300334543534869E-009
   1925000.0000000000        0.0000000000000000       2.18159540473622006E-009
   1975000.0000000000        0.0000000000000000       2.34775780579094991E-009
   2025000.0000000000        0.0000000000000000       2.53382894528859782E-009
   2075000.0000000000        0.0000000000000000       2.74219843332055045E-009
   2125000.0000000000        0.0000000000000000       2.97523301630515717E-009
   2175000.0000000000        0.0000000000000000       3.23522081203153698E-009
   2225000.0000000000        0.0000000000000000       3.52432009446613287E-009
   2275000.0000000000       5.68599621341502552E-161  3.84450700023067324E-009
   2325000.0000000000       5.48288319951804075E-148  4.19756562370868241E-009
   2375000.0000000000       3.76656026762835018E-136  4.58510273983897856E-009
   2425000.0000000000       2.32952822327759817E-125  5.00857716663162883E-009
   2475000.0000000000       1.60566774876279208E-115  5.46934520323921701E-009
   2525000.0000000000       1.49833352357501474E-106  5.96871390869953808E-009
   2575000.0000000000       2.26036772674358807E-098  6.50799079988116209E-009
   2625000.0000000000       6.48092469678060764E-091  7.08851639331629828E-009
   2675000.0000000000       4.09326584699281692E-084  7.71166521430279551E-009
   2725000.0000000000       6.51513583507560829E-078  8.37880239769042239E-009
   2775000.0000000000       2.95448817020153511E-072  9.09118730152139058E-009
   2825000.0000000000       4.26872640457210350E-067  9.84983378832365461E-009
   2875000.0000000000       2.17563926012938991E-062  1.06553621967063237E-008
   2925000.0000000000       4.29160353234467429E-058  1.15078611178799953E-008
   2975000.0000000000       3.56523276324580360E-054  1.24067431555954466E-008
   3025000.0000000000       1.34709752293125662E-050  1.33506116657396218E-008
   3075000.0000000000       2.48277856702858911E-047  1.43371756512257710E-008
   3125000.0000000000       2.37862520297801102E-044  1.53632318573765571E-008
   3175000.0000000000       1.25508801202031918E-041  1.64247385077258016E-008
   3225000.0000000000       3.84445854476776042E-039  1.75169473429902097E-008
   3275000.0000000000       7.17177092108142468E-037  1.86345233002108348E-008
   3325000.0000000000       8.51141509850368977E-035  1.97716604179680612E-008
   3375000.0000000000       6.68655579840324816E-033  2.09222176346033475E-008
   3425000.0000000000       3.60500235433076450E-031  2.20798692256211894E-008
   3475000.0000000000       1.37837372002096315E-029  2.32382822505017620E-008
   3525000.0000000000       3.85090480287807514E-028  2.43912694485368537E-008
   3575000.0000000000       8.07812116081787098E-027  2.55328469190715327E-008
   3625000.0000000000       1.30423706843372559E-025  2.66572836447767419E-008
   3675000.0000000000       1.65754785528730623E-024  2.77592265004635041E-008
   3725000.0000000000       1.69249593988043062E-023  2.88338133128984923E-008
   3775000.0000000000       1.41464478563261008E-022  2.98767162034404715E-008
   3825000.0000000000       9.84511280657002690E-022  3.08841459449650276E-008
   3875000.0000000000       5.79469086111921466E-021  3.18528321144629438E-008
   3925000.0000000000       2.93371576009016988E-020  3.27800172885424768E-008
   3975000.0000000000       1.36293296149485841E-019  3.36634806545138819E-008
   4025000.0000000000       9.29645272913487957E-019  3.45015431351912197E-008
   4075000.0000000000       1.66746274049225982E-017  3.52930426847558314E-008
   4125000.0000000000       3.47632557319548338E-016  3.60373043166656410E-008
   4175000.0000000000       5.42677697016421792E-015  3.67341207403938502E-008
   4225000.0000000000       6.14158831624980462E-014  3.73837498700919520E-008
   4275000.0000000000       5.16675146172607137E-013  3.79869215806499917E-008
   4325000.0000000000       3.32779836493671281E-012  3.85448499613872129E-008
   4375000.0000000000       1.68715702526151274E-011  3.90592588802228898E-008
   4425000.0000000000       6.90647589160764968E-011  3.95324008550021456E-008
   4475000.0000000000       2.33606108819840765E-010  3.99670225638354192E-008
   4525000.0000000000       6.66382332254557239E-010  4.03662842473554881E-008
   4575000.0000000000       1.63228196056867645E-009  4.07336240082029502E-008
   4625000.0000000000       3.49114831700970801E-009  4.10725238810574171E-008
   4675000.0000000000       6.62697528542162160E-009  4.13863012793785421E-008
   4725000.0000000000       1.13383603242248753E-008  4.16780607466659523E-008
   4775000.0000000000       1.77358403087645389E-008  4.19507454945927132E-008
   4825000.0000000000       2.56982614455772185E-008  4.22072041780668338E-008
   4875000.0000000000       3.49081933279206422E-008  4.24502382295142074E-008
   4925000.0000000000       4.49421115387095716E-008  4.26826240223424974E-008
   4975000.0000000000       5.53689574351181918E-008  4.29071305304182884E-008
   5025000.0000000000       6.58175688620953193E-008  4.31265176392220241E-008
   5075000.0000000000       7.60053348967780990E-008  4.33434835682672424E-008
   5125000.0000000000       8.57404942360048766E-008  4.35605685890422328E-008
   5175000.0000000000       9.49098890726591763E-008  4.37800424840715133E-008
   5225000.0000000000       1.03460762629902814E-007  4.40037999476326883E-008
   5275000.0000000000       1.11382549524160602E-007  4.42332832224651078E-008
   5325000.0000000000       1.18691603708565352E-007  4.44694407930100203E-008
   5375000.0000000000       1.25419672818991017E-007  4.47127108985974129E-008
   5425000.0000000000       1.31605852728232857E-007  4.49629887626769557E-008
   5475000.0000000000       1.37291406257935137E-007  4.52195158223146910E-008
   5525000.0000000000       1.42516857250066085E-007  4.54807052549373136E-008
   5575000.0000000000       1.47320802713144086E-007  4.57441263142987977E-008
   5625000.0000000000       1.51739650475775768E-007  4.60068331297253319E-008
   5675000.0000000000       1.55807450693311983E-007  4.62658415728337952E-008
   5725000.0000000000       1.59555610084826291E-007  4.65184665660536391E-008
   5775000.0000000000       1.63012739077266913E-007  4.67624698510192359E-008
   5825000.0000000000       1.66204728747499288E-007  4.69960884345206635E-008
   5875000.0000000000       1.69154967827724349E-007  4.72180067243999224E-008
   5925000.0000000000       1.71884598646964061E-007  4.74273082189732741E-008
   5975000.0000000000       1.74412753719871854E-007  4.76234236233121186E-008
   6025000.0000000000       1.76756750621012547E-007  4.78060817829226256E-008
   6075000.0000000000       1.78932244373554542E-007  4.79752648691889560E-008
   6125000.0000000000       1.80953347571849288E-007  4.81311673939197326E-008
   6175000.0000000000       1.82832732386518353E-007  4.82741582919429450E-008
   6225000.0000000000       1.84581727849664752E-007  4.84047455738794434E-008
   6275000.0000000000       1.86210422197239318E-007  4.85235434394310926E-008
   6325000.0000000000       1.87727775143369541E-007  4.86312420424693104E-008
   6375000.0000000000       1.89141740146896712E-007  4.87285802471234349E-008
   6425000.0000000000       1.90459393005664739E-007  4.88163217175965240E-008
   6475000.0000000000       1.91687060995752604E-007  4.88952345842708769E-008
   6525000.0000000000       1.92830446292760914E-007  4.89660747731576853E-008
   6575000.0000000000       1.93894738239017828E-007  4.90295729176096371E-008
   6625000.0000000000       1.94884710641341420E-007  4.90864246214863406E-008
   6675000.0000000000       1.95804802178007225E-007  4.91372837296661822E-008
   6725000.0000000000       1.96659179751188418E-007  4.91827581915664471E-008
   6775000.0000000000       1.97451785993617479E-007  4.92234080743798568E-008
   6825000.0000000000       1.98186373031441627E-007  4.92597326897141661E-008
   6875000.0000000000       1.98866504150194748E-007  4.92921635443477729E-008
   6925000.0000000000       1.99495549626440799E-007  4.93210851255251867E-008
   6975000.0000000000       2.00076721806305134E-007  4.93468509220165226E-008
   7025000.0000000000       2.00613103801301825E-007  4.93697845675327231E-008
   7075000.0000000000       2.01107651551658987E-007  4.93901811544990832E-008
   7125000.0000000000       2.01563193592938205E-007  4.94083087727289477E-008
   7175000.0000000000       2.01982429825041626E-007  4.94244101876706428E-008
   7225000.0000000000       2.02367930067891769E-007  4.94387045909051875E-008
   7275000.0000000000       2.02722132952959191E-007  4.94513893705137895E-008
   7325000.0000000000       2.03047345500409581E-007  4.94626418613106064E-008
   7375000.0000000000       2.03345743571645113E-007  4.94726210451427506E-008
   7425000.0000000000       2.03619373265317104E-007  4.94814691798118123E-008
   7475000.0000000000       2.03870153237521072E-007  4.94893133419431025E-008
   7525000.0000000000       2.04099877868487959E-007  4.94962668745558079E-008
   7575000.0000000000       2.04310221162927703E-007  4.95024307343758648E-008
   7625000.0000000000       2.04502741253804345E-007  4.95078947372632559E-008
   7675000.0000000000       2.04678885374914235E-007  4.95127387026609498E-008
   7725000.0000000000       2.04839995172165543E-007  4.95170334998472909E-008
   7775000.0000000000       2.04987312233714126E-007  4.95208420001152823E-008
   7825000.0000000000       2.05121983732621289E-007  4.95242199399105675E-008
   7875000.0000000000       2.05245068090667192E-007  4.95272167005245503E-008
   7925000.0000000000       2.05357540587093654E-007  4.95298760102365794E-008
   7975000.0000000000       2.05460298850533507E-007  4.95322365748907827E-008
   8025000.0000000000       2.05554168185680147E-007  4.95343326428286614E-008
   8075000.0000000000       2.05639906698100637E-007  4.95361945099222748E-008
   8125000.0000000000       2.05718210190880711E-007  4.95378489701988313E-008
   8175000.0000000000       2.05789716815529351E-007  4.95393197172375130E-008
   8225000.0000000000       2.05855011466845861E-007  4.95406277011825859E-008
   8275000.0000000000       2.05914629917391797E-007  4.95417914458601149E-008
   8325000.0000000000       2.05969062691960296E-007  4.95428273301299233E-008
   8375000.0000000000       2.06018758686153950E-007  4.95437498372515824E-008
   8425000.0000000000       2.06064128536014386E-007  4.95445717757042798E-008
   8475000.0000000000       2.06105547747740202E-007  4.95453044745772564E-008
   8525000.0000000000       2.06143359598004229E-007  4.95459579563446355E-008
   8575000.0000000000       2.06177877816354723E-007  4.95465410895557375E-008
   8625000.0000000000       2.06209389061754339E-007  4.95470617237112266E-008
   8675000.0000000000       2.06238155205558647E-007  4.95475268083565982E-008
   8725000.0000000000       2.06264415433231620E-007  4.95479424982063792E-008
   8775000.0000000000       2.06288388176905510E-007  4.95483142459141478E-008
   8825000.0000000000       2.06310272890552051E-007  4.95486468839258400E-008
   8875000.0000000000       2.06330251679095384E-007  4.95489446966906586E-008
   8925000.0000000000       2.06348490792286898E-007  4.95492114843618151E-008
   8975000.0000000000       2.06365141993602196E-007  4.95494506189884708E-008
   9025000.0000000000       2.06380343813845110E-007  4.95496650940852362E-008
   9075000.0000000000       2.06394222698546060E-007  4.95498575683624505E-008
   9125000.0000000000       2.06406894057657893E-007  4.95500304043097368E-008
   9175000.0000000000       2.06418463225471331E-007  4.95501857022431732E-008
   9225000.0000000000       2.06429026338113785E-007  4.95503253303547920E-008
   9275000.0000000000       2.06438671135455587E-007  4.95504509512397131E-008
   9325000.0000000000       2.06447477693738598E-007  4.95505640453193776E-008
   9375000.0000000000       2.06455519094753322E-007  4.95506659315294738E-008
   9425000.0000000000       2.06462862036938064E-007  4.95507577855978297E-008
   9475000.0000000000       2.06469567393343188E-007  4.95508406561979132E-008
   9525000.0000000000       2.06475690721006451E-007  4.95509154792299805E-008
   9575000.0000000000       2.06481282725911761E-007  4.95509830904516534E-008
   9625000.0000000000       2.06486389687360164E-007  4.95510442366527194E-008
   9675000.0000000000       2.06491053845263283E-007  4.95510995855464913E-008
   9725000.0000000000       2.06495313753572411E-007  4.95511497345285648E-008
   9775000.0000000000       2.06499204602786259E-007  4.95511952184363347E-008
   9825000.0000000000       2.06502758514230131E-007  4.95512365164262212E-008
   9875000.0000000000       2.06506004808566188E-007  4.95512740580723600E-008
   9925000.0000000000       2.06508970250787990E-007  4.95513082287771838E-008
   9975000.0000000000       2.06511679273752542E-007  4.95513393745741790E-008
