   25000.000000000000        0.0000000000000000       5.82100176052385125E-010
   75000.000000000000        0.0000000000000000       7.39229418548791895E-010
   125000.00000000000        0.0000000000000000       8.92595816227758715E-010
   175000.00000000000        0.0000000000000000       1.04319229719972800E-009
   225000.00000000000        0.0000000000000000       1.19180545102248089E-009
   275000.00000000000        0.0000000000000000       1.33920307473137293E-009
   325000.00000000000        0.0000000000000000       1.48634528337358955E-009
   375000.00000000000        0.0000000000000000       1.63445045960320752E-009
   425000.00000000000        0.0000000000000000       1.78468747269227671E-009
   475000.00000000000        0.0000000000000000       1.93778635027112939E-009
   525000.00000000000        0.0000000000000000       2.09399443007504783E-009
   575000.00000000000        0.0000000000000000       2.25321943095090899E-009
   625000.00000000000        0.0000000000000000       2.41525531410406052E-009
   675000.00000000000        0.0000000000000000       2.58002568501928359E-009
   725000.00000000000        0.0000000000000000       2.74780278321689541E-009
   775000.00000000000        0.0000000000000000       2.91932516889873421E-009
   825000.00000000000        0.0000000000000000       3.09577616433305256E-009
   875000.00000000000        0.0000000000000000       3.27875263427267904E-009
   925000.00000000000        0.0000000000000000       3.47028039907031212E-009
   975000.00000000000        0.0000000000000000       3.67280731067548817E-009
   1025000.0000000000        0.0000000000000000       3.88921079906479074E-009
   1075000.0000000000        0.0000000000000000       4.12284495800589582E-009
   1125000.0000000000        0.0000000000000000       4.37342901209992268E-009
   1175000.0000000000        0.0000000000000000       4.63930743648876052E-009
   1225000.0000000000        0.0000000000000000       4.92270021165854746E-009
   1275000.0000000000        0.0000000000000000       5.22588291486987830E-009
   1325000.0000000000        0.0000000000000000       5.55121397137286050E-009
   1375000.0000000000        0.0000000000000000       5.90117875377413903E-009
   1425000.0000000000        0.0000000000000000       6.27844914528385135E-009
   1475000.0000000000        0.0000000000000000       6.68595523344161190E-009
   1525000.0000000000        0.0000000000000000       7.12698859446437456E-009
   1575000.0000000000        0.0000000000000000       7.60533134522717268E-009
   1625000.0000000000        0.0000000000000000       8.12538376720977127E-009
   1675000.0000000000        0.0000000000000000       8.69228671599332017E-009
   1725000.0000000000        0.0000000000000000       9.31204231544802098E-009
   1775000.0000000000        0.0000000000000000       9.99161175024881317E-009
   1825000.0000000000        0.0000000000000000       1.07389414882743829E-008
   1875000.0000000000        0.0000000000000000       1.15629165921886396E-008
   1925000.0000000000        0.0000000000000000       1.24732554797086316E-008
   1975000.0000000000        0.0000000000000000       1.34803212304858858E-008
   2025000.0000000000        0.0000000000000000       1.45947813574421919E-008
   2075000.0000000000        0.0000000000000000       1.58267822493003583E-008
   2125000.0000000000        0.0000000000000000       1.71853143742787087E-008
   2175000.0000000000        0.0000000000000000       1.86782196262566060E-008
   2225000.0000000000        0.0000000000000000       2.03118598779290877E-008
   2275000.0000000000       8.32442039263947455E-165  2.20909207350336817E-008
   2325000.0000000000       8.23488291252745826E-152  2.40184549626710924E-008
   2375000.0000000000       5.80215359323364878E-140  2.60959998451809731E-008
   2425000.0000000000       3.68225449716530250E-129  2.83238452139624014E-008
   2475000.0000000000       2.60778640254903311E-119  3.07014559012475301E-008
   2525000.0000000000       2.50616770195076586E-110  3.32280413267196938E-008
   2575000.0000000000       3.90805610902559868E-102  3.59032290203217936E-008
   2625000.0000000000       1.16455365394617036E-094  3.87277477890679249E-008
   2675000.0000000000       7.70299119628584364E-088  4.17039761153325683E-008
   2725000.0000000000       1.29722025516843214E-081  4.48362190285202203E-008
   2775000.0000000000       6.30433093231374109E-076  4.81306020213524382E-008
   2825000.0000000000       9.91035531780473650E-071  5.15946827516219229E-008
   2875000.0000000000       5.58914052321389467E-066  5.52372083436018668E-008
   2925000.0000000000       1.24236505026616795E-061  5.90679860798166545E-008
   2975000.0000000000       1.18561539054389263E-057  6.30973064661316912E-008
   3025000.0000000000       5.24934760294060333E-054  6.73350299920919185E-008
   3075000.0000000000       1.15642419974025055E-050  7.17897847207954518E-008
   3125000.0000000000       1.34995197302693174E-047  7.64684639775544302E-008
   3175000.0000000000       8.83717725756379381E-045  8.13764247589944898E-008
   3225000.0000000000       3.41476490078299426E-042  8.65179720106526423E-008
   3275000.0000000000       8.16009847094604540E-040  9.18961526621044261E-008
   3325000.0000000000       1.25796641776954800E-037  9.75121543011228690E-008
   3375000.0000000000       1.29970474033071513E-035  1.03364836913335007E-007
   3425000.0000000000       9.31401477309102585E-034  1.09450467019627094E-007
   3475000.0000000000       4.77505575564866844E-032  1.15763095182617183E-007
   3525000.0000000000       1.80107050984709421E-030  1.22294815696193202E-007
   3575000.0000000000       5.12671254294711406E-029  1.29034445279950942E-007
   3625000.0000000000       1.12679429691617128E-027  1.35966152930897319E-007
   3675000.0000000000       1.95180098576862732E-026  1.43070071485857638E-007
   3725000.0000000000       2.71417664471550276E-025  1.50323397034560056E-007
   3775000.0000000000       3.08165763255876468E-024  1.57700546406359991E-007
   3825000.0000000000       2.90122068898381903E-023  1.65172732033241437E-007
   3875000.0000000000       2.29688269196525354E-022  1.72706940357805994E-007
   3925000.0000000000       1.54880200959108992E-021  1.80265392865664204E-007
   3975000.0000000000       9.00378230640795551E-021  1.87806572953595136E-007
   4025000.0000000000       4.60672826091617990E-020  1.95286487116712497E-007
   4075000.0000000000       2.31309873074112395E-019  2.02659296644806217E-007
   4125000.0000000000       1.76921129013137309E-018  2.09877802241697084E-007
   4175000.0000000000       2.49912558748759927E-017  2.16894070423271759E-007
   4225000.0000000000       3.67529708002852513E-016  2.23660595902686843E-007
   4275000.0000000000       4.27475883692542673E-015  2.30132069701594873E-007
   4325000.0000000000       3.81241637124577142E-014  2.36267307932671190E-007
   4375000.0000000000       2.65154505511370488E-013  2.42031150697107897E-007
   4425000.0000000000       1.47199964825079067E-012  2.47396079808800232E-007
   4475000.0000000000       6.67195533775952015E-012  2.52342732640173584E-007
   4525000.0000000000       2.52014711225149615E-011  2.56860073141237382E-007
   4575000.0000000000       8.07799387989462702E-011  2.60947486802893164E-007
   4625000.0000000000       2.23406680477461087E-010  2.64617019881129394E-007
   4675000.0000000000       5.41496613112701879E-010  2.67892522538533690E-007
   4725000.0000000000       1.16692898478724971E-009  2.70807467953059606E-007
   4775000.0000000000       2.26478092567428413E-009  2.73403114621155220E-007
   4825000.0000000000       4.00477259411447554E-009  2.75725739455453741E-007
   4875000.0000000000       6.52126399705352963E-009  2.77822946577997788E-007
   4925000.0000000000       9.87681028657506424E-009  2.79740208304121570E-007
   4975000.0000000000       1.40441688657895775E-008  2.81518645783395683E-007
   5025000.0000000000       1.89115706543936266E-008  2.83194432165995025E-007
   5075000.0000000000       2.43061554044016623E-008  2.84799153201497287E-007
   5125000.0000000000       3.00263073097478080E-008  2.86360348126890852E-007
   5175000.0000000000       3.58728223076912255E-008  2.87901903420254654E-007
   5225000.0000000000       4.16717327203260346E-008  2.89444231779794967E-007
   5275000.0000000000       4.72864815508545780E-008  2.91004283397722121E-007
   5325000.0000000000       5.26208081948965473E-008  2.92595490147096706E-007
   5375000.0000000000       5.76153363854891061E-008  2.94227738709807213E-007
   5425000.0000000000       6.22409147898497798E-008  2.95907395364952967E-007
   5475000.0000000000       6.64910308558995154E-008  2.97637238496593179E-007
   5525000.0000000000       7.03747359697114932E-008  2.99415898367837835E-007
   5575000.0000000000       7.39108246907008964E-008  3.01236372669928666E-007
   5625000.0000000000       7.71235697436876166E-008  3.03084382473977931E-007
   5675000.0000000000       8.00399548011291077E-008  3.04939030338948603E-007
   5725000.0000000000       8.26879317572260079E-008  3.06776405702243127E-007
   5775000.0000000000       8.50951374413777541E-008  3.08573531106607263E-007
   5825000.0000000000       8.72878954518697072E-008  3.10310701833317028E-007
   5875000.0000000000       8.92905743130280585E-008  3.11972329172757966E-007
   5925000.0000000000       9.11252809959490689E-008  3.13546930113014398E-007
   5975000.0000000000       9.28117816818507201E-008  3.15026732135838237E-007
   6025000.0000000000       9.43675476139686418E-008  3.16407152363094071E-007
   6075000.0000000000       9.58078601336589421E-008  3.17686273349664638E-007
   6125000.0000000000       9.71459413111366019E-008  3.18864362014868213E-007
   6175000.0000000000       9.83930978367563804E-008  3.19943442082818577E-007
   6225000.0000000000       9.95588769314533447E-008  3.20926916723471260E-007
   6275000.0000000000       1.00651236478926221E-007  3.21819235311833575E-007
   6325000.0000000000       1.01676730156309903E-007  3.22625599610638593E-007
   6375000.0000000000       1.02640704695831078E-007  3.23351706814583050E-007
   6425000.0000000000       1.03547502723691704E-007  3.24003528370339774E-007
   6475000.0000000000       1.04400662307177624E-007  3.24587123988023027E-007
   6525000.0000000000       1.05203103952815433E-007  3.25108489967156621E-007
   6575000.0000000000       1.05957297170125197E-007  3.25573440215614044E-007
   6625000.0000000000       1.06665401239858589E-007  3.25987517471760256E-007
   6675000.0000000000       1.07329377765360693E-007  3.26355931487184687E-007
   6725000.0000000000       1.07951075310944530E-007  3.26683520423187528E-007
   6775000.0000000000       1.08532288540643933E-007  3.26974731500794391E-007
   6825000.0000000000       1.09074795606952920E-007  3.27233504672139812E-007
   6875000.0000000000       1.09580337491003795E-007  3.27463210098686637E-007
   6925000.0000000000       1.10050593079169526E-007  3.27666833423023416E-007
   6975000.0000000000       1.10487232967428394E-007  3.27847115821424260E-007
   7025000.0000000000       1.10891958103360828E-007  3.28006561234016359E-007
   7075000.0000000000       1.11266487599551392E-007  3.28147445697620868E-007
   7125000.0000000000       1.11612544093996141E-007  3.28271829115517326E-007
   7175000.0000000000       1.11931838671144260E-007  3.28381568586415259E-007
   7225000.0000000000       1.12226056447248107E-007  3.28478332603663360E-007
   7275000.0000000000       1.12496843560450987E-007  3.28563615591559191E-007
   7325000.0000000000       1.12745796004010936E-007  3.28638752373936812E-007
   7375000.0000000000       1.12974450503993915E-007  3.28704932275276572E-007
   7425000.0000000000       1.13184277467101668E-007  3.28763212639883091E-007
   7475000.0000000000       1.13376675902329385E-007  3.28814531623274652E-007
   7525000.0000000000       1.13552970142415615E-007  3.28859720164349788E-007
   7575000.0000000000       1.13714408147921353E-007  3.28899513089475287E-007
   7625000.0000000000       1.13862161159405214E-007  3.28934559332308961E-007
   7675000.0000000000       1.13997324463960069E-007  3.28965431277718343E-007
   7725000.0000000000       1.14120919055181553E-007  3.28992633256029901E-007
   7775000.0000000000       1.14233893985665570E-007  3.29016609226378871E-007
   7825000.0000000000       1.14337129234832557E-007  3.29037749696189218E-007
   7875000.0000000000       1.14431438939720204E-007  3.29056397928753431E-007
   7925000.0000000000       1.14517574860682814E-007  3.29072855493228028E-007
   7975000.0000000000       1.14596229976607997E-007  3.29087387211785860E-007
   8025000.0000000000       1.14668042124724832E-007  3.29100225557663117E-007
   8075000.0000000000       1.14733597618056073E-007  3.29111574555809526E-007
   8125000.0000000000       1.14793434789032036E-007  3.29121613235168110E-007
   8175000.0000000000       1.14848047420839289E-007  3.29130498678453634E-007
   8225000.0000000000       1.14897888038915173E-007  3.29138368711957295E-007
   8275000.0000000000       1.14943371043859109E-007  3.29145344274447785E-007
   8325000.0000000000       1.14984875674161401E-007  3.29151531500810296E-007
   8375000.0000000000       1.15022748792797556E-007  3.29157023552758737E-007
   8425000.0000000000       1.15057307496133929E-007  3.29161902225777143E-007
   8475000.0000000000       1.15088841546945755E-007  3.29166239358485351E-007
   8525000.0000000000       1.15117615635848753E-007  3.29170098067862811E-007
   8575000.0000000000       1.15143871477250851E-007  3.29173533831201670E-007
   8625000.0000000000       1.15167829747178077E-007  3.29176595433361349E-007
   8675000.0000000000       1.15189691871133700E-007  3.29179325795780387E-007
   8725000.0000000000       1.15209641670608205E-007  3.29181762701784875E-007
   8775000.0000000000       1.15227846877050195E-007  3.29183939431041285E-007
   8825000.0000000000       1.15244460522096495E-007  3.29185885314462464E-007
   8875000.0000000000       1.15259622212697642E-007  3.29187626219512839E-007
   8925000.0000000000       1.15273459299506033E-007  3.29189184974649899E-007
   8975000.0000000000       1.15286087946544537E-007  3.29190581740566929E-007
   9025000.0000000000       1.15297614109779501E-007  3.29191834334944813E-007
   9075000.0000000000       1.15308134431793811E-007  3.29192958516600929E-007
   9125000.0000000000       1.15317737059315877E-007  3.29193968234164474E-007
   9175000.0000000000       1.15326502389916110E-007  3.29194875843782194E-007
   9225000.0000000000       1.15334503753746142E-007  3.29195692299771630E-007
   9275000.0000000000       1.15341808035769745E-007  3.29196427321655592E-007
   9325000.0000000000       1.15348476243526473E-007  3.29197089540566036E-007
   9375000.0000000000       1.15354564025079623E-007  3.29197686627629212E-007
   9425000.0000000000       1.15360122141433050E-007  3.29198225406605649E-007
   9475000.0000000000       1.15365196897355000E-007  3.29198711952778439E-007
   9525000.0000000000       1.15369830534225492E-007  3.29199151679811862E-007
   9575000.0000000000       1.15374061588221230E-007  3.29199549416100080E-007
   9625000.0000000000       1.15377925216875687E-007  3.29199909471915933E-007
   9675000.0000000000       1.15381453496791145E-007  3.29200235698515529E-007
   9725000.0000000000       1.15384675695044395E-007  3.29200531540192433E-007
   9775000.0000000000       1.15387618516605346E-007  3.29200800080166798E-007
   9825000.0000000000       1.15390306329889542E-007  3.29201044081062150E-007
   9875000.0000000000       1.15392761372378302E-007  3.29201266020643619E-007
   9925000.0000000000       1.15395003938071155E-007  3.29201468123394107E-007
   9975000.0000000000       1.15397052548381823E-007  3.29201652388441653E-007
