   25000.000000000000        0.0000000000000000       5.72751923896961587E-010
   75000.000000000000        0.0000000000000000       7.29663197847535557E-010
   125000.00000000000        0.0000000000000000       8.83339427829274086E-010
   175000.00000000000        0.0000000000000000       1.03407973140914482E-009
   225000.00000000000        0.0000000000000000       1.18272051158238020E-009
   275000.00000000000        0.0000000000000000       1.33012892500618080E-009
   325000.00000000000        0.0000000000000000       1.47729022427159017E-009
   375000.00000000000        0.0000000000000000       1.62543366693729084E-009
   425000.00000000000        0.0000000000000000       1.77575684073686889E-009
   475000.00000000000        0.0000000000000000       1.92903140644097661E-009
   525000.00000000000        0.0000000000000000       2.08553763611249271E-009
   575000.00000000000        0.0000000000000000       2.24521271222236363E-009
   625000.00000000000        0.0000000000000000       2.40788939818395584E-009
   675000.00000000000        0.0000000000000000       2.57352953893550657E-009
   725000.00000000000        0.0000000000000000       2.74241957450855049E-009
   775000.00000000000        0.0000000000000000       2.91529180576953093E-009
   825000.00000000000        0.0000000000000000       3.09336716227239605E-009
   875000.00000000000        0.0000000000000000       3.27834461137170424E-009
   925000.00000000000        0.0000000000000000       3.47238612610882056E-009
   975000.00000000000        0.0000000000000000       3.67812312436443813E-009
   1025000.0000000000        0.0000000000000000       3.89861015677730881E-009
   1075000.0000000000        0.0000000000000000       4.13729969425620142E-009
   1125000.0000000000        0.0000000000000000       4.39387247664489312E-009
   1175000.0000000000        0.0000000000000000       4.66656838789401347E-009
   1225000.0000000000        0.0000000000000000       4.95761871168411856E-009
   1275000.0000000000        0.0000000000000000       5.26937696931677260E-009
   1325000.0000000000        0.0000000000000000       5.60432602860756729E-009
   1375000.0000000000        0.0000000000000000       5.96513295844391363E-009
   1425000.0000000000        0.0000000000000000       6.35474314368184610E-009
   1475000.0000000000        0.0000000000000000       6.77646047702967761E-009
   1525000.0000000000        0.0000000000000000       7.23405361509465090E-009
   1575000.0000000000        0.0000000000000000       7.73191139805016910E-009
   1625000.0000000000        0.0000000000000000       8.27520942686709453E-009
   1675000.0000000000        0.0000000000000000       8.87008159339109215E-009
   1725000.0000000000        0.0000000000000000       9.52381027798804448E-009
   1775000.0000000000        0.0000000000000000       1.02450057426311701E-008
   1825000.0000000000        0.0000000000000000       1.10437000356714639E-008
   1875000.0000000000        0.0000000000000000       1.19313509929718025E-008
   1925000.0000000000        0.0000000000000000       1.29207719691239704E-008
   1975000.0000000000        0.0000000000000000       1.40259548249854551E-008
   2025000.0000000000        0.0000000000000000       1.52618182476992736E-008
   2075000.0000000000        0.0000000000000000       1.66438973429518582E-008
   2125000.0000000000        0.0000000000000000       1.81879135334512313E-008
   2175000.0000000000        0.0000000000000000       1.99084914692986868E-008
   2225000.0000000000        0.0000000000000000       2.18179482981297833E-008
   2275000.0000000000       9.03118341056753016E-162  2.39266345308446526E-008
   2325000.0000000000       8.95589197941772599E-149  2.62431043674517687E-008
   2375000.0000000000       6.31216024466031768E-137  2.87741364877379298E-008
   2425000.0000000000       3.99535620317066945E-126  3.15251121052561806E-008
   2475000.0000000000       2.81170857018767945E-116  3.45003694365496171E-008
   2525000.0000000000       2.67300917782355584E-107  3.77035832242320219E-008
   2575000.0000000000       4.09974275245532233E-099  4.11381002020917442E-008
   2625000.0000000000       1.19267662973771685E-091  4.48071601710933664E-008
   2675000.0000000000       7.62696507627383366E-085  4.87139307941079989E-008
   2725000.0000000000       1.22635216085468874E-078  5.28612960990789338E-008
   2775000.0000000000       5.60410691754368185E-073  5.72513894498131897E-008
   2825000.0000000000       8.13762522690365570E-068  6.18849167011068929E-008
   2875000.0000000000       4.15679309801488836E-063  6.67604087362027703E-008
   2925000.0000000000       8.19502003428518719E-059  7.18735448916527627E-008
   2975000.0000000000       6.78561119485414678E-055  7.72165997651389932E-008
   3025000.0000000000       2.54895188323954953E-051  8.27780937316916453E-008
   3075000.0000000000       4.66021729100760190E-048  8.85427458715292350E-008
   3125000.0000000000       4.42154985843581197E-045  9.44917681712606144E-008
   3175000.0000000000       2.30820950224196865E-042  1.00603587842613463E-007
   3225000.0000000000       6.99370179519348326E-040  1.06854888208000074E-007
   3275000.0000000000       1.29143328093794063E-037  1.13221610020644318E-007
   3325000.0000000000       1.51965118491096381E-035  1.19679798781881508E-007
   3375000.0000000000       1.18688834128653028E-033  1.26206299724391190E-007
   3425000.0000000000       6.38552299987098311E-032  1.32779279835826655E-007
   3475000.0000000000       2.44786723143656584E-030  1.39378823128226773E-007
   3525000.0000000000       6.89527267843755639E-029  1.45987328358184896E-007
   3575000.0000000000       1.46774292074693591E-027  1.52588940140846609E-007
   3625000.0000000000       2.42160144206800330E-026  1.59168749176720961E-007
   3675000.0000000000       3.16847020204198367E-025  1.65713039520501275E-007
   3725000.0000000000       3.35640124219841955E-024  1.72209896339940287E-007
   3775000.0000000000       2.93308404479815709E-023  1.78649292479306167E-007
   3825000.0000000000       2.15080676710525929E-022  1.85022749029401934E-007
   3875000.0000000000       1.34405131551670208E-021  1.91322385351149464E-007
   3925000.0000000000       7.25816124261101801E-021  1.97540136414548060E-007
   3975000.0000000000       3.42992322028853539E-020  2.03668169543933879E-007
   4025000.0000000000       1.43454724398009434E-019  2.09699522084737062E-007
   4075000.0000000000       5.36531900687000438E-019  2.15628118858821854E-007
   4125000.0000000000       1.81134821129616063E-018  2.21448420284037703E-007
   4175000.0000000000       5.56720915414332012E-018  2.27154733658932482E-007
   4225000.0000000000       1.56982985945151636E-017  2.32740630379171560E-007
   4275000.0000000000       4.08945887156148937E-017  2.38198937648242451E-007
   4325000.0000000000       9.90376504522591779E-017  2.43521942714642971E-007
   4375000.0000000000       2.24243871994231853E-016  2.48701370705055075E-007
   4425000.0000000000       4.77156351733431035E-016  2.53728700940777874E-007
   4475000.0000000000       9.58647564880909172E-016  2.58596489096734625E-007
   4525000.0000000000       1.82647419828369023E-015  2.63298831637593810E-007
   4575000.0000000000       3.31370795093568560E-015  2.67829518073771734E-007
   4625000.0000000000       5.74676518634623233E-015  2.72180964986886076E-007
   4675000.0000000000       9.56048978249696812E-015  2.76345756005908604E-007
   4725000.0000000000       1.53094458026363087E-014  2.80317990022324850E-007
   4775000.0000000000       2.36768600029408485E-014  2.84093185801529131E-007
   4825000.0000000000       3.54853636567392282E-014  2.87667985251313753E-007
   4875000.0000000000       5.17203021601539875E-014  2.91040073317210865E-007
   4925000.0000000000       7.35887583986431985E-014  2.94208306655273510E-007
   4975000.0000000000       1.02659991215812108E-013  2.97173022010096484E-007
   5025000.0000000000       1.41170460205347775E-013  2.99936198964600270E-007
   5075000.0000000000       1.92628191315001360E-013  3.02501402925516339E-007
   5125000.0000000000       2.62916554601698878E-013  3.04873662509004914E-007
   5175000.0000000000       3.62176637436847865E-013  3.07059355449846957E-007
   5225000.0000000000       5.07845062066578745E-013  3.09066105781660963E-007
   5275000.0000000000       7.29355246278433966E-013  3.10902683090456292E-007
   5325000.0000000000       1.07518999517026243E-012  3.12578887887041751E-007
   5375000.0000000000       1.62324339041114442E-012  3.14105400372075303E-007
   5425000.0000000000       2.49629551402385007E-012  3.15493571072039528E-007
   5475000.0000000000       3.88911289513924098E-012  3.16755146136771211E-007
   5525000.0000000000       6.13635167607815315E-012  3.17901943559608849E-007
   5575000.0000000000       9.93034642857713806E-012  3.18945517418650399E-007
   5625000.0000000000       1.69977873960514616E-011  3.19896854885921311E-007
   5675000.0000000000       3.18752846782495566E-011  3.20766143079531806E-007
   5725000.0000000000       6.56817666104389983E-011  3.21562624911024028E-007
   5775000.0000000000       1.42479242794911157E-010  3.22294541794806078E-007
   5825000.0000000000       3.07488519759968692E-010  3.22969142081107531E-007
   5875000.0000000000       6.34337820536788220E-010  3.23592721804623250E-007
   5925000.0000000000       1.22695406784824362E-009  3.24170662979657068E-007
   5975000.0000000000       2.21224967314402755E-009  3.24707448305988330E-007
   6025000.0000000000       3.72290336066894687E-009  3.25206660690369273E-007
   6075000.0000000000       5.87390829925031371E-009  3.25671010114818110E-007
   6125000.0000000000       8.73970141484886140E-009  3.26102440759493944E-007
   6175000.0000000000       1.23387843294626361E-008  3.26502335304521386E-007
   6225000.0000000000       1.66298636243545202E-008  3.26871772347579689E-007
   6275000.0000000000       2.15193846463821999E-008  3.27211761623580850E-007
   6325000.0000000000       2.68769705701047202E-008  3.27523403625073595E-007
   6375000.0000000000       3.25538972796695121E-008  3.27807964300689544E-007
   6425000.0000000000       3.84002821607397056E-008  3.28066884422110794E-007
   6475000.0000000000       4.42782913679914105E-008  3.28301749671762124E-007
   6525000.0000000000       5.00704304120705066E-008  3.28514242528594091E-007
   6575000.0000000000       5.56832860609958036E-008  3.28706089992921492E-007
   6625000.0000000000       6.10477678222440585E-008  3.28879015428844620E-007
   6675000.0000000000       6.61170637919048660E-008  3.29034698694810616E-007
   6725000.0000000000       7.08633819414072767E-008  3.29174745987713297E-007
   6775000.0000000000       7.52742763915000161E-008  3.29300669087297554E-007
   6825000.0000000000       7.93490778017615569E-008  3.29413844022246424E-007
   6875000.0000000000       8.30932391233682395E-008  3.29515486304482972E-007
   6925000.0000000000       8.65139375154120569E-008  3.29606693292271279E-007
   6975000.0000000000       8.96216521902890370E-008  3.29688478697928646E-007
   7025000.0000000000       9.24313390899038399E-008  3.29761774146244301E-007
   7075000.0000000000       9.49609513018554175E-008  3.29827431765656091E-007
   7125000.0000000000       9.72302053605369472E-008  3.29886227807363400E-007
   7175000.0000000000       9.92596085727109884E-008  3.29938866939009573E-007
   7225000.0000000000       1.01069719023572878E-007  3.29985986934546065E-007
   7275000.0000000000       1.02680604199043145E-007  3.30028163546627264E-007
   7325000.0000000000       1.04111463326116218E-007  3.30065915400774163E-007
   7375000.0000000000       1.05380380659077445E-007  3.30099708793405145E-007
   7425000.0000000000       1.06504180629019071E-007  3.30129962310240190E-007
   7475000.0000000000       1.07498360081676326E-007  3.30157051208887625E-007
   7525000.0000000000       1.08377077159097239E-007  3.30181311530702935E-007
   7575000.0000000000       1.09153180393316774E-007  3.30203043923351733E-007
   7625000.0000000000       1.09838265108007940E-007  3.30222517167754213E-007
   7675000.0000000000       1.10442747211608961E-007  3.30239971412058631E-007
   7725000.0000000000       1.10975946923930492E-007  3.30255621121632864E-007
   7775000.0000000000       1.11446176954936905E-007  3.30269657758366099E-007
   7825000.0000000000       1.11860831212434190E-007  3.30282252205262110E-007
   7875000.0000000000       1.12226471321683383E-007  3.30293556953839418E-007
   7925000.0000000000       1.12548909158134922E-007  3.30303708072453707E-007
   7975000.0000000000       1.12833284281459241E-007  3.30312826973649317E-007
   8025000.0000000000       1.13084135663663558E-007  3.30321021998166343E-007
   8075000.0000000000       1.13305467467011610E-007  3.30328389832445981E-007
   8125000.0000000000       1.13500808881841684E-007  3.30335016775521190E-007
   8175000.0000000000       1.13673268206716598E-007  3.30340979870093085E-007
   8225000.0000000000       1.13825581464542903E-007  3.30346347911484240E-007
   8275000.0000000000       1.13960155914628694E-007  3.30351182347054958E-007
   8325000.0000000000       1.14079108854603787E-007  3.30355538077560440E-007
   8375000.0000000000       1.14184302117155412E-007  3.30359464170896960E-007
   8425000.0000000000       1.14277372661680656E-007  3.30363004497625073E-007
   8475000.0000000000       1.14359759645453729E-007  3.30366198296695192E-007
   8525000.0000000000       1.14432728336680491E-007  3.30369080678858749E-007
   8575000.0000000000       1.14497391205874030E-007  3.30371683074456979E-007
   8625000.0000000000       1.14554726504571790E-007  3.30374033631589831E-007
   8675000.0000000000       1.14605594613028181E-007  3.30376157570085473E-007
   8725000.0000000000       1.14650752412015592E-007  3.30378077496190137E-007
   8775000.0000000000       1.14690865908639325E-007  3.30379813682407575E-007
   8825000.0000000000       1.14726521322300922E-007  3.30381384316468253E-007
   8875000.0000000000       1.14758234814738509E-007  3.30382805722953508E-007
   8925000.0000000000       1.14786461027555766E-007  3.30384092560687152E-007
   8975000.0000000000       1.14811600571908971E-007  3.30385257998634940E-007
   9025000.0000000000       1.14834006598091330E-007  3.30386313872707788E-007
   9075000.0000000000       1.14853990557594464E-007  3.30387270825597646E-007
   9125000.0000000000       1.14871827256742362E-007  3.30388138431511463E-007
   9175000.0000000000       1.14887759289044873E-007  3.30388925307467614E-007
   9225000.0000000000       1.14902000922857066E-007  3.30389639212624536E-007
   9275000.0000000000       1.14914741511609191E-007  3.30390287136960322E-007
   9325000.0000000000       1.14926148485649345E-007  3.30390875380467434E-007
   9375000.0000000000       1.14936369977496263E-007  3.30391409623901822E-007
   9425000.0000000000       1.14945537125920385E-007  3.30391894992016795E-007
   9475000.0000000000       1.14953766098657563E-007  3.30392336110099181E-007
   9525000.0000000000       1.14961159868626531E-007  3.30392737154545143E-007
   9575000.0000000000       1.14967809774189381E-007  3.30393101898123812E-007
   9625000.0000000000       1.14973796890192871E-007  3.30393433750505809E-007
   9675000.0000000000       1.14979193233194628E-007  3.30393735794574376E-007
   9725000.0000000000       1.14984062821359742E-007  3.30394010818971351E-007
   9775000.0000000000       1.14988462606955559E-007  3.30394261347283807E-007
   9825000.0000000000       1.14992443297134096E-007  3.30394489664236316E-007
   9875000.0000000000       1.14996050076734954E-007  3.30394697839199614E-007
   9925000.0000000000       1.14999323245126150E-007  3.30394887747306757E-007
   9975000.0000000000       1.15002298777604259E-007  3.30395061088415388E-007
