           1   1216.0000000000000       9.99999999999999945E-021   0.0000000000000000     
           2   1300.0000000000000       1.70000000000000001E-018   0.0000000000000000     
           3   1350.0000000000000       1.00000000000000007E-017   0.0000000000000000     
           4   1400.0000000000000       1.39999999999999995E-017   0.0000000000000000     
           5   1450.0000000000000       1.30000000000000002E-017   0.0000000000000000     
           6   1500.0000000000000       1.10000000000000000E-017   0.0000000000000000     
           7   1550.0000000000000       7.70000000000000063E-018   0.0000000000000000     
           8   1600.0000000000000       4.09999999999999975E-018   0.0000000000000000     
           9   1650.0000000000000       1.49999999999999991E-018   0.0000000000000000     
          10   1700.0000000000000       4.70000000000000003E-019   0.0000000000000000     
          11   1754.0000000000000        0.0000000000000000       2.59827724747110261E-020
          12   1770.0000000000000        0.0000000000000000       7.84747183767382870E-021
          13   1786.0000000000000        0.0000000000000000       4.24369499990218114E-021
          14   1802.0000000000000        0.0000000000000000       5.42373233583571447E-021
          15   1818.0000000000000        0.0000000000000000       3.31127829931557724E-021
          16   1835.0000000000000        0.0000000000000000       2.80069588487355275E-021
          17   1852.0000000000000        0.0000000000000000       2.09293135279314664E-021
          18   1869.0000000000000        0.0000000000000000       1.17413153485497367E-021
          19   1887.0000000000000        0.0000000000000000       7.35022443089875990E-022
          20   1905.0000000000000        0.0000000000000000       4.04363531942126693E-022
          21   1923.0000000000000        0.0000000000000000       4.93427816330053333E-022
          22   1942.0000000000000        0.0000000000000000       1.55168690916585434E-022
          23   1961.0000000000000        0.0000000000000000       5.82021798719584602E-023
          24   1980.0000000000000        0.0000000000000000       8.09999999999999984E-024
          25   2000.0000000000000        0.0000000000000000       2.14536955344165927E-023
          26   2020.0000000000000        0.0000000000000000       2.03346836051548017E-023
          27   2041.0000000000000        0.0000000000000000       1.96444390080176782E-023
          28   2062.0000000000000        0.0000000000000000       7.30000000000000064E-024
          29   2083.0000000000000        0.0000000000000000       6.99999999999999928E-024
          30   2105.0000000000000        0.0000000000000000       6.50000000000000070E-024
          31   2128.0000000000000        0.0000000000000000       5.80000000000000048E-024
          32   2151.0000000000000        0.0000000000000000       5.19999999999999997E-024
          33   2174.0000000000000        0.0000000000000000       4.69999999999999992E-024
          34   2200.0000000000000        0.0000000000000000       4.30000000000000031E-024
          35   2222.0000000000000        0.0000000000000000       3.80000000000000026E-024
          36   2247.0000000000000        0.0000000000000000       3.39999999999999992E-024
          37   2273.0000000000000        0.0000000000000000       2.89999999999999987E-024
          38   2299.0000000000000        0.0000000000000000       2.49999999999999990E-024
          39   2326.0000000000000        0.0000000000000000       2.10000000000000030E-024
          40   2353.0000000000000        0.0000000000000000       1.69999999999999996E-024
          41   2381.0000000000000        0.0000000000000000       1.29999999999999999E-024
          42   2410.0000000000000        0.0000000000000000       9.29999999999999938E-025
          43   2439.0000000000000        0.0000000000000000        0.0000000000000000     
          44   2469.0000000000000        0.0000000000000000        0.0000000000000000     
          45   2500.0000000000000        0.0000000000000000        0.0000000000000000     
          46   2532.0000000000000        0.0000000000000000        0.0000000000000000     
          47   2564.0000000000000        0.0000000000000000        0.0000000000000000     
          48   2597.0000000000000        0.0000000000000000        0.0000000000000000     
          49   2632.0000000000000        0.0000000000000000        0.0000000000000000     
          50   2667.0000000000000        0.0000000000000000        0.0000000000000000     
          51   2703.0000000000000        0.0000000000000000        0.0000000000000000     
          52   2740.0000000000000        0.0000000000000000        0.0000000000000000     
          53   2778.0000000000000        0.0000000000000000        0.0000000000000000     
          54   2817.0000000000000        0.0000000000000000        0.0000000000000000     
          55   2857.0000000000000        0.0000000000000000        0.0000000000000000     
          56   2899.0000000000000        0.0000000000000000        0.0000000000000000     
          57   2941.0000000000000        0.0000000000000000        0.0000000000000000     
          58   2985.0000000000000        0.0000000000000000        0.0000000000000000     
          59   3030.0000000000000        0.0000000000000000        0.0000000000000000     
          60   3077.0000000000000        0.0000000000000000        0.0000000000000000     
          61   3125.0000000000000        0.0000000000000000        0.0000000000000000     
          62   3175.0000000000000        0.0000000000000000        0.0000000000000000     
          63   3225.0000000000000        0.0000000000000000        0.0000000000000000     
          64   3275.0000000000000        0.0000000000000000        0.0000000000000000     
          65   3325.0000000000000        0.0000000000000000        0.0000000000000000     
          66   3375.0000000000000        0.0000000000000000        0.0000000000000000     
          67   3425.0000000000000        0.0000000000000000        0.0000000000000000     
          68   3450.0000000000000        0.0000000000000000        0.0000000000000000     
          69   3550.0000000000000        0.0000000000000000        0.0000000000000000     
          70   3650.0000000000000        0.0000000000000000        0.0000000000000000     
          71   3750.0000000000000        0.0000000000000000        0.0000000000000000     
          72   3850.0000000000000        0.0000000000000000        0.0000000000000000     
          73   3950.0000000000000        0.0000000000000000        0.0000000000000000     
          74   4050.0000000000000        0.0000000000000000        0.0000000000000000     
          75   4150.0000000000000        0.0000000000000000        0.0000000000000000     
          76   4250.0000000000000        0.0000000000000000        0.0000000000000000     
          77   4350.0000000000000        0.0000000000000000        0.0000000000000000     
          78   4450.0000000000000        0.0000000000000000        0.0000000000000000     
          79   4550.0000000000000        0.0000000000000000        0.0000000000000000     
          80   4650.0000000000000        0.0000000000000000        0.0000000000000000     
          81   4750.0000000000000        0.0000000000000000        0.0000000000000000     
          82   4850.0000000000000        0.0000000000000000        0.0000000000000000     
          83   4950.0000000000000        0.0000000000000000        0.0000000000000000     
          84   5050.0000000000000        0.0000000000000000        0.0000000000000000     
          85   5150.0000000000000        0.0000000000000000        0.0000000000000000     
          86   5250.0000000000000        0.0000000000000000        0.0000000000000000     
          87   5350.0000000000000        0.0000000000000000        0.0000000000000000     
          88   5450.0000000000000        0.0000000000000000        0.0000000000000000     
          89   5550.0000000000000        0.0000000000000000        0.0000000000000000     
          90   5650.0000000000000        0.0000000000000000        0.0000000000000000     
          91   5750.0000000000000        0.0000000000000000        0.0000000000000000     
          92   5850.0000000000000        0.0000000000000000        0.0000000000000000     
          93   5950.0000000000000        0.0000000000000000        0.0000000000000000     
          94   6050.0000000000000        0.0000000000000000        0.0000000000000000     
          95   6150.0000000000000        0.0000000000000000        0.0000000000000000     
          96   6250.0000000000000        0.0000000000000000        0.0000000000000000     
          97   6350.0000000000000        0.0000000000000000        0.0000000000000000     
          98   6450.0000000000000        0.0000000000000000        0.0000000000000000     
          99   6550.0000000000000        0.0000000000000000        0.0000000000000000     
         100   6650.0000000000000        0.0000000000000000        0.0000000000000000     
         101   6750.0000000000000        0.0000000000000000        0.0000000000000000     
         102   6850.0000000000000        0.0000000000000000        0.0000000000000000     
         103   6950.0000000000000        0.0000000000000000        0.0000000000000000     
         104   7050.0000000000000        0.0000000000000000        0.0000000000000000     
         105   7150.0000000000000        0.0000000000000000        0.0000000000000000     
         106   7250.0000000000000        0.0000000000000000        0.0000000000000000     
         107   7350.0000000000000        0.0000000000000000        0.0000000000000000     
         108   7450.0000000000000        0.0000000000000000        0.0000000000000000     
         109   7550.0000000000000        0.0000000000000000        0.0000000000000000     
         110   7650.0000000000000        0.0000000000000000        0.0000000000000000     
         111   7750.0000000000000        0.0000000000000000        0.0000000000000000     
         112   7850.0000000000000        0.0000000000000000        0.0000000000000000     
         113   7950.0000000000000        0.0000000000000000        0.0000000000000000     
         114   8050.0000000000000        0.0000000000000000        0.0000000000000000     
         115   8150.0000000000000        0.0000000000000000        0.0000000000000000     
         116   8250.0000000000000        0.0000000000000000        0.0000000000000000     
         117   8350.0000000000000        0.0000000000000000        0.0000000000000000     
         118   8450.0000000000000        0.0000000000000000        0.0000000000000000     
