 NW =          118    WAVELENGTH GRID:   1216.0000000000000       -   8550.0000000000000       Angstroms
   1216.0000000000000        0.0000000000000000     
   1300.0000000000000        0.0000000000000000     
   1350.0000000000000        0.0000000000000000     
   1400.0000000000000        0.0000000000000000     
   1450.0000000000000        0.0000000000000000     
   1500.0000000000000        0.0000000000000000     
   1550.0000000000000        0.0000000000000000     
   1600.0000000000000        0.0000000000000000     
   1650.0000000000000        0.0000000000000000     
   1700.0000000000000        0.0000000000000000     
   1754.0000000000000        0.0000000000000000     
   1770.0000000000000        0.0000000000000000     
   1786.0000000000000       4.31644546399024875E-020
   1802.0000000000000       4.75884023095232716E-020
   1818.0000000000000       2.83730664646053063E-020
   1835.0000000000000       1.34163796552761730E-020
   1852.0000000000000       7.05902184027374304E-021
   1869.0000000000000       3.68475354294003299E-021
   1887.0000000000000       1.49084486623900135E-021
   1905.0000000000000       7.25792944274816806E-022
   1923.0000000000000       5.04248393403514408E-022
   1942.0000000000000       1.61349268966444309E-022
   1961.0000000000000       4.73001057984660341E-023
   1980.0000000000000       1.79653338849572270E-023
   2000.0000000000000       1.17364588788355450E-023
   2020.0000000000000       2.04528311953234481E-024
   2041.0000000000000        0.0000000000000000     
   2062.0000000000000        0.0000000000000000     
   2083.0000000000000        0.0000000000000000     
   2105.0000000000000        0.0000000000000000     
   2128.0000000000000        0.0000000000000000     
   2151.0000000000000        0.0000000000000000     
   2174.0000000000000        0.0000000000000000     
   2200.0000000000000        0.0000000000000000     
   2222.0000000000000        0.0000000000000000     
   2247.0000000000000        0.0000000000000000     
   2273.0000000000000        0.0000000000000000     
   2299.0000000000000        0.0000000000000000     
   2326.0000000000000        0.0000000000000000     
   2353.0000000000000        0.0000000000000000     
