HCHO
Air:  
Temp:           100K            300K      
Angstroms       XS
7.000000E+01    6.910520E-19    6.910520E-19
8.000000E+01    9.134880E-19    9.134880E-19
9.000000E+01    1.167940E-18    1.167940E-18
1.000000E+02    1.468520E-18    1.468520E-18
1.100000E+02    1.818200E-18    1.818200E-18
1.200000E+02    2.210270E-18    2.210270E-18
1.300000E+02    2.604740E-18    2.604740E-18
1.400000E+02    3.089330E-18    3.089330E-18
1.500000E+02    3.591400E-18    3.591400E-18
1.600000E+02    4.086250E-18    4.086250E-18
1.700000E+02    4.610790E-18    4.610790E-18
1.800000E+02    5.192800E-18    5.192800E-18
1.900000E+02    5.798080E-18    5.798080E-18
2.000000E+02    6.487630E-18    6.487630E-18
2.100000E+02    7.168510E-18    7.168510E-18
2.200000E+02    7.791390E-18    7.791390E-18
2.300000E+02    8.517500E-18    8.517500E-18
2.400000E+02    9.407690E-18    9.407690E-18
2.500000E+02    9.878090E-18    9.878090E-18
2.600000E+02    1.032740E-17    1.032740E-17
2.700000E+02    1.120480E-17    1.120480E-17
2.800000E+02    1.181270E-17    1.181270E-17
2.900000E+02    1.257640E-17    1.257640E-17
3.000000E+02    1.274120E-17    1.274120E-17
3.100000E+02    1.367960E-17    1.367960E-17
3.200000E+02    1.438470E-17    1.438470E-17
3.300000E+02    1.475560E-17    1.475560E-17
3.400000E+02    1.560360E-17    1.560360E-17
3.500000E+02    1.630200E-17    1.630200E-17
3.600000E+02    1.692180E-17    1.692180E-17
3.700000E+02    1.766270E-17    1.766270E-17
3.800000E+02    1.868870E-17    1.868870E-17
3.900000E+02    2.010970E-17    2.010970E-17
4.000000E+02    2.140780E-17    2.140780E-17
4.100000E+02    2.219120E-17    2.219120E-17
4.200000E+02    2.322520E-17    2.322520E-17
4.300000E+02    2.445630E-17    2.445630E-17
4.400000E+02    2.577790E-17    2.577790E-17
4.500000E+02    2.700050E-17    2.700050E-17
4.600000E+02    2.795120E-17    2.795120E-17
4.700000E+02    2.879800E-17    2.879800E-17
4.800000E+02    3.067870E-17    3.067870E-17
4.900000E+02    3.139280E-17    3.139280E-17
5.000000E+02    3.181150E-17    3.181150E-17
5.100000E+02    3.298350E-17    3.298350E-17
5.200000E+02    3.373520E-17    3.373520E-17
5.300000E+02    3.384250E-17    3.384250E-17
5.400000E+02    3.483370E-17    3.483370E-17
5.500000E+02    3.563030E-17    3.563030E-17
5.600000E+02    3.565010E-17    3.565010E-17
5.700000E+02    3.676740E-17    3.676740E-17
5.800000E+02    3.742030E-17    3.742030E-17
5.900000E+02    3.792900E-17    3.792900E-17
6.000000E+02    3.892920E-17    3.892920E-17
6.100000E+02    3.911620E-17    3.911620E-17
6.200000E+02    3.977190E-17    3.977190E-17
6.300000E+02    3.972540E-17    3.972540E-17
6.400000E+02    3.987190E-17    3.987190E-17
6.500000E+02    3.993910E-17    3.993910E-17
6.600000E+02    4.047280E-17    4.047280E-17
6.700000E+02    4.088100E-17    4.088100E-17
6.800000E+02    3.996890E-17    3.996890E-17
6.900000E+02    3.872210E-17    3.872210E-17
7.000000E+02    3.826380E-17    3.826380E-17
7.100000E+02    3.830040E-17    3.830040E-17
7.200000E+02    3.800840E-17    3.800840E-17
7.300000E+02    3.828430E-17    3.828430E-17
7.400000E+02    3.838310E-17    3.838310E-17
7.500000E+02    3.918360E-17    3.918360E-17
7.600000E+02    4.040730E-17    4.040730E-17
7.700000E+02    4.162030E-17    4.162030E-17
7.800000E+02    4.296960E-17    4.296960E-17
7.900000E+02    4.445290E-17    4.445290E-17
8.000000E+02    4.628520E-17    4.628520E-17
8.100000E+02    4.766820E-17    4.766820E-17
8.200000E+02    4.536130E-17    4.536130E-17
8.300000E+02    4.328930E-17    4.328930E-17
8.400000E+02    3.734020E-17    3.734020E-17
8.500000E+02    2.892290E-17    2.892290E-17
8.600000E+02    2.377050E-17    2.377050E-17
8.700000E+02    2.370960E-17    2.370960E-17
8.800000E+02    2.566070E-17    2.566070E-17
8.900000E+02    2.929500E-17    2.929500E-17
9.000000E+02    3.548980E-17    3.548980E-17
9.100000E+02    4.441770E-17    4.441770E-17
9.200000E+02    5.329140E-17    5.329140E-17
9.300000E+02    5.984530E-17    5.984530E-17
9.400000E+02    6.061580E-17    6.061580E-17
9.500000E+02    5.216770E-17    5.216770E-17
9.600000E+02    3.476730E-17    3.476730E-17
9.700000E+02    3.039480E-17    3.039480E-17
9.800000E+02    2.692030E-17    2.692030E-17
9.900000E+02    2.337190E-17    2.337190E-17
1.000000E+03    1.947240E-17    1.947240E-17
1.010000E+03    1.765840E-17    1.765840E-17
1.020000E+03    1.739720E-17    1.739720E-17
1.030000E+03    1.676760E-17    1.676760E-17
1.040000E+03    1.716880E-17    1.716880E-17
1.050000E+03    1.814290E-17    1.814290E-17
1.060000E+03    1.753110E-17    1.753110E-17
1.070000E+03    1.735860E-17    1.735860E-17
1.080000E+03    1.708240E-17    1.708240E-17
1.090000E+03    1.663680E-17    1.663680E-17
1.100000E+03    1.659270E-17    1.659270E-17
1.110000E+03    1.715760E-17    1.715760E-17
1.120000E+03    1.732220E-17    1.732220E-17
1.130000E+03    1.710230E-17    1.710230E-17
1.140000E+03    1.742400E-17    1.742400E-17
1.150000E+03    1.784780E-17    1.784780E-17
1.160000E+03    1.668780E-17    1.668780E-17
1.170000E+03    1.823020E-17    1.823020E-17
1.180000E+03    1.515910E-17    1.515910E-17
1.190000E+03    1.688130E-17    1.688130E-17
1.200000E+03    1.256040E-17    1.256040E-17
1.210000E+03    1.781400E-17    1.781400E-17
1.220000E+03    1.755190E-17    1.755190E-17
1.230000E+03    1.355100E-17    1.355100E-17
1.240000E+03    9.042580E-18    9.042580E-18
1.250000E+03    1.463180E-17    1.463180E-17
1.260000E+03    1.264900E-17    1.264900E-17
1.270000E+03    1.554220E-17    1.554220E-17
1.280000E+03    3.703950E-17    3.703950E-17
1.290000E+03    1.615810E-17    1.615810E-17
1.300000E+03    8.248340E-18    8.248340E-18
1.310000E+03    6.632730E-18    6.632730E-18
1.320000E+03    5.308100E-18    5.308100E-18
1.330000E+03    8.506140E-18    8.506140E-18
1.340000E+03    1.230480E-17    1.230480E-17
1.350000E+03    1.194260E-17    1.194260E-17
1.360000E+03    1.720310E-17    1.720310E-17
1.370000E+03    1.919550E-17    1.919550E-17
1.380000E+03    1.226930E-17    1.226930E-17
1.390000E+03    1.989200E-17    1.989200E-17
1.400000E+03    8.957920E-18    8.957920E-18
1.410000E+03    7.226530E-18    7.226530E-18
1.420000E+03    5.972690E-18    5.972690E-18
1.430000E+03    5.146770E-18    5.146770E-18
1.440000E+03    4.866470E-18    4.866470E-18
1.450000E+03    5.001020E-18    5.001020E-18
1.460000E+03    6.607120E-18    6.607120E-18
1.470000E+03    6.526100E-18    6.526100E-18
1.480000E+03    6.813030E-18    6.813030E-18
1.490000E+03    1.457550E-17    1.457550E-17
1.500000E+03    1.281230E-17    1.281230E-17
1.510000E+03    3.041250E-17    3.041250E-17
1.520000E+03    4.086740E-17    4.086740E-17
1.530000E+03    1.500770E-17    1.500770E-17
1.540000E+03    1.674200E-17    1.674200E-17
1.550000E+03    2.550270E-17    2.550270E-17
1.560000E+03    3.635880E-18    3.635880E-18
1.570000E+03    1.099930E-18    1.099930E-18
1.580000E+03    6.651570E-19    6.651570E-19
1.590000E+03    5.040520E-19    5.040520E-19
1.600000E+03    4.719730E-19    4.719730E-19
1.610000E+03    6.139890E-19    6.139890E-19
1.620000E+03    8.090940E-19    8.090940E-19
1.630000E+03    7.934820E-19    7.934820E-19
1.640000E+03    8.470220E-19    8.470220E-19
1.650000E+03    1.193630E-18    1.193630E-18
1.660000E+03    1.926100E-18    1.926100E-18
1.670000E+03    2.555050E-18    2.555050E-18
1.680000E+03    2.469120E-18    2.469120E-18
1.690000E+03    2.310670E-18    2.310670E-18
1.700000E+03    3.624420E-18    3.624420E-18
1.710000E+03    8.274520E-18    8.274520E-18
1.720000E+03    1.359710E-17    1.359710E-17
1.730000E+03    2.070450E-17    2.070450E-17
1.740000E+03    2.819890E-17    2.819890E-17
1.750000E+03    1.097230E-17    1.097230E-17
1.760000E+03    2.013460E-18    2.013460E-18
1.770000E+03    6.138840E-19    6.138840E-19
1.780000E+03    2.999180E-19    2.999180E-19
1.790000E+03    1.629000E-19    1.629000E-19
1.800000E+03    8.365440E-20    8.365440E-20
1.810000E+03    4.640840E-20    4.640840E-20
1.820000E+03    3.412470E-20    3.412470E-20
1.830000E+03    4.865170E-20    4.865170E-20
1.840000E+03    1.226070E-20    1.226070E-20
1.850000E+03    2.943610E-20    2.943610E-20
1.860000E+03    1.443820E-20    1.443820E-20
1.870000E+03    3.947650E-20    3.947650E-20
1.880000E+03    5.194100E-21    5.194100E-21
1.890000E+03    2.618380E-22    2.618380E-22
1.900000E+03    1.682530E-23    1.682530E-23
1.910000E+03    1.369420E-24    1.369420E-24
1.920000E+03    1.402790E-25    1.402790E-25
1.930000E+03    1.797030E-26    1.797030E-26
1.940000E+03    2.860450E-27    2.860450E-27
1.950000E+03    5.620880E-28    5.620880E-28
1.960000E+03    1.354580E-28    1.354580E-28
1.970000E+03    3.976780E-29    3.976780E-29
1.980000E+03    1.412610E-29    1.412610E-29
1.990000E+03    6.029250E-30    6.029250E-30
2.000000E+03    3.070330E-30    3.070330E-30
2.010000E+03    1.852110E-30    1.852110E-30
2.020000E+03    1.313860E-30    1.313860E-30
2.030000E+03    1.088030E-30    1.088030E-30
2.040000E+03    1.044040E-30    1.044040E-30
2.050000E+03    1.152280E-30    1.152280E-30
2.060000E+03    1.451860E-30    1.451860E-30
2.070000E+03    2.072980E-30    2.072980E-30
2.080000E+03    3.329330E-30    3.329330E-30
2.090000E+03    5.970540E-30    5.970540E-30
2.100000E+03    1.186830E-29    1.186830E-29
2.110000E+03    2.596140E-29    2.596140E-29
2.120000E+03    6.204400E-29    6.204400E-29
2.130000E+03    1.608410E-28    1.608410E-28
2.140000E+03    4.490840E-28    4.490840E-28
2.150000E+03    1.340990E-27    1.340990E-27
2.160000E+03    4.252500E-27    4.252500E-27
2.170000E+03    1.422160E-26    1.422160E-26
2.180000E+03    4.981070E-26    4.981070E-26
2.190000E+03    1.814530E-25    1.814530E-25
2.200000E+03    6.827830E-25    6.827830E-25
2.210000E+03    2.635740E-24    2.635740E-24
2.220000E+03    1.036710E-23    1.036710E-23
2.230000E+03    4.126580E-23    4.126580E-23
2.240000E+03    8.634430E-23    8.634430E-23
2.250000E+03    1.619600E-22    1.619600E-22
2.260000E+03    1.861970E-22    1.861970E-22
2.270000E+03    1.569240E-22    1.569240E-22
2.280000E+03    1.907470E-22    1.907470E-22
2.290000E+03    1.908880E-22    1.908880E-22
2.300000E+03    2.574250E-22    2.574250E-22
2.310000E+03    3.688930E-22    3.688930E-22
2.320000E+03    2.650990E-22    2.650990E-22
2.330000E+03    3.128250E-22    3.128250E-22
2.340000E+03    3.295080E-22    3.295080E-22
2.350000E+03    4.065940E-22    4.065940E-22
2.360000E+03    7.167650E-22    7.167650E-22
2.370000E+03    6.869440E-22    6.869440E-22
2.380000E+03    5.504850E-22    5.504850E-22
2.390000E+03    7.817820E-22    7.817820E-22
2.400000E+03    7.673440E-22    7.673440E-22
2.410000E+03    9.272060E-22    9.272060E-22
2.420000E+03    1.536350E-21    1.536350E-21
2.430000E+03    1.324120E-21    1.324120E-21
2.440000E+03    1.067650E-21    1.067650E-21
2.450000E+03    1.610090E-21    1.610090E-21
2.460000E+03    1.534830E-21    1.534830E-21
2.470000E+03    1.784890E-21    1.784890E-21
2.480000E+03    2.793100E-21    2.793100E-21
2.490000E+03    3.084690E-21    3.140200E-21
2.500000E+03    2.051400E-21    2.186750E-21
2.510000E+03    2.489830E-21    2.478200E-21
2.520000E+03    3.394790E-21    3.435180E-21
2.530000E+03    2.694960E-21    2.864770E-21
2.540000E+03    3.901030E-21    3.923930E-21
2.550000E+03    5.457250E-21    5.600230E-21
2.560000E+03    5.154790E-21    5.659040E-21
2.570000E+03    2.911200E-21    3.503620E-21
2.580000E+03    3.719610E-21    3.976350E-21
2.590000E+03    6.858540E-21    7.045860E-21
2.600000E+03    5.694350E-21    5.904970E-21
2.610000E+03    5.834270E-21    6.175740E-21
2.620000E+03    8.372790E-21    8.243010E-21
2.630000E+03    1.158230E-20    1.126280E-20
2.640000E+03    6.070410E-21    6.927860E-21
2.650000E+03    3.892780E-21    4.541460E-21
2.660000E+03    1.049580E-20    1.001230E-20
2.670000E+03    1.251170E-20    1.261320E-20
2.680000E+03    1.226630E-20    1.216460E-20
2.690000E+03    7.496770E-21    8.564180E-21
2.700000E+03    1.509000E-20    1.466460E-20
2.710000E+03    1.850570E-20    1.825570E-20
2.720000E+03    9.712380E-21    1.075000E-20
2.730000E+03    6.006630E-21    6.859480E-21
2.740000E+03    1.221570E-20    1.188680E-20
2.750000E+03    2.841000E-20    2.623020E-20
2.760000E+03    2.164530E-20    2.145100E-20
2.770000E+03    1.135370E-20    1.276480E-20
2.780000E+03    1.425870E-20    1.418900E-20
2.790000E+03    3.168330E-20    2.906310E-20
2.800000E+03    1.562800E-20    1.667810E-20
2.810000E+03    1.326690E-20    1.363960E-20
2.820000E+03    7.085570E-21    7.609570E-21
2.830000E+03    2.329410E-20    2.078940E-20
2.840000E+03    5.627350E-20    4.987180E-20
2.850000E+03    2.615710E-20    2.792000E-20
2.860000E+03    1.502740E-20    1.574890E-20
2.870000E+03    1.750110E-20    1.653210E-20
2.880000E+03    4.427640E-20    3.999120E-20
2.890000E+03    1.651860E-20    1.874220E-20
2.900000E+03    1.597150E-20    1.514340E-20
2.910000E+03    1.307170E-20    1.349060E-20
2.920000E+03    6.702500E-21    7.243530E-21
2.930000E+03    7.899560E-20    6.802230E-20
2.940000E+03    5.043020E-20    5.196940E-20
2.950000E+03    3.283690E-20    3.422420E-20
2.960000E+03    1.429750E-20    1.634860E-20
2.970000E+03    2.593580E-20    2.531880E-20
2.980000E+03    4.759670E-20    4.368430E-20
2.990000E+03    1.405240E-20    1.798910E-20
3.000000E+03    8.647130E-21    9.796500E-21
3.010000E+03    1.870640E-20    1.577980E-20
3.020000E+03    8.867790E-21    8.485260E-21
3.030000E+03    6.891100E-20    6.273130E-20
3.040000E+03    5.209910E-20    5.450810E-20
3.050000E+03    5.266870E-20    5.204110E-20
3.060000E+03    2.646040E-20    2.903390E-20
3.070000E+03    9.412850E-21    1.079280E-20
3.080000E+03    2.786280E-20    2.617440E-20
3.090000E+03    2.797750E-20    2.733770E-20
3.100000E+03    7.511520E-21    8.909780E-21
3.110000E+03    6.573970E-21    6.254650E-21
3.120000E+03    1.430730E-20    1.257740E-20
3.130000E+03    2.052220E-20    2.200070E-20
3.140000E+03    7.107370E-20    7.019480E-20
3.150000E+03    3.579840E-20    3.911640E-20
3.160000E+03    3.824510E-20    3.913470E-20
3.170000E+03    4.824630E-20    4.829150E-20
3.180000E+03    1.549170E-20    1.836600E-20
3.190000E+03    6.489350E-21    7.376370E-21
3.200000E+03    1.785120E-20    1.667570E-20
3.210000E+03    1.267440E-20    1.205050E-20
3.220000E+03    3.492670E-21    3.708350E-21
3.230000E+03    6.013390E-21    6.331440E-21
3.240000E+03    7.886960E-21    7.311200E-21
3.250000E+03    4.387710E-20    4.330530E-20
3.260000E+03    6.626440E-20    6.532140E-20
3.270000E+03    1.907440E-20    2.463140E-20
3.280000E+03    9.890250E-21    1.122710E-20
3.290000E+03    4.939790E-20    4.547900E-20
3.300000E+03    2.494640E-20    2.610220E-20
3.310000E+03    4.382360E-21    6.949900E-21
3.320000E+03    2.024450E-21    2.534400E-21
3.330000E+03    1.015650E-21    1.233580E-21
3.340000E+03    1.972490E-21    1.745720E-21
3.350000E+03    6.051680E-22    6.207900E-22
3.360000E+03    2.464500E-21    2.881560E-21
3.370000E+03    4.585430E-21    5.434210E-21
3.380000E+03    4.786580E-20    4.445370E-20
3.390000E+03    4.471100E-20    4.468280E-20
3.400000E+03    1.302340E-20    1.875620E-20
3.410000E+03    2.018260E-21    4.480990E-21
3.420000E+03    1.280370E-20    1.207900E-20
3.430000E+03    2.060970E-20    1.863930E-20
3.440000E+03    5.693280E-21    7.692280E-21
3.450000E+03    1.104830E-21    2.227230E-21
3.460000E+03    7.168800E-22    7.402760E-22
3.470000E+03    8.951880E-22    5.031380E-22
3.480000E+03    1.117020E-21    6.478490E-22
3.490000E+03    7.754620E-22    3.082280E-22
3.500000E+03    9.633360E-22    5.802940E-22
3.510000E+03    1.574100E-21    1.906250E-21
3.520000E+03    1.871290E-20    1.644280E-20
3.530000E+03    2.435980E-20    2.209790E-20
3.540000E+03    9.179640E-21    1.122420E-20
3.550000E+03    2.633840E-21    3.447520E-21
3.560000E+03    1.045220E-21    6.217950E-22
3.570000E+03    2.395150E-22    2.395150E-22
3.580000E+03    1.442550E-22    1.442550E-22
3.590000E+03    9.425400E-23    9.425400E-23
3.600000E+03    8.616150E-23    8.616150E-23
3.610000E+03    1.493690E-22    1.493690E-22
3.620000E+03    2.017170E-22    2.017170E-22
3.630000E+03    1.045260E-22    1.045260E-22
3.640000E+03    9.196080E-23    9.196080E-23
3.650000E+03    8.448410E-23    8.448410E-23
3.660000E+03    8.596800E-23    8.596800E-23
3.670000E+03    1.051690E-22    1.051690E-22
3.680000E+03    2.090070E-22    2.090070E-22
3.690000E+03    4.579380E-22    4.579380E-22
3.700000E+03    7.145270E-22    7.145270E-22
3.710000E+03    3.261260E-22    3.261260E-22
3.720000E+03    1.401460E-22    1.401460E-22
3.730000E+03    9.888330E-23    9.888330E-23
3.740000E+03    8.705690E-23    8.705690E-23
3.750000E+03    8.769360E-23    8.769360E-23
