 1216.0 1216.0     4.2482560e-01    1.7141034e+01     8.9846520e-01
 1300.0 1350.0     4.5649044e-01    1.7246243e+01     8.8994581e-01
 1350.0 1400.0     4.6907800e-01    1.7168305e+01     8.8509865e-01
 1400.0 1450.0     4.7847948e-01    1.6926171e+01     8.7901574e-01
 1450.0 1500.0     4.8721007e-01    1.6648476e+01     8.7263625e-01
 1500.0 1550.0     4.9609996e-01    1.6375337e+01     8.6625676e-01
 1550.0 1600.0     5.0515206e-01    1.6106679e+01     8.5987727e-01
 1600.0 1650.0     5.1348824e-01    1.5872196e+01     8.5399828e-01
 1650.0 1700.0     5.1963008e-01    1.5719140e+01     8.4943640e-01
 1700.0 1750.0     5.2439709e-01    1.5615900e+01     8.4569112e-01
 1754.0 1770.0     5.2794788e-01    1.5539863e+01     8.4291962e-01
 1770.0 1786.0     5.2949293e-01    1.5507129e+01     8.4172113e-01
 1786.0 1802.0     5.3104251e-01    1.5474465e+01     8.4052264e-01
 1802.0 1818.0     5.3259662e-01    1.5441869e+01     8.3932415e-01
 1818.0 1835.0     5.3420414e-01    1.5408328e+01     8.3808821e-01
 1835.0 1852.0     5.3586536e-01    1.5373845e+01     8.3681481e-01
 1852.0 1869.0     5.3753175e-01    1.5339440e+01     8.3554142e-01
 1869.0 1887.0     5.3925265e-01    1.5304104e+01     8.3423057e-01
 1887.0 1905.0     5.4102838e-01    1.5267843e+01     8.3288227e-01
 1905.0 1923.0     5.4280995e-01    1.5231667e+01     8.3153397e-01
 1923.0 1942.0     5.4464722e-01    1.5194577e+01     8.3014822e-01
 1942.0 1961.0     5.4654052e-01    1.5156577e+01     8.2872502e-01
 1961.0 1980.0     5.4859532e-01    1.5107280e+01     8.2706510e-01
 1980.0 2000.0     5.5096698e-01    1.5038214e+01     8.2497323e-01
 2000.0 2020.0     5.5350310e-01    1.4960926e+01     8.2268611e-01
 2020.0 2041.0     5.5611489e-01    1.4882122e+01     8.2034181e-01
 2041.0 2062.0     5.5880300e-01    1.4801822e+01     8.1794033e-01
 2062.0 2083.0     5.6150411e-01    1.4721955e+01     8.1553885e-01
 2083.0 2105.0     5.6428321e-01    1.4640638e+01     8.1308019e-01
 2105.0 2128.0     5.6720631e-01    1.4556020e+01     8.1050717e-01
 2128.0 2151.0     5.7020985e-01    1.4470021e+01     8.0787698e-01
 2151.0 2174.0     5.7322928e-01    1.4384530e+01     8.0524678e-01
 2174.0 2200.0     5.7646379e-01    1.4294037e+01     8.0244506e-01
 2200.0 2222.0     5.7964870e-01    1.4205903e+01     7.9970051e-01
 2222.0 2247.0     5.8278557e-01    1.4120171e+01     7.9701314e-01
 2247.0 2273.0     5.8620822e-01    1.4027715e+01     7.9409705e-01
 2273.0 2299.0     5.8971847e-01    1.3934064e+01     7.9112379e-01
 2299.0 2326.0     5.9331807e-01    1.3839261e+01     7.8809335e-01
 2326.0 2353.0     5.9700797e-01    1.3743326e+01     7.8500573e-01
 2353.0 2381.0     6.0079001e-01    1.3646305e+01     7.8186094e-01
 2381.0 2410.0     6.0588656e-01    1.3514981e+01     7.7831087e-01
 2410.0 2439.0     6.1238473e-01    1.3348184e+01     7.7437916e-01
 2439.0 2469.0     6.1920404e-01    1.3177000e+01     7.7034551e-01
 2469.0 2500.0     6.2633436e-01    1.3002322e+01     7.6617513e-01
 2500.0 2532.0     6.3378466e-01    1.2824347e+01     7.6186802e-01
 2532.0 2564.0     6.4144325e-01    1.2646022e+01     7.5749254e-01
 2564.0 2597.0     6.4931698e-01    1.2467468e+01     7.5304869e-01
 2597.0 2632.0     6.5765836e-01    1.2283390e+01     7.4839974e-01
 2632.0 2667.0     6.6502157e-01    1.2078660e+01     7.4408836e-01
 2667.0 2703.0     6.7093841e-01    1.1852497e+01     7.4029740e-01
 2703.0 2740.0     6.7679114e-01    1.1620622e+01     7.3650055e-01
 2740.0 2778.0     6.8285739e-01    1.1387119e+01     7.3259967e-01
 2778.0 2817.0     6.8914199e-01    1.1152269e+01     7.2859477e-01
 2817.0 2857.0     6.9564993e-01    1.0916352e+01     7.2448584e-01
 2857.0 2899.0     7.0247043e-01    1.0676785e+01     7.2022088e-01
 2899.0 2941.0     7.0952579e-01    1.0436761e+01     7.1585190e-01
 2941.0 2985.0     7.1537329e-01    1.0188054e+01     7.1213684e-01
 2985.0 3030.0     7.1954909e-01    9.9255083e+00     7.0929931e-01
 3030.0 3077.0     7.2339003e-01    9.6583740e+00     7.0662729e-01
 3077.0 3125.0     7.2737763e-01    9.3900325e+00     7.0386815e-01
 3125.0 3175.0     7.3151430e-01    9.1210663e+00     7.0102187e-01
 3175.0 3225.0     7.3575940e-01    8.8544732e+00     6.9811751e-01
 3225.0 3275.0     7.4005659e-01    8.5943117e+00     6.9538391e-01
 3275.0 3325.0     7.4449381e-01    8.3362558e+00     6.9336188e-01
 3325.0 3375.0     7.4904512e-01    8.0817722e+00     6.9188063e-01
 3375.0 3425.0     7.5362426e-01    7.8350574e+00     6.9039938e-01
 3425.0 3450.0     7.5707434e-01    7.6542868e+00     6.8928845e-01
 3450.0 3550.0     7.6297097e-01    7.3730149e+00     6.8751353e-01
 3550.0 3650.0     7.7360872e-01    7.0118216e+00     6.8558580e-01
 3650.0 3750.0     7.8548854e-01    6.7387513e+00     6.8453954e-01
 3750.0 3850.0     7.9755080e-01    6.4763155e+00     6.8349328e-01
 3850.0 3950.0     8.0987487e-01    6.2334575e+00     6.8276364e-01
 3950.0 4050.0     8.2249054e-01    6.0119326e+00     6.8245060e-01
 4050.0 4150.0     8.3515509e-01    5.7995257e+00     6.8226150e-01
 4150.0 4250.0     8.4698991e-01    5.5854433e+00     6.8221333e-01
 4250.0 4350.0     8.5814075e-01    5.3717038e+00     6.8228212e-01
 4350.0 4450.0     8.6866461e-01    5.1540832e+00     6.8235445e-01
 4450.0 4550.0     8.7578095e-01    4.8927609e+00     6.8244281e-01
 4550.0 4650.0     8.8020082e-01    4.6045347e+00     6.8254367e-01
 4650.0 4750.0     8.8464299e-01    4.3332876e+00     6.8264454e-01
 4750.0 4850.0     8.8910759e-01    4.0780192e+00     6.8274540e-01
 4850.0 4950.0     8.9359471e-01    3.8377884e+00     6.8284626e-01
 4950.0 5050.0     8.9810448e-01    3.6117092e+00     6.8294713e-01
 5050.0 5150.0     9.0263701e-01    3.3989481e+00     6.8304799e-01
 5150.0 5250.0     9.0719242e-01    3.1987205e+00     6.8314885e-01
 5250.0 5350.0     9.1177081e-01    3.0102880e+00     6.8324972e-01
 5350.0 5450.0     9.1637231e-01    2.8329559e+00     6.8335058e-01
 5450.0 5550.0     9.2099703e-01    2.6660701e+00     6.8345145e-01
 5550.0 5650.0     9.2547825e-01    2.5105636e+00     6.8354966e-01
 5650.0 5750.0     9.2886569e-01    2.3739791e+00     6.8363018e-01
 5750.0 5850.0     9.3131775e-01    2.2531567e+00     6.8369568e-01
 5850.0 5950.0     9.3377627e-01    2.1384835e+00     6.8376117e-01
 5950.0 6050.0     9.3624129e-01    2.0296466e+00     6.8382666e-01
 6050.0 6150.0     9.3871282e-01    1.9263488e+00     6.8389216e-01
 6150.0 6250.0     9.4119086e-01    1.8283083e+00     6.8395765e-01
 6250.0 6350.0     9.4367546e-01    1.7352576e+00     6.8402314e-01
 6350.0 6450.0     9.4616660e-01    1.6469426e+00     6.8408864e-01
 6450.0 6550.0     9.4866433e-01    1.5631223e+00     6.8415413e-01
 6550.0 6650.0     9.5116865e-01    1.4835680e+00     6.8421963e-01
 6650.0 6750.0     9.5367958e-01    1.4080627e+00     6.8428512e-01
 6750.0 6850.0     9.5619714e-01    1.3364001e+00     6.8435061e-01
 6850.0 6950.0     9.5832585e-01    1.2728299e+00     6.8433295e-01
 6950.0 7050.0     9.5982131e-01    1.2193641e+00     6.8418117e-01
 7050.0 7150.0     9.6107649e-01    1.1707692e+00     6.8397842e-01
 7150.0 7250.0     9.6233332e-01    1.1241110e+00     6.8377567e-01
 7250.0 7350.0     9.6359178e-01    1.0793123e+00     6.8357292e-01
 7350.0 7450.0     9.6485189e-01    1.0362989e+00     6.8337017e-01
 7450.0 7550.0     9.6611365e-01    9.9499967e-01     6.8316742e-01
 7550.0 7650.0     9.6737706e-01    9.5534634e-01     6.8296467e-01
 7650.0 7750.0     9.6864213e-01    9.1727330e-01     6.8276192e-01
 7750.0 7850.0     9.6990884e-01    8.8071757e-01     6.8255917e-01
 7850.0 7950.0     9.7117721e-01    8.4561868e-01     6.8235642e-01
 7950.0 8050.0     9.7244725e-01    8.1191858e-01     6.8215367e-01
 8050.0 8150.0     9.7371894e-01    7.7956151e-01     6.8195092e-01
 8150.0 8250.0     9.7499229e-01    7.4849395e-01     6.8174817e-01
 8250.0 8350.0     9.7626731e-01    7.1866452e-01     6.8154542e-01
 8350.0 8450.0     9.7754400e-01    6.9002386e-01     6.8134267e-01
 8450.0 8550.0     9.7882236e-01    6.6252462e-01     6.8113992e-01
