 1216.0 1216.0     3.8663649e-01    2.0944325e+01     9.2881628e-01
 1300.0 1350.0     4.1266155e-01    2.0786394e+01     9.2342005e-01
 1350.0 1400.0     4.2341512e-01    2.0595525e+01     9.2020829e-01
 1400.0 1450.0     4.3215486e-01    2.0251606e+01     9.1602754e-01
 1450.0 1500.0     4.4051654e-01    1.9876818e+01     9.1161424e-01
 1500.0 1550.0     4.4904001e-01    1.9508966e+01     9.0720094e-01
 1550.0 1600.0     4.5772839e-01    1.9147921e+01     9.0278763e-01
 1600.0 1650.0     4.6575168e-01    1.8832306e+01     8.9875178e-01
 1650.0 1700.0     4.7170945e-01    1.8623372e+01     8.9570919e-01
 1700.0 1750.0     4.7637300e-01    1.8479618e+01     8.9328244e-01
 1754.0 1770.0     4.7984847e-01    1.8373831e+01     8.9148665e-01
 1770.0 1786.0     4.8136148e-01    1.8328326e+01     8.9071009e-01
 1786.0 1802.0     4.8287926e-01    1.8282934e+01     8.8993353e-01
 1802.0 1818.0     4.8440183e-01    1.8237655e+01     8.8915697e-01
 1818.0 1835.0     4.8597708e-01    1.8191080e+01     8.8835614e-01
 1835.0 1852.0     4.8760535e-01    1.8143216e+01     8.8753105e-01
 1852.0 1869.0     4.8923907e-01    1.8095478e+01     8.8670595e-01
 1869.0 1887.0     4.9092664e-01    1.8046469e+01     8.8585659e-01
 1887.0 1905.0     4.9266842e-01    1.7996196e+01     8.8498296e-01
 1905.0 1923.0     4.9441637e-01    1.7946063e+01     8.8410933e-01
 1923.0 1942.0     4.9621943e-01    1.7894685e+01     8.8321143e-01
 1942.0 1961.0     4.9807798e-01    1.7842070e+01     8.8228927e-01
 1961.0 1980.0     5.0015150e-01    1.7777288e+01     8.8120984e-01
 1980.0 2000.0     5.0263072e-01    1.7690893e+01     8.7984406e-01
 2000.0 2020.0     5.0531129e-01    1.7595386e+01     8.7834917e-01
 2020.0 2041.0     5.0807389e-01    1.7498033e+01     8.7681691e-01
 2041.0 2062.0     5.1091934e-01    1.7398858e+01     8.7524727e-01
 2062.0 2083.0     5.1378073e-01    1.7300244e+01     8.7367764e-01
 2083.0 2105.0     5.1672705e-01    1.7199869e+01     8.7207063e-01
 2105.0 2128.0     5.1982850e-01    1.7095449e+01     8.7038888e-01
 2128.0 2151.0     5.2301790e-01    1.6989356e+01     8.6866976e-01
 2151.0 2174.0     5.2622686e-01    1.6883921e+01     8.6695063e-01
 2174.0 2200.0     5.2966746e-01    1.6772353e+01     8.6511939e-01
 2200.0 2222.0     5.3305807e-01    1.6663725e+01     8.6332552e-01
 2222.0 2247.0     5.3640062e-01    1.6558091e+01     8.6156903e-01
 2247.0 2273.0     5.4005089e-01    1.6444210e+01     8.5966304e-01
 2273.0 2299.0     5.4379805e-01    1.6328894e+01     8.5771969e-01
 2299.0 2326.0     5.4764428e-01    1.6212201e+01     8.5573896e-01
 2326.0 2353.0     5.5159080e-01    1.6094156e+01     8.5372085e-01
 2353.0 2381.0     5.5563991e-01    1.5974816e+01     8.5166538e-01
 2381.0 2410.0     5.6116452e-01    1.5816395e+01     8.4933929e-01
 2410.0 2439.0     5.6827092e-01    1.5617768e+01     8.4675736e-01
 2439.0 2469.0     5.7574759e-01    1.5414174e+01     8.4410792e-01
 2469.0 2500.0     5.8358116e-01    1.5206469e+01     8.4136866e-01
 2500.0 2532.0     5.9178346e-01    1.4994891e+01     8.3853960e-01
 2532.0 2564.0     6.0023306e-01    1.4782946e+01     8.3566563e-01
 2564.0 2597.0     6.0893916e-01    1.4570778e+01     8.3274676e-01
 2597.0 2632.0     6.1818329e-01    1.4352101e+01     8.2969316e-01
 2632.0 2667.0     6.2664668e-01    1.4125061e+01     8.2687364e-01
 2667.0 2703.0     6.3388063e-01    1.3891981e+01     8.2441126e-01
 2703.0 2740.0     6.4114831e-01    1.3655234e+01     8.2194842e-01
 2740.0 2778.0     6.4870190e-01    1.3416203e+01     8.1941810e-01
 2778.0 2817.0     6.5654952e-01    1.3175150e+01     8.1682031e-01
 2817.0 2857.0     6.6469964e-01    1.2932336e+01     8.1415504e-01
 2857.0 2899.0     6.7326696e-01    1.2685063e+01     8.1138856e-01
 2899.0 2941.0     6.8215635e-01    1.2436602e+01     8.0855461e-01
 2941.0 2985.0     6.8988753e-01    1.2189707e+01     8.0617527e-01
 2985.0 3030.0     6.9599578e-01    1.1942479e+01     8.0440667e-01
 3030.0 3077.0     7.0184938e-01    1.1693019e+01     8.0275835e-01
 3077.0 3125.0     7.0794525e-01    1.1440863e+01     8.0105627e-01
 3125.0 3175.0     7.1428939e-01    1.1186470e+01     7.9930045e-01
 3175.0 3225.0     7.2082102e-01    1.0932657e+01     7.9750879e-01
 3225.0 3275.0     7.2739782e-01    1.0684341e+01     7.9583125e-01
 3275.0 3325.0     7.3397355e-01    1.0440589e+01     7.9462917e-01
 3325.0 3375.0     7.4056223e-01    1.0201586e+01     7.9378843e-01
 3375.0 3425.0     7.4721004e-01    9.9680539e+00     7.9294770e-01
 3425.0 3450.0     7.5222941e-01    9.7959274e+00     7.9231714e-01
 3450.0 3550.0     7.6071355e-01    9.5256897e+00     7.9132166e-01
 3550.0 3650.0     7.7450809e-01    9.1842502e+00     7.9038852e-01
 3650.0 3750.0     7.8861745e-01    8.9319360e+00     7.9009285e-01
 3750.0 3850.0     8.0298385e-01    8.6865534e+00     7.8979717e-01
 3850.0 3950.0     8.1726984e-01    8.4613901e+00     7.8967242e-01
 3950.0 4050.0     8.3135817e-01    8.2597242e+00     7.8977257e-01
 4050.0 4150.0     8.4535742e-01    8.0659714e+00     7.8993655e-01
 4150.0 4250.0     8.5826970e-01    7.8706712e+00     7.9015852e-01
 4250.0 4350.0     8.7027995e-01    7.6750678e+00     7.9042862e-01
 4350.0 4450.0     8.8163562e-01    7.4685639e+00     7.9068092e-01
 4450.0 4550.0     8.8937795e-01    7.1981510e+00     7.9085233e-01
 4550.0 4650.0     8.9425835e-01    6.8841906e+00     7.9096064e-01
 4650.0 4750.0     8.9916554e-01    6.5839242e+00     7.9106895e-01
 4750.0 4850.0     9.0409965e-01    6.2967544e+00     7.9117726e-01
 4850.0 4950.0     9.0906083e-01    6.0221101e+00     7.9128557e-01
 4950.0 5050.0     9.1404924e-01    5.7594449e+00     7.9139388e-01
 5050.0 5150.0     9.1906503e-01    5.5082363e+00     7.9150219e-01
 5150.0 5250.0     9.2410834e-01    5.2679846e+00     7.9161050e-01
 5250.0 5350.0     9.2917932e-01    5.0382119e+00     7.9171881e-01
 5350.0 5450.0     9.3427813e-01    4.8184611e+00     7.9182712e-01
 5450.0 5550.0     9.3940492e-01    4.6082952e+00     7.9193543e-01
 5550.0 5650.0     9.4432782e-01    4.4080014e+00     7.9202907e-01
 5650.0 5750.0     9.4772542e-01    4.2209462e+00     7.9202484e-01
 5750.0 5850.0     9.4981793e-01    4.0456601e+00     7.9193743e-01
 5850.0 5950.0     9.5191507e-01    3.8776531e+00     7.9185002e-01
 5950.0 6050.0     9.5401683e-01    3.7166231e+00     7.9176261e-01
 6050.0 6150.0     9.5612323e-01    3.5622803e+00     7.9167520e-01
 6150.0 6250.0     9.5823428e-01    3.4143470e+00     7.9158779e-01
 6250.0 6350.0     9.6034999e-01    3.2725571e+00     7.9150038e-01
 6350.0 6450.0     9.6247038e-01    3.1366553e+00     7.9141297e-01
 6450.0 6550.0     9.6459545e-01    3.0063972e+00     7.9132557e-01
 6550.0 6650.0     9.6672520e-01    2.8815485e+00     7.9123816e-01
 6650.0 6750.0     9.6885967e-01    2.7618844e+00     7.9115075e-01
 6750.0 6850.0     9.7099884e-01    2.6471897e+00     7.9106334e-01
 6850.0 6950.0     9.7274987e-01    2.5427188e+00     7.9088618e-01
 6950.0 7050.0     9.7387040e-01    2.4510770e+00     7.9056426e-01
 7050.0 7150.0     9.7475131e-01    2.3659757e+00     7.9018733e-01
 7150.0 7250.0     9.7563302e-01    2.2838291e+00     7.8981040e-01
 7250.0 7350.0     9.7651553e-01    2.2045347e+00     7.8943347e-01
 7350.0 7450.0     9.7739884e-01    2.1279934e+00     7.8905654e-01
 7450.0 7550.0     9.7828294e-01    2.0541095e+00     7.8867961e-01
 7550.0 7650.0     9.7916784e-01    1.9827910e+00     7.8830268e-01
 7650.0 7750.0     9.8005355e-01    1.9139485e+00     7.8792575e-01
 7750.0 7850.0     9.8094005e-01    1.8474963e+00     7.8754883e-01
 7850.0 7950.0     9.8182736e-01    1.7833514e+00     7.8717190e-01
 7950.0 8050.0     9.8271547e-01    1.7214335e+00     7.8679497e-01
 8050.0 8150.0     9.8360438e-01    1.6616654e+00     7.8641804e-01
 8150.0 8250.0     9.8449410e-01    1.6039725e+00     7.8604111e-01
 8250.0 8350.0     9.8538462e-01    1.5482826e+00     7.8566418e-01
 8350.0 8450.0     9.8627595e-01    1.4945263e+00     7.8528725e-01
 8450.0 8550.0     9.8716809e-01    1.4426364e+00     7.8491032e-01
