 1216.0 1216.0     3.0429574e-01    3.1347847e+01     9.6047630e-01
 1300.0 1350.0     3.2273322e-01    3.0591146e+01     9.5786733e-01
 1350.0 1400.0     3.3094213e-01    3.0126324e+01     9.5621715e-01
 1400.0 1450.0     3.3856135e-01    2.9507357e+01     9.5397038e-01
 1450.0 1500.0     3.4616114e-01    2.8863076e+01     9.5158044e-01
 1500.0 1550.0     3.5393151e-01    2.8232862e+01     9.4919049e-01
 1550.0 1600.0     3.6187631e-01    2.7616409e+01     9.4680055e-01
 1600.0 1650.0     3.6923782e-01    2.7076056e+01     9.4464280e-01
 1650.0 1700.0     3.7473040e-01    2.6710119e+01     9.4309611e-01
 1700.0 1750.0     3.7905029e-01    2.6450571e+01     9.4192827e-01
 1754.0 1770.0     3.8227340e-01    2.6259849e+01     9.4106408e-01
 1770.0 1786.0     3.8367810e-01    2.6177923e+01     9.4069037e-01
 1786.0 1802.0     3.8508796e-01    2.6096252e+01     9.4031666e-01
 1802.0 1818.0     3.8650300e-01    2.6014836e+01     9.3994295e-01
 1818.0 1835.0     3.8796779e-01    2.5931145e+01     9.3955757e-01
 1835.0 1852.0     3.8948268e-01    2.5845196e+01     9.3916050e-01
 1852.0 1869.0     3.9100350e-01    2.5759532e+01     9.3876344e-01
 1869.0 1887.0     3.9257533e-01    2.5671650e+01     9.3835470e-01
 1887.0 1905.0     3.9419857e-01    2.5581564e+01     9.3793428e-01
 1905.0 1923.0     3.9582853e-01    2.5491795e+01     9.3751386e-01
 1923.0 1942.0     3.9751088e-01    2.5399865e+01     9.3708176e-01
 1942.0 1961.0     3.9924605e-01    2.5305791e+01     9.3663798e-01
 1961.0 1980.0     4.0123761e-01    2.5193506e+01     9.3610588e-01
 1980.0 2000.0     4.0370148e-01    2.5048442e+01     9.3541492e-01
 2000.0 2020.0     4.0639400e-01    2.4889490e+01     9.3465339e-01
 2020.0 2041.0     4.0917270e-01    2.4727623e+01     9.3387283e-01
 2041.0 2062.0     4.1203863e-01    2.4562888e+01     9.3307323e-01
 2062.0 2083.0     4.1492464e-01    2.4399249e+01     9.3227363e-01
 2083.0 2105.0     4.1790055e-01    2.4232857e+01     9.3145499e-01
 2105.0 2128.0     4.2103774e-01    2.4059941e+01     9.3059828e-01
 2128.0 2151.0     4.2426871e-01    2.3884443e+01     9.2972253e-01
 2151.0 2174.0     4.2752448e-01    2.3710226e+01     9.2884677e-01
 2174.0 2200.0     4.3102095e-01    2.3526088e+01     9.2791391e-01
 2200.0 2222.0     4.3447176e-01    2.3346995e+01     9.2700008e-01
 2222.0 2247.0     4.3787944e-01    2.3173051e+01     9.2610529e-01
 2247.0 2273.0     4.4160676e-01    2.2985739e+01     9.2513434e-01
 2273.0 2299.0     4.4543951e-01    2.2796299e+01     9.2414436e-01
 2299.0 2326.0     4.4938053e-01    2.2604837e+01     9.2313534e-01
 2326.0 2353.0     4.5343144e-01    2.2411401e+01     9.2210729e-01
 2353.0 2381.0     4.5759524e-01    2.2216099e+01     9.2106019e-01
 2381.0 2410.0     4.6337189e-01    2.1955610e+01     9.1987640e-01
 2410.0 2439.0     4.7089166e-01    2.1628201e+01     9.1856357e-01
 2439.0 2469.0     4.7883756e-01    2.1293298e+01     9.1721653e-01
 2469.0 2500.0     4.8719382e-01    2.0952495e+01     9.1582383e-01
 2500.0 2532.0     4.9597716e-01    2.0606243e+01     9.1438547e-01
 2532.0 2564.0     5.0506078e-01    2.0260307e+01     9.1292428e-01
 2564.0 2597.0     5.1445796e-01    1.9914956e+01     9.1144025e-01
 2597.0 2632.0     5.2447749e-01    1.9560010e+01     9.0988773e-01
 2632.0 2667.0     5.3402465e-01    1.9215058e+01     9.0847012e-01
 2667.0 2703.0     5.4269758e-01    1.8888470e+01     9.0725385e-01
 2703.0 2740.0     5.5155277e-01    1.8561380e+01     9.0604172e-01
 2740.0 2778.0     5.6080107e-01    1.8231227e+01     9.0479639e-01
 2778.0 2817.0     5.7045735e-01    1.7898379e+01     9.0351785e-01
 2817.0 2857.0     5.8053728e-01    1.7563200e+01     9.0220609e-01
 2857.0 2899.0     5.9118960e-01    1.7221970e+01     9.0084453e-01
 2899.0 2941.0     6.0230194e-01    1.6879209e+01     8.9944976e-01
 2941.0 2985.0     6.1235937e-01    1.6561460e+01     8.9830735e-01
 2985.0 3030.0     6.2089634e-01    1.6273355e+01     8.9750454e-01
 3030.0 3077.0     6.2931075e-01    1.5989656e+01     8.9677308e-01
 3077.0 3125.0     6.3811859e-01    1.5701867e+01     8.9601776e-01
 3125.0 3175.0     6.4733445e-01    1.5410445e+01     8.9523859e-01
 3175.0 3225.0     6.5687419e-01    1.5118595e+01     8.9444352e-01
 3225.0 3275.0     6.6649383e-01    1.4834500e+01     8.9370948e-01
 3275.0 3325.0     6.7599873e-01    1.4564898e+01     8.9322969e-01
 3325.0 3375.0     6.8544433e-01    1.4307126e+01     8.9294314e-01
 3375.0 3425.0     6.9502191e-01    1.4053916e+01     8.9265659e-01
 3425.0 3450.0     7.0228014e-01    1.3866539e+01     8.9244167e-01
 3450.0 3550.0     7.1452811e-01    1.3569785e+01     8.9211225e-01
 3550.0 3650.0     7.3319894e-01    1.3189763e+01     8.9192747e-01
 3650.0 3750.0     7.5113378e-01    1.2902582e+01     8.9207348e-01
 3750.0 3850.0     7.6950733e-01    1.2621655e+01     8.9221950e-01
 3850.0 3950.0     7.8757447e-01    1.2367608e+01     8.9243612e-01
 3950.0 4050.0     8.0506692e-01    1.2145923e+01     8.9274565e-01
 4050.0 4150.0     8.2241810e-01    1.1936162e+01     8.9307817e-01
 4150.0 4250.0     8.3843362e-01    1.1738711e+01     8.9341474e-01
 4250.0 4350.0     8.5333983e-01    1.1551719e+01     8.9375467e-01
 4350.0 4450.0     8.6752399e-01    1.1359178e+01     8.9407302e-01
 4450.0 4550.0     8.7742246e-01    1.1131723e+01     8.9429332e-01
 4550.0 4650.0     8.8391251e-01    1.0879297e+01     8.9443713e-01
 4650.0 4750.0     8.9045057e-01    1.0632595e+01     8.9458094e-01
 4750.0 4850.0     8.9703699e-01    1.0391487e+01     8.9472475e-01
 4850.0 4950.0     9.0367212e-01    1.0155847e+01     8.9486857e-01
 4950.0 5050.0     9.1035633e-01    9.9255501e+00     8.9501238e-01
 5050.0 5150.0     9.1708999e-01    9.7004756e+00     8.9515619e-01
 5150.0 5250.0     9.2387345e-01    9.4805050e+00     8.9530000e-01
 5250.0 5350.0     9.3070709e-01    9.2655225e+00     8.9544381e-01
 5350.0 5450.0     9.3759127e-01    9.0554149e+00     8.9558762e-01
 5450.0 5550.0     9.4452638e-01    8.8500719e+00     8.9573144e-01
 5550.0 5650.0     9.5114757e-01    8.6485695e+00     8.9585997e-01
 5650.0 5750.0     9.5537222e-01    8.4463252e+00     8.9588668e-01
 5750.0 5850.0     9.5754224e-01    8.2442988e+00     8.9582683e-01
 5850.0 5950.0     9.5971719e-01    8.0471046e+00     8.9576697e-01
 5950.0 6050.0     9.6189708e-01    7.8546271e+00     8.9570712e-01
 6050.0 6150.0     9.6408192e-01    7.6667534e+00     8.9564727e-01
 6150.0 6250.0     9.6627172e-01    7.4833734e+00     8.9558742e-01
 6250.0 6350.0     9.6846650e-01    7.3043797e+00     8.9552757e-01
 6350.0 6450.0     9.7066626e-01    7.1296673e+00     8.9546771e-01
 6450.0 6550.0     9.7287102e-01    6.9591338e+00     8.9540786e-01
 6550.0 6650.0     9.7508079e-01    6.7926792e+00     8.9534801e-01
 6650.0 6750.0     9.7729557e-01    6.6302061e+00     8.9528816e-01
 6750.0 6850.0     9.7951539e-01    6.4716192e+00     8.9522831e-01
 6850.0 6950.0     9.8125944e-01    6.3172904e+00     8.9510349e-01
 6950.0 7050.0     9.8223119e-01    6.1673852e+00     8.9487391e-01
 7050.0 7150.0     9.8290916e-01    6.0213153e+00     8.9460450e-01
 7150.0 7250.0     9.8358759e-01    5.8787050e+00     8.9433510e-01
 7250.0 7350.0     9.8426649e-01    5.7394723e+00     8.9406570e-01
 7350.0 7450.0     9.8494586e-01    5.6035372e+00     8.9379630e-01
 7450.0 7550.0     9.8562570e-01    5.4708217e+00     8.9352690e-01
 7550.0 7650.0     9.8630601e-01    5.3412494e+00     8.9325750e-01
 7650.0 7750.0     9.8698679e-01    5.2147459e+00     8.9298810e-01
 7750.0 7850.0     9.8766804e-01    5.0912386e+00     8.9271870e-01
 7850.0 7950.0     9.8834975e-01    4.9706564e+00     8.9244929e-01
 7950.0 8050.0     9.8903194e-01    4.8529302e+00     8.9217989e-01
 8050.0 8150.0     9.8971460e-01    4.7379922e+00     8.9191049e-01
 8150.0 8250.0     9.9039773e-01    4.6257764e+00     8.9164109e-01
 8250.0 8350.0     9.9108134e-01    4.5162184e+00     8.9137169e-01
 8350.0 8450.0     9.9176541e-01    4.4092552e+00     8.9110229e-01
 8450.0 8550.0     9.9244996e-01    4.3048253e+00     8.9083289e-01
