 1216.0 1216.0     3.5703555e-01    2.3232502e+01     9.4325275e-01
 1300.0 1350.0     3.8004172e-01    2.2894372e+01     9.3903024e-01
 1350.0 1400.0     3.8980166e-01    2.2627227e+01     9.3652446e-01
 1400.0 1450.0     3.9814414e-01    2.2215081e+01     9.3327020e-01
 1450.0 1500.0     4.0625874e-01    2.1775446e+01     9.2983629e-01
 1500.0 1550.0     4.1453873e-01    2.1344511e+01     9.2640239e-01
 1550.0 1600.0     4.2298747e-01    2.0922104e+01     9.2296849e-01
 1600.0 1650.0     4.3080113e-01    2.0552461e+01     9.1984206e-01
 1650.0 1700.0     4.3662088e-01    2.0305587e+01     9.1752476e-01
 1700.0 1750.0     4.4119081e-01    2.0133670e+01     9.1570913e-01
 1754.0 1770.0     4.4459793e-01    2.0007226e+01     9.1436556e-01
 1770.0 1786.0     4.4608176e-01    1.9952864e+01     9.1378455e-01
 1786.0 1802.0     4.4757054e-01    1.9898650e+01     9.1320355e-01
 1802.0 1818.0     4.4906429e-01    1.9844583e+01     9.1262255e-01
 1818.0 1835.0     4.5061002e-01    1.9788983e+01     9.1202339e-01
 1835.0 1852.0     4.5220807e-01    1.9731858e+01     9.1140607e-01
 1852.0 1869.0     4.5381180e-01    1.9674898e+01     9.1078876e-01
 1869.0 1887.0     4.5546871e-01    1.9616438e+01     9.1015329e-01
 1887.0 1905.0     4.5717919e-01    1.9556485e+01     9.0949966e-01
 1905.0 1923.0     4.5889610e-01    1.9496716e+01     9.0884603e-01
 1923.0 1942.0     4.6066750e-01    1.9435479e+01     9.0817425e-01
 1942.0 1961.0     4.6249381e-01    1.9372785e+01     9.0748430e-01
 1961.0 1980.0     4.6455926e-01    1.9297004e+01     9.0666639e-01
 1980.0 2000.0     4.6707023e-01    1.9197801e+01     9.0561702e-01
 2000.0 2020.0     4.6979913e-01    1.9088678e+01     9.0446418e-01
 2020.0 2041.0     4.7261301e-01    1.8977479e+01     9.0328252e-01
 2041.0 2062.0     4.7551278e-01    1.8864230e+01     9.0207204e-01
 2062.0 2083.0     4.7843035e-01    1.8751658e+01     9.0086156e-01
 2083.0 2105.0     4.8143614e-01    1.8637109e+01     8.9962225e-01
 2105.0 2128.0     4.8460197e-01    1.8517982e+01     8.9832531e-01
 2128.0 2151.0     4.8785942e-01    1.8396986e+01     8.9699954e-01
 2151.0 2174.0     4.9113877e-01    1.8276780e+01     8.9567378e-01
 2174.0 2200.0     4.9465702e-01    1.8149626e+01     8.9426155e-01
 2200.0 2222.0     4.9812612e-01    1.8025863e+01     8.9287814e-01
 2222.0 2247.0     5.0154828e-01    1.7905556e+01     8.9152355e-01
 2247.0 2273.0     5.0528773e-01    1.7775900e+01     8.9005368e-01
 2273.0 2299.0     5.0912894e-01    1.7644659e+01     8.8855499e-01
 2299.0 2326.0     5.1307435e-01    1.7511901e+01     8.8702748e-01
 2326.0 2353.0     5.1712536e-01    1.7377655e+01     8.8547115e-01
 2353.0 2381.0     5.2128457e-01    1.7241991e+01     8.8388599e-01
 2381.0 2410.0     5.2699138e-01    1.7062187e+01     8.8209543e-01
 2410.0 2439.0     5.3436218e-01    1.6837033e+01     8.8011122e-01
 2439.0 2469.0     5.4212929e-01    1.6606415e+01     8.7807546e-01
 2469.0 2500.0     5.5027841e-01    1.6371300e+01     8.7597069e-01
 2500.0 2532.0     5.5882333e-01    1.6131970e+01     8.7379691e-01
 2532.0 2564.0     5.6763866e-01    1.5892395e+01     8.7158863e-01
 2564.0 2597.0     5.7673521e-01    1.5652746e+01     8.6934585e-01
 2597.0 2632.0     5.8640885e-01    1.5405933e+01     8.6699955e-01
 2632.0 2667.0     5.9541910e-01    1.5158132e+01     8.6484105e-01
 2667.0 2703.0     6.0333129e-01    1.4913664e+01     8.6296684e-01
 2703.0 2740.0     6.1133609e-01    1.4666894e+01     8.6109448e-01
 2740.0 2778.0     6.1967082e-01    1.4417615e+01     8.5917081e-01
 2778.0 2817.0     6.2834604e-01    1.4166095e+01     8.5719585e-01
 2817.0 2857.0     6.3737284e-01    1.3912602e+01     8.5516958e-01
 2857.0 2899.0     6.4688047e-01    1.3654309e+01     8.5306637e-01
 2899.0 2941.0     6.5676526e-01    1.3394628e+01     8.5091187e-01
 2941.0 2985.0     6.6552106e-01    1.3144283e+01     8.4911805e-01
 2985.0 3030.0     6.7267972e-01    1.2903789e+01     8.4780907e-01
 3030.0 3077.0     6.7963207e-01    1.2663336e+01     8.4659793e-01
 3077.0 3125.0     6.8688612e-01    1.2419719e+01     8.4534730e-01
 3125.0 3175.0     6.9445082e-01    1.2173343e+01     8.4405717e-01
 3175.0 3225.0     7.0225491e-01    1.1926928e+01     8.4274071e-01
 3225.0 3275.0     7.1010986e-01    1.1686188e+01     8.4151339e-01
 3275.0 3325.0     7.1789787e-01    1.1453133e+01     8.4065745e-01
 3325.0 3375.0     7.2565336e-01    1.1226862e+01     8.4008378e-01
 3375.0 3425.0     7.3349264e-01    1.1005061e+01     8.3951010e-01
 3425.0 3450.0     7.3941962e-01    1.0841186e+01     8.3907984e-01
 3450.0 3550.0     7.4941624e-01    1.0582880e+01     8.3840562e-01
 3550.0 3650.0     7.6511237e-01    1.0257833e+01     8.3783714e-01
 3650.0 3750.0     7.8063997e-01    1.0018999e+01     8.3776177e-01
 3750.0 3850.0     7.9648269e-01    9.7857270e+00     8.3768640e-01
 3850.0 3950.0     8.1210722e-01    9.5737404e+00     8.3773057e-01
 3950.0 4050.0     8.2732541e-01    9.3871443e+00     8.3793202e-01
 4050.0 4150.0     8.4240585e-01    9.2088343e+00     8.3817572e-01
 4150.0 4250.0     8.5627420e-01    9.0323440e+00     8.3844586e-01
 4250.0 4350.0     8.6913505e-01    8.8579399e+00     8.3873794e-01
 4350.0 4450.0     8.8131780e-01    8.6722898e+00     8.3900735e-01
 4450.0 4550.0     8.8968559e-01    8.4256935e+00     8.3917371e-01
 4550.0 4650.0     8.9502840e-01    8.1361588e+00     8.3925968e-01
 4650.0 4750.0     9.0040328e-01    7.8565735e+00     8.3934566e-01
 4750.0 4850.0     9.0581045e-01    7.5865957e+00     8.3943163e-01
 4850.0 4950.0     9.1125008e-01    7.3258952e+00     8.3951761e-01
 4950.0 5050.0     9.1672239e-01    7.0741532e+00     8.3960358e-01
 5050.0 5150.0     9.2222755e-01    6.8310619e+00     8.3968956e-01
 5150.0 5250.0     9.2776578e-01    6.5963241e+00     8.3977553e-01
 5250.0 5350.0     9.3333726e-01    6.3696526e+00     8.3986151e-01
 5350.0 5450.0     9.3894220e-01    6.1507703e+00     8.3994748e-01
 5450.0 5550.0     9.4458080e-01    5.9394095e+00     8.4003346e-01
 5550.0 5650.0     9.4997678e-01    5.7350837e+00     8.4010232e-01
 5650.0 5750.0     9.5355504e-01    5.5363115e+00     8.4005711e-01
 5750.0 5850.0     9.5557720e-01    5.3431813e+00     8.3991495e-01
 5850.0 5950.0     9.5760365e-01    5.1567883e+00     8.3977278e-01
 5950.0 6050.0     9.5963440e-01    4.9768975e+00     8.3963061e-01
 6050.0 6150.0     9.6166946e-01    4.8032820e+00     8.3948845e-01
 6150.0 6250.0     9.6370883e-01    4.6357230e+00     8.3934628e-01
 6250.0 6350.0     9.6575253e-01    4.4740092e+00     8.3920412e-01
 6350.0 6450.0     9.6780056e-01    4.3179366e+00     8.3906195e-01
 6450.0 6550.0     9.6985293e-01    4.1673086e+00     8.3891978e-01
 6550.0 6650.0     9.7190966e-01    4.0219350e+00     8.3877762e-01
 6650.0 6750.0     9.7397074e-01    3.8816328e+00     8.3863545e-01
 6750.0 6850.0     9.7603620e-01    3.7462248e+00     8.3849328e-01
 6850.0 6950.0     9.7769657e-01    3.6199922e+00     8.3826634e-01
 6950.0 7050.0     9.7869935e-01    3.5051154e+00     8.3790264e-01
 7050.0 7150.0     9.7945210e-01    3.3965312e+00     8.3748699e-01
 7150.0 7250.0     9.8020543e-01    3.2913109e+00     8.3707133e-01
 7250.0 7350.0     9.8095935e-01    3.1893502e+00     8.3665568e-01
 7350.0 7450.0     9.8171384e-01    3.0905481e+00     8.3624003e-01
 7450.0 7550.0     9.8246891e-01    2.9948067e+00     8.3582437e-01
 7550.0 7650.0     9.8322456e-01    2.9020313e+00     8.3540872e-01
 7650.0 7750.0     9.8398080e-01    2.8121300e+00     8.3499306e-01
 7750.0 7850.0     9.8473761e-01    2.7250137e+00     8.3457741e-01
 7850.0 7950.0     9.8549501e-01    2.6405961e+00     8.3416176e-01
 7950.0 8050.0     9.8625299e-01    2.5587937e+00     8.3374610e-01
 8050.0 8150.0     9.8701156e-01    2.4795255e+00     8.3333045e-01
 8150.0 8250.0     9.8777070e-01    2.4027128e+00     8.3291479e-01
 8250.0 8350.0     9.8853043e-01    2.3282798e+00     8.3249914e-01
 8350.0 8450.0     9.8929075e-01    2.2561525e+00     8.3208348e-01
 8450.0 8550.0     9.9005165e-01    2.1862597e+00     8.3166783e-01
