 1216.0 1216.0     4.4190566e-01    1.2312626e+01     8.6649324e-01
 1300.0 1350.0     4.7901408e-01    1.2546324e+01     8.5428736e-01
 1350.0 1400.0     4.9351057e-01    1.2546022e+01     8.4761745e-01
 1400.0 1450.0     5.0383140e-01    1.2404016e+01     8.3953849e-01
 1450.0 1500.0     5.1324552e-01    1.2229993e+01     8.3112135e-01
 1500.0 1550.0     5.2283555e-01    1.2058412e+01     8.2270421e-01
 1550.0 1600.0     5.3260476e-01    1.1889238e+01     8.1428708e-01
 1600.0 1650.0     5.4159203e-01    1.1742300e+01     8.0647582e-01
 1650.0 1700.0     5.4817817e-01    1.1649277e+01     8.0025901e-01
 1700.0 1750.0     5.5325900e-01    1.1589284e+01     7.9503074e-01
 1754.0 1770.0     5.5704379e-01    1.1545054e+01     7.9116182e-01
 1770.0 1786.0     5.5869077e-01    1.1525995e+01     7.8948878e-01
 1786.0 1802.0     5.6034262e-01    1.1506968e+01     7.8781573e-01
 1802.0 1818.0     5.6199935e-01    1.1487971e+01     7.8614269e-01
 1818.0 1835.0     5.6371307e-01    1.1468415e+01     7.8441736e-01
 1835.0 1852.0     5.6548410e-01    1.1448300e+01     7.8263975e-01
 1852.0 1869.0     5.6726070e-01    1.1428220e+01     7.8086214e-01
 1869.0 1887.0     5.6909546e-01    1.1407587e+01     7.7903225e-01
 1887.0 1905.0     5.7098875e-01    1.1386403e+01     7.7715007e-01
 1905.0 1923.0     5.7288834e-01    1.1365258e+01     7.7526789e-01
 1923.0 1942.0     5.7484737e-01    1.1343568e+01     7.7333343e-01
 1942.0 1961.0     5.7686622e-01    1.1321333e+01     7.7134669e-01
 1961.0 1980.0     5.7898663e-01    1.1289583e+01     7.6903003e-01
 1980.0 2000.0     5.8132626e-01    1.1241449e+01     7.6611123e-01
 2000.0 2020.0     5.8379234e-01    1.1186606e+01     7.6292020e-01
 2020.0 2041.0     5.8633106e-01    1.1130672e+01     7.5964939e-01
 2041.0 2062.0     5.8894301e-01    1.1073661e+01     7.5629880e-01
 2062.0 2083.0     5.9156660e-01    1.1016941e+01     7.5294822e-01
 2083.0 2105.0     5.9426491e-01    1.0959176e+01     7.4951786e-01
 2105.0 2128.0     5.9710190e-01    1.0899048e+01     7.4592795e-01
 2128.0 2151.0     6.0001578e-01    1.0837921e+01     7.4225826e-01
 2151.0 2174.0     6.0294388e-01    1.0777137e+01     7.3858858e-01
 2174.0 2200.0     6.0607916e-01    1.0712776e+01     7.3467956e-01
 2200.0 2222.0     6.0916511e-01    1.0650074e+01     7.3085033e-01
 2222.0 2247.0     6.1220313e-01    1.0589060e+01     7.2710086e-01
 2247.0 2273.0     6.1551649e-01    1.0523241e+01     7.2303230e-01
 2273.0 2299.0     6.1891310e-01    1.0456548e+01     7.1888396e-01
 2299.0 2326.0     6.2239451e-01    1.0389012e+01     7.1465584e-01
 2326.0 2353.0     6.2596156e-01    1.0320645e+01     7.1034795e-01
 2353.0 2381.0     6.2961587e-01    1.0251480e+01     7.0596028e-01
 2381.0 2410.0     6.3442288e-01    1.0154347e+01     7.0102010e-01
 2410.0 2439.0     6.4044926e-01    1.0028076e+01     6.9556184e-01
 2439.0 2469.0     6.4675720e-01    9.8982559e+00     6.8996335e-01
 2469.0 2500.0     6.5334430e-01    9.7658016e+00     6.8417508e-01
 2500.0 2532.0     6.6021780e-01    9.6308649e+00     6.7819703e-01
 2532.0 2564.0     6.6727386e-01    9.4956805e+00     6.7212409e-01
 2564.0 2597.0     6.7451797e-01    9.3603407e+00     6.6595626e-01
 2597.0 2632.0     6.8218126e-01    9.2208339e+00     6.5950376e-01
 2632.0 2667.0     6.8866216e-01    9.0554032e+00     6.5351223e-01
 2667.0 2703.0     6.9346292e-01    8.8614608e+00     6.4823363e-01
 2703.0 2740.0     6.9811382e-01    8.6614179e+00     6.4294477e-01
 2740.0 2778.0     7.0292462e-01    8.4605966e+00     6.3751100e-01
 2778.0 2817.0     7.0789821e-01    8.2592631e+00     6.3193233e-01
 2817.0 2857.0     7.1303755e-01    8.0576785e+00     6.2620877e-01
 2857.0 2899.0     7.1841178e-01    7.8536725e+00     6.2026785e-01
 2899.0 2941.0     7.2395857e-01    7.6499824e+00     6.1418203e-01
 2941.0 2985.0     7.2820679e-01    7.4338187e+00     6.0895096e-01
 2985.0 3030.0     7.3067076e-01    7.1992066e+00     6.0486568e-01
 3030.0 3077.0     7.3271774e-01    6.9601357e+00     6.0098715e-01
 3077.0 3125.0     7.3483745e-01    6.7215544e+00     5.9698213e-01
 3125.0 3175.0     7.3703056e-01    6.4840484e+00     5.9285065e-01
 3175.0 3225.0     7.3927511e-01    6.2502598e+00     5.8863485e-01
 3225.0 3275.0     7.4158001e-01    6.0234379e+00     5.8463490e-01
 3275.0 3325.0     7.4411568e-01    5.7989267e+00     5.8153431e-01
 3325.0 3375.0     7.4683012e-01    5.5783288e+00     5.7911725e-01
 3375.0 3425.0     7.4955447e-01    5.3661228e+00     5.7670019e-01
 3425.0 3450.0     7.5160331e-01    5.2115479e+00     5.7488739e-01
 3450.0 3550.0     7.5520331e-01    4.9732518e+00     5.7197135e-01
 3550.0 3650.0     7.6299310e-01    4.6635374e+00     5.6855871e-01
 3650.0 3750.0     7.7280372e-01    4.4258578e+00     5.6635697e-01
 3750.0 3850.0     7.8274049e-01    4.2002917e+00     5.6415522e-01
 3850.0 3950.0     7.9327103e-01    3.9915295e+00     5.6237238e-01
 3950.0 4050.0     8.0455885e-01    3.8000561e+00     5.6114072e-01
 4050.0 4150.0     8.1604217e-01    3.6182152e+00     5.6008353e-01
 4150.0 4250.0     8.2700839e-01    3.4385855e+00     5.5927451e-01
 4250.0 4350.0     8.3755588e-01    3.2625425e+00     5.5867145e-01
 4350.0 4450.0     8.4749062e-01    3.0886124e+00     5.5810317e-01
 4450.0 4550.0     8.5412878e-01    2.8942053e+00     5.5769297e-01
 4550.0 4650.0     8.5815942e-01    2.6893492e+00     5.5740607e-01
 4650.0 4750.0     8.6220909e-01    2.4989931e+00     5.5711917e-01
 4750.0 4850.0     8.6627786e-01    2.3221106e+00     5.5683228e-01
 4850.0 4950.0     8.7036583e-01    2.1577482e+00     5.5654538e-01
 4950.0 5050.0     8.7447310e-01    2.0050196e+00     5.5625848e-01
 5050.0 5150.0     8.7859975e-01    1.8631014e+00     5.5597158e-01
 5150.0 5250.0     8.8274587e-01    1.7312283e+00     5.5568469e-01
 5250.0 5350.0     8.8691155e-01    1.6086894e+00     5.5539779e-01
 5350.0 5450.0     8.9109690e-01    1.4948240e+00     5.5511089e-01
 5450.0 5550.0     8.9530199e-01    1.3890181e+00     5.5482400e-01
 5550.0 5650.0     8.9942395e-01    1.2919623e+00     5.5455504e-01
 5650.0 5750.0     9.0287616e-01    1.2096484e+00     5.5440572e-01
 5750.0 5850.0     9.0575626e-01    1.1393142e+00     5.5435808e-01
 5850.0 5950.0     9.0864555e-01    1.0730696e+00     5.5431044e-01
 5950.0 6050.0     9.1154405e-01    1.0106768e+00     5.5426279e-01
 6050.0 6150.0     9.1445180e-01    9.5191172e-01     5.5421515e-01
 6150.0 6250.0     9.1736883e-01    8.9656350e-01     5.5416751e-01
 6250.0 6350.0     9.2029516e-01    8.4443346e-01     5.5411987e-01
 6350.0 6450.0     9.2323082e-01    7.9533449e-01     5.5407223e-01
 6450.0 6550.0     9.2617585e-01    7.4909034e-01     5.5402459e-01
 6550.0 6650.0     9.2913027e-01    7.0553503e-01     5.5397695e-01
 6650.0 6750.0     9.3209412e-01    6.6451220e-01     5.5392931e-01
 6750.0 6850.0     9.3506743e-01    6.2587462e-01     5.5388167e-01
 6850.0 6950.0     9.3766179e-01    5.9207004e-01     5.5378560e-01
 6950.0 7050.0     9.3963662e-01    5.6420662e-01     5.5361142e-01
 7050.0 7150.0     9.4137721e-01    5.3917612e-01     5.5340757e-01
 7150.0 7250.0     9.4312101e-01    5.1525606e-01     5.5320371e-01
 7250.0 7350.0     9.4486805e-01    4.9239721e-01     5.5299986e-01
 7350.0 7450.0     9.4661833e-01    4.7055246e-01     5.5279600e-01
 7450.0 7550.0     9.4837185e-01    4.4967683e-01     5.5259215e-01
 7550.0 7650.0     9.5012861e-01    4.2972733e-01     5.5238829e-01
 7650.0 7750.0     9.5188863e-01    4.1066288e-01     5.5218443e-01
 7750.0 7850.0     9.5365191e-01    3.9244420e-01     5.5198058e-01
 7850.0 7950.0     9.5541846e-01    3.7503377e-01     5.5177672e-01
 7950.0 8050.0     9.5718828e-01    3.5839575e-01     5.5157287e-01
 8050.0 8150.0     9.5896138e-01    3.4249585e-01     5.5136901e-01
 8150.0 8250.0     9.6073776e-01    3.2730134e-01     5.5116516e-01
 8250.0 8350.0     9.6251743e-01    3.1278092e-01     5.5096130e-01
 8350.0 8450.0     9.6430040e-01    2.9890468e-01     5.5075745e-01
 8450.0 8550.0     9.6608667e-01    2.8564405e-01     5.5055359e-01
