 1216.0 1216.0     4.1860498e-01    1.7985305e+01     9.0511290e-01
 1300.0 1350.0     4.4909645e-01    1.8044154e+01     8.9730755e-01
 1350.0 1400.0     4.6129631e-01    1.7945039e+01     8.9282673e-01
 1400.0 1450.0     4.7054911e-01    1.7682193e+01     8.8716121e-01
 1450.0 1500.0     4.7919003e-01    1.7384299e+01     8.8121137e-01
 1500.0 1550.0     4.8798962e-01    1.7091424e+01     8.7526152e-01
 1550.0 1600.0     4.9695081e-01    1.6803483e+01     8.6931167e-01
 1600.0 1650.0     5.0520721e-01    1.6552060e+01     8.6383787e-01
 1650.0 1700.0     5.1129982e-01    1.6387381e+01     8.5961683e-01
 1700.0 1750.0     5.1603682e-01    1.6275756e+01     8.5617252e-01
 1754.0 1770.0     5.1956547e-01    1.6193557e+01     8.5362372e-01
 1770.0 1786.0     5.2110098e-01    1.6158178e+01     8.5252154e-01
 1786.0 1802.0     5.2264104e-01    1.6122875e+01     8.5141936e-01
 1802.0 1818.0     5.2418564e-01    1.6087650e+01     8.5031718e-01
 1818.0 1835.0     5.2578337e-01    1.6051405e+01     8.4918055e-01
 1835.0 1852.0     5.2743453e-01    1.6014147e+01     8.4800948e-01
 1852.0 1869.0     5.2909088e-01    1.5976975e+01     8.4683841e-01
 1869.0 1887.0     5.3080146e-01    1.5938801e+01     8.4563290e-01
 1887.0 1905.0     5.3256660e-01    1.5899630e+01     8.4439295e-01
 1905.0 1923.0     5.3433761e-01    1.5860556e+01     8.4315299e-01
 1923.0 1942.0     5.3616403e-01    1.5820497e+01     8.4187860e-01
 1942.0 1961.0     5.3804623e-01    1.5779460e+01     8.4056975e-01
 1961.0 1980.0     5.4010242e-01    1.5726959e+01     8.3904166e-01
 1980.0 2000.0     5.4249615e-01    1.5654331e+01     8.3711371e-01
 2000.0 2020.0     5.4506279e-01    1.5573303e+01     8.3500515e-01
 2020.0 2041.0     5.4770636e-01    1.5490691e+01     8.3284388e-01
 2041.0 2062.0     5.5042753e-01    1.5406512e+01     8.3062989e-01
 2062.0 2083.0     5.5316223e-01    1.5322791e+01     8.2841590e-01
 2083.0 2105.0     5.5597628e-01    1.5237553e+01     8.2614920e-01
 2105.0 2128.0     5.5893654e-01    1.5148859e+01     8.2377707e-01
 2128.0 2151.0     5.6197871e-01    1.5058721e+01     8.2135223e-01
 2151.0 2174.0     5.6503743e-01    1.4969120e+01     8.1892738e-01
 2174.0 2200.0     5.6831452e-01    1.4874279e+01     8.1634440e-01
 2200.0 2222.0     5.7154183e-01    1.4781915e+01     8.1381412e-01
 2222.0 2247.0     5.7472098e-01    1.4692072e+01     8.1133657e-01
 2247.0 2273.0     5.7819029e-01    1.4595188e+01     8.0864815e-01
 2273.0 2299.0     5.8174898e-01    1.4497055e+01     8.0590702e-01
 2299.0 2326.0     5.8539886e-01    1.4397721e+01     8.0311318e-01
 2326.0 2353.0     5.8914094e-01    1.4297206e+01     8.0026662e-01
 2353.0 2381.0     5.9297713e-01    1.4195557e+01     7.9736735e-01
 2381.0 2410.0     5.9816262e-01    1.4058734e+01     7.9409384e-01
 2410.0 2439.0     6.0478853e-01    1.3885585e+01     7.9046779e-01
 2439.0 2469.0     6.1174545e-01    1.3707930e+01     7.8674767e-01
 2469.0 2500.0     6.1902235e-01    1.3526643e+01     7.8290144e-01
 2500.0 2532.0     6.2662871e-01    1.3341928e+01     7.7892911e-01
 2532.0 2564.0     6.3445076e-01    1.3156844e+01     7.7489372e-01
 2564.0 2597.0     6.4249575e-01    1.2971516e+01     7.7079528e-01
 2597.0 2632.0     6.5102209e-01    1.2780448e+01     7.6650768e-01
 2632.0 2667.0     6.5861069e-01    1.2570918e+01     7.6253396e-01
 2667.0 2703.0     6.6479749e-01    1.2342707e+01     7.5904338e-01
 2703.0 2740.0     6.7093952e-01    1.2109106e+01     7.5554806e-01
 2740.0 2778.0     6.7730893e-01    1.1873709e+01     7.5195698e-01
 2778.0 2817.0     6.8391110e-01    1.1636795e+01     7.4827014e-01
 2817.0 2857.0     6.9075165e-01    1.1398639e+01     7.4448754e-01
 2857.0 2899.0     6.9792480e-01    1.1156624e+01     7.4056130e-01
 2899.0 2941.0     7.0534920e-01    1.0913971e+01     7.3653929e-01
 2941.0 2985.0     7.1157774e-01    1.0664238e+01     7.3312769e-01
 2985.0 3030.0     7.1614770e-01    1.0402765e+01     7.3053539e-01
 3030.0 3077.0     7.2039921e-01    1.0136960e+01     7.2809904e-01
 3077.0 3125.0     7.2481571e-01    9.8695755e+00     7.2558324e-01
 3125.0 3175.0     7.2940019e-01    9.6011733e+00     7.2298800e-01
 3175.0 3225.0     7.3410783e-01    9.3347423e+00     7.2033979e-01
 3225.0 3275.0     7.3886573e-01    9.0745025e+00     7.1784699e-01
 3275.0 3325.0     7.4373774e-01    8.8166180e+00     7.1600174e-01
 3325.0 3375.0     7.4870527e-01    8.5623657e+00     7.1464862e-01
 3375.0 3425.0     7.5370598e-01    8.3154455e+00     7.1329549e-01
 3425.0 3450.0     7.5747527e-01    8.1342867e+00     7.1228065e-01
 3450.0 3550.0     7.6389594e-01    7.8518297e+00     7.1066534e-01
 3550.0 3650.0     7.7516657e-01    7.4901692e+00     7.0898627e-01
 3650.0 3750.0     7.8748480e-01    7.2177965e+00     7.0818220e-01
 3750.0 3850.0     7.9999879e-01    6.9553283e+00     7.0737813e-01
 3850.0 3950.0     8.1269405e-01    6.7123887e+00     7.0683939e-01
 3950.0 4050.0     8.2556754e-01    6.4909870e+00     7.0664979e-01
 4050.0 4150.0     8.3845973e-01    6.2784867e+00     7.0656252e-01
 4150.0 4250.0     8.5048456e-01    6.0646204e+00     7.0658432e-01
 4250.0 4350.0     8.6179361e-01    5.8511802e+00     7.0669666e-01
 4350.0 4450.0     8.7246902e-01    5.6319826e+00     7.0681066e-01
 4450.0 4550.0     8.7969306e-01    5.3630757e+00     7.0693220e-01
 4550.0 4650.0     8.8418553e-01    5.0626943e+00     7.0705963e-01
 4650.0 4750.0     8.8870093e-01    4.7791371e+00     7.0718706e-01
 4750.0 4850.0     8.9323940e-01    4.5114617e+00     7.0731448e-01
 4850.0 4950.0     8.9780105e-01    4.2587786e+00     7.0744191e-01
 4950.0 5050.0     9.0238599e-01    4.0202480e+00     7.0756934e-01
 5050.0 5150.0     9.0699435e-01    3.7950773e+00     7.0769676e-01
 5150.0 5250.0     9.1162624e-01    3.5825182e+00     7.0782419e-01
 5250.0 5350.0     9.1628178e-01    3.3818644e+00     7.0795162e-01
 5350.0 5450.0     9.2096110e-01    3.1924491e+00     7.0807904e-01
 5450.0 5550.0     9.2566432e-01    3.0136427e+00     7.0820647e-01
 5550.0 5650.0     9.3021195e-01    2.8463475e+00     7.0832731e-01
 5650.0 5750.0     9.3358106e-01    2.6978781e+00     7.0840424e-01
 5750.0 5850.0     9.3594221e-01    2.5652190e+00     7.0844384e-01
 5850.0 5950.0     9.3830933e-01    2.4390830e+00     7.0848344e-01
 5950.0 6050.0     9.4068244e-01    2.3191492e+00     7.0852304e-01
 6050.0 6150.0     9.4306155e-01    2.2051128e+00     7.0856264e-01
 6150.0 6250.0     9.4544668e-01    2.0966838e+00     7.0860224e-01
 6250.0 6350.0     9.4783784e-01    1.9935864e+00     7.0864184e-01
 6350.0 6450.0     9.5023504e-01    1.8955585e+00     7.0868145e-01
 6450.0 6550.0     9.5263832e-01    1.8023507e+00     7.0872105e-01
 6550.0 6650.0     9.5504766e-01    1.7137262e+00     7.0876065e-01
 6650.0 6750.0     9.5746311e-01    1.6294594e+00     7.0880025e-01
 6750.0 6850.0     9.5988466e-01    1.5493362e+00     7.0883985e-01
 6850.0 6950.0     9.6191867e-01    1.4779624e+00     7.0879280e-01
 6950.0 7050.0     9.6332197e-01    1.4175388e+00     7.0860598e-01
 7050.0 7150.0     9.6448585e-01    1.3624281e+00     7.0836605e-01
 7150.0 7250.0     9.6565113e-01    1.3094599e+00     7.0812611e-01
 7250.0 7350.0     9.6681783e-01    1.2585510e+00     7.0788618e-01
 7350.0 7450.0     9.6798593e-01    1.2096214e+00     7.0764625e-01
 7450.0 7550.0     9.6915544e-01    1.1625940e+00     7.0740632e-01
 7550.0 7650.0     9.7032637e-01    1.1173949e+00     7.0716638e-01
 7650.0 7750.0     9.7149871e-01    1.0739531e+00     7.0692645e-01
 7750.0 7850.0     9.7267246e-01    1.0322002e+00     7.0668652e-01
 7850.0 7950.0     9.7384764e-01    9.9207056e-01     7.0644659e-01
 7950.0 8050.0     9.7502424e-01    9.5350107e-01     7.0620666e-01
 8050.0 8150.0     9.7620225e-01    9.1643107e-01     7.0596672e-01
 8150.0 8250.0     9.7738169e-01    8.8080228e-01     7.0572679e-01
 8250.0 8350.0     9.7856256e-01    8.4655865e-01     7.0548686e-01
 8350.0 8450.0     9.7974485e-01    8.1364634e-01     7.0524693e-01
 8450.0 8550.0     9.8092857e-01    7.8201358e-01     7.0500700e-01
