 1216.0 1216.0     4.4015435e-01    1.3341377e+01     8.7244070e-01
 1300.0 1350.0     4.7625862e-01    1.3564175e+01     8.6094842e-01
 1350.0 1400.0     4.9038809e-01    1.3552736e+01     8.5462341e-01
 1400.0 1450.0     5.0050847e-01    1.3391902e+01     8.4691245e-01
 1450.0 1500.0     5.0976056e-01    1.3197540e+01     8.3886886e-01
 1500.0 1550.0     5.1918368e-01    1.3005998e+01     8.3082527e-01
 1550.0 1600.0     5.2878099e-01    1.2817237e+01     8.2278168e-01
 1600.0 1650.0     5.3760970e-01    1.2653034e+01     8.1532519e-01
 1650.0 1700.0     5.4408208e-01    1.2548159e+01     8.0941369e-01
 1700.0 1750.0     5.4907747e-01    1.2479620e+01     8.0446008e-01
 1754.0 1770.0     5.5279837e-01    1.2429101e+01     8.0079441e-01
 1770.0 1786.0     5.5441746e-01    1.2407336e+01     7.9920926e-01
 1786.0 1802.0     5.5604129e-01    1.2385609e+01     7.9762410e-01
 1802.0 1818.0     5.5766987e-01    1.2363921e+01     7.9603895e-01
 1818.0 1835.0     5.5935443e-01    1.2341595e+01     7.9440426e-01
 1835.0 1852.0     5.6109527e-01    1.2318634e+01     7.9272003e-01
 1852.0 1869.0     5.6284153e-01    1.2295715e+01     7.9103580e-01
 1869.0 1887.0     5.6464491e-01    1.2272168e+01     7.8930204e-01
 1887.0 1905.0     5.6650575e-01    1.2247995e+01     7.8751874e-01
 1905.0 1923.0     5.6837273e-01    1.2223869e+01     7.8573544e-01
 1923.0 1942.0     5.7029808e-01    1.2199123e+01     7.8390261e-01
 1942.0 1961.0     5.7228215e-01    1.2173759e+01     7.8202024e-01
 1961.0 1980.0     5.7437855e-01    1.2138358e+01     7.7982707e-01
 1980.0 2000.0     5.7671145e-01    1.2085625e+01     7.7706637e-01
 2000.0 2020.0     5.7917724e-01    1.2025772e+01     7.7404894e-01
 2020.0 2041.0     5.8171576e-01    1.1964735e+01     7.7095607e-01
 2041.0 2062.0     5.8432759e-01    1.1902526e+01     7.6778777e-01
 2062.0 2083.0     5.8695114e-01    1.1840641e+01     7.6461947e-01
 2083.0 2105.0     5.8964951e-01    1.1777619e+01     7.6137573e-01
 2105.0 2128.0     5.9248667e-01    1.1712026e+01     7.5798112e-01
 2128.0 2151.0     5.9540083e-01    1.1645348e+01     7.5451108e-01
 2151.0 2174.0     5.9832932e-01    1.1579050e+01     7.5104103e-01
 2174.0 2200.0     6.0146515e-01    1.1508856e+01     7.4734468e-01
 2200.0 2222.0     6.0455176e-01    1.1440477e+01     7.4372376e-01
 2222.0 2247.0     6.0759056e-01    1.1373946e+01     7.4017828e-01
 2247.0 2273.0     6.1090490e-01    1.1302181e+01     7.3633106e-01
 2273.0 2299.0     6.1430266e-01    1.1229471e+01     7.3240840e-01
 2299.0 2326.0     6.1778540e-01    1.1155848e+01     7.2841030e-01
 2326.0 2353.0     6.2135397e-01    1.1081328e+01     7.2433677e-01
 2353.0 2381.0     6.2501000e-01    1.1005945e+01     7.2018781e-01
 2381.0 2410.0     6.2984996e-01    1.0901024e+01     7.1551356e-01
 2410.0 2439.0     6.3594485e-01    1.0765383e+01     7.1034627e-01
 2439.0 2469.0     6.4232797e-01    1.0625991e+01     7.0504594e-01
 2469.0 2500.0     6.4899485e-01    1.0483772e+01     6.9956594e-01
 2500.0 2532.0     6.5595295e-01    1.0338887e+01     6.9390627e-01
 2532.0 2564.0     6.6309729e-01    1.0193737e+01     6.8815676e-01
 2564.0 2597.0     6.7043353e-01    1.0048420e+01     6.8231742e-01
 2597.0 2632.0     6.7819591e-01    9.8986298e+00     6.7620857e-01
 2632.0 2667.0     6.8481570e-01    9.7230973e+00     6.7053587e-01
 2667.0 2703.0     6.8980198e-01    9.5194463e+00     6.6553780e-01
 2703.0 2740.0     6.9465372e-01    9.3096017e+00     6.6052994e-01
 2740.0 2778.0     6.9967392e-01    9.0988246e+00     6.5538489e-01
 2778.0 2817.0     7.0486574e-01    8.8873905e+00     6.5010263e-01
 2817.0 2857.0     7.1023246e-01    8.6755699e+00     6.4468316e-01
 2857.0 2899.0     7.1584647e-01    8.4610758e+00     6.3905790e-01
 2899.0 2941.0     7.2164286e-01    8.2467833e+00     6.3329543e-01
 2941.0 2985.0     7.2616148e-01    8.0202198e+00     6.2835199e-01
 2985.0 3030.0     7.2892259e-01    7.7753584e+00     6.2450668e-01
 3030.0 3077.0     7.3128242e-01    7.5258633e+00     6.2086123e-01
 3077.0 3125.0     7.3372717e-01    7.2765877e+00     6.1709691e-01
 3125.0 3175.0     7.3625774e-01    7.0281324e+00     6.1321371e-01
 3175.0 3225.0     7.3884885e-01    6.7832640e+00     6.0925127e-01
 3225.0 3275.0     7.4149970e-01    6.5454298e+00     6.0549752e-01
 3275.0 3325.0     7.4437158e-01    6.3098675e+00     6.0261332e-01
 3325.0 3375.0     7.4741553e-01    6.0782163e+00     6.0038997e-01
 3375.0 3425.0     7.5047192e-01    5.8550696e+00     5.9816662e-01
 3425.0 3450.0     7.5277124e-01    5.6923558e+00     5.9649911e-01
 3450.0 3550.0     7.5678138e-01    5.4410905e+00     5.9382010e-01
 3550.0 3650.0     7.6508907e-01    5.1150881e+00     5.9072575e-01
 3650.0 3750.0     7.7528767e-01    4.8654065e+00     5.8878341e-01
 3750.0 3850.0     7.8562223e-01    4.6279126e+00     5.8684107e-01
 3850.0 3950.0     7.9649305e-01    4.4080314e+00     5.8530078e-01
 3950.0 4050.0     8.0804074e-01    4.2064421e+00     5.8428951e-01
 4050.0 4150.0     8.1975813e-01    4.0146273e+00     5.8344461e-01
 4150.0 4250.0     8.3089918e-01    3.8244289e+00     5.8283153e-01
 4250.0 4350.0     8.4157129e-01    3.6373818e+00     5.8241086e-01
 4350.0 4450.0     8.5162835e-01    3.4516717e+00     5.8201865e-01
 4450.0 4550.0     8.5836873e-01    3.2417071e+00     5.8175583e-01
 4550.0 4650.0     8.6248545e-01    3.0187778e+00     5.8159392e-01
 4650.0 4750.0     8.6662191e-01    2.8111793e+00     5.8143201e-01
 4750.0 4850.0     8.7077821e-01    2.6178570e+00     5.8127010e-01
 4850.0 4950.0     8.7495444e-01    2.4378294e+00     5.8110819e-01
 4950.0 5050.0     8.7915070e-01    2.2701821e+00     5.8094628e-01
 5050.0 5150.0     8.8336708e-01    2.1140638e+00     5.8078437e-01
 5150.0 5250.0     8.8760369e-01    1.9686815e+00     5.8062246e-01
 5250.0 5350.0     8.9186062e-01    1.8332971e+00     5.8046055e-01
 5350.0 5450.0     8.9613796e-01    1.7072229e+00     5.8029864e-01
 5450.0 5550.0     9.0043581e-01    1.5898188e+00     5.8013672e-01
 5550.0 5650.0     9.0463876e-01    1.4818500e+00     5.7998857e-01
 5650.0 5750.0     9.0808881e-01    1.3898213e+00     5.7993216e-01
 5750.0 5850.0     9.1089548e-01    1.3107906e+00     5.7995372e-01
 5850.0 5950.0     9.1371083e-01    1.2362540e+00     5.7997528e-01
 5950.0 6050.0     9.1653487e-01    1.1659557e+00     5.7999683e-01
 6050.0 6150.0     9.1936765e-01    1.0996550e+00     5.8001839e-01
 6150.0 6250.0     9.2220918e-01    1.0371243e+00     5.8003995e-01
 6250.0 6350.0     9.2505949e-01    9.7814935e-01     5.8006151e-01
 6350.0 6450.0     9.2791861e-01    9.2252796e-01     5.8008307e-01
 6450.0 6550.0     9.3078657e-01    8.7006942e-01     5.8010463e-01
 6550.0 6650.0     9.3366339e-01    8.2059388e-01     5.8012619e-01
 6650.0 6750.0     9.3654910e-01    7.7393171e-01     5.8014774e-01
 6750.0 6850.0     9.3944373e-01    7.2992294e-01     5.8016930e-01
 6850.0 6950.0     9.4195436e-01    6.9134280e-01     5.8013381e-01
 6950.0 7050.0     9.4383770e-01    6.5945867e-01     5.8000631e-01
 7050.0 7150.0     9.4548364e-01    6.3076779e-01     5.7984383e-01
 7150.0 7250.0     9.4713246e-01    6.0332515e-01     5.7968136e-01
 7250.0 7350.0     9.4878415e-01    5.7707645e-01     5.7951889e-01
 7350.0 7450.0     9.5043872e-01    5.5196974e-01     5.7935642e-01
 7450.0 7550.0     9.5209617e-01    5.2795535e-01     5.7919395e-01
 7550.0 7650.0     9.5375652e-01    5.0498574e-01     5.7903147e-01
 7650.0 7750.0     9.5541976e-01    4.8301547e-01     5.7886900e-01
 7750.0 7850.0     9.5708590e-01    4.6200105e-01     5.7870653e-01
 7850.0 7950.0     9.5875495e-01    4.4190089e-01     5.7854406e-01
 7950.0 8050.0     9.6042691e-01    4.2267523e-01     5.7838159e-01
 8050.0 8150.0     9.6210178e-01    4.0428602e-01     5.7821911e-01
 8150.0 8250.0     9.6377957e-01    3.8669686e-01     5.7805664e-01
 8250.0 8350.0     9.6546029e-01    3.6987295e-01     5.7789417e-01
 8350.0 8450.0     9.6714394e-01    3.5378099e-01     5.7773170e-01
 8450.0 8550.0     9.6883053e-01    3.3838913e-01     5.7756923e-01
