 1216.0 1216.0     4.3768457e-01    1.4345351e+01     8.7866298e-01
 1300.0 1350.0     4.7274486e-01    1.4550172e+01     8.6790777e-01
 1350.0 1400.0     4.8649862e-01    1.4525358e+01     8.6194215e-01
 1400.0 1450.0     4.9642224e-01    1.4344828e+01     8.5461861e-01
 1450.0 1500.0     5.0551942e-01    1.4129610e+01     8.4696917e-01
 1500.0 1550.0     5.1478331e-01    1.3917622e+01     8.3931972e-01
 1550.0 1600.0     5.2421696e-01    1.3708813e+01     8.3167028e-01
 1600.0 1650.0     5.3289607e-01    1.3526958e+01     8.2458846e-01
 1650.0 1700.0     5.3926442e-01    1.3409976e+01     8.1900040e-01
 1700.0 1750.0     5.4418455e-01    1.3332714e+01     8.1433848e-01
 1754.0 1770.0     5.4784925e-01    1.3275777e+01     8.1088865e-01
 1770.0 1786.0     5.4944382e-01    1.3251253e+01     8.0939684e-01
 1786.0 1802.0     5.5104304e-01    1.3226773e+01     8.0790502e-01
 1802.0 1818.0     5.5264690e-01    1.3202339e+01     8.0641320e-01
 1818.0 1835.0     5.5430585e-01    1.3177190e+01     8.0487477e-01
 1835.0 1852.0     5.5602021e-01    1.3151328e+01     8.0328971e-01
 1852.0 1869.0     5.5773986e-01    1.3125516e+01     8.0170466e-01
 1869.0 1887.0     5.5951573e-01    1.3098999e+01     8.0007299e-01
 1887.0 1905.0     5.6134816e-01    1.3071780e+01     7.9839469e-01
 1905.0 1923.0     5.6318659e-01    1.3044617e+01     7.9671640e-01
 1923.0 1942.0     5.6508244e-01    1.3016759e+01     7.9499149e-01
 1942.0 1961.0     5.6703609e-01    1.2988209e+01     7.9321996e-01
 1961.0 1980.0     5.6911431e-01    1.2949212e+01     7.9115660e-01
 1980.0 2000.0     5.7144887e-01    1.2892116e+01     7.8856025e-01
 2000.0 2020.0     5.7392393e-01    1.2827562e+01     7.8572274e-01
 2020.0 2041.0     5.7647212e-01    1.2761735e+01     7.8281429e-01
 2041.0 2062.0     5.7909406e-01    1.2694647e+01     7.7983490e-01
 2062.0 2083.0     5.8172791e-01    1.2627913e+01     7.7685551e-01
 2083.0 2105.0     5.8443704e-01    1.2559957e+01     7.7380519e-01
 2105.0 2128.0     5.8728569e-01    1.2489232e+01     7.7061298e-01
 2128.0 2151.0     5.9021183e-01    1.2417343e+01     7.6734984e-01
 2151.0 2174.0     5.9315255e-01    1.2345867e+01     7.6408670e-01
 2174.0 2200.0     5.9630169e-01    1.2270197e+01     7.6061075e-01
 2200.0 2222.0     5.9940160e-01    1.2196488e+01     7.5720573e-01
 2222.0 2247.0     6.0245369e-01    1.2124776e+01     7.5387165e-01
 2247.0 2273.0     6.0578276e-01    1.2047427e+01     7.5025383e-01
 2273.0 2299.0     6.0919586e-01    1.1969065e+01     7.4656506e-01
 2299.0 2326.0     6.1269458e-01    1.1889725e+01     7.4280535e-01
 2326.0 2353.0     6.1627978e-01    1.1809425e+01     7.3897471e-01
 2353.0 2381.0     6.1995314e-01    1.1728200e+01     7.3507313e-01
 2381.0 2410.0     6.2483748e-01    1.1615867e+01     7.3067271e-01
 2410.0 2439.0     6.3100726e-01    1.1471222e+01     7.2580322e-01
 2439.0 2469.0     6.3747171e-01    1.1322626e+01     7.2080786e-01
 2469.0 2500.0     6.4422494e-01    1.1171016e+01     7.1564318e-01
 2500.0 2532.0     6.5127469e-01    1.1016566e+01     7.1030915e-01
 2532.0 2564.0     6.5851470e-01    1.0861834e+01     7.0489047e-01
 2564.0 2597.0     6.6595088e-01    1.0706925e+01     6.9938711e-01
 2597.0 2632.0     6.7382083e-01    1.0547248e+01     6.9362976e-01
 2632.0 2667.0     6.8059191e-01    1.0362542e+01     6.8828498e-01
 2667.0 2703.0     6.8578073e-01    1.0150738e+01     6.8357792e-01
 2703.0 2740.0     6.9085196e-01    9.9327494e+00     6.7886206e-01
 2740.0 2778.0     6.9610119e-01    9.7136633e+00     6.7401699e-01
 2778.0 2817.0     7.0153189e-01    9.4937613e+00     6.6904272e-01
 2817.0 2857.0     7.0714769e-01    9.2733203e+00     6.6393925e-01
 2857.0 2899.0     7.1302460e-01    9.0499533e+00     6.5864197e-01
 2899.0 2941.0     7.1909487e-01    8.8266502e+00     6.5321550e-01
 2941.0 2985.0     7.2390784e-01    8.5915624e+00     6.4857000e-01
 2985.0 3030.0     7.2698931e-01    8.3387179e+00     6.4497185e-01
 3030.0 3077.0     7.2968591e-01    8.0811327e+00     6.4156603e-01
 3077.0 3125.0     7.3248089e-01    7.8234521e+00     6.3804916e-01
 3125.0 3175.0     7.3537541e-01    7.5662844e+00     6.3442122e-01
 3175.0 3225.0     7.3834067e-01    7.3124953e+00     6.3071925e-01
 3225.0 3275.0     7.4136472e-01    7.0657165e+00     6.2721564e-01
 3275.0 3325.0     7.4459696e-01    6.8211723e+00     6.2453858e-01
 3325.0 3375.0     7.4799228e-01    6.5805032e+00     6.2248969e-01
 3375.0 3425.0     7.5140308e-01    6.3483255e+00     6.2044080e-01
 3425.0 3450.0     7.5396992e-01    6.1788367e+00     6.1890413e-01
 3450.0 3550.0     7.5841806e-01    5.9166351e+00     6.1644022e-01
 3550.0 3650.0     7.6727138e-01    5.5770729e+00     6.1365484e-01
 3650.0 3750.0     7.7786956e-01    5.3175639e+00     6.1198744e-01
 3750.0 3850.0     7.8861413e-01    5.0701301e+00     6.1032004e-01
 3850.0 3950.0     7.9983373e-01    4.8410146e+00     6.0902436e-01
 3950.0 4050.0     8.1164439e-01    4.6311256e+00     6.0821779e-01
 4050.0 4150.0     8.2359735e-01    4.4310269e+00     6.0756490e-01
 4150.0 4250.0     8.3491237e-01    4.2318223e+00     6.0712553e-01
 4250.0 4350.0     8.4570626e-01    4.0352002e+00     6.0686337e-01
 4350.0 4450.0     8.5588251e-01    3.8389204e+00     6.0662310e-01
 4450.0 4550.0     8.6272106e-01    3.6141401e+00     6.0648234e-01
 4550.0 4650.0     8.6691907e-01    3.3734820e+00     6.0641919e-01
 4650.0 4750.0     8.7113751e-01    3.1488488e+00     6.0635605e-01
 4750.0 4850.0     8.7537647e-01    2.9391735e+00     6.0629290e-01
 4850.0 4950.0     8.7963606e-01    2.7434600e+00     6.0622976e-01
 4950.0 5050.0     8.8391638e-01    2.5607786e+00     6.0616661e-01
 5050.0 5150.0     8.8821753e-01    2.3902617e+00     6.0610347e-01
 5150.0 5250.0     8.9253960e-01    2.2310991e+00     6.0604032e-01
 5250.0 5350.0     8.9688271e-01    2.0825348e+00     6.0597718e-01
 5350.0 5450.0     9.0124695e-01    1.9438631e+00     6.0591403e-01
 5450.0 5550.0     9.0563243e-01    1.8144253e+00     6.0585089e-01
 5550.0 5650.0     9.0991104e-01    1.6950556e+00     6.0579721e-01
 5650.0 5750.0     9.1335250e-01    1.5927136e+00     6.0580663e-01
 5750.0 5850.0     9.1607841e-01    1.5043124e+00     6.0586968e-01
 5850.0 5950.0     9.1881245e-01    1.4208177e+00     6.0593273e-01
 5950.0 6050.0     9.2155465e-01    1.3419573e+00     6.0599579e-01
 6050.0 6150.0     9.2430503e-01    1.2674739e+00     6.0605884e-01
 6150.0 6250.0     9.2706362e-01    1.1971247e+00     6.0612189e-01
 6250.0 6350.0     9.2983045e-01    1.1306800e+00     6.0618495e-01
 6350.0 6450.0     9.3260553e-01    1.0679233e+00     6.0624800e-01
 6450.0 6550.0     9.3538889e-01    1.0086498e+00     6.0631105e-01
 6550.0 6650.0     9.3818057e-01    9.5266613e-01     6.0637411e-01
 6650.0 6750.0     9.4098057e-01    8.9978979e-01     6.0643716e-01
 6750.0 6850.0     9.4378893e-01    8.4984828e-01     6.0650021e-01
 6850.0 6950.0     9.4620978e-01    8.0596527e-01     6.0649820e-01
 6950.0 7050.0     9.4799812e-01    7.6957986e-01     6.0639126e-01
 7050.0 7150.0     9.4954689e-01    7.3677352e-01     6.0624444e-01
 7150.0 7250.0     9.5109820e-01    7.0536568e-01     6.0609761e-01
 7250.0 7350.0     9.5265205e-01    6.7529672e-01     6.0595079e-01
 7350.0 7450.0     9.5420843e-01    6.4650957e-01     6.0580397e-01
 7450.0 7550.0     9.5576736e-01    6.1894958e-01     6.0565715e-01
 7550.0 7650.0     9.5732883e-01    5.9256445e-01     6.0551033e-01
 7650.0 7750.0     9.5889285e-01    5.6730408e-01     6.0536350e-01
 7750.0 7850.0     9.6045943e-01    5.4312054e-01     6.0521668e-01
 7850.0 7950.0     9.6202857e-01    5.1996791e-01     6.0506986e-01
 7950.0 8050.0     9.6360027e-01    4.9780226e-01     6.0492304e-01
 8050.0 8150.0     9.6517454e-01    4.7658150e-01     6.0477622e-01
 8150.0 8250.0     9.6675138e-01    4.5626536e-01     6.0462939e-01
 8250.0 8350.0     9.6833080e-01    4.3681527e-01     6.0448257e-01
 8350.0 8450.0     9.6991279e-01    4.1819432e-01     6.0433575e-01
 8450.0 8550.0     9.7149738e-01    4.0036716e-01     6.0418893e-01
