 1216.0 1216.0     4.4363502e-01    1.0739963e+01     8.5803384e-01
 1300.0 1350.0     4.8211651e-01    1.0976783e+01     8.4480693e-01
 1350.0 1400.0     4.9712969e-01    1.0988944e+01     8.3764667e-01
 1400.0 1450.0     5.0775675e-01    1.0873443e+01     8.2904842e-01
 1450.0 1500.0     5.1742993e-01    1.0728845e+01     8.2010506e-01
 1500.0 1550.0     5.2728739e-01    1.0586169e+01     8.1116170e-01
 1550.0 1600.0     5.3733264e-01    1.0445391e+01     8.0221833e-01
 1600.0 1650.0     5.4657291e-01    1.0323388e+01     7.9390468e-01
 1650.0 1700.0     5.5333475e-01    1.0247163e+01     7.8724816e-01
 1700.0 1750.0     5.5854231e-01    1.0198994e+01     7.8161906e-01
 1754.0 1770.0     5.6242189e-01    1.0163471e+01     7.7745353e-01
 1770.0 1786.0     5.6411028e-01    1.0148158e+01     7.7565222e-01
 1786.0 1802.0     5.6580374e-01    1.0132869e+01     7.7385091e-01
 1802.0 1818.0     5.6750228e-01    1.0117603e+01     7.7204960e-01
 1818.0 1835.0     5.6925933e-01    1.0101884e+01     7.7019200e-01
 1835.0 1852.0     5.7107523e-01    1.0085714e+01     7.6827811e-01
 1852.0 1869.0     5.7289692e-01    1.0069569e+01     7.6636422e-01
 1869.0 1887.0     5.7477834e-01    1.0052978e+01     7.6439404e-01
 1887.0 1905.0     5.7671988e-01    1.0035940e+01     7.6236756e-01
 1905.0 1923.0     5.7866798e-01    1.0018932e+01     7.6034109e-01
 1923.0 1942.0     5.8067714e-01    1.0001481e+01     7.5825832e-01
 1942.0 1961.0     5.8274776e-01    9.9835898e+00     7.5611927e-01
 1961.0 1980.0     5.8490650e-01    9.9571297e+00     7.5362498e-01
 1980.0 2000.0     5.8726312e-01    9.9159744e+00     7.5048235e-01
 2000.0 2020.0     5.8973841e-01    9.8688213e+00     7.4704661e-01
 2020.0 2041.0     5.9228655e-01    9.8207250e+00     7.4352497e-01
 2041.0 2062.0     5.9490812e-01    9.7716957e+00     7.3991745e-01
 2062.0 2083.0     5.9754129e-01    9.7229112e+00     7.3630992e-01
 2083.0 2105.0     6.0024937e-01    9.6732204e+00     7.3261650e-01
 2105.0 2128.0     6.0309655e-01    9.6214904e+00     7.2875129e-01
 2128.0 2151.0     6.0602081e-01    9.5688936e+00     7.2480019e-01
 2151.0 2174.0     6.0895925e-01    9.5165843e+00     7.2084909e-01
 2174.0 2200.0     6.1210549e-01    9.4611879e+00     7.1664030e-01
 2200.0 2222.0     6.1520215e-01    9.4072123e+00     7.1251742e-01
 2222.0 2247.0     6.1825059e-01    9.3546814e+00     7.0848042e-01
 2247.0 2273.0     6.2157522e-01    9.2980048e+00     7.0409985e-01
 2273.0 2299.0     6.2498327e-01    9.2405671e+00     6.9963339e-01
 2299.0 2326.0     6.2847626e-01    9.1823933e+00     6.9508103e-01
 2326.0 2353.0     6.3205506e-01    9.1234951e+00     6.9044278e-01
 2353.0 2381.0     6.3572127e-01    9.0638981e+00     6.8571864e-01
 2381.0 2410.0     6.4049051e-01    8.9788345e+00     6.8039842e-01
 2410.0 2439.0     6.4642233e-01    8.8671635e+00     6.7451907e-01
 2439.0 2469.0     6.5262572e-01    8.7522651e+00     6.6848855e-01
 2469.0 2500.0     6.5910199e-01    8.6350370e+00     6.6225360e-01
 2500.0 2532.0     6.6585807e-01    8.5156133e+00     6.5581423e-01
 2532.0 2564.0     6.7279174e-01    8.3959719e+00     6.4927265e-01
 2564.0 2597.0     6.7990823e-01    8.2761946e+00     6.4262885e-01
 2597.0 2632.0     6.8743436e-01    8.1527312e+00     6.3567842e-01
 2632.0 2667.0     6.9372520e-01    8.0040053e+00     6.2922612e-01
 2667.0 2703.0     6.9827413e-01    7.8272852e+00     6.2354374e-01
 2703.0 2740.0     7.0265283e-01    7.6447823e+00     6.1785075e-01
 2740.0 2778.0     7.0718009e-01    7.4617101e+00     6.1200178e-01
 2778.0 2817.0     7.1185843e-01    7.2783160e+00     6.0599684e-01
 2817.0 2857.0     7.1669045e-01    7.0948421e+00     5.9983593e-01
 2857.0 2899.0     7.2174088e-01    6.9093206e+00     5.9344105e-01
 2899.0 2941.0     7.2695095e-01    6.7242442e+00     5.8689021e-01
 2941.0 2985.0     7.3082819e-01    6.5268212e+00     5.8124216e-01
 2985.0 3030.0     7.3287659e-01    6.3113205e+00     5.7680390e-01
 3030.0 3077.0     7.3448443e-01    6.0917162e+00     5.7258086e-01
 3077.0 3125.0     7.3614838e-01    5.8729255e+00     5.6822010e-01
 3125.0 3175.0     7.3786884e-01    5.6554978e+00     5.6372164e-01
 3175.0 3225.0     7.3962852e-01    5.4418477e+00     5.5913138e-01
 3225.0 3275.0     7.4144886e-01    5.2348980e+00     5.5476777e-01
 3275.0 3325.0     7.4350944e-01    5.0302785e+00     5.5134855e-01
 3325.0 3375.0     7.4575509e-01    4.8294909e+00     5.4864707e-01
 3375.0 3425.0     7.4800752e-01    4.6367179e+00     5.4594559e-01
 3425.0 3450.0     7.4970067e-01    4.4965054e+00     5.4391949e-01
 3450.0 3550.0     7.5271869e-01    4.2808697e+00     5.4065281e-01
 3550.0 3650.0     7.5976865e-01    4.0000003e+00     5.3673718e-01
 3650.0 3750.0     7.6901896e-01    3.7839513e+00     5.3408852e-01
 3750.0 3850.0     7.7838190e-01    3.5795716e+00     5.3143987e-01
 3850.0 3950.0     7.8843124e-01    3.3907853e+00     5.2923533e-01
 3950.0 4050.0     7.9936654e-01    3.2178828e+00     5.2761516e-01
 4050.0 4150.0     8.1053499e-01    3.0541375e+00     5.2618223e-01
 4150.0 4250.0     8.2125321e-01    2.8929513e+00     5.2502571e-01
 4250.0 4350.0     8.3160915e-01    2.7355327e+00     5.2409860e-01
 4350.0 4450.0     8.4135553e-01    2.5810393e+00     5.2321463e-01
 4450.0 4550.0     8.4783457e-01    2.4110084e+00     5.2252673e-01
 4550.0 4650.0     8.5172964e-01    2.2336871e+00     5.2199176e-01
 4650.0 4750.0     8.5564260e-01    2.0694071e+00     5.2145679e-01
 4750.0 4850.0     8.5957354e-01    1.9172094e+00     5.2092182e-01
 4850.0 4950.0     8.6352254e-01    1.7762053e+00     5.2038685e-01
 4950.0 5050.0     8.6748968e-01    1.6455716e+00     5.1985188e-01
 5050.0 5150.0     8.7147505e-01    1.5245455e+00     5.1931691e-01
 5150.0 5250.0     8.7547873e-01    1.4124205e+00     5.1878194e-01
 5250.0 5350.0     8.7950080e-01    1.3085419e+00     5.1824697e-01
 5350.0 5450.0     8.8354134e-01    1.2123032e+00     5.1771200e-01
 5450.0 5550.0     8.8760045e-01    1.1231425e+00     5.1717703e-01
 5550.0 5650.0     8.9159373e-01    1.0416340e+00     5.1666593e-01
 5650.0 5750.0     8.9503994e-01    9.7293879e-01     5.1631397e-01
 5750.0 5850.0     8.9801919e-01    9.1461086e-01     5.1609728e-01
 5850.0 5950.0     9.0100835e-01    8.5977971e-01     5.1588059e-01
 5950.0 6050.0     9.0400746e-01    8.0823569e-01     5.1566390e-01
 6050.0 6150.0     9.0701655e-01    7.5978176e-01     5.1544721e-01
 6150.0 6250.0     9.1003566e-01    7.1423265e-01     5.1523052e-01
 6250.0 6350.0     9.1306482e-01    6.7141422e-01     5.1501383e-01
 6350.0 6450.0     9.1610406e-01    6.3116277e-01     5.1479715e-01
 6450.0 6550.0     9.1915342e-01    5.9332440e-01     5.1458046e-01
 6550.0 6650.0     9.2221293e-01    5.5775445e-01     5.1436377e-01
 6650.0 6750.0     9.2528262e-01    5.2431693e-01     5.1414708e-01
 6750.0 6850.0     9.2836254e-01    4.9288399e-01     5.1393039e-01
 6850.0 6950.0     9.3107362e-01    4.6544984e-01     5.1367883e-01
 6950.0 7050.0     9.3318091e-01    4.4290569e-01     5.1337104e-01
 7050.0 7150.0     9.3506027e-01    4.2269596e-01     5.1304188e-01
 7150.0 7250.0     9.3694341e-01    4.0340839e-01     5.1271271e-01
 7250.0 7350.0     9.3883034e-01    3.8500090e-01     5.1238355e-01
 7350.0 7450.0     9.4072107e-01    3.6743336e-01     5.1205438e-01
 7450.0 7550.0     9.4261561e-01    3.5066741e-01     5.1172522e-01
 7550.0 7650.0     9.4451396e-01    3.3466650e-01     5.1139605e-01
 7650.0 7750.0     9.4641614e-01    3.1939570e-01     5.1106689e-01
 7750.0 7850.0     9.4832215e-01    3.0482171e-01     5.1073772e-01
 7850.0 7950.0     9.5023200e-01    2.9091273e-01     5.1040856e-01
 7950.0 8050.0     9.5214569e-01    2.7763841e-01     5.1007940e-01
 8050.0 8150.0     9.5406324e-01    2.6496980e-01     5.0975023e-01
 8150.0 8250.0     9.5598465e-01    2.5287926e-01     5.0942107e-01
 8250.0 8350.0     9.5790993e-01    2.4134041e-01     5.0909190e-01
 8350.0 8450.0     9.5983909e-01    2.3032807e-01     5.0876274e-01
 8450.0 8550.0     9.6177213e-01    2.1981823e-01     5.0843357e-01
