 1216.0 1216.0     2.7791573e-01    4.1373190e+01     9.6658501e-01
 1300.0 1350.0     2.9170688e-01    4.0064116e+01     9.6509413e-01
 1350.0 1400.0     2.9862916e-01    3.9367466e+01     9.6383634e-01
 1400.0 1450.0     3.0621612e-01    3.8539844e+01     9.6182343e-01
 1450.0 1500.0     3.1411830e-01    3.7695863e+01     9.5962929e-01
 1500.0 1550.0     3.2222439e-01    3.6870364e+01     9.5743516e-01
 1550.0 1600.0     3.3053967e-01    3.6062943e+01     9.5524102e-01
 1600.0 1650.0     3.3818752e-01    3.5351049e+01     9.5328004e-01
 1650.0 1700.0     3.4367390e-01    3.4856743e+01     9.5193262e-01
 1700.0 1750.0     3.4779675e-01    3.4495320e+01     9.5096562e-01
 1754.0 1770.0     3.5087386e-01    3.4229864e+01     9.5025004e-01
 1770.0 1786.0     3.5221535e-01    3.4115886e+01     9.4994060e-01
 1786.0 1802.0     3.5356198e-01    3.4002287e+01     9.4963116e-01
 1802.0 1818.0     3.5491375e-01    3.3889067e+01     9.4932172e-01
 1818.0 1835.0     3.5631325e-01    3.3772709e+01     9.4900261e-01
 1835.0 1852.0     3.5776086e-01    3.3653237e+01     9.4867383e-01
 1852.0 1869.0     3.5921435e-01    3.3534188e+01     9.4834505e-01
 1869.0 1887.0     3.6071684e-01    3.3412083e+01     9.4800660e-01
 1887.0 1905.0     3.6226872e-01    3.3286948e+01     9.4765848e-01
 1905.0 1923.0     3.6382729e-01    3.3162280e+01     9.4731036e-01
 1923.0 1942.0     3.6543623e-01    3.3034643e+01     9.4695257e-01
 1942.0 1961.0     3.6709596e-01    3.2904061e+01     9.4658511e-01
 1961.0 1980.0     3.6901741e-01    3.2748890e+01     9.4614434e-01
 1980.0 2000.0     3.7141838e-01    3.2549362e+01     9.4557174e-01
 2000.0 2020.0     3.7405019e-01    3.2331057e+01     9.4494060e-01
 2020.0 2041.0     3.7676738e-01    3.2108832e+01     9.4429369e-01
 2041.0 2062.0     3.7957107e-01    3.1882751e+01     9.4363099e-01
 2062.0 2083.0     3.8239563e-01    3.1658263e+01     9.4296829e-01
 2083.0 2105.0     3.8530947e-01    3.1430086e+01     9.4228982e-01
 2105.0 2128.0     3.8838262e-01    3.1193057e+01     9.4157979e-01
 2128.0 2151.0     3.9154911e-01    3.0952589e+01     9.4085398e-01
 2151.0 2174.0     3.9474142e-01    3.0713974e+01     9.4012817e-01
 2174.0 2200.0     3.9817147e-01    3.0461883e+01     9.3935503e-01
 2200.0 2222.0     4.0155831e-01    3.0216800e+01     9.3859766e-01
 2222.0 2247.0     4.0490459e-01    2.9978873e+01     9.3785607e-01
 2247.0 2273.0     4.0856655e-01    2.9722773e+01     9.3705137e-01
 2273.0 2299.0     4.1233409e-01    2.9463882e+01     9.3623089e-01
 2299.0 2326.0     4.1621018e-01    2.9202355e+01     9.3539463e-01
 2326.0 2353.0     4.2019652e-01    2.8938258e+01     9.3454259e-01
 2353.0 2381.0     4.2429630e-01    2.8671749e+01     9.3367478e-01
 2381.0 2410.0     4.3000814e-01    2.8314053e+01     9.3269296e-01
 2410.0 2439.0     4.3746623e-01    2.7862739e+01     9.3160339e-01
 2439.0 2469.0     4.4535717e-01    2.7401412e+01     9.3048537e-01
 2469.0 2500.0     4.5366529e-01    2.6932477e+01     9.2932944e-01
 2500.0 2532.0     4.6240852e-01    2.6456589e+01     9.2813562e-01
 2532.0 2564.0     4.7146171e-01    2.5981690e+01     9.2692285e-01
 2564.0 2597.0     4.8083923e-01    2.5508161e+01     9.2569112e-01
 2597.0 2632.0     4.9085079e-01    2.5022080e+01     9.2440255e-01
 2632.0 2667.0     5.0048485e-01    2.4553494e+01     9.2323034e-01
 2667.0 2703.0     5.0936133e-01    2.4114474e+01     9.2223067e-01
 2703.0 2740.0     5.1846037e-01    2.3675923e+01     9.2123566e-01
 2740.0 2778.0     5.2797801e-01    2.3233661e+01     9.2021339e-01
 2778.0 2817.0     5.3793125e-01    2.2788199e+01     9.1916386e-01
 2817.0 2857.0     5.4833806e-01    2.2340041e+01     9.1808706e-01
 2857.0 2899.0     5.5935440e-01    2.1884241e+01     9.1696938e-01
 2899.0 2941.0     5.7086614e-01    2.1426851e+01     9.1582444e-01
 2941.0 2985.0     5.8136769e-01    2.1007441e+01     9.1489408e-01
 2985.0 3030.0     5.9039780e-01    2.0633461e+01     9.1425263e-01
 3030.0 3077.0     5.9934567e-01    2.0267078e+01     9.1367289e-01
 3077.0 3125.0     6.0872688e-01    1.9895539e+01     9.1307425e-01
 3125.0 3175.0     6.1855904e-01    1.9519439e+01     9.1245670e-01
 3175.0 3225.0     6.2875391e-01    1.9142918e+01     9.1182655e-01
 3225.0 3275.0     6.3905295e-01    1.8776964e+01     9.1125029e-01
 3275.0 3325.0     6.4925143e-01    1.8431583e+01     9.1089859e-01
 3325.0 3375.0     6.5940733e-01    1.8102833e+01     9.1071755e-01
 3375.0 3425.0     6.6972209e-01    1.7779946e+01     9.1053652e-01
 3425.0 3450.0     6.7754860e-01    1.7541033e+01     9.1040074e-01
 3450.0 3550.0     6.9077455e-01    1.7162056e+01     9.1019579e-01
 3550.0 3650.0     7.1080720e-01    1.6668662e+01     9.1012181e-01
 3650.0 3750.0     7.2993269e-01    1.6286418e+01     9.1029325e-01
 3750.0 3850.0     7.4957278e-01    1.5912940e+01     9.1046468e-01
 3850.0 3950.0     7.6892111e-01    1.5573570e+01     9.1070629e-01
 3950.0 4050.0     7.8768447e-01    1.5274949e+01     9.1104024e-01
 4050.0 4150.0     8.0634166e-01    1.4992911e+01     9.1139659e-01
 4150.0 4250.0     8.2365080e-01    1.4733065e+01     9.1175433e-01
 4250.0 4350.0     8.3984320e-01    1.4491789e+01     9.1211323e-01
 4350.0 4450.0     8.5529399e-01    1.4250092e+01     9.1245342e-01
 4450.0 4550.0     8.6616924e-01    1.3992834e+01     9.1270853e-01
 4550.0 4650.0     8.7339821e-01    1.3725016e+01     9.1289730e-01
 4650.0 4750.0     8.8068751e-01    1.3462324e+01     9.1308606e-01
 4750.0 4850.0     8.8803765e-01    1.3204660e+01     9.1327483e-01
 4850.0 4950.0     8.9544914e-01    1.2951928e+01     9.1346359e-01
 4950.0 5050.0     9.0292248e-01    1.2704032e+01     9.1365236e-01
 5050.0 5150.0     9.1045819e-01    1.2460882e+01     9.1384112e-01
 5150.0 5250.0     9.1805679e-01    1.2222385e+01     9.1402988e-01
 5250.0 5350.0     9.2571881e-01    1.1988453e+01     9.1421865e-01
 5350.0 5450.0     9.3344478e-01    1.1758998e+01     9.1440741e-01
 5450.0 5550.0     9.4123523e-01    1.1533936e+01     9.1459618e-01
 5550.0 5650.0     9.4867307e-01    1.1312985e+01     9.1477198e-01
 5650.0 5750.0     9.5337502e-01    1.1094988e+01     9.1486133e-01
 5750.0 5850.0     9.5572898e-01    1.0880108e+01     9.1487722e-01
 5850.0 5950.0     9.5808874e-01    1.0669389e+01     9.1489310e-01
 5950.0 6050.0     9.6045434e-01    1.0462751e+01     9.1490898e-01
 6050.0 6150.0     9.6282577e-01    1.0260115e+01     9.1492487e-01
 6150.0 6250.0     9.6520306e-01    1.0061404e+01     9.1494075e-01
 6250.0 6350.0     9.6758622e-01    9.8665416e+00     9.1495664e-01
 6350.0 6450.0     9.6997526e-01    9.6754530e+00     9.1497252e-01
 6450.0 6550.0     9.7237020e-01    9.4880652e+00     9.1498840e-01
 6550.0 6650.0     9.7477106e-01    9.3043066e+00     9.1500429e-01
 6650.0 6750.0     9.7717784e-01    9.1241069e+00     9.1502017e-01
 6750.0 6850.0     9.7959056e-01    8.9473972e+00     9.1503605e-01
 6850.0 6950.0     9.8147197e-01    8.7723987e+00     9.1499907e-01
 6950.0 7050.0     9.8249054e-01    8.5980844e+00     9.1487682e-01
 7050.0 7150.0     9.8318082e-01    8.4262062e+00     9.1472216e-01
 7150.0 7250.0     9.8387159e-01    8.2577639e+00     9.1456751e-01
 7250.0 7350.0     9.8456284e-01    8.0926888e+00     9.1441285e-01
 7350.0 7450.0     9.8525457e-01    7.9309136e+00     9.1425820e-01
 7450.0 7550.0     9.8594680e-01    7.7723724e+00     9.1410354e-01
 7550.0 7650.0     9.8663950e-01    7.6170004e+00     9.1394889e-01
 7650.0 7750.0     9.8733270e-01    7.4647344e+00     9.1379423e-01
 7750.0 7850.0     9.8802638e-01    7.3155122e+00     9.1363957e-01
 7850.0 7950.0     9.8872055e-01    7.1692730e+00     9.1348492e-01
 7950.0 8050.0     9.8941521e-01    7.0259571e+00     9.1333026e-01
 8050.0 8150.0     9.9011036e-01    6.8855062e+00     9.1317561e-01
 8150.0 8250.0     9.9080599e-01    6.7478630e+00     9.1302095e-01
 8250.0 8350.0     9.9150211e-01    6.6129713e+00     9.1286630e-01
 8350.0 8450.0     9.9219873e-01    6.4807761e+00     9.1271164e-01
 8450.0 8550.0     9.9289583e-01    6.3512235e+00     9.1255699e-01
