 1216.0 1216.0     4.4879040e-01    7.0463526e+00     8.3723334e-01
 1300.0 1350.0     4.9037845e-01    7.2531736e+00     8.2178696e-01
 1350.0 1400.0     5.0650213e-01    7.2796631e+00     8.1351820e-01
 1400.0 1450.0     5.1767994e-01    7.2147933e+00     8.0369251e-01
 1450.0 1500.0     5.2777157e-01    7.1287669e+00     7.9349316e-01
 1500.0 1550.0     5.3805991e-01    7.0437663e+00     7.8329381e-01
 1550.0 1600.0     5.4854882e-01    6.9597792e+00     7.7309446e-01
 1600.0 1650.0     5.5818589e-01    6.8872207e+00     7.6358534e-01
 1650.0 1700.0     5.6519608e-01    6.8427906e+00     7.5589260e-01
 1700.0 1750.0     5.7055780e-01    6.8156181e+00     7.4932601e-01
 1754.0 1770.0     5.7455244e-01    6.7955679e+00     7.4446674e-01
 1770.0 1786.0     5.7629100e-01    6.7869210e+00     7.4236543e-01
 1786.0 1802.0     5.7803482e-01    6.7782851e+00     7.4026412e-01
 1802.0 1818.0     5.7978391e-01    6.7696603e+00     7.3816281e-01
 1818.0 1835.0     5.8159329e-01    6.7607775e+00     7.3599584e-01
 1835.0 1852.0     5.8346332e-01    6.7516376e+00     7.3376320e-01
 1852.0 1869.0     5.8533936e-01    6.7425101e+00     7.3153056e-01
 1869.0 1887.0     5.8727697e-01    6.7331271e+00     7.2923226e-01
 1887.0 1905.0     5.8927654e-01    6.7234895e+00     7.2686829e-01
 1905.0 1923.0     5.9128292e-01    6.7138658e+00     7.2450432e-01
 1923.0 1942.0     5.9335225e-01    6.7039892e+00     7.2207468e-01
 1942.0 1961.0     5.9548494e-01    6.6938606e+00     7.1957938e-01
 1961.0 1980.0     5.9766426e-01    6.6773751e+00     7.1664960e-01
 1980.0 2000.0     5.9997332e-01    6.6500733e+00     7.1293005e-01
 2000.0 2020.0     6.0237415e-01    6.6183954e+00     7.0885519e-01
 2020.0 2041.0     6.0484509e-01    6.5860840e+00     7.0467845e-01
 2041.0 2062.0     6.0738668e-01    6.5531461e+00     7.0039985e-01
 2062.0 2083.0     6.0993896e-01    6.5203730e+00     6.9612124e-01
 2083.0 2105.0     6.1256324e-01    6.4869913e+00     6.9174077e-01
 2105.0 2128.0     6.1532167e-01    6.4522400e+00     6.8715654e-01
 2128.0 2151.0     6.1815410e-01    6.4169068e+00     6.8247045e-01
 2151.0 2174.0     6.2099957e-01    6.3817670e+00     6.7778436e-01
 2174.0 2200.0     6.2404548e-01    6.3445538e+00     6.7279265e-01
 2200.0 2222.0     6.2704266e-01    6.3082954e+00     6.6790282e-01
 2222.0 2247.0     6.2999238e-01    6.2730078e+00     6.6311486e-01
 2247.0 2273.0     6.3320852e-01    6.2349358e+00     6.5791941e-01
 2273.0 2299.0     6.3650446e-01    6.1963528e+00     6.5262208e-01
 2299.0 2326.0     6.3988160e-01    6.1572759e+00     6.4722289e-01
 2326.0 2353.0     6.4334073e-01    6.1177128e+00     6.4172183e-01
 2353.0 2381.0     6.4688331e-01    6.0776807e+00     6.3611889e-01
 2381.0 2410.0     6.5142108e-01    6.0188196e+00     6.2982568e-01
 2410.0 2439.0     6.5700143e-01    5.9402126e+00     6.2288795e-01
 2439.0 2469.0     6.6282776e-01    5.8592755e+00     6.1577348e-01
 2469.0 2500.0     6.6890592e-01    5.7767541e+00     6.0841786e-01
 2500.0 2532.0     6.7524188e-01    5.6927468e+00     6.0082106e-01
 2532.0 2564.0     6.8173938e-01    5.6086472e+00     5.9310368e-01
 2564.0 2597.0     6.8840291e-01    5.5245149e+00     5.8526571e-01
 2597.0 2632.0     6.9544422e-01    5.4378600e+00     5.7706600e-01
 2632.0 2667.0     7.0112493e-01    5.3304867e+00     5.6943691e-01
 2667.0 2703.0     7.0492228e-01    5.1999505e+00     5.6269498e-01
 2703.0 2740.0     7.0849781e-01    5.0650310e+00     5.5593584e-01
 2740.0 2778.0     7.1219019e-01    4.9300601e+00     5.4899150e-01
 2778.0 2817.0     7.1600105e-01    4.7952309e+00     5.4186199e-01
 2817.0 2857.0     7.1993209e-01    4.6607310e+00     5.3454729e-01
 2857.0 2899.0     7.2403538e-01    4.5251362e+00     5.2695483e-01
 2899.0 2941.0     7.2826271e-01    4.3902759e+00     5.1917717e-01
 2941.0 2985.0     7.3108996e-01    4.2461571e+00     5.1239697e-01
 2985.0 3030.0     7.3200231e-01    4.0885048e+00     5.0695166e-01
 3030.0 3077.0     7.3242139e-01    3.9283363e+00     5.0173029e-01
 3077.0 3125.0     7.3285439e-01    3.7694931e+00     4.9633866e-01
 3125.0 3175.0     7.3330133e-01    3.6123947e+00     4.9077676e-01
 3175.0 3225.0     7.3375767e-01    3.4587720e+00     4.8510136e-01
 3225.0 3275.0     7.3428606e-01    3.3108249e+00     4.7967479e-01
 3275.0 3325.0     7.3511415e-01    3.1657535e+00     4.7528501e-01
 3325.0 3375.0     7.3617079e-01    3.0244454e+00     4.7168318e-01
 3375.0 3425.0     7.3722896e-01    2.8894448e+00     4.6808135e-01
 3425.0 3450.0     7.3802343e-01    2.7916181e+00     4.6537998e-01
 3450.0 3550.0     7.3957897e-01    2.6421027e+00     4.6099798e-01
 3550.0 3650.0     7.4481236e-01    2.4465761e+00     4.5541819e-01
 3650.0 3750.0     7.5274004e-01    2.2956244e+00     4.5122169e-01
 3750.0 3850.0     7.6075210e-01    2.1539863e+00     4.4702519e-01
 3850.0 3950.0     7.6968461e-01    2.0236862e+00     4.4333021e-01
 3950.0 4050.0     7.7982558e-01    1.9046441e+00     4.4029514e-01
 4050.0 4150.0     7.9030368e-01    1.7927737e+00     4.3747341e-01
 4150.0 4250.0     8.0054171e-01    1.6840973e+00     4.3497497e-01
 4250.0 4350.0     8.1059568e-01    1.5792412e+00     4.3274487e-01
 4350.0 4450.0     8.2004019e-01    1.4779744e+00     4.3057552e-01
 4450.0 4550.0     8.2623375e-01    1.3706268e+00     4.2868235e-01
 4550.0 4650.0     8.2985651e-01    1.2615020e+00     4.2700459e-01
 4650.0 4750.0     8.3349515e-01    1.1610655e+00     4.2532683e-01
 4750.0 4850.0     8.3714975e-01    1.0686253e+00     4.2364907e-01
 4850.0 4950.0     8.4082037e-01    9.8354495e-01     4.2197131e-01
 4950.0 5050.0     8.4450709e-01    9.0523839e-01     4.2029355e-01
 5050.0 5150.0     8.4820997e-01    8.3316634e-01     4.1861579e-01
 5150.0 5250.0     8.5192909e-01    7.6683242e-01     4.1693803e-01
 5250.0 5350.0     8.5566452e-01    7.0577979e-01     4.1526027e-01
 5350.0 5450.0     8.5941632e-01    6.4958796e-01     4.1358251e-01
 5450.0 5550.0     8.6318458e-01    5.9786994e-01     4.1190475e-01
 5550.0 5650.0     8.6692865e-01    5.5092582e-01     4.1026515e-01
 5650.0 5750.0     8.7041673e-01    5.1178471e-01     4.0887998e-01
 5750.0 5850.0     8.7368736e-01    4.7890789e-01     4.0771108e-01
 5850.0 5950.0     8.7697028e-01    4.4814306e-01     4.0654217e-01
 5950.0 6050.0     8.8026553e-01    4.1935455e-01     4.0537326e-01
 6050.0 6150.0     8.8357317e-01    3.9241541e-01     4.0420435e-01
 6150.0 6250.0     8.8689323e-01    3.6720682e-01     4.0303545e-01
 6250.0 6350.0     8.9022577e-01    3.4361762e-01     4.0186654e-01
 6350.0 6450.0     8.9357084e-01    3.2154378e-01     4.0069763e-01
 6450.0 6550.0     8.9692847e-01    3.0088795e-01     3.9952872e-01
 6550.0 6650.0     9.0029872e-01    2.8155905e-01     3.9835982e-01
 6650.0 6750.0     9.0368163e-01    2.6347182e-01     3.9719091e-01
 6750.0 6850.0     9.0707725e-01    2.4654651e-01     3.9602200e-01
 6850.0 6950.0     9.1013186e-01    2.3182867e-01     3.9486059e-01
 6950.0 7050.0     9.1262580e-01    2.1976922e-01     3.9371129e-01
 7050.0 7150.0     9.1490928e-01    2.0899320e-01     3.9256658e-01
 7150.0 7250.0     9.1719848e-01    1.9874557e-01     3.9142187e-01
 7250.0 7350.0     9.1949341e-01    1.8900041e-01     3.9027716e-01
 7350.0 7450.0     9.2179408e-01    1.7973309e-01     3.8913245e-01
 7450.0 7550.0     9.2410050e-01    1.7092018e-01     3.8798774e-01
 7550.0 7650.0     9.2641270e-01    1.6253939e-01     3.8684303e-01
 7650.0 7750.0     9.2873068e-01    1.5456954e-01     3.8569832e-01
 7750.0 7850.0     9.3105446e-01    1.4699048e-01     3.8455361e-01
 7850.0 7950.0     9.3338406e-01    1.3978305e-01     3.8340890e-01
 7950.0 8050.0     9.3571948e-01    1.3292902e-01     3.8226419e-01
 8050.0 8150.0     9.3806075e-01    1.2641107e-01     3.8111948e-01
 8150.0 8250.0     9.4040788e-01    1.2021271e-01     3.7997477e-01
 8250.0 8350.0     9.4276088e-01    1.1431828e-01     3.7883006e-01
 8350.0 8450.0     9.4511976e-01    1.0871287e-01     3.7768535e-01
 8450.0 8550.0     9.4748455e-01    1.0338232e-01     3.7654064e-01
