 1216.0 1216.0     3.1959281e-01    2.7661897e+01     9.5632004e-01
 1300.0 1350.0     3.3924558e-01    2.7061605e+01     9.5340222e-01
 1350.0 1400.0     3.4788656e-01    2.6675770e+01     9.5156662e-01
 1400.0 1450.0     3.5574565e-01    2.6145893e+01     9.4907686e-01
 1450.0 1500.0     3.6353785e-01    2.5591244e+01     9.4643010e-01
 1500.0 1550.0     3.7150074e-01    2.5048361e+01     9.4378335e-01
 1550.0 1600.0     3.7963804e-01    2.4516994e+01     9.4113659e-01
 1600.0 1650.0     3.8716803e-01    2.4051167e+01     9.3874298e-01
 1650.0 1700.0     3.9276573e-01    2.3736164e+01     9.3701555e-01
 1700.0 1750.0     3.9715098e-01    2.3513194e+01     9.3570115e-01
 1754.0 1770.0     4.0042201e-01    2.3349313e+01     9.3472850e-01
 1770.0 1786.0     4.0184725e-01    2.3278900e+01     9.3430789e-01
 1786.0 1802.0     4.0327756e-01    2.3208699e+01     9.3388729e-01
 1802.0 1818.0     4.0471296e-01    2.3138711e+01     9.3346668e-01
 1818.0 1835.0     4.0619865e-01    2.3066759e+01     9.3303293e-01
 1835.0 1852.0     4.0773498e-01    2.2992858e+01     9.3258603e-01
 1852.0 1869.0     4.0927712e-01    2.2919193e+01     9.3213914e-01
 1869.0 1887.0     4.1087080e-01    2.2843612e+01     9.3167910e-01
 1887.0 1905.0     4.1251639e-01    2.2766128e+01     9.3120591e-01
 1905.0 1923.0     4.1416858e-01    2.2688907e+01     9.3073273e-01
 1923.0 1942.0     4.1587365e-01    2.2609817e+01     9.3024640e-01
 1942.0 1961.0     4.1763201e-01    2.2528873e+01     9.2974693e-01
 1961.0 1980.0     4.1964758e-01    2.2432233e+01     9.2914922e-01
 1980.0 2000.0     4.2213740e-01    2.2307345e+01     9.2837461e-01
 2000.0 2020.0     4.2485669e-01    2.2170469e+01     9.2752137e-01
 2020.0 2041.0     4.2766237e-01    2.2031054e+01     9.2664680e-01
 2041.0 2062.0     4.3055546e-01    2.1889137e+01     9.2575089e-01
 2062.0 2083.0     4.3346813e-01    2.1748133e+01     9.2485498e-01
 2083.0 2105.0     4.3647080e-01    2.1604725e+01     9.2393775e-01
 2105.0 2128.0     4.3963540e-01    2.1455659e+01     9.2297785e-01
 2128.0 2151.0     4.4289379e-01    2.1304331e+01     9.2199662e-01
 2151.0 2174.0     4.4617632e-01    2.1154071e+01     9.2101539e-01
 2174.0 2200.0     4.4970055e-01    2.0995214e+01     9.1997017e-01
 2200.0 2222.0     4.5317788e-01    2.0840672e+01     9.1894627e-01
 2222.0 2247.0     4.5661075e-01    2.0690533e+01     9.1794371e-01
 2247.0 2273.0     4.6036461e-01    2.0528814e+01     9.1685583e-01
 2273.0 2299.0     4.6422353e-01    2.0365214e+01     9.1574661e-01
 2299.0 2326.0     4.6819027e-01    2.0199821e+01     9.1461606e-01
 2326.0 2353.0     4.7226639e-01    2.0032677e+01     9.1346419e-01
 2353.0 2381.0     4.7645482e-01    1.9863872e+01     9.1229098e-01
 2381.0 2410.0     4.8224394e-01    1.9639242e+01     9.1096493e-01
 2410.0 2439.0     4.8976035e-01    1.9357294e+01     9.0949465e-01
 2439.0 2469.0     4.9769623e-01    1.9068770e+01     9.0798609e-01
 2469.0 2500.0     5.0603634e-01    1.8774987e+01     9.0642640e-01
 2500.0 2532.0     5.1479663e-01    1.8476321e+01     9.0481557e-01
 2532.0 2564.0     5.2385003e-01    1.8177742e+01     9.0317917e-01
 2564.0 2597.0     5.3320916e-01    1.7879474e+01     9.0151720e-01
 2597.0 2632.0     5.4318063e-01    1.7572714e+01     8.9977852e-01
 2632.0 2667.0     5.5262437e-01    1.7272551e+01     8.9818759e-01
 2667.0 2703.0     5.6112743e-01    1.6985856e+01     8.9681796e-01
 2703.0 2740.0     5.6978798e-01    1.6698179e+01     8.9545205e-01
 2740.0 2778.0     5.7882505e-01    1.6407695e+01     8.9404873e-01
 2778.0 2817.0     5.8825224e-01    1.6114720e+01     8.9260798e-01
 2817.0 2857.0     5.9808389e-01    1.5819572e+01     8.9112981e-01
 2857.0 2899.0     6.0846382e-01    1.5518967e+01     8.8959550e-01
 2899.0 2941.0     6.1928145e-01    1.5216882e+01     8.8802378e-01
 2941.0 2985.0     6.2901984e-01    1.4934310e+01     8.8672975e-01
 2985.0 3030.0     6.3721161e-01    1.4674580e+01     8.8580930e-01
 3030.0 3077.0     6.4525665e-01    1.4417830e+01     8.8496640e-01
 3077.0 3125.0     6.5367005e-01    1.4157397e+01     8.8409601e-01
 3125.0 3175.0     6.6246471e-01    1.3893692e+01     8.8319814e-01
 3175.0 3225.0     6.7155959e-01    1.3629619e+01     8.8228194e-01
 3225.0 3275.0     6.8072379e-01    1.3372326e+01     8.8143332e-01
 3275.0 3325.0     6.8977926e-01    1.3127131e+01     8.8086625e-01
 3325.0 3375.0     6.9877701e-01    1.2891911e+01     8.8051316e-01
 3375.0 3425.0     7.0789213e-01    1.2660906e+01     8.8016007e-01
 3425.0 3450.0     7.1479515e-01    1.2489990e+01     8.7989526e-01
 3450.0 3550.0     7.2643751e-01    1.2219613e+01     8.7948589e-01
 3550.0 3650.0     7.4428594e-01    1.1876042e+01     8.7921154e-01
 3650.0 3750.0     7.6152738e-01    1.1619540e+01     8.7930504e-01
 3750.0 3850.0     7.7916822e-01    1.1368577e+01     8.7939854e-01
 3850.0 3950.0     7.9651126e-01    1.1141853e+01     8.7957228e-01
 3950.0 4050.0     8.1330691e-01    1.0944348e+01     8.7985162e-01
 4050.0 4150.0     8.2995262e-01    1.0757128e+01     8.8015751e-01
 4150.0 4250.0     8.4528776e-01    1.0578521e+01     8.8047059e-01
 4250.0 4350.0     8.5953369e-01    1.0407360e+01     8.8078962e-01
 4350.0 4450.0     8.7306967e-01    1.0228471e+01     8.8108577e-01
 4450.0 4550.0     8.8246884e-01    1.0005799e+01     8.8127788e-01
 4550.0 4650.0     8.8858128e-01    9.7517365e+00     8.8138884e-01
 4650.0 4750.0     8.9473606e-01    9.5041248e+00     8.8149981e-01
 4750.0 4850.0     9.0093347e-01    9.2628003e+00     8.8161077e-01
 4850.0 4950.0     9.0717380e-01    9.0276034e+00     8.8172173e-01
 4950.0 5050.0     9.1345736e-01    8.7983786e+00     8.8183269e-01
 5050.0 5150.0     9.1978445e-01    8.5749741e+00     8.8194366e-01
 5150.0 5250.0     9.2615535e-01    8.3572422e+00     8.8205462e-01
 5250.0 5350.0     9.3257039e-01    8.1450388e+00     8.8216558e-01
 5350.0 5450.0     9.3902986e-01    7.9382237e+00     8.8227654e-01
 5450.0 5550.0     9.4553407e-01    7.7366598e+00     8.8238751e-01
 5550.0 5650.0     9.5174576e-01    7.5393642e+00     8.8248195e-01
 5650.0 5750.0     9.5574054e-01    7.3415615e+00     8.8246623e-01
 5750.0 5850.0     9.5783568e-01    7.1442625e+00     8.8235689e-01
 5850.0 5950.0     9.5993541e-01    6.9522659e+00     8.8224754e-01
 5950.0 6050.0     9.6203974e-01    6.7654290e+00     8.8213820e-01
 6050.0 6150.0     9.6414869e-01    6.5836132e+00     8.8202886e-01
 6150.0 6250.0     9.6626226e-01    6.4066836e+00     8.8191951e-01
 6250.0 6350.0     9.6838046e-01    6.2345088e+00     8.8181017e-01
 6350.0 6450.0     9.7050330e-01    6.0669611e+00     8.8170083e-01
 6450.0 6550.0     9.7263080e-01    5.9039161e+00     8.8159148e-01
 6550.0 6650.0     9.7476297e-01    5.7452528e+00     8.8148214e-01
 6650.0 6750.0     9.7689980e-01    5.5908535e+00     8.8137280e-01
 6750.0 6850.0     9.7904132e-01    5.4406036e+00     8.8126345e-01
 6850.0 6950.0     9.8073305e-01    5.2961030e+00     8.8108166e-01
 6950.0 7050.0     9.8169471e-01    5.1581743e+00     8.8078302e-01
 7050.0 7150.0     9.8237870e-01    5.0248599e+00     8.8043997e-01
 7150.0 7250.0     9.8306316e-01    4.8949912e+00     8.8009692e-01
 7250.0 7350.0     9.8374810e-01    4.7684788e+00     8.7975387e-01
 7350.0 7450.0     9.8443352e-01    4.6452363e+00     8.7941082e-01
 7450.0 7550.0     9.8511942e-01    4.5251790e+00     8.7906778e-01
 7550.0 7650.0     9.8580579e-01    4.4082246e+00     8.7872473e-01
 7650.0 7750.0     9.8649264e-01    4.2942929e+00     8.7838168e-01
 7750.0 7850.0     9.8717997e-01    4.1833058e+00     8.7803863e-01
 7850.0 7950.0     9.8786778e-01    4.0751871e+00     8.7769558e-01
 7950.0 8050.0     9.8855606e-01    3.9698629e+00     8.7735253e-01
 8050.0 8150.0     9.8924483e-01    3.8672608e+00     8.7700948e-01
 8150.0 8250.0     9.8993408e-01    3.7673104e+00     8.7666644e-01
 8250.0 8350.0     9.9062381e-01    3.6699433e+00     8.7632339e-01
 8350.0 8450.0     9.9131401e-01    3.5750927e+00     8.7598034e-01
 8450.0 8550.0     9.9200470e-01    3.4826935e+00     8.7563729e-01
