 1216.0 1216.0     4.8138350e-01    4.0327222e+00     7.9266743e-01
 1300.0 1350.0     5.2652054e-01    4.2062998e+00     7.7517563e-01
 1350.0 1400.0     5.4295410e-01    4.2319574e+00     7.6536639e-01
 1400.0 1450.0     5.5256129e-01    4.1847920e+00     7.5320782e-01
 1450.0 1500.0     5.6055898e-01    4.1208579e+00     7.4048543e-01
 1500.0 1550.0     5.6867243e-01    4.0579005e+00     7.2776303e-01
 1550.0 1600.0     5.7690331e-01    3.9959050e+00     7.1504063e-01
 1600.0 1650.0     5.8429161e-01    3.9400641e+00     7.0319555e-01
 1650.0 1700.0     5.8923456e-01    3.8986362e+00     6.9365921e-01
 1700.0 1750.0     5.9264373e-01    3.8660806e+00     6.8555429e-01
 1754.0 1770.0     5.9517698e-01    3.8421342e+00     6.7955664e-01
 1770.0 1786.0     5.9627675e-01    3.8318381e+00     6.7696306e-01
 1786.0 1802.0     5.9737856e-01    3.8215696e+00     6.7436949e-01
 1802.0 1818.0     5.9848240e-01    3.8113286e+00     6.7177591e-01
 1818.0 1835.0     5.9962291e-01    3.8007967e+00     6.6910129e-01
 1835.0 1852.0     6.0080021e-01    3.7899757e+00     6.6634561e-01
 1852.0 1869.0     6.0197983e-01    3.7791855e+00     6.6358994e-01
 1869.0 1887.0     6.0319660e-01    3.7681105e+00     6.6075321e-01
 1887.0 1905.0     6.0445066e-01    3.7567524e+00     6.5783544e-01
 1905.0 1923.0     6.0570733e-01    3.7454286e+00     6.5491767e-01
 1923.0 1942.0     6.0700166e-01    3.7338262e+00     6.5191885e-01
 1942.0 1961.0     6.0833382e-01    3.7219473e+00     6.4883897e-01
 1961.0 1980.0     6.0956718e-01    3.7043765e+00     6.4509281e-01
 1980.0 2000.0     6.1066868e-01    3.6770750e+00     6.4015510e-01
 2000.0 2020.0     6.1173950e-01    3.6458862e+00     6.3469216e-01
 2020.0 2041.0     6.1283907e-01    3.6141956e+00     6.2909264e-01
 2041.0 2062.0     6.1396749e-01    3.5820143e+00     6.2335654e-01
 2062.0 2083.0     6.1509798e-01    3.5501195e+00     6.1762045e-01
 2083.0 2105.0     6.1625757e-01    3.5177629e+00     6.1174778e-01
 2105.0 2128.0     6.1747343e-01    3.4842172e+00     6.0560197e-01
 2128.0 2151.0     6.1871877e-01    3.4502529e+00     5.9931958e-01
 2151.0 2174.0     6.1996661e-01    3.4166198e+00     5.9303719e-01
 2174.0 2200.0     6.2129870e-01    3.3811650e+00     5.8634508e-01
 2200.0 2222.0     6.2260617e-01    3.3467651e+00     5.7978955e-01
 2222.0 2247.0     6.2388927e-01    3.3134457e+00     5.7337059e-01
 2247.0 2273.0     6.2528450e-01    3.2776581e+00     5.6640533e-01
 2273.0 2299.0     6.2671026e-01    3.2415630e+00     5.5930350e-01
 2299.0 2326.0     6.2816683e-01    3.2051866e+00     5.5206510e-01
 2326.0 2353.0     6.2965432e-01    3.1685398e+00     5.4469012e-01
 2353.0 2381.0     6.3117301e-01    3.1316489e+00     5.3717857e-01
 2381.0 2410.0     6.3354532e-01    3.0810014e+00     5.2882956e-01
 2410.0 2439.0     6.3684215e-01    3.0162614e+00     5.1971455e-01
 2439.0 2469.0     6.4030747e-01    2.9503419e+00     5.1037614e-01
 2469.0 2500.0     6.4391008e-01    2.8837021e+00     5.0072118e-01
 2500.0 2532.0     6.4765208e-01    2.8164570e+00     4.9074967e-01
 2532.0 2564.0     6.5147558e-01    2.7497377e+00     4.8061987e-01
 2564.0 2597.0     6.5538210e-01    2.6836056e+00     4.7033180e-01
 2597.0 2632.0     6.5949419e-01    2.6161355e+00     4.5956889e-01
 2632.0 2667.0     6.6225093e-01    2.5387915e+00     4.4949332e-01
 2667.0 2703.0     6.6321834e-01    2.4509954e+00     4.4050568e-01
 2703.0 2740.0     6.6389518e-01    2.3619241e+00     4.3147842e-01
 2740.0 2778.0     6.6459128e-01    2.2737825e+00     4.2220384e-01
 2778.0 2817.0     6.6530670e-01    2.1867114e+00     4.1268194e-01
 2817.0 2857.0     6.6604150e-01    2.1008427e+00     4.0291271e-01
 2857.0 2899.0     6.6680508e-01    2.0152991e+00     3.9277250e-01
 2899.0 2941.0     6.6758817e-01    1.9312379e+00     3.8238497e-01
 2941.0 2985.0     6.6709731e-01    1.8470042e+00     3.7314872e-01
 2985.0 3030.0     6.6487575e-01    1.7612623e+00     3.6544867e-01
 3030.0 3077.0     6.6214413e-01    1.6762306e+00     3.5797098e-01
 3077.0 3125.0     6.5933515e-01    1.5927102e+00     3.5024945e-01
 3125.0 3175.0     6.5645002e-01    1.5109321e+00     3.4228408e-01
 3175.0 3225.0     6.5351888e-01    1.4317704e+00     3.3415615e-01
 3225.0 3275.0     6.5077882e-01    1.3567759e+00     3.2632441e-01
 3275.0 3325.0     6.4879033e-01    1.2857882e+00     3.1972677e-01
 3325.0 3375.0     6.4737044e-01    1.2185736e+00     3.1406705e-01
 3375.0 3425.0     6.4595366e-01    1.1548727e+00     3.0840732e-01
 3425.0 3450.0     6.4489282e-01    1.1089923e+00     3.0416253e-01
 3450.0 3550.0     6.4347344e-01    1.0395133e+00     2.9723281e-01
 3550.0 3650.0     6.4530122e-01    9.4737890e-01     2.8787005e-01
 3650.0 3750.0     6.5111516e-01    8.7516011e-01     2.8017410e-01
 3750.0 3850.0     6.5698148e-01    8.0844656e-01     2.7247815e-01
 3850.0 3950.0     6.6446194e-01    7.4755985e-01     2.6541692e-01
 3950.0 4050.0     6.7409388e-01    6.9221767e-01     2.5919086e-01
 4050.0 4150.0     6.8440017e-01    6.4102013e-01     2.5324055e-01
 4150.0 4250.0     6.9506070e-01    5.9267534e-01     2.4773324e-01
 4250.0 4350.0     7.0605098e-01    5.4721309e-01     2.4259363e-01
 4350.0 4450.0     7.1640618e-01    5.0464038e-01     2.3757049e-01
 4450.0 4550.0     7.2321354e-01    4.6284190e-01     2.3307680e-01
 4550.0 4650.0     7.2720531e-01    4.2257273e-01     2.2899607e-01
 4650.0 4750.0     7.3121911e-01    3.8580714e-01     2.2491535e-01
 4750.0 4850.0     7.3525507e-01    3.5224032e-01     2.2083462e-01
 4850.0 4950.0     7.3931330e-01    3.2159395e-01     2.1675389e-01
 4950.0 5050.0     7.4339394e-01    2.9361393e-01     2.1267316e-01
 5050.0 5150.0     7.4749709e-01    2.6806830e-01     2.0859243e-01
 5150.0 5250.0     7.5162290e-01    2.4474524e-01     2.0451171e-01
 5250.0 5350.0     7.5577147e-01    2.2345139e-01     2.0043098e-01
 5350.0 5450.0     7.5994294e-01    2.0401019e-01     1.9635025e-01
 5450.0 5550.0     7.6413744e-01    1.8626046e-01     1.9226952e-01
 5550.0 5650.0     7.6837093e-01    1.7026539e-01     1.8828524e-01
 5650.0 5750.0     7.7273399e-01    1.5695514e-01     1.8494389e-01
 5750.0 5850.0     7.7721211e-01    1.4579381e-01     1.8214904e-01
 5850.0 5950.0     7.8171618e-01    1.3542617e-01     1.7935420e-01
 5950.0 6050.0     7.8624635e-01    1.2579580e-01     1.7655935e-01
 6050.0 6150.0     7.9080277e-01    1.1685025e-01     1.7376450e-01
 6150.0 6250.0     7.9538560e-01    1.0854084e-01     1.7096966e-01
 6250.0 6350.0     7.9999499e-01    1.0082233e-01     1.6817481e-01
 6350.0 6450.0     8.0463109e-01    9.3652686e-02     1.6537996e-01
 6450.0 6550.0     8.0929406e-01    8.6992891e-02     1.6258512e-01
 6550.0 6650.0     8.1398405e-01    8.0806685e-02     1.5979027e-01
 6650.0 6750.0     8.1870122e-01    7.5060390e-02     1.5699542e-01
 6750.0 6850.0     8.2344572e-01    6.9722724e-02     1.5420058e-01
 6850.0 6950.0     8.2785835e-01    6.5083207e-02     1.5164726e-01
 6950.0 7050.0     8.3171422e-01    6.1257295e-02     1.4948351e-01
 7050.0 7150.0     8.3536693e-01    5.7841579e-02     1.4746779e-01
 7150.0 7250.0     8.3903567e-01    5.4616323e-02     1.4545207e-01
 7250.0 7350.0     8.4272052e-01    5.1570909e-02     1.4343635e-01
 7350.0 7450.0     8.4642156e-01    4.8695307e-02     1.4142063e-01
 7450.0 7550.0     8.5013886e-01    4.5980049e-02     1.3940491e-01
 7550.0 7650.0     8.5387247e-01    4.3416195e-02     1.3738919e-01
 7650.0 7750.0     8.5762249e-01    4.0995301e-02     1.3537347e-01
 7750.0 7850.0     8.6138898e-01    3.8709397e-02     1.3335775e-01
 7850.0 7950.0     8.6517200e-01    3.6550955e-02     1.3134203e-01
 7950.0 8050.0     8.6897164e-01    3.4512868e-02     1.2932631e-01
 8050.0 8150.0     8.7278797e-01    3.2588426e-02     1.2731059e-01
 8150.0 8250.0     8.7662106e-01    3.0771290e-02     1.2529487e-01
 8250.0 8350.0     8.8047098e-01    2.9055478e-02     1.2327915e-01
 8350.0 8450.0     8.8433781e-01    2.7435340e-02     1.2126343e-01
 8450.0 8550.0     8.8822162e-01    2.5905542e-02     1.1924771e-01
