 1216.0 1216.0  0.0001317  0.0243769  0.0005636
 1300.0 1350.0  0.0001064  0.0219473  0.0004849
 1350.0 1400.0  0.0000958  0.0209125  0.0004516
 1400.0 1450.0  0.0000859  0.0199277  0.0004202
 1450.0 1500.0  0.0000769  0.0189915  0.0003908
 1500.0 1550.0  0.0000687  0.0181034  0.0003636
 1550.0 1600.0  0.0000615  0.0172629  0.0003388
 1600.0 1650.0  0.0000553  0.0164699  0.0003164
 1650.0 1700.0  0.0000502  0.0157246  0.0002965
 1700.0 1750.0  0.0000460  0.0150274  0.0002789
 1754.0 1770.0  0.0000434  0.0145372  0.0002671
 1770.0 1786.0  0.0000424  0.0143358  0.0002624
 1786.0 1802.0  0.0000415  0.0141395  0.0002578
 1802.0 1818.0  0.0000407  0.0139482  0.0002534
 1818.0 1835.0  0.0000398  0.0137564  0.0002491
 1835.0 1852.0  0.0000390  0.0135645  0.0002447
 1852.0 1869.0  0.0000383  0.0133784  0.0002405
 1869.0 1887.0  0.0000375  0.0131932  0.0002364
 1887.0 1905.0  0.0000368  0.0130093  0.0002322
 1905.0 1923.0  0.0000361  0.0128321  0.0002282
 1923.0 1942.0  0.0000354  0.0126574  0.0002242
 1942.0 1961.0  0.0000347  0.0124856  0.0002202
 1961.0 1980.0  0.0000340  0.0123218  0.0002163
 1980.0 2000.0  0.0000333  0.0121618  0.0002123
 2000.0 2020.0  0.0000326  0.0120056  0.0002084
 2020.0 2041.0  0.0000318  0.0118530  0.0002044
 2041.0 2062.0  0.0000311  0.0117037  0.0002005
 2062.0 2083.0  0.0000303  0.0115605  0.0001966
 2083.0 2105.0  0.0000296  0.0114193  0.0001928
 2105.0 2128.0  0.0000288  0.0112765  0.0001889
 2128.0 2151.0  0.0000280  0.0111343  0.0001849
 2151.0 2174.0  0.0000272  0.0109951  0.0001811
 2174.0 2200.0  0.0000264  0.0108486  0.0001772
 2200.0 2222.0  0.0000256  0.0107056  0.0001734
 2222.0 2247.0  0.0000249  0.0105648  0.0001698
 2247.0 2273.0  0.0000242  0.0104096  0.0001661
 2273.0 2299.0  0.0000234  0.0102473  0.0001623
 2299.0 2326.0  0.0000227  0.0100758  0.0001586
 2326.0 2353.0  0.0000221  0.0098930  0.0001550
 2353.0 2381.0  0.0000215  0.0096964  0.0001515
 2381.0 2410.0  0.0000209  0.0094797  0.0001479
 2410.0 2439.0  0.0000204  0.0092460  0.0001444
 2439.0 2469.0  0.0000199  0.0089974  0.0001410
 2469.0 2500.0  0.0000195  0.0087328  0.0001376
 2500.0 2532.0  0.0000191  0.0084554  0.0001342
 2532.0 2564.0  0.0000187  0.0081738  0.0001309
 2564.0 2597.0  0.0000183  0.0078926  0.0001277
 2597.0 2632.0  0.0000180  0.0076089  0.0001244
 2632.0 2667.0  0.0000176  0.0073331  0.0001211
 2667.0 2703.0  0.0000172  0.0070731  0.0001179
 2703.0 2740.0  0.0000168  0.0068257  0.0001147
 2740.0 2778.0  0.0000163  0.0065907  0.0001115
 2778.0 2817.0  0.0000158  0.0063676  0.0001083
 2817.0 2857.0  0.0000154  0.0061558  0.0001052
 2857.0 2899.0  0.0000149  0.0059522  0.0001021
 2899.0 2941.0  0.0000144  0.0057582  0.0000990
 2941.0 2985.0  0.0000139  0.0055728  0.0000960
 2985.0 3030.0  0.0000134  0.0053924  0.0000931
 3030.0 3077.0  0.0000129  0.0052159  0.0000902
 3077.0 3125.0  0.0000124  0.0050418  0.0000873
 3125.0 3175.0  0.0000120  0.0048682  0.0000845
 3175.0 3225.0  0.0000116  0.0046945  0.0000818
 3225.0 3275.0  0.0000112  0.0045214  0.0000792
 3275.0 3325.0  0.0000108  0.0043469  0.0000767
 3325.0 3375.0  0.0000105  0.0041711  0.0000743
 3375.0 3425.0  0.0000103  0.0039959  0.0000721
 3425.0 3450.0  0.0000101  0.0038656  0.0000705
 3450.0 3550.0  0.0000099  0.0036577  0.0000680
 3550.0 3650.0  0.0000097  0.0033429  0.0000643
 3650.0 3750.0  0.0000097  0.0030554  0.0000611
 3750.0 3850.0  0.0000098  0.0027886  0.0000583
 3850.0 3950.0  0.0000099  0.0025352  0.0000557
 3950.0 4050.0  0.0000102  0.0022921  0.0000533
 4050.0 4150.0  0.0000105  0.0020616  0.0000510
 4150.0 4250.0  0.0000109  0.0018476  0.0000489
 4250.0 4350.0  0.0000113  0.0016524  0.0000469
 4350.0 4450.0  0.0000118  0.0014773  0.0000450
 4450.0 4550.0  0.0000121  0.0013231  0.0000432
 4550.0 4650.0  0.0000124  0.0011883  0.0000414
 4650.0 4750.0  0.0000127  0.0010702  0.0000398
 4750.0 4850.0  0.0000129  0.0009661  0.0000382
 4850.0 4950.0  0.0000130  0.0008741  0.0000367
 4950.0 5050.0  0.0000132  0.0007922  0.0000352
 5050.0 5150.0  0.0000133  0.0007191  0.0000338
 5150.0 5250.0  0.0000134  0.0006536  0.0000324
 5250.0 5350.0  0.0000135  0.0005947  0.0000311
 5350.0 5450.0  0.0000137  0.0005418  0.0000298
 5450.0 5550.0  0.0000138  0.0004943  0.0000287
 5550.0 5650.0  0.0000140  0.0004519  0.0000276
 5650.0 5750.0  0.0000143  0.0004142  0.0000266
 5750.0 5850.0  0.0000145  0.0003807  0.0000256
 5850.0 5950.0  0.0000149  0.0003508  0.0000248
 5950.0 6050.0  0.0000152  0.0003237  0.0000240
 6050.0 6150.0  0.0000156  0.0002989  0.0000232
 6150.0 6250.0  0.0000160  0.0002760  0.0000225
 6250.0 6350.0  0.0000164  0.0002545  0.0000218
 6350.0 6450.0  0.0000168  0.0002341  0.0000212
 6450.0 6550.0  0.0000172  0.0002144  0.0000205
 6550.0 6650.0  0.0000177  0.0001951  0.0000199
 6650.0 6750.0  0.0000181  0.0001759  0.0000192
 6750.0 6850.0  0.0000186  0.0001565  0.0000186
 6850.0 6950.0  0.0000190  0.0001367  0.0000179
 6950.0 7050.0  0.0000194  0.0001162  0.0000173
 7050.0 7150.0  0.0000199  0.0000953  0.0000166
 7150.0 7250.0  0.0000203  0.0000743  0.0000159
 7250.0 7350.0  0.0000208  0.0000535  0.0000152
 7350.0 7450.0  0.0000212  0.0000330  0.0000146
 7450.0 7550.0  0.0000217  0.0000134  0.0000139
 7550.0 7650.0  0.0000222  0.0000052  0.0000133
 7650.0 7750.0  0.0000227  0.0000224  0.0000127
 7750.0 7850.0  0.0000233  0.0000377  0.0000121
 7850.0 7950.0  0.0000238  0.0000506  0.0000116
 7950.0 8050.0  0.0000245  0.0000607  0.0000112
 8050.0 8150.0  0.0000252  0.0000674  0.0000108
 8150.0 8250.0  0.0000260  0.0000697  0.0000105
 8250.0 8350.0  0.0000268  0.0000670  0.0000103
 8350.0 8450.0  0.0000278  0.0000582  0.0000102
 8450.0 8550.0  0.0000289  0.0000419  0.0000103
