 1216.0 1216.0     4.3234448e-01    1.5789246e+01     8.8843015e-01
 1300.0 1350.0     4.6574426e-01    1.5952476e+01     8.7879877e-01
 1350.0 1400.0     4.7891824e-01    1.5903351e+01     8.7339006e-01
 1400.0 1450.0     4.8856672e-01    1.5692298e+01     8.6667786e-01
 1450.0 1500.0     4.9746154e-01    1.5445635e+01     8.5965282e-01
 1500.0 1550.0     5.0651831e-01    1.5202849e+01     8.5262778e-01
 1550.0 1600.0     5.1573996e-01    1.4963879e+01     8.4560275e-01
 1600.0 1650.0     5.2422712e-01    1.4755485e+01     8.3911314e-01
 1650.0 1700.0     5.3046578e-01    1.4620295e+01     8.3403256e-01
 1700.0 1750.0     5.3529553e-01    1.4529910e+01     8.2982559e-01
 1754.0 1770.0     5.3889286e-01    1.4463322e+01     8.2671243e-01
 1770.0 1786.0     5.4045810e-01    1.4434649e+01     8.2536620e-01
 1786.0 1802.0     5.4202788e-01    1.4406032e+01     8.2401996e-01
 1802.0 1818.0     5.4360222e-01    1.4377473e+01     8.2267373e-01
 1818.0 1835.0     5.4523062e-01    1.4348081e+01     8.2128543e-01
 1835.0 1852.0     5.4691340e-01    1.4317860e+01     8.1985506e-01
 1852.0 1869.0     5.4860137e-01    1.4287703e+01     8.1842469e-01
 1869.0 1887.0     5.5034450e-01    1.4256727e+01     8.1695225e-01
 1887.0 1905.0     5.5214314e-01    1.4224934e+01     8.1543774e-01
 1905.0 1923.0     5.5394765e-01    1.4193212e+01     8.1392322e-01
 1923.0 1942.0     5.5580852e-01    1.4160684e+01     8.1236664e-01
 1942.0 1961.0     5.5772610e-01    1.4127353e+01     8.1076799e-01
 1961.0 1980.0     5.5978635e-01    1.4083067e+01     8.0890537e-01
 1980.0 2000.0     5.6213245e-01    1.4019711e+01     8.0656072e-01
 2000.0 2020.0     5.6463056e-01    1.3948459e+01     8.0399802e-01
 2020.0 2041.0     5.6720280e-01    1.3875807e+01     8.0137125e-01
 2041.0 2062.0     5.6984977e-01    1.3801770e+01     7.9868041e-01
 2062.0 2083.0     5.7250909e-01    1.3728128e+01     7.9598957e-01
 2083.0 2105.0     5.7524475e-01    1.3653145e+01     7.9323467e-01
 2105.0 2128.0     5.7812164e-01    1.3575113e+01     7.9035163e-01
 2128.0 2151.0     5.8107717e-01    1.3495802e+01     7.8740452e-01
 2151.0 2174.0     5.8404781e-01    1.3416955e+01     7.8445742e-01
 2174.0 2200.0     5.8722942e-01    1.3333488e+01     7.8131811e-01
 2200.0 2222.0     5.9036169e-01    1.3252192e+01     7.7824287e-01
 2222.0 2247.0     5.9344609e-01    1.3173105e+01     7.7523169e-01
 2247.0 2273.0     5.9681085e-01    1.3087811e+01     7.7196425e-01
 2273.0 2299.0     6.0026104e-01    1.3001407e+01     7.6863273e-01
 2299.0 2326.0     6.0379830e-01    1.2913934e+01     7.6523716e-01
 2326.0 2353.0     6.0742354e-01    1.2825410e+01     7.6177751e-01
 2353.0 2381.0     6.1113850e-01    1.2735876e+01     7.5825379e-01
 2381.0 2410.0     6.1611564e-01    1.2613483e+01     7.5427748e-01
 2410.0 2439.0     6.2243589e-01    1.2457040e+01     7.4987520e-01
 2439.0 2469.0     6.2906332e-01    1.2296409e+01     7.4535893e-01
 2469.0 2500.0     6.3598962e-01    1.2132511e+01     7.4068957e-01
 2500.0 2532.0     6.4322306e-01    1.1965532e+01     7.3586711e-01
 2532.0 2564.0     6.5065490e-01    1.1798237e+01     7.3096811e-01
 2564.0 2597.0     6.5829144e-01    1.1630741e+01     7.2599256e-01
 2597.0 2632.0     6.6637712e-01    1.1458077e+01     7.2078737e-01
 2632.0 2667.0     6.7342407e-01    1.1262111e+01     7.1595674e-01
 2667.0 2703.0     6.7895710e-01    1.1041341e+01     7.1170459e-01
 2703.0 2740.0     6.8439833e-01    1.0814525e+01     7.0744491e-01
 2740.0 2778.0     6.9003404e-01    1.0586347e+01     7.0306852e-01
 2778.0 2817.0     6.9586833e-01    1.0357092e+01     6.9857543e-01
 2817.0 2857.0     7.0190543e-01    1.0127041e+01     6.9396564e-01
 2857.0 2899.0     7.0822753e-01    9.8936900e+00     6.8918079e-01
 2899.0 2941.0     7.1476216e-01    9.6601560e+00     6.8427924e-01
 2941.0 2985.0     7.2006678e-01    9.4160706e+00     6.8009668e-01
 2985.0 3030.0     7.2367368e-01    9.1557457e+00     6.7687863e-01
 3030.0 3077.0     7.2692077e-01    8.8906534e+00     6.7384007e-01
 3077.0 3125.0     7.3028894e-01    8.6249273e+00     6.7070242e-01
 3125.0 3175.0     7.3377992e-01    8.3591713e+00     6.6746569e-01
 3175.0 3225.0     7.3735917e-01    8.0963482e+00     6.6416291e-01
 3225.0 3275.0     7.4099424e-01    7.8403161e+00     6.6104328e-01
 3275.0 3325.0     7.4480771e-01    7.5863967e+00     6.5868680e-01
 3325.0 3375.0     7.4876294e-01    7.3361922e+00     6.5691033e-01
 3375.0 3425.0     7.5273917e-01    7.0942397e+00     6.5513386e-01
 3425.0 3450.0     7.5573321e-01    6.9172971e+00     6.5380150e-01
 3450.0 3550.0     7.6088147e-01    6.6427877e+00     6.5167076e-01
 3550.0 3650.0     7.7060103e-01    6.2886030e+00     6.4933076e-01
 3650.0 3750.0     7.8182611e-01    6.0191616e+00     6.4802402e-01
 3750.0 3850.0     7.9321470e-01    5.7612646e+00     6.4671727e-01
 3850.0 3950.0     8.0497635e-01    5.5224747e+00     6.4574230e-01
 3950.0 4050.0     8.1718605e-01    5.3040984e+00     6.4520387e-01
 4050.0 4150.0     8.2949288e-01    5.0952913e+00     6.4480144e-01
 4150.0 4250.0     8.4106585e-01    4.8861003e+00     6.4458277e-01
 4250.0 4350.0     8.5203627e-01    4.6784185e+00     6.4451662e-01
 4350.0 4450.0     8.6238482e-01    4.4691782e+00     6.4446231e-01
 4450.0 4550.0     8.6936310e-01    4.2242206e+00     6.4446179e-01
 4550.0 4650.0     8.7367472e-01    3.9582583e+00     6.4450325e-01
 4650.0 4750.0     8.7800772e-01    3.7090414e+00     6.4454470e-01
 4750.0 4850.0     8.8236221e-01    3.4755155e+00     6.4458615e-01
 4850.0 4950.0     8.8673829e-01    3.2566927e+00     6.4462760e-01
 4950.0 5050.0     8.9113608e-01    3.0516472e+00     6.4466905e-01
 5050.0 5150.0     8.9555568e-01    2.8595117e+00     6.4471050e-01
 5150.0 5250.0     8.9999720e-01    2.6794733e+00     6.4475196e-01
 5250.0 5350.0     9.0446075e-01    2.5107703e+00     6.4479341e-01
 5350.0 5450.0     9.0894643e-01    2.3526890e+00     6.4483486e-01
 5450.0 5550.0     9.1345436e-01    2.2045608e+00     6.4487631e-01
 5550.0 5650.0     9.1783715e-01    2.0672972e+00     6.4492090e-01
 5650.0 5750.0     9.2125473e-01    1.9483426e+00     6.4498645e-01
 5750.0 5850.0     9.2384703e-01    1.8444907e+00     6.4506979e-01
 5850.0 5950.0     9.2644662e-01    1.7461744e+00     6.4515314e-01
 5950.0 6050.0     9.2905352e-01    1.6530986e+00     6.4523649e-01
 6050.0 6150.0     9.3166776e-01    1.5649840e+00     6.4531983e-01
 6150.0 6250.0     9.3428935e-01    1.4815662e+00     6.4540318e-01
 6250.0 6350.0     9.3691833e-01    1.4025947e+00     6.4548653e-01
 6350.0 6450.0     9.3955470e-01    1.3278327e+00     6.4556987e-01
 6450.0 6550.0     9.4219849e-01    1.2570556e+00     6.4565322e-01
 6550.0 6650.0     9.4484971e-01    1.1900512e+00     6.4573656e-01
 6650.0 6750.0     9.4750840e-01    1.1266182e+00     6.4581991e-01
 6750.0 6850.0     9.5017457e-01    1.0665665e+00     6.4590326e-01
 6850.0 6950.0     9.5245112e-01    1.0135765e+00     6.4591116e-01
 6950.0 7050.0     9.5409244e-01    9.6936689e-01     6.4579739e-01
 7050.0 7150.0     9.5549295e-01    9.2936306e-01     6.4563737e-01
 7150.0 7250.0     9.5689550e-01    8.9101011e-01     6.4547736e-01
 7250.0 7350.0     9.5830012e-01    8.5423991e-01     6.4531734e-01
 7350.0 7450.0     9.5970680e-01    8.1898714e-01     6.4515733e-01
 7450.0 7550.0     9.6111554e-01    7.8518918e-01     6.4499732e-01
 7550.0 7650.0     9.6252635e-01    7.5278600e-01     6.4483730e-01
 7650.0 7750.0     9.6393924e-01    7.2172003e-01     6.4467729e-01
 7750.0 7850.0     9.6535419e-01    6.9193609e-01     6.4451727e-01
 7850.0 7950.0     9.6677123e-01    6.6338127e-01     6.4435726e-01
 7950.0 8050.0     9.6819034e-01    6.3600486e-01     6.4419725e-01
 8050.0 8150.0     9.6961154e-01    6.0975821e-01     6.4403723e-01
 8150.0 8250.0     9.7103482e-01    5.8459471e-01     6.4387722e-01
 8250.0 8350.0     9.7246019e-01    5.6046966e-01     6.4371720e-01
 8350.0 8450.0     9.7388765e-01    5.3734020e-01     6.4355719e-01
 8450.0 8550.0     9.7531721e-01    5.1516525e-01     6.4339718e-01
