 1216.0 1216.0  0.0549604  0.2979640  0.0369751
 1300.0 1350.0  0.0465911  0.2183536  0.0309258
 1350.0 1400.0  0.0438003  0.1912083  0.0286485
 1400.0 1450.0  0.0392953  0.1800460  0.0265608
 1450.0 1500.0  0.0353434  0.1698852  0.0246863
 1500.0 1550.0  0.0318689  0.1605735  0.0229970
 1550.0 1600.0  0.0288042  0.1520085  0.0214694
 1600.0 1650.0  0.0260953  0.1440828  0.0200837
 1650.0 1700.0  0.0241894  0.1371456  0.0189121
 1700.0 1750.0  0.0224560  0.1308641  0.0178400
 1754.0 1770.0  0.0212850  0.1264962  0.0171044
 1770.0 1786.0  0.0208060  0.1246733  0.0168004
 1786.0 1802.0  0.0203423  0.1228893  0.0165045
 1802.0 1818.0  0.0204545  0.1203400  0.0162963
 1818.0 1835.0  0.0200104  0.1186230  0.0160143
 1835.0 1852.0  0.0195517  0.1168531  0.0157226
 1852.0 1869.0  0.0191083  0.1151216  0.0154388
 1869.0 1887.0  0.0186527  0.1133430  0.0151466
 1887.0 1905.0  0.0182147  0.1115896  0.0148627
 1905.0 1923.0  0.0177916  0.1098750  0.0145867
 1923.0 1942.0  0.0173582  0.1081244  0.0143036
 1942.0 1961.0  0.0169675  0.1064567  0.0140431
 1961.0 1980.0  0.0165604  0.1048062  0.0137756
 1980.0 2000.0  0.0161114  0.1033969  0.0135016
 2000.0 2020.0  0.0156795  0.1020159  0.0132357
 2020.0 2041.0  0.0152637  0.1006622  0.0129776
 2041.0 2062.0  0.0148430  0.0992761  0.0127147
 2062.0 2083.0  0.0148476  0.0972431  0.0125214
 2083.0 2105.0  0.0144275  0.0958725  0.0122611
 2105.0 2128.0  0.0140245  0.0945264  0.0120089
 2128.0 2151.0  0.0136188  0.0931595  0.0117534
 2151.0 2174.0  0.0132295  0.0918219  0.0115060
 2174.0 2200.0  0.0128222  0.0904165  0.0112458
 2200.0 2222.0  0.0124483  0.0890922  0.0110043
 2222.0 2247.0  0.0121046  0.0878478  0.0107801
 2247.0 2273.0  0.0117301  0.0864896  0.0105348
 2273.0 2299.0  0.0116940  0.0845494  0.0103490
 2299.0 2326.0  0.0113421  0.0832561  0.0101187
 2326.0 2353.0  0.0109915  0.0819530  0.0098877
 2353.0 2381.0  0.0106429  0.0806424  0.0096563
 2381.0 2410.0  0.0103537  0.0789525  0.0094337
 2410.0 2439.0  0.0101305  0.0766638  0.0092122
 2439.0 2469.0  0.0099103  0.0743756  0.0089911
 2469.0 2500.0  0.0097066  0.0721079  0.0087780
 2500.0 2532.0  0.0094973  0.0697961  0.0085589
 2532.0 2564.0  0.0093030  0.0675261  0.0083479
 2564.0 2597.0  0.0091233  0.0652961  0.0081446
 2597.0 2632.0  0.0089421  0.0630149  0.0079366
 2632.0 2667.0  0.0087486  0.0607908  0.0077248
 2667.0 2703.0  0.0085571  0.0588164  0.0075268
 2703.0 2740.0  0.0081335  0.0572654  0.0072947
 2740.0 2778.0  0.0079516  0.0552598  0.0070971
 2778.0 2817.0  0.0077860  0.0532804  0.0069074
 2817.0 2857.0  0.0076200  0.0512905  0.0067159
 2857.0 2899.0  0.0072469  0.0496637  0.0064955
 2899.0 2941.0  0.0071042  0.0476681  0.0063117
 2941.0 2985.0  0.0069569  0.0457888  0.0061314
 2985.0 3030.0  0.0067768  0.0442233  0.0059545
 3030.0 3077.0  0.0063963  0.0429521  0.0057454
 3077.0 3125.0  0.0062333  0.0413742  0.0055738
 3125.0 3175.0  0.0060742  0.0397906  0.0054028
 3175.0 3225.0  0.0057435  0.0385135  0.0052107
 3225.0 3275.0  0.0056081  0.0369910  0.0050526
 3275.0 3325.0  0.0054942  0.0354394  0.0049017
 3325.0 3375.0  0.0053946  0.0339090  0.0047575
 3375.0 3425.0  0.0053045  0.0324282  0.0046195
 3425.0 3450.0  0.0050778  0.0315775  0.0044964
 3450.0 3550.0  0.0049926  0.0298197  0.0043396
 3550.0 3650.0  0.0050033  0.0271395  0.0041234
 3650.0 3750.0  0.0048584  0.0249706  0.0039047
 3750.0 3850.0  0.0048965  0.0227443  0.0037211
 3850.0 3950.0  0.0049627  0.0206542  0.0035511
 3950.0 4050.0  0.0050625  0.0186809  0.0033934
 4050.0 4150.0  0.0053568  0.0166975  0.0032628
 4150.0 4250.0  0.0055188  0.0150176  0.0031254
 4250.0 4350.0  0.0057183  0.0134578  0.0029971
 4350.0 4450.0  0.0059716  0.0119897  0.0028772
 4450.0 4550.0  0.0059392  0.0110076  0.0027511
 4550.0 4650.0  0.0058691  0.0101934  0.0026331
 4650.0 4750.0  0.0058274  0.0094131  0.0025225
 4750.0 4850.0  0.0056460  0.0087356  0.0024067
 4850.0 4950.0  0.0056630  0.0080143  0.0023097
 4950.0 5050.0  0.0057118  0.0073244  0.0022184
 5050.0 5150.0  0.0057994  0.0066604  0.0021324
 5150.0 5250.0  0.0059311  0.0060225  0.0020513
 5250.0 5350.0  0.0061142  0.0054108  0.0019748
 5350.0 5450.0  0.0061795  0.0048582  0.0018930
 5450.0 5550.0  0.0065044  0.0042870  0.0018249
 5550.0 5650.0  0.0069438  0.0037350  0.0017604
 5650.0 5750.0  0.0071187  0.0033934  0.0016992
 5750.0 5850.0  0.0071184  0.0031650  0.0016412
 5850.0 5950.0  0.0071447  0.0029445  0.0015861
 5950.0 6050.0  0.0069907  0.0027512  0.0015261
 6050.0 6150.0  0.0070761  0.0025438  0.0014765
 6150.0 6250.0  0.0071973  0.0023431  0.0014293
 6250.0 6350.0  0.0073648  0.0021476  0.0013843
 6350.0 6450.0  0.0075775  0.0019597  0.0013414
 6450.0 6550.0  0.0078504  0.0017776  0.0013005
 6550.0 6650.0  0.0079592  0.0016122  0.0012552
 6650.0 6750.0  0.0083913  0.0014398  0.0012180
 6750.0 6850.0  0.0089473  0.0012725  0.0011825
 6850.0 6950.0  0.0095750  0.0011215  0.0011485
 6950.0 7050.0  0.0095530  0.0010612  0.0011159
 7050.0 7150.0  0.0095532  0.0010026  0.0010847
 7150.0 7250.0  0.0095645  0.0009469  0.0010548
 7250.0 7350.0  0.0096128  0.0008915  0.0010261
 7350.0 7450.0  0.0093942  0.0008441  0.0009937
 7450.0 7550.0  0.0094964  0.0007914  0.0009674
 7550.0 7650.0  0.0096160  0.0007412  0.0009421
 7650.0 7750.0  0.0097862  0.0006911  0.0009178
 7750.0 7850.0  0.0099982  0.0006424  0.0008944
 7850.0 7950.0  0.0102399  0.0005961  0.0008719
 7950.0 8050.0  0.0105564  0.0005498  0.0008503
 8050.0 8150.0  0.0109419  0.0005047  0.0008294
 8150.0 8250.0  0.0114121  0.0004608  0.0008093
 8250.0 8350.0  0.0115907  0.0004221  0.0007860
 8350.0 8450.0  0.0122760  0.0003799  0.0007674
 8450.0 8550.0  0.0131328  0.0003387  0.0007495
