 1216.0 1216.0     2.9328966e-01    3.5086953e+01     9.6315585e-01
 1300.0 1350.0     3.1088019e-01    3.4182438e+01     9.6073114e-01
 1350.0 1400.0     3.1878650e-01    3.3641371e+01     9.5919559e-01
 1400.0 1450.0     3.2623470e-01    3.2934513e+01     9.5710308e-01
 1450.0 1500.0     3.3369601e-01    3.2201388e+01     9.5487691e-01
 1500.0 1550.0     3.4132797e-01    3.1484582e+01     9.5265073e-01
 1550.0 1600.0     3.4913448e-01    3.0783732e+01     9.5042455e-01
 1600.0 1650.0     3.5636822e-01    3.0169110e+01     9.4841643e-01
 1650.0 1700.0     3.6176028e-01    2.9751465e+01     9.4698214e-01
 1700.0 1750.0     3.6599636e-01    2.9453950e+01     9.4590362e-01
 1754.0 1770.0     3.6915734e-01    2.9235376e+01     9.4510552e-01
 1770.0 1786.0     3.7053514e-01    2.9141503e+01     9.4476039e-01
 1786.0 1802.0     3.7191807e-01    2.9047931e+01     9.4441526e-01
 1802.0 1818.0     3.7330616e-01    2.8954660e+01     9.4407014e-01
 1818.0 1835.0     3.7474315e-01    2.8858793e+01     9.4371423e-01
 1835.0 1852.0     3.7622937e-01    2.8760347e+01     9.4334753e-01
 1852.0 1869.0     3.7772149e-01    2.8662238e+01     9.4298084e-01
 1869.0 1887.0     3.7926377e-01    2.8561597e+01     9.4260336e-01
 1887.0 1905.0     3.8085659e-01    2.8458445e+01     9.4221509e-01
 1905.0 1923.0     3.8245610e-01    2.8355665e+01     9.4182682e-01
 1923.0 1942.0     3.8410714e-01    2.8250422e+01     9.4142777e-01
 1942.0 1961.0     3.8581012e-01    2.8142736e+01     9.4101794e-01
 1961.0 1980.0     3.8777449e-01    2.8014612e+01     9.4052649e-01
 1980.0 2000.0     3.9021882e-01    2.7849640e+01     9.3988826e-01
 2000.0 2020.0     3.9289464e-01    2.7669052e+01     9.3918484e-01
 2020.0 2041.0     3.9565664e-01    2.7485179e+01     9.3846383e-01
 2041.0 2062.0     3.9850590e-01    2.7298073e+01     9.3772524e-01
 2062.0 2083.0     4.0137567e-01    2.7112241e+01     9.3698665e-01
 2083.0 2105.0     4.0433543e-01    2.6923311e+01     9.3623047e-01
 2105.0 2128.0     4.0745624e-01    2.6727002e+01     9.3543913e-01
 2128.0 2151.0     4.1067101e-01    2.6527794e+01     9.3463019e-01
 2151.0 2174.0     4.1391115e-01    2.6330071e+01     9.3382126e-01
 2174.0 2200.0     4.1739162e-01    2.6121124e+01     9.3295957e-01
 2200.0 2222.0     4.2082738e-01    2.5917935e+01     9.3211546e-01
 2222.0 2247.0     4.2422099e-01    2.5720622e+01     9.3128894e-01
 2247.0 2273.0     4.2793376e-01    2.5508181e+01     9.3039208e-01
 2273.0 2299.0     4.3175245e-01    2.5293363e+01     9.2947763e-01
 2299.0 2326.0     4.3567998e-01    2.5076294e+01     9.2854560e-01
 2326.0 2353.0     4.3971802e-01    2.4857027e+01     9.2759598e-01
 2353.0 2381.0     4.4386967e-01    2.4635688e+01     9.2662878e-01
 2381.0 2410.0     4.4962912e-01    2.4339290e+01     9.2553480e-01
 2410.0 2439.0     4.5712725e-01    2.3965808e+01     9.2432107e-01
 2439.0 2469.0     4.6505368e-01    2.3583861e+01     9.2307565e-01
 2469.0 2500.0     4.7339334e-01    2.3195365e+01     9.2178802e-01
 2500.0 2532.0     4.8216344e-01    2.2800849e+01     9.2045817e-01
 2532.0 2564.0     4.9123780e-01    2.2406887e+01     9.1910721e-01
 2564.0 2597.0     5.0063015e-01    2.2013790e+01     9.1773514e-01
 2597.0 2632.0     5.1064973e-01    2.1609983e+01     9.1629975e-01
 2632.0 2667.0     5.2023986e-01    2.1219161e+01     9.1499096e-01
 2667.0 2703.0     5.2900864e-01    2.0851120e+01     9.1387064e-01
 2703.0 2740.0     5.3797755e-01    2.0482970e+01     9.1275467e-01
 2740.0 2778.0     5.4735059e-01    2.0111502e+01     9.1160812e-01
 2778.0 2817.0     5.5714349e-01    1.9737136e+01     9.1043100e-01
 2817.0 2857.0     5.6737287e-01    1.9360288e+01     9.0922331e-01
 2857.0 2899.0     5.7819066e-01    1.8976784e+01     9.0796975e-01
 2899.0 2941.0     5.8948358e-01    1.8591709e+01     9.0668562e-01
 2941.0 2985.0     5.9974152e-01    1.8236661e+01     9.0563780e-01
 2985.0 3030.0     6.0850130e-01    1.7917399e+01     9.0490806e-01
 3030.0 3077.0     6.1715632e-01    1.7603792e+01     9.0424568e-01
 3077.0 3125.0     6.2622208e-01    1.7285688e+01     9.0356170e-01
 3125.0 3175.0     6.3571443e-01    1.6963592e+01     9.0285612e-01
 3175.0 3225.0     6.4554732e-01    1.6641046e+01     9.0213614e-01
 3225.0 3275.0     6.5546974e-01    1.6327303e+01     9.0147298e-01
 3275.0 3325.0     6.6528107e-01    1.6030444e+01     9.0104657e-01
 3325.0 3375.0     6.7503826e-01    1.5747286e+01     9.0080008e-01
 3375.0 3425.0     6.8493856e-01    1.5469130e+01     9.0055360e-01
 3425.0 3450.0     6.9244520e-01    1.5263288e+01     9.0036874e-01
 3450.0 3550.0     7.0511839e-01    1.4937007e+01     9.0008741e-01
 3550.0 3650.0     7.2436724e-01    1.4515995e+01     8.9995595e-01
 3650.0 3750.0     7.4279081e-01    1.4194131e+01     9.0013243e-01
 3750.0 3850.0     7.6168297e-01    1.3879405e+01     9.0030891e-01
 3850.0 3950.0     7.8027281e-01    1.3594377e+01     9.0055009e-01
 3950.0 4050.0     7.9828167e-01    1.3345018e+01     9.0087643e-01
 4050.0 4150.0     8.1616189e-01    1.3109331e+01     9.0122367e-01
 4150.0 4250.0     8.3269843e-01    1.2889642e+01     9.0157373e-01
 4250.0 4350.0     8.4811998e-01    1.2683436e+01     9.0192612e-01
 4350.0 4450.0     8.6281094e-01    1.2473534e+01     9.0225819e-01
 4450.0 4550.0     8.7309974e-01    1.2235798e+01     9.0249784e-01
 4550.0 4650.0     8.7988470e-01    1.1978326e+01     9.0266542e-01
 4650.0 4750.0     8.8672240e-01    1.1726272e+01     9.0283299e-01
 4750.0 4850.0     8.9361323e-01    1.1479522e+01     9.0300057e-01
 4850.0 4950.0     9.0055760e-01    1.1237965e+01     9.0316814e-01
 4950.0 5050.0     9.0755595e-01    1.1001490e+01     9.0333571e-01
 5050.0 5150.0     9.1460868e-01    1.0769991e+01     9.0350329e-01
 5150.0 5250.0     9.2171622e-01    1.0543363e+01     9.0367086e-01
 5250.0 5350.0     9.2887899e-01    1.0321505e+01     9.0383844e-01
 5350.0 5450.0     9.3609742e-01    1.0104314e+01     9.0400601e-01
 5450.0 5550.0     9.4337195e-01    9.8916943e+00     9.0417359e-01
 5550.0 5650.0     9.5031672e-01    9.6828899e+00     9.0432690e-01
 5650.0 5750.0     9.5472825e-01    9.4741844e+00     9.0438515e-01
 5750.0 5850.0     9.5696706e-01    9.2663283e+00     9.0436260e-01
 5850.0 5950.0     9.5921113e-01    9.0630324e+00     9.0434005e-01
 5950.0 6050.0     9.6146046e-01    8.8641966e+00     9.0431749e-01
 6050.0 6150.0     9.6371507e-01    8.6697232e+00     9.0429494e-01
 6150.0 6250.0     9.6597496e-01    8.4795164e+00     9.0427239e-01
 6250.0 6350.0     9.6824015e-01    8.2934825e+00     9.0424984e-01
 6350.0 6450.0     9.7051065e-01    8.1115301e+00     9.0422728e-01
 6450.0 6550.0     9.7278648e-01    7.9335695e+00     9.0420473e-01
 6550.0 6650.0     9.7506765e-01    7.7595133e+00     9.0418218e-01
 6650.0 6750.0     9.7735416e-01    7.5892757e+00     9.0415963e-01
 6750.0 6850.0     9.7964604e-01    7.4227730e+00     9.0413707e-01
 6850.0 6950.0     9.8144060e-01    7.2594748e+00     9.0405505e-01
 6950.0 7050.0     9.8242777e-01    7.0990518e+00     9.0387710e-01
 7050.0 7150.0     9.8310778e-01    6.9419051e+00     9.0366271e-01
 7150.0 7250.0     9.8378827e-01    6.7882371e+00     9.0344831e-01
 7250.0 7350.0     9.8446922e-01    6.6379707e+00     9.0323392e-01
 7350.0 7450.0     9.8515065e-01    6.4910306e+00     9.0301952e-01
 7450.0 7550.0     9.8583254e-01    6.3473433e+00     9.0280513e-01
 7550.0 7650.0     9.8651491e-01    6.2068366e+00     9.0259073e-01
 7650.0 7750.0     9.8719775e-01    6.0694403e+00     9.0237633e-01
 7750.0 7850.0     9.8788107e-01    5.9350854e+00     9.0216194e-01
 7850.0 7950.0     9.8856486e-01    5.8037046e+00     9.0194754e-01
 7950.0 8050.0     9.8924912e-01    5.6752321e+00     9.0173315e-01
 8050.0 8150.0     9.8993385e-01    5.5496035e+00     9.0151875e-01
 8150.0 8250.0     9.9061906e-01    5.4267559e+00     9.0130436e-01
 8250.0 8350.0     9.9130474e-01    5.3066276e+00     9.0108996e-01
 8350.0 8450.0     9.9199090e-01    5.1891586e+00     9.0087556e-01
 8450.0 8550.0     9.9267753e-01    5.0742898e+00     9.0066117e-01
