 1216.0 1216.0     2.8043048e-01    4.0272391e+01     9.6604405e-01
 1300.0 1350.0     2.9708183e-01    3.9162767e+01     9.6381398e-01
 1350.0 1400.0     3.0464543e-01    3.8515476e+01     9.6240067e-01
 1400.0 1450.0     3.1188647e-01    3.7685632e+01     9.6047376e-01
 1450.0 1500.0     3.1917383e-01    3.6828108e+01     9.5842358e-01
 1500.0 1550.0     3.2663147e-01    3.5990096e+01     9.5637340e-01
 1550.0 1600.0     3.3426335e-01    3.5171153e+01     9.5432322e-01
 1600.0 1650.0     3.4133779e-01    3.4452742e+01     9.5247554e-01
 1650.0 1700.0     3.4661131e-01    3.3963140e+01     9.5116072e-01
 1700.0 1750.0     3.5075412e-01    3.3613056e+01     9.5017629e-01
 1754.0 1770.0     3.5384603e-01    3.3355917e+01     9.4944781e-01
 1770.0 1786.0     3.5519394e-01    3.3245505e+01     9.4913279e-01
 1786.0 1802.0     3.5654697e-01    3.3135458e+01     9.4881778e-01
 1802.0 1818.0     3.5790517e-01    3.3025776e+01     9.4850276e-01
 1818.0 1835.0     3.5931131e-01    3.2913052e+01     9.4817789e-01
 1835.0 1852.0     3.6076575e-01    3.2797309e+01     9.4784319e-01
 1852.0 1869.0     3.6222608e-01    3.2681973e+01     9.4750848e-01
 1869.0 1887.0     3.6373562e-01    3.2563674e+01     9.4716393e-01
 1887.0 1905.0     3.6529477e-01    3.2442436e+01     9.4680953e-01
 1905.0 1923.0     3.6686059e-01    3.2321649e+01     9.4645514e-01
 1923.0 1942.0     3.6847701e-01    3.2197982e+01     9.4609090e-01
 1942.0 1961.0     3.7014442e-01    3.2071459e+01     9.4571681e-01
 1961.0 1980.0     3.7207336e-01    3.1921070e+01     9.4526815e-01
 1980.0 2000.0     3.7448167e-01    3.1727631e+01     9.4468535e-01
 2000.0 2020.0     3.7712083e-01    3.1515966e+01     9.4404299e-01
 2020.0 2041.0     3.7984553e-01    3.1300493e+01     9.4338458e-01
 2041.0 2062.0     3.8265684e-01    3.1081274e+01     9.4271010e-01
 2062.0 2083.0     3.8548896e-01    3.0863591e+01     9.4203562e-01
 2083.0 2105.0     3.8841048e-01    3.0642322e+01     9.4134508e-01
 2105.0 2128.0     3.9149161e-01    3.0412460e+01     9.4062243e-01
 2128.0 2151.0     3.9466619e-01    3.0179253e+01     9.3988371e-01
 2151.0 2174.0     3.9786651e-01    2.9947834e+01     9.3914500e-01
 2174.0 2200.0     4.0130500e-01    2.9703335e+01     9.3835811e-01
 2200.0 2222.0     4.0470004e-01    2.9465623e+01     9.3758727e-01
 2222.0 2247.0     4.0805424e-01    2.9234841e+01     9.3683250e-01
 2247.0 2273.0     4.1172472e-01    2.8986421e+01     9.3601349e-01
 2273.0 2299.0     4.1550084e-01    2.8735283e+01     9.3517842e-01
 2299.0 2326.0     4.1938555e-01    2.8481575e+01     9.3432729e-01
 2326.0 2353.0     4.2338056e-01    2.8225363e+01     9.3346011e-01
 2353.0 2381.0     4.2748904e-01    2.7966796e+01     9.3257686e-01
 2381.0 2410.0     4.3321027e-01    2.7619959e+01     9.3157769e-01
 2410.0 2439.0     4.4067809e-01    2.7182495e+01     9.3046897e-01
 2439.0 2469.0     4.4857831e-01    2.6735294e+01     9.2933130e-01
 2469.0 2500.0     4.5689529e-01    2.6280668e+01     9.2815506e-01
 2500.0 2532.0     4.6564686e-01    2.5819249e+01     9.2694026e-01
 2532.0 2564.0     4.7470762e-01    2.5358737e+01     9.2570617e-01
 2564.0 2597.0     4.8409186e-01    2.4899500e+01     9.2445280e-01
 2597.0 2632.0     4.9410936e-01    2.4428031e+01     9.2314159e-01
 2632.0 2667.0     5.0373998e-01    2.3973233e+01     9.2194821e-01
 2667.0 2703.0     5.1260131e-01    2.3546772e+01     9.2092970e-01
 2703.0 2740.0     5.2168136e-01    2.3120668e+01     9.1991578e-01
 2740.0 2778.0     5.3117772e-01    2.2690919e+01     9.1887407e-01
 2778.0 2817.0     5.4110718e-01    2.2258019e+01     9.1780459e-01
 2817.0 2857.0     5.5148749e-01    2.1822457e+01     9.1670733e-01
 2857.0 2899.0     5.6247400e-01    2.1379422e+01     9.1556839e-01
 2899.0 2941.0     5.7395265e-01    2.0934796e+01     9.1440169e-01
 2941.0 2985.0     5.8441751e-01    2.0526796e+01     9.1345315e-01
 2985.0 3030.0     5.9340717e-01    2.0162592e+01     9.1279834e-01
 3030.0 3077.0     6.0231119e-01    1.9805658e+01     9.1220621e-01
 3077.0 3125.0     6.1164504e-01    1.9443680e+01     9.1159476e-01
 3125.0 3175.0     6.2142604e-01    1.9077237e+01     9.1096401e-01
 3175.0 3225.0     6.3156623e-01    1.8710363e+01     9.1032039e-01
 3225.0 3275.0     6.4180805e-01    1.8353741e+01     9.0972917e-01
 3275.0 3325.0     6.5194677e-01    1.8017048e+01     9.0935631e-01
 3325.0 3375.0     6.6204036e-01    1.7696474e+01     9.0914940e-01
 3375.0 3425.0     6.7229023e-01    1.7381604e+01     9.0894249e-01
 3425.0 3450.0     6.8006659e-01    1.7148615e+01     9.0878731e-01
 3450.0 3550.0     6.9320542e-01    1.6779065e+01     9.0855325e-01
 3550.0 3650.0     7.1311167e-01    1.6298559e+01     9.0847118e-01
 3650.0 3750.0     7.3212066e-01    1.5927000e+01     9.0867170e-01
 3750.0 3850.0     7.5163637e-01    1.5563912e+01     9.0887222e-01
 3850.0 3950.0     7.7085877e-01    1.5234225e+01     9.0913160e-01
 3950.0 4050.0     7.8949726e-01    1.4944482e+01     9.0946843e-01
 4050.0 4150.0     8.0802559e-01    1.4670810e+01     9.0982418e-01
 4150.0 4250.0     8.2520514e-01    1.4418155e+01     9.1018188e-01
 4250.0 4350.0     8.4126693e-01    1.4183109e+01     9.1054121e-01
 4350.0 4450.0     8.5658893e-01    1.3947067e+01     9.1088148e-01
 4450.0 4550.0     8.6736512e-01    1.3693324e+01     9.1113513e-01
 4550.0 4650.0     8.7451947e-01    1.3427418e+01     9.1132121e-01
 4650.0 4750.0     8.8173284e-01    1.3166675e+01     9.1150729e-01
 4750.0 4850.0     8.8900571e-01    1.2910996e+01     9.1169338e-01
 4850.0 4950.0     8.9633856e-01    1.2660281e+01     9.1187946e-01
 4950.0 5050.0     9.0373190e-01    1.2414435e+01     9.1206554e-01
 5050.0 5150.0     9.1118622e-01    1.2173364e+01     9.1225162e-01
 5150.0 5250.0     9.1870203e-01    1.1936973e+01     9.1243771e-01
 5250.0 5350.0     9.2627983e-01    1.1705173e+01     9.1262379e-01
 5350.0 5450.0     9.3392014e-01    1.1477874e+01     9.1280987e-01
 5450.0 5550.0     9.4162346e-01    1.1254988e+01     9.1299596e-01
 5550.0 5650.0     9.4897794e-01    1.1036138e+01     9.1316889e-01
 5650.0 5750.0     9.5363037e-01    1.0819616e+01     9.1325414e-01
 5750.0 5850.0     9.5596408e-01    1.0605711e+01     9.1326487e-01
 5850.0 5950.0     9.5830350e-01    1.0396035e+01     9.1327559e-01
 5950.0 6050.0     9.6064865e-01    1.0190504e+01     9.1328632e-01
 6050.0 6150.0     9.6299954e-01    9.9890361e+00     9.1329705e-01
 6150.0 6250.0     9.6535618e-01    9.7915515e+00     9.1330778e-01
 6250.0 6350.0     9.6771858e-01    9.5979712e+00     9.1331850e-01
 6350.0 6450.0     9.7008677e-01    9.4082181e+00     9.1332923e-01
 6450.0 6550.0     9.7246076e-01    9.2222164e+00     9.1333996e-01
 6550.0 6650.0     9.7484055e-01    9.0398919e+00     9.1335068e-01
 6650.0 6750.0     9.7722616e-01    8.8611720e+00     9.1336141e-01
 6750.0 6850.0     9.7961762e-01    8.6859855e+00     9.1337214e-01
 6850.0 6950.0     9.8148360e-01    8.5127472e+00     9.1332900e-01
 6950.0 7050.0     9.8249629e-01    8.3405395e+00     9.1319900e-01
 7050.0 7150.0     9.8318432e-01    8.1709059e+00     9.1303598e-01
 7150.0 7250.0     9.8387284e-01    8.0047223e+00     9.1287297e-01
 7250.0 7350.0     9.8456184e-01    7.8419187e+00     9.1270995e-01
 7350.0 7450.0     9.8525132e-01    7.6824262e+00     9.1254694e-01
 7450.0 7550.0     9.8594128e-01    7.5261776e+00     9.1238392e-01
 7550.0 7650.0     9.8663173e-01    7.3731068e+00     9.1222091e-01
 7650.0 7750.0     9.8732266e-01    7.2231493e+00     9.1205789e-01
 7750.0 7850.0     9.8801407e-01    7.0762416e+00     9.1189488e-01
 7850.0 7950.0     9.8870597e-01    6.9323218e+00     9.1173186e-01
 7950.0 8050.0     9.8939835e-01    6.7913292e+00     9.1156885e-01
 8050.0 8150.0     9.9009122e-01    6.6532041e+00     9.1140583e-01
 8150.0 8250.0     9.9078457e-01    6.5178882e+00     9.1124282e-01
 8250.0 8350.0     9.9147841e-01    6.3853245e+00     9.1107980e-01
 8350.0 8450.0     9.9217274e-01    6.2554569e+00     9.1091678e-01
 8450.0 8550.0     9.9286755e-01    6.1282306e+00     9.1075377e-01
