 1216.0 1216.0     3.0820437e-01    3.0229430e+01     9.5946868e-01
 1300.0 1350.0     3.2694606e-01    2.9517920e+01     9.5678794e-01
 1350.0 1400.0     3.3526260e-01    2.9076215e+01     9.5509387e-01
 1400.0 1450.0     3.4294068e-01    2.8483668e+01     9.5278880e-01
 1450.0 1500.0     3.5058719e-01    2.7866047e+01     9.5033709e-01
 1500.0 1550.0     3.5840420e-01    2.7261818e+01     9.4788538e-01
 1550.0 1600.0     3.6639550e-01    2.6670691e+01     9.4543367e-01
 1600.0 1650.0     3.7379866e-01    2.6152569e+01     9.4321931e-01
 1650.0 1700.0     3.7932041e-01    2.5801954e+01     9.4162958e-01
 1700.0 1750.0     3.8366170e-01    2.5553520e+01     9.4042711e-01
 1754.0 1770.0     3.8690058e-01    2.5370954e+01     9.3953729e-01
 1770.0 1786.0     3.8831208e-01    2.5292526e+01     9.3915250e-01
 1786.0 1802.0     3.8972872e-01    2.5214340e+01     9.3876771e-01
 1802.0 1818.0     3.9115054e-01    2.5136396e+01     9.3838292e-01
 1818.0 1835.0     3.9262230e-01    2.5056273e+01     9.3798611e-01
 1835.0 1852.0     3.9414436e-01    2.4973984e+01     9.3757727e-01
 1852.0 1869.0     3.9567233e-01    2.4891966e+01     9.3716843e-01
 1869.0 1887.0     3.9725151e-01    2.4807821e+01     9.3674757e-01
 1887.0 1905.0     3.9888230e-01    2.4721564e+01     9.3631468e-01
 1905.0 1923.0     4.0051978e-01    2.4635608e+01     9.3588179e-01
 1923.0 1942.0     4.0220984e-01    2.4547579e+01     9.3543688e-01
 1942.0 1961.0     4.0395291e-01    2.4457494e+01     9.3497994e-01
 1961.0 1980.0     4.0595227e-01    2.4349940e+01     9.3443223e-01
 1980.0 2000.0     4.0842395e-01    2.4210946e+01     9.3372121e-01
 2000.0 2020.0     4.1112434e-01    2.4058627e+01     9.3293765e-01
 2020.0 2041.0     4.1391099e-01    2.3903506e+01     9.3213450e-01
 2041.0 2062.0     4.1678496e-01    2.3745627e+01     9.3131176e-01
 2062.0 2083.0     4.1967889e-01    2.3588790e+01     9.3048902e-01
 2083.0 2105.0     4.2266278e-01    2.3429305e+01     9.2964669e-01
 2105.0 2128.0     4.2580818e-01    2.3263557e+01     9.2876519e-01
 2128.0 2151.0     4.2904741e-01    2.3095324e+01     9.2786410e-01
 2151.0 2174.0     4.3231128e-01    2.2928307e+01     9.2696300e-01
 2174.0 2200.0     4.3581619e-01    2.2751768e+01     9.2600314e-01
 2200.0 2222.0     4.3927512e-01    2.2580056e+01     9.2506287e-01
 2222.0 2247.0     4.4269056e-01    2.2413268e+01     9.2414218e-01
 2247.0 2273.0     4.4642612e-01    2.2233651e+01     9.2314314e-01
 2273.0 2299.0     4.5026705e-01    2.2051980e+01     9.2212452e-01
 2299.0 2326.0     4.5421619e-01    2.1868357e+01     9.2108630e-01
 2326.0 2353.0     4.5827512e-01    2.1682827e+01     9.2002849e-01
 2353.0 2381.0     4.6244686e-01    2.1495494e+01     9.1895110e-01
 2381.0 2410.0     4.6822864e-01    2.1245777e+01     9.1773318e-01
 2410.0 2439.0     4.7574981e-01    2.0932013e+01     9.1638265e-01
 2439.0 2469.0     4.8369551e-01    2.0611033e+01     9.1499693e-01
 2469.0 2500.0     4.9205010e-01    2.0284346e+01     9.1356424e-01
 2500.0 2532.0     5.0083013e-01    1.9952382e+01     9.1208458e-01
 2532.0 2564.0     5.0990866e-01    1.9620669e+01     9.1058143e-01
 2564.0 2597.0     5.1929884e-01    1.9289460e+01     9.0905480e-01
 2597.0 2632.0     5.2930896e-01    1.8948991e+01     9.0745770e-01
 2632.0 2667.0     5.3883393e-01    1.8617651e+01     9.0599844e-01
 2667.0 2703.0     5.4746932e-01    1.8303391e+01     9.0474512e-01
 2703.0 2740.0     5.5628117e-01    1.7988520e+01     9.0349580e-01
 2740.0 2778.0     5.6548219e-01    1.7670661e+01     9.0221226e-01
 2778.0 2817.0     5.7508691e-01    1.7350170e+01     9.0089448e-01
 2817.0 2857.0     5.8511068e-01    1.7027393e+01     8.9954248e-01
 2857.0 2899.0     5.9570110e-01    1.6698748e+01     8.9813914e-01
 2899.0 2941.0     6.0674617e-01    1.6368586e+01     8.9670157e-01
 2941.0 2985.0     6.1672764e-01    1.6061779e+01     8.9552274e-01
 2985.0 3030.0     6.2517848e-01    1.5782573e+01     8.9469206e-01
 3030.0 3077.0     6.3349961e-01    1.5507346e+01     8.9393433e-01
 3077.0 3125.0     6.4220771e-01    1.5228154e+01     8.9315190e-01
 3125.0 3175.0     6.5131690e-01    1.4945439e+01     8.9234475e-01
 3175.0 3225.0     6.6074384e-01    1.4662310e+01     8.9152114e-01
 3225.0 3275.0     6.7024811e-01    1.4386658e+01     8.9076005e-01
 3275.0 3325.0     6.7964021e-01    1.4124876e+01     8.9025951e-01
 3325.0 3375.0     6.8897420e-01    1.3874434e+01     8.8995698e-01
 3375.0 3425.0     6.9843639e-01    1.3628432e+01     8.8965444e-01
 3425.0 3450.0     7.0560590e-01    1.3446394e+01     8.8942755e-01
 3450.0 3550.0     7.1770236e-01    1.3158182e+01     8.8907893e-01
 3550.0 3650.0     7.3616745e-01    1.2789987e+01     8.8887282e-01
 3650.0 3750.0     7.5392872e-01    1.2512781e+01     8.8900656e-01
 3750.0 3850.0     7.7211852e-01    1.2241583e+01     8.8914029e-01
 3850.0 3950.0     7.8999907e-01    1.1996214e+01     8.8934682e-01
 3950.0 4050.0     8.0730509e-01    1.1781945e+01     8.8964912e-01
 4050.0 4150.0     8.2446626e-01    1.1579104e+01     8.8997515e-01
 4150.0 4250.0     8.4030243e-01    1.1387869e+01     8.9030552e-01
 4250.0 4350.0     8.5503808e-01    1.1206511e+01     8.9063949e-01
 4350.0 4450.0     8.6905441e-01    1.1018975e+01     8.9095154e-01
 4450.0 4550.0     8.7882227e-01    1.0794056e+01     8.9116396e-01
 4550.0 4650.0     8.8521223e-01    1.0542358e+01     8.9129866e-01
 4650.0 4750.0     8.9164864e-01    1.0296529e+01     8.9143337e-01
 4750.0 4850.0     8.9813186e-01    1.0056432e+01     8.9156807e-01
 4850.0 4950.0     9.0466221e-01    9.8219342e+00     8.9170278e-01
 4950.0 5050.0     9.1124004e-01    9.5929043e+00     8.9183748e-01
 5050.0 5150.0     9.1786571e-01    9.3692149e+00     8.9197219e-01
 5150.0 5250.0     9.2453955e-01    9.1507416e+00     8.9210690e-01
 5250.0 5350.0     9.3126191e-01    8.9373627e+00     8.9224160e-01
 5350.0 5450.0     9.3803315e-01    8.7289594e+00     8.9237631e-01
 5450.0 5550.0     9.4485363e-01    8.5254157e+00     8.9251101e-01
 5550.0 5650.0     9.5136573e-01    8.3257763e+00     8.9263008e-01
 5650.0 5750.0     9.5552830e-01    8.1253143e+00     8.9264491e-01
 5750.0 5850.0     9.5767683e-01    7.9250260e+00     8.9257114e-01
 5850.0 5950.0     9.5983019e-01    7.7296747e+00     8.9249737e-01
 5950.0 6050.0     9.6198839e-01    7.5391389e+00     8.9242360e-01
 6050.0 6150.0     9.6415144e-01    7.3532997e+00     8.9234983e-01
 6150.0 6250.0     9.6631936e-01    7.1720414e+00     8.9227606e-01
 6250.0 6350.0     9.6849215e-01    6.9952512e+00     8.9220229e-01
 6350.0 6450.0     9.7066983e-01    6.8228188e+00     8.9212852e-01
 6450.0 6550.0     9.7285240e-01    6.6546369e+00     8.9205475e-01
 6550.0 6650.0     9.7503988e-01    6.4906006e+00     8.9198097e-01
 6650.0 6750.0     9.7723228e-01    6.3306078e+00     8.9190720e-01
 6750.0 6850.0     9.7942961e-01    6.1745589e+00     8.9183343e-01
 6850.0 6950.0     9.8115825e-01    6.0231413e+00     8.9169270e-01
 6950.0 7050.0     9.8212609e-01    5.8766911e+00     8.9144396e-01
 7050.0 7150.0     9.8280453e-01    5.7342713e+00     8.9115419e-01
 7150.0 7250.0     9.8348344e-01    5.5953029e+00     8.9086441e-01
 7250.0 7350.0     9.8416282e-01    5.4597024e+00     8.9057464e-01
 7350.0 7450.0     9.8484267e-01    5.3273882e+00     8.9028486e-01
 7450.0 7550.0     9.8552299e-01    5.1982805e+00     8.8999508e-01
 7550.0 7650.0     9.8620378e-01    5.0723017e+00     8.8970531e-01
 7650.0 7750.0     9.8688505e-01    4.9493760e+00     8.8941553e-01
 7750.0 7850.0     9.8756678e-01    4.8294293e+00     8.8912576e-01
 7850.0 7950.0     9.8824898e-01    4.7123896e+00     8.8883598e-01
 7950.0 8050.0     9.8893165e-01    4.5981862e+00     8.8854620e-01
 8050.0 8150.0     9.8961480e-01    4.4867505e+00     8.8825643e-01
 8150.0 8250.0     9.9029841e-01    4.3780155e+00     8.8796665e-01
 8250.0 8350.0     9.9098250e-01    4.2719156e+00     8.8767687e-01
 8350.0 8450.0     9.9166706e-01    4.1683870e+00     8.8738710e-01
 8450.0 8550.0     9.9235210e-01    4.0673673e+00     8.8709732e-01
