 1216.0 1216.0     2.9635351e-01    3.3966017e+01     9.6242768e-01
 1300.0 1350.0     3.1418806e-01    3.3106119e+01     9.5995338e-01
 1350.0 1400.0     3.2218233e-01    3.2588044e+01     9.5838657e-01
 1400.0 1450.0     3.2968156e-01    3.1907671e+01     9.5625159e-01
 1450.0 1500.0     3.3718484e-01    3.1201310e+01     9.5398026e-01
 1500.0 1550.0     3.4485890e-01    3.0510586e+01     9.5170892e-01
 1550.0 1600.0     3.5270761e-01    2.9835154e+01     9.4943759e-01
 1600.0 1650.0     3.5997926e-01    2.9242842e+01     9.4738845e-01
 1650.0 1700.0     3.6539776e-01    2.8840572e+01     9.4592405e-01
 1700.0 1750.0     3.6965312e-01    2.8554212e+01     9.4482219e-01
 1754.0 1770.0     3.7282834e-01    2.8343821e+01     9.4400681e-01
 1770.0 1786.0     3.7421228e-01    2.8253458e+01     9.4365421e-01
 1786.0 1802.0     3.7560135e-01    2.8163383e+01     9.4330162e-01
 1802.0 1818.0     3.7699558e-01    2.8073596e+01     9.4294902e-01
 1818.0 1835.0     3.7843889e-01    2.7981307e+01     9.4258541e-01
 1835.0 1852.0     3.7993162e-01    2.7886534e+01     9.4221077e-01
 1852.0 1869.0     3.8143025e-01    2.7792082e+01     9.4183614e-01
 1869.0 1887.0     3.8297921e-01    2.7695191e+01     9.4145049e-01
 1887.0 1905.0     3.8457890e-01    2.7595879e+01     9.4105381e-01
 1905.0 1923.0     3.8618527e-01    2.7496924e+01     9.4065714e-01
 1923.0 1942.0     3.8784335e-01    2.7395594e+01     9.4024945e-01
 1942.0 1961.0     3.8955356e-01    2.7291909e+01     9.3983075e-01
 1961.0 1980.0     3.9152461e-01    2.7168492e+01     9.3932851e-01
 1980.0 2000.0     3.9397487e-01    2.7009507e+01     9.3867606e-01
 2000.0 2020.0     3.9665636e-01    2.6835446e+01     9.3795691e-01
 2020.0 2041.0     3.9942407e-01    2.6658212e+01     9.3721978e-01
 2041.0 2062.0     4.0227906e-01    2.6477855e+01     9.3646467e-01
 2062.0 2083.0     4.0515446e-01    2.6298717e+01     9.3570956e-01
 2083.0 2105.0     4.0811987e-01    2.6116585e+01     9.3493647e-01
 2105.0 2128.0     4.1124645e-01    2.5927331e+01     9.3412742e-01
 2128.0 2151.0     4.1446699e-01    2.5735274e+01     9.3330039e-01
 2151.0 2174.0     4.1771276e-01    2.5544640e+01     9.3247337e-01
 2174.0 2200.0     4.2119905e-01    2.5343175e+01     9.3159241e-01
 2200.0 2222.0     4.2464036e-01    2.5147252e+01     9.3072942e-01
 2222.0 2247.0     4.2803924e-01    2.4956985e+01     9.2988442e-01
 2247.0 2273.0     4.3175754e-01    2.4752121e+01     9.2896750e-01
 2273.0 2299.0     4.3558168e-01    2.4544954e+01     9.2803260e-01
 2299.0 2326.0     4.3951455e-01    2.4335604e+01     9.2707972e-01
 2326.0 2353.0     4.4355781e-01    2.4124124e+01     9.2610886e-01
 2353.0 2381.0     4.4771453e-01    2.3910634e+01     9.2512003e-01
 2381.0 2410.0     4.5348071e-01    2.3625057e+01     9.2400171e-01
 2410.0 2439.0     4.6098707e-01    2.3265455e+01     9.2276111e-01
 2439.0 2469.0     4.6892123e-01    2.2897679e+01     9.2148813e-01
 2469.0 2500.0     4.7726795e-01    2.2523547e+01     9.2017201e-01
 2500.0 2532.0     4.8604432e-01    2.2143564e+01     9.1881273e-01
 2532.0 2564.0     4.9512394e-01    2.1764063e+01     9.1743188e-01
 2564.0 2597.0     5.0452043e-01    2.1385339e+01     9.1602945e-01
 2597.0 2632.0     5.1454298e-01    2.0996240e+01     9.1456229e-01
 2632.0 2667.0     5.2412402e-01    2.0619251e+01     9.1322415e-01
 2667.0 2703.0     5.3286873e-01    2.0263748e+01     9.1207816e-01
 2703.0 2740.0     5.4180865e-01    1.9908021e+01     9.1093651e-01
 2740.0 2778.0     5.5114972e-01    1.9549051e+01     9.0976359e-01
 2778.0 2817.0     5.6090747e-01    1.9187242e+01     9.0855939e-01
 2817.0 2857.0     5.7109823e-01    1.8822993e+01     9.0732390e-01
 2857.0 2899.0     5.8187309e-01    1.8452268e+01     9.0604151e-01
 2899.0 2941.0     5.9311899e-01    1.8079982e+01     9.0472783e-01
 2941.0 2985.0     6.0332361e-01    1.7736213e+01     9.0365476e-01
 2985.0 3030.0     6.1202279e-01    1.7426383e+01     9.0290552e-01
 3030.0 3077.0     6.2061198e-01    1.7121832e+01     9.0222472e-01
 3077.0 3125.0     6.2960709e-01    1.6812906e+01     9.0152171e-01
 3125.0 3175.0     6.3902361e-01    1.6500093e+01     9.0079650e-01
 3175.0 3225.0     6.4877600e-01    1.6186835e+01     9.0005650e-01
 3225.0 3275.0     6.5861499e-01    1.5882057e+01     8.9937444e-01
 3275.0 3325.0     6.6834098e-01    1.5593422e+01     8.9893382e-01
 3325.0 3375.0     6.7801068e-01    1.5317909e+01     8.9867671e-01
 3375.0 3425.0     6.8782029e-01    1.5047264e+01     8.9841960e-01
 3425.0 3450.0     6.9525707e-01    1.4846981e+01     8.9822677e-01
 3450.0 3550.0     7.0781070e-01    1.4529600e+01     8.9793270e-01
 3550.0 3650.0     7.2689888e-01    1.4121083e+01     8.9778738e-01
 3650.0 3750.0     7.4518871e-01    1.3809944e+01     8.9795630e-01
 3750.0 3850.0     7.6393875e-01    1.3505661e+01     8.9812522e-01
 3850.0 3950.0     7.8238349e-01    1.3230169e+01     8.9836037e-01
 3950.0 4050.0     8.0024653e-01    1.2989279e+01     8.9868265e-01
 4050.0 4150.0     8.1797666e-01    1.2761526e+01     8.9902638e-01
 4150.0 4250.0     8.3436540e-01    1.2548719e+01     8.9937325e-01
 4250.0 4350.0     8.4964079e-01    1.2348532e+01     8.9972271e-01
 4350.0 4450.0     8.6418773e-01    1.2144049e+01     9.0005448e-01
 4450.0 4550.0     8.7436462e-01    1.1909446e+01     9.0030579e-01
 4550.0 4650.0     8.8106405e-01    1.1653409e+01     9.0049434e-01
 4650.0 4750.0     8.8781481e-01    1.1402877e+01     9.0068289e-01
 4750.0 4850.0     8.9461730e-01    1.1157731e+01     9.0087144e-01
 4850.0 4950.0     9.0147190e-01    1.0917855e+01     9.0105999e-01
 4950.0 5050.0     9.0837903e-01    1.0683136e+01     9.0124855e-01
 5050.0 5150.0     9.1533908e-01    1.0453464e+01     9.0143710e-01
 5150.0 5250.0     9.2235245e-01    1.0228728e+01     9.0162565e-01
 5250.0 5350.0     9.2941957e-01    1.0008825e+01     9.0181420e-01
 5350.0 5450.0     9.3654083e-01    9.7936489e+00     9.0200276e-01
 5450.0 5550.0     9.4371666e-01    9.5830990e+00     9.0219131e-01
 5550.0 5650.0     9.5056735e-01    9.3763918e+00     9.0236135e-01
 5650.0 5750.0     9.5492485e-01    9.1696708e+00     9.0240796e-01
 5750.0 5850.0     9.5714425e-01    8.9637201e+00     9.0234966e-01
 5850.0 5950.0     9.5936880e-01    8.7623951e+00     9.0229135e-01
 5950.0 6050.0     9.6159852e-01    8.5655918e+00     9.0223305e-01
 6050.0 6150.0     9.6383343e-01    8.3732087e+00     9.0217475e-01
 6150.0 6250.0     9.6607353e-01    8.1851466e+00     9.0211645e-01
 6250.0 6350.0     9.6831884e-01    8.0013083e+00     9.0205815e-01
 6350.0 6450.0     9.7056936e-01    7.8215990e+00     9.0199985e-01
 6450.0 6550.0     9.7282512e-01    7.6459260e+00     9.0194155e-01
 6550.0 6650.0     9.7508611e-01    7.4741986e+00     9.0188325e-01
 6650.0 6750.0     9.7735237e-01    7.3063283e+00     9.0182494e-01
 6750.0 6850.0     9.7962389e-01    7.1422282e+00     9.0176664e-01
 6850.0 6950.0     9.8140404e-01    6.9815771e+00     9.0165544e-01
 6950.0 7050.0     9.8238648e-01    6.8241610e+00     9.0145893e-01
 7050.0 7150.0     9.8306545e-01    6.6701523e+00     9.0122999e-01
 7150.0 7250.0     9.8374490e-01    6.5196193e+00     9.0100105e-01
 7250.0 7350.0     9.8442481e-01    6.3724836e+00     9.0077211e-01
 7350.0 7450.0     9.8510519e-01    6.2286685e+00     9.0054317e-01
 7450.0 7550.0     9.8578605e-01    6.0880990e+00     9.0031423e-01
 7550.0 7650.0     9.8646737e-01    5.9507019e+00     9.0008529e-01
 7650.0 7750.0     9.8714917e-01    5.8164056e+00     8.9985635e-01
 7750.0 7850.0     9.8783143e-01    5.6851401e+00     8.9962741e-01
 7850.0 7950.0     9.8851417e-01    5.5568370e+00     8.9939847e-01
 7950.0 8050.0     9.8919738e-01    5.4314295e+00     8.9916953e-01
 8050.0 8150.0     9.8988106e-01    5.3088522e+00     8.9894059e-01
 8150.0 8250.0     9.9056521e-01    5.1890413e+00     8.9871165e-01
 8250.0 8350.0     9.9124984e-01    5.0719342e+00     8.9848271e-01
 8350.0 8450.0     9.9193494e-01    4.9574701e+00     8.9825377e-01
 8450.0 8550.0     9.9262051e-01    4.8455892e+00     8.9802483e-01
