 1216.0 1216.0     3.9955550e-01    1.9902365e+01     9.2068820e-01
 1300.0 1350.0     4.2717725e-01    1.9828351e+01     9.1448900e-01
 1350.0 1400.0     4.3844525e-01    1.9672295e+01     9.1084853e-01
 1400.0 1450.0     4.4736495e-01    1.9358292e+01     9.0615964e-01
 1450.0 1500.0     4.5582232e-01    1.9011640e+01     9.0121912e-01
 1500.0 1550.0     4.6443958e-01    1.8671195e+01     8.9627861e-01
 1550.0 1600.0     4.7321974e-01    1.8336847e+01     8.9133809e-01
 1600.0 1650.0     4.8132050e-01    1.8044669e+01     8.8681248e-01
 1650.0 1700.0     4.8732191e-01    1.7851926e+01     8.8337870e-01
 1700.0 1750.0     4.9200801e-01    1.7719960e+01     8.8062186e-01
 1754.0 1770.0     4.9549961e-01    1.7622824e+01     8.7858180e-01
 1770.0 1786.0     4.9701937e-01    1.7581031e+01     8.7769961e-01
 1786.0 1802.0     4.9854378e-01    1.7539337e+01     8.7681742e-01
 1802.0 1818.0     5.0007288e-01    1.7497743e+01     8.7593523e-01
 1818.0 1835.0     5.0165474e-01    1.7454953e+01     8.7502547e-01
 1835.0 1852.0     5.0328970e-01    1.7410975e+01     8.7408815e-01
 1852.0 1869.0     5.0492998e-01    1.7367107e+01     8.7315082e-01
 1869.0 1887.0     5.0662417e-01    1.7322066e+01     8.7218593e-01
 1887.0 1905.0     5.0837262e-01    1.7275859e+01     8.7119347e-01
 1905.0 1923.0     5.1012710e-01    1.7229775e+01     8.7020100e-01
 1923.0 1942.0     5.1193671e-01    1.7182540e+01     8.6918097e-01
 1942.0 1961.0     5.1380182e-01    1.7134162e+01     8.6813337e-01
 1961.0 1980.0     5.1586930e-01    1.7073951e+01     8.6690545e-01
 1980.0 2000.0     5.1832149e-01    1.6992796e+01     8.6534941e-01
 2000.0 2020.0     5.2096616e-01    1.6902838e+01     8.6364559e-01
 2020.0 2041.0     5.2369113e-01    1.6811131e+01     8.6189917e-01
 2041.0 2062.0     5.2649716e-01    1.6717698e+01     8.6011016e-01
 2062.0 2083.0     5.2931822e-01    1.6624783e+01     8.5832115e-01
 2083.0 2105.0     5.3222230e-01    1.6530197e+01     8.5648954e-01
 2105.0 2128.0     5.3527852e-01    1.6431789e+01     8.5457274e-01
 2128.0 2151.0     5.3842059e-01    1.6331792e+01     8.5261335e-01
 2151.0 2174.0     5.4158110e-01    1.6232404e+01     8.5065395e-01
 2174.0 2200.0     5.4496880e-01    1.6127220e+01     8.4856677e-01
 2200.0 2222.0     5.4830641e-01    1.6024797e+01     8.4652218e-01
 2222.0 2247.0     5.5159576e-01    1.5925183e+01     8.4452019e-01
 2247.0 2273.0     5.5518692e-01    1.5817778e+01     8.4234782e-01
 2273.0 2299.0     5.5887234e-01    1.5709006e+01     8.4013285e-01
 2299.0 2326.0     5.6265405e-01    1.5598918e+01     8.3787529e-01
 2326.0 2353.0     5.6653319e-01    1.5487540e+01     8.3557513e-01
 2353.0 2381.0     5.7051190e-01    1.5374924e+01     8.3323237e-01
 2381.0 2410.0     5.7592162e-01    1.5224841e+01     8.3058644e-01
 2410.0 2439.0     5.8286302e-01    1.5036163e+01     8.2765478e-01
 2439.0 2469.0     5.9016041e-01    1.4842694e+01     8.2464699e-01
 2469.0 2500.0     5.9780124e-01    1.4645284e+01     8.2153723e-01
 2500.0 2532.0     6.0579644e-01    1.4444157e+01     8.1832552e-01
 2532.0 2564.0     6.1402718e-01    1.4242643e+01     8.1506283e-01
 2564.0 2597.0     6.2250190e-01    1.4040881e+01     8.1174915e-01
 2597.0 2632.0     6.3149392e-01    1.3832887e+01     8.0828254e-01
 2632.0 2667.0     6.3964809e-01    1.3612728e+01     8.0507665e-01
 2667.0 2703.0     6.4650998e-01    1.3381760e+01     8.0226999e-01
 2703.0 2740.0     6.5337668e-01    1.3146446e+01     7.9946142e-01
 2740.0 2778.0     6.6050747e-01    1.2908994e+01     7.9657590e-01
 2778.0 2817.0     6.6790938e-01    1.2669671e+01     7.9361343e-01
 2817.0 2857.0     6.7558977e-01    1.2428742e+01     7.9057402e-01
 2857.0 2899.0     6.8365584e-01    1.2183539e+01     7.8741919e-01
 2899.0 2941.0     6.9201728e-01    1.1937310e+01     7.8418741e-01
 2941.0 2985.0     6.9920768e-01    1.1689143e+01     7.8146366e-01
 2985.0 3030.0     7.0476388e-01    1.1436016e+01     7.7942220e-01
 3030.0 3077.0     7.1004217e-01    1.1179713e+01     7.7751348e-01
 3077.0 3125.0     7.1553384e-01    1.0921047e+01     7.7554252e-01
 3125.0 3175.0     7.2124368e-01    1.0660515e+01     7.7350933e-01
 3175.0 3225.0     7.2711654e-01    1.0401008e+01     7.7143463e-01
 3225.0 3275.0     7.3303514e-01    1.0147147e+01     7.6948827e-01
 3275.0 3325.0     7.3899320e-01    9.8967332e+00     7.6807660e-01
 3325.0 3375.0     7.4499305e-01    9.6504241e+00     7.6707130e-01
 3375.0 3425.0     7.5104162e-01    9.4102451e+00     7.6606600e-01
 3425.0 3450.0     7.5560562e-01    9.2334920e+00     7.6531203e-01
 3450.0 3550.0     7.6333592e-01    8.9566347e+00     7.6411798e-01
 3550.0 3650.0     7.7620259e-01    8.6052613e+00     7.6295211e-01
 3650.0 3750.0     7.8964572e-01    8.3439057e+00     7.6250583e-01
 3750.0 3850.0     8.0332166e-01    8.0904878e+00     7.6205955e-01
 3850.0 3950.0     8.1700441e-01    7.8569809e+00     7.6181554e-01
 3950.0 4050.0     8.3061640e-01    7.6462063e+00     7.6183769e-01
 4050.0 4150.0     8.4417388e-01    7.4435428e+00     7.6193715e-01
 4150.0 4250.0     8.5671750e-01    7.2387537e+00     7.6211565e-01
 4250.0 4350.0     8.6842101e-01    7.0334111e+00     7.6235974e-01
 4350.0 4450.0     8.7947916e-01    6.8186084e+00     7.6259035e-01
 4450.0 4550.0     8.8699693e-01    6.5432372e+00     7.6275963e-01
 4550.0 4650.0     8.9171155e-01    6.2275175e+00     7.6288109e-01
 4650.0 4750.0     8.9645124e-01    5.9270316e+00     7.6300255e-01
 4750.0 4850.0     9.0121611e-01    5.6410446e+00     7.6312400e-01
 4850.0 4950.0     9.0600632e-01    5.3688569e+00     7.6324546e-01
 4950.0 5050.0     9.1082198e-01    5.1098025e+00     7.6336692e-01
 5050.0 5150.0     9.1566324e-01    4.8632479e+00     7.6348837e-01
 5150.0 5250.0     9.2053023e-01    4.6285898e+00     7.6360983e-01
 5250.0 5350.0     9.2542310e-01    4.4052543e+00     7.6373128e-01
 5350.0 5450.0     9.3034196e-01    4.1926951e+00     7.6385274e-01
 5450.0 5550.0     9.3528698e-01    3.9903921e+00     7.6397420e-01
 5550.0 5650.0     9.4004595e-01    3.7989448e+00     7.6408333e-01
 5650.0 5750.0     9.4340969e-01    3.6236942e+00     7.6411028e-01
 5750.0 5850.0     9.4557981e-01    3.4624549e+00     7.6406737e-01
 5850.0 5950.0     9.4775493e-01    3.3083901e+00     7.6402447e-01
 5950.0 6050.0     9.4993505e-01    3.1611805e+00     7.6398157e-01
 6050.0 6150.0     9.5212019e-01    3.0205212e+00     7.6393866e-01
 6150.0 6250.0     9.5431035e-01    2.8861206e+00     7.6389576e-01
 6250.0 6350.0     9.5650555e-01    2.7577002e+00     7.6385286e-01
 6350.0 6450.0     9.5870580e-01    2.6349940e+00     7.6380995e-01
 6450.0 6550.0     9.6091111e-01    2.5177478e+00     7.6376705e-01
 6550.0 6650.0     9.6312150e-01    2.4057185e+00     7.6372415e-01
 6650.0 6750.0     9.6533697e-01    2.2986741e+00     7.6368125e-01
 6750.0 6850.0     9.6755753e-01    2.1963926e+00     7.6363834e-01
 6850.0 6950.0     9.6939226e-01    2.1040906e+00     7.6350520e-01
 6950.0 7050.0     9.7059987e-01    2.0243193e+00     7.6322652e-01
 7050.0 7150.0     9.7156924e-01    1.9507869e+00     7.6289252e-01
 7150.0 7250.0     9.7253958e-01    1.8799255e+00     7.6255853e-01
 7250.0 7350.0     9.7351088e-01    1.8116381e+00     7.6222454e-01
 7350.0 7450.0     9.7448316e-01    1.7458312e+00     7.6189054e-01
 7450.0 7550.0     9.7545640e-01    1.6824147e+00     7.6155655e-01
 7550.0 7650.0     9.7643062e-01    1.6213018e+00     7.6122256e-01
 7650.0 7750.0     9.7740581e-01    1.5624088e+00     7.6088856e-01
 7750.0 7850.0     9.7838197e-01    1.5056550e+00     7.6055457e-01
 7850.0 7950.0     9.7935911e-01    1.4509628e+00     7.6022058e-01
 7950.0 8050.0     9.8033723e-01    1.3982573e+00     7.5988659e-01
 8050.0 8150.0     9.8131632e-01    1.3474662e+00     7.5955259e-01
 8150.0 8250.0     9.8229639e-01    1.2985202e+00     7.5921860e-01
 8250.0 8350.0     9.8327744e-01    1.2513520e+00     7.5888461e-01
 8350.0 8450.0     9.8425947e-01    1.2058973e+00     7.5855061e-01
 8450.0 8550.0     9.8524248e-01    1.1620936e+00     7.5821662e-01
