 1216.0 1216.0     3.2600002e-01    2.6595126e+01     9.5440057e-01
 1300.0 1350.0     3.4615418e-01    2.6045822e+01     9.5133134e-01
 1350.0 1400.0     3.5496842e-01    2.5684726e+01     9.4940685e-01
 1400.0 1450.0     3.6291472e-01    2.5181566e+01     9.4680264e-01
 1450.0 1500.0     3.7077247e-01    2.4653543e+01     9.4403530e-01
 1500.0 1550.0     3.7880036e-01    2.4136592e+01     9.4126796e-01
 1550.0 1600.0     3.8700207e-01    2.3630480e+01     9.3850062e-01
 1600.0 1650.0     3.9459098e-01    2.3186914e+01     9.3599595e-01
 1650.0 1700.0     4.0023447e-01    2.2887555e+01     9.3418250e-01
 1700.0 1750.0     4.0465747e-01    2.2676200e+01     9.3279761e-01
 1754.0 1770.0     4.0795640e-01    2.2520838e+01     9.3177279e-01
 1770.0 1786.0     4.0939368e-01    2.2454078e+01     9.3132963e-01
 1786.0 1802.0     4.1083602e-01    2.2387516e+01     9.3088646e-01
 1802.0 1818.0     4.1228344e-01    2.2321151e+01     9.3044330e-01
 1818.0 1835.0     4.1378153e-01    2.2252921e+01     9.2998629e-01
 1835.0 1852.0     4.1533061e-01    2.2182839e+01     9.2951543e-01
 1852.0 1869.0     4.1688550e-01    2.2112978e+01     9.2904456e-01
 1869.0 1887.0     4.1849228e-01    2.2041295e+01     9.2855985e-01
 1887.0 1905.0     4.2015134e-01    2.1967803e+01     9.2806129e-01
 1905.0 1923.0     4.2181698e-01    2.1894556e+01     9.2756273e-01
 1923.0 1942.0     4.2353587e-01    2.1819532e+01     9.2705032e-01
 1942.0 1961.0     4.2530840e-01    2.1742745e+01     9.2652407e-01
 1961.0 1980.0     4.2733568e-01    2.1650916e+01     9.2589513e-01
 1980.0 2000.0     4.2983340e-01    2.1532039e+01     9.2508120e-01
 2000.0 2020.0     4.3255913e-01    2.1401685e+01     9.2418498e-01
 2020.0 2041.0     4.3537116e-01    2.1268901e+01     9.2326635e-01
 2041.0 2062.0     4.3827051e-01    2.1133722e+01     9.2232531e-01
 2062.0 2083.0     4.4118917e-01    2.0999402e+01     9.2138428e-01
 2083.0 2105.0     4.4419769e-01    2.0862779e+01     9.2042084e-01
 2105.0 2128.0     4.4736811e-01    2.0720753e+01     9.1941258e-01
 2128.0 2151.0     4.5063213e-01    2.0576559e+01     9.1838193e-01
 2151.0 2174.0     4.5391995e-01    2.0433369e+01     9.1735127e-01
 2174.0 2200.0     4.5744943e-01    2.0281971e+01     9.1625339e-01
 2200.0 2222.0     4.6093155e-01    2.0134672e+01     9.1517792e-01
 2222.0 2247.0     4.6436872e-01    1.9991554e+01     9.1412486e-01
 2247.0 2273.0     4.6812682e-01    1.9837383e+01     9.1298217e-01
 2273.0 2299.0     4.7198961e-01    1.9681402e+01     9.1181708e-01
 2299.0 2326.0     4.7595981e-01    1.9523695e+01     9.1062958e-01
 2326.0 2353.0     4.8003894e-01    1.9364299e+01     9.0941968e-01
 2353.0 2381.0     4.8422988e-01    1.9203302e+01     9.0818737e-01
 2381.0 2410.0     4.9001479e-01    1.8989254e+01     9.0679490e-01
 2410.0 2439.0     4.9751863e-01    1.8720728e+01     9.0525138e-01
 2439.0 2469.0     5.0543860e-01    1.8445895e+01     9.0366770e-01
 2469.0 2500.0     5.1375962e-01    1.8165988e+01     9.0203033e-01
 2500.0 2532.0     5.2249729e-01    1.7881361e+01     9.0033928e-01
 2532.0 2564.0     5.3152460e-01    1.7596746e+01     8.9862139e-01
 2564.0 2597.0     5.4085389e-01    1.7312357e+01     8.9687666e-01
 2597.0 2632.0     5.5079040e-01    1.7019796e+01     8.9505140e-01
 2632.0 2667.0     5.6017785e-01    1.6732617e+01     8.9337927e-01
 2667.0 2703.0     5.6859958e-01    1.6457207e+01     8.9193703e-01
 2703.0 2740.0     5.7716870e-01    1.6180626e+01     8.9049815e-01
 2740.0 2778.0     5.8610710e-01    1.5901308e+01     8.8901985e-01
 2778.0 2817.0     5.9542789e-01    1.5619556e+01     8.8750213e-01
 2817.0 2857.0     6.0514485e-01    1.5335675e+01     8.8594499e-01
 2857.0 2899.0     6.1539963e-01    1.5046502e+01     8.8432872e-01
 2899.0 2941.0     6.2608252e-01    1.4755862e+01     8.8267303e-01
 2941.0 2985.0     6.3567606e-01    1.4482803e+01     8.8130718e-01
 2985.0 3030.0     6.4371206e-01    1.4230161e+01     8.8033119e-01
 3030.0 3077.0     6.5159099e-01    1.3979968e+01     8.7943575e-01
 3077.0 3125.0     6.5982751e-01    1.3726208e+01     8.7851112e-01
 3125.0 3175.0     6.6843382e-01    1.3469284e+01     8.7755728e-01
 3175.0 3225.0     6.7733030e-01    1.3212025e+01     8.7658398e-01
 3225.0 3275.0     6.8629174e-01    1.2961240e+01     8.7568137e-01
 3275.0 3325.0     6.9514685e-01    1.2721631e+01     8.7507328e-01
 3325.0 3375.0     7.0394481e-01    1.2491307e+01     8.7468902e-01
 3375.0 3425.0     7.1285413e-01    1.2265152e+01     8.7430476e-01
 3425.0 3450.0     7.1959937e-01    1.2097849e+01     8.7401657e-01
 3450.0 3550.0     7.3097434e-01    1.1833348e+01     8.7356973e-01
 3550.0 3650.0     7.4846987e-01    1.1498341e+01     8.7325330e-01
 3650.0 3750.0     7.6542602e-01    1.1249533e+01     8.7332197e-01
 3750.0 3850.0     7.8276629e-01    1.1006108e+01     8.7339064e-01
 3850.0 3950.0     7.9981428e-01    1.0786086e+01     8.7354487e-01
 3950.0 4050.0     8.1632840e-01    1.0594264e+01     8.7381169e-01
 4050.0 4150.0     8.3269053e-01    1.0412204e+01     8.7410708e-01
 4150.0 4250.0     8.4775479e-01    1.0237409e+01     8.7441166e-01
 4250.0 4350.0     8.6174018e-01    1.0068973e+01     8.7472384e-01
 4350.0 4450.0     8.7502102e-01    9.8920170e+00     8.7501280e-01
 4450.0 4550.0     8.8422488e-01    9.6678132e+00     8.7519614e-01
 4550.0 4650.0     8.9019081e-01    9.4097696e+00     8.7529712e-01
 4650.0 4750.0     8.9619700e-01    9.1586134e+00     8.7539810e-01
 4750.0 4850.0     9.0224371e-01    8.9141608e+00     8.7549908e-01
 4850.0 4950.0     9.0833122e-01    8.6762329e+00     8.7560005e-01
 4950.0 5050.0     9.1445980e-01    8.4446556e+00     8.7570103e-01
 5050.0 5150.0     9.2062973e-01    8.2192592e+00     8.7580201e-01
 5150.0 5250.0     9.2684129e-01    7.9998790e+00     8.7590299e-01
 5250.0 5350.0     9.3309476e-01    7.7863542e+00     8.7600396e-01
 5350.0 5450.0     9.3939043e-01    7.5785286e+00     8.7610494e-01
 5450.0 5550.0     9.4572857e-01    7.3762500e+00     8.7620592e-01
 5550.0 5650.0     9.5178291e-01    7.1785580e+00     8.7629002e-01
 5650.0 5750.0     9.5569210e-01    6.9808749e+00     8.7626159e-01
 5750.0 5850.0     9.5776348e-01    6.7841614e+00     8.7613753e-01
 5850.0 5950.0     9.5983936e-01    6.5929911e+00     8.7601346e-01
 5950.0 6050.0     9.6191973e-01    6.4072078e+00     8.7588940e-01
 6050.0 6150.0     9.6400461e-01    6.2266596e+00     8.7576533e-01
 6150.0 6250.0     9.6609401e-01    6.0511991e+00     8.7564126e-01
 6250.0 6350.0     9.6818794e-01    5.8806829e+00     8.7551720e-01
 6350.0 6450.0     9.7028640e-01    5.7149717e+00     8.7539313e-01
 6450.0 6550.0     9.7238942e-01    5.5539300e+00     8.7526906e-01
 6550.0 6650.0     9.7449699e-01    5.3974263e+00     8.7514500e-01
 6650.0 6750.0     9.7660913e-01    5.2453327e+00     8.7502093e-01
 6750.0 6850.0     9.7872585e-01    5.0975249e+00     8.7489687e-01
 6850.0 6950.0     9.8040228e-01    4.9561141e+00     8.7469765e-01
 6950.0 7050.0     9.8136409e-01    4.8221908e+00     8.7437721e-01
 7050.0 7150.0     9.8205410e-01    4.6932183e+00     8.7401072e-01
 7150.0 7250.0     9.8274461e-01    4.5676952e+00     8.7364422e-01
 7250.0 7350.0     9.8343560e-01    4.4455293e+00     8.7327772e-01
 7350.0 7450.0     9.8412707e-01    4.3266308e+00     8.7291123e-01
 7450.0 7550.0     9.8481903e-01    4.2109124e+00     8.7254473e-01
 7550.0 7650.0     9.8551148e-01    4.0982888e+00     8.7217824e-01
 7650.0 7750.0     9.8620441e-01    3.9886775e+00     8.7181174e-01
 7750.0 7850.0     9.8689783e-01    3.8819978e+00     8.7144525e-01
 7850.0 7950.0     9.8759174e-01    3.7781714e+00     8.7107875e-01
 7950.0 8050.0     9.8828614e-01    3.6771218e+00     8.7071225e-01
 8050.0 8150.0     9.8898102e-01    3.5787748e+00     8.7034576e-01
 8150.0 8250.0     9.8967640e-01    3.4830583e+00     8.6997926e-01
 8250.0 8350.0     9.9037226e-01    3.3899017e+00     8.6961277e-01
 8350.0 8450.0     9.9106861e-01    3.2992366e+00     8.6924627e-01
 8450.0 8550.0     9.9176545e-01    3.2109965e+00     8.6887978e-01
