 1216.0 1216.0     2.8937693e-01    3.6575376e+01     9.6405575e-01
 1300.0 1350.0     3.0669814e-01    3.5613337e+01     9.6169401e-01
 1350.0 1400.0     3.1450450e-01    3.5042144e+01     9.6019716e-01
 1400.0 1450.0     3.2188916e-01    3.4300041e+01     9.5815624e-01
 1450.0 1500.0     3.2929574e-01    3.3531191e+01     9.5598475e-01
 1500.0 1550.0     3.3687275e-01    3.2779575e+01     9.5381325e-01
 1550.0 1600.0     3.4462410e-01    3.2044807e+01     9.5164176e-01
 1600.0 1650.0     3.5180814e-01    3.1400410e+01     9.4968356e-01
 1650.0 1700.0     3.5716525e-01    3.0962225e+01     9.4828663e-01
 1700.0 1750.0     3.6137559e-01    3.0649794e+01     9.4723769e-01
 1754.0 1770.0     3.6451754e-01    3.0420276e+01     9.4646148e-01
 1770.0 1786.0     3.6588711e-01    3.0321709e+01     9.4612582e-01
 1786.0 1802.0     3.6726183e-01    3.0223462e+01     9.4579016e-01
 1802.0 1818.0     3.6864170e-01    3.0125533e+01     9.4545450e-01
 1818.0 1835.0     3.7007022e-01    3.0024881e+01     9.4510835e-01
 1835.0 1852.0     3.7154772e-01    2.9921526e+01     9.4475171e-01
 1852.0 1869.0     3.7303113e-01    2.9818526e+01     9.4439507e-01
 1869.0 1887.0     3.7456444e-01    2.9712873e+01     9.4402795e-01
 1887.0 1905.0     3.7614804e-01    2.9604586e+01     9.4365033e-01
 1905.0 1923.0     3.7773834e-01    2.9496693e+01     9.4327271e-01
 1923.0 1942.0     3.7937991e-01    2.9386219e+01     9.4288461e-01
 1942.0 1961.0     3.8107318e-01    2.9273184e+01     9.4248601e-01
 1961.0 1980.0     3.8302825e-01    2.9138755e+01     9.4200817e-01
 1980.0 2000.0     3.8546374e-01    2.8965744e+01     9.4138777e-01
 2000.0 2020.0     3.8813082e-01    2.8776385e+01     9.4070404e-01
 2020.0 2041.0     3.9088398e-01    2.8583593e+01     9.4000323e-01
 2041.0 2062.0     3.9372429e-01    2.8387422e+01     9.3928532e-01
 2062.0 2083.0     3.9658524e-01    2.8192597e+01     9.3856741e-01
 2083.0 2105.0     3.9953610e-01    2.7994534e+01     9.3783241e-01
 2105.0 2128.0     4.0264772e-01    2.7788750e+01     9.3706322e-01
 2128.0 2151.0     4.0585326e-01    2.7579938e+01     9.3627694e-01
 2151.0 2174.0     4.0908433e-01    2.7372696e+01     9.3549066e-01
 2174.0 2200.0     4.1255531e-01    2.7153704e+01     9.3465310e-01
 2200.0 2222.0     4.1598193e-01    2.6940759e+01     9.3383263e-01
 2222.0 2247.0     4.1936679e-01    2.6733986e+01     9.3302926e-01
 2247.0 2273.0     4.2307025e-01    2.6511375e+01     9.3215751e-01
 2273.0 2299.0     4.2687968e-01    2.6286288e+01     9.3126867e-01
 2299.0 2326.0     4.3079800e-01    2.6058858e+01     9.3036274e-01
 2326.0 2353.0     4.3482689e-01    2.5829142e+01     9.2943972e-01
 2353.0 2381.0     4.3896949e-01    2.5597272e+01     9.2849960e-01
 2381.0 2410.0     4.4472024e-01    2.5286517e+01     9.2743530e-01
 2410.0 2439.0     4.5221065e-01    2.4894751e+01     9.2625352e-01
 2439.0 2469.0     4.6013046e-01    2.4494145e+01     9.2504081e-01
 2469.0 2500.0     4.6846461e-01    2.4086737e+01     9.2378699e-01
 2500.0 2532.0     4.7723050e-01    2.3673083e+01     9.2249206e-01
 2532.0 2564.0     4.8630216e-01    2.3260080e+01     9.2117657e-01
 2564.0 2597.0     4.9569348e-01    2.2848055e+01     9.1984053e-01
 2597.0 2632.0     5.0571389e-01    2.2424880e+01     9.1844283e-01
 2632.0 2667.0     5.1531605e-01    2.2015645e+01     9.1716946e-01
 2667.0 2703.0     5.2411039e-01    2.1630661e+01     9.1608092e-01
 2703.0 2740.0     5.3310989e-01    2.1245680e+01     9.1499692e-01
 2740.0 2778.0     5.4251692e-01    2.0857287e+01     9.1388321e-01
 2778.0 2817.0     5.5234751e-01    2.0465922e+01     9.1273980e-01
 2817.0 2857.0     5.6261861e-01    2.0072022e+01     9.1156670e-01
 2857.0 2899.0     5.7348309e-01    1.9671230e+01     9.1034904e-01
 2899.0 2941.0     5.8482746e-01    1.9268861e+01     9.0910169e-01
 2941.0 2985.0     5.9514699e-01    1.8898598e+01     9.0808513e-01
 2985.0 3030.0     6.0398063e-01    1.8566661e+01     9.0737922e-01
 3030.0 3077.0     6.1271694e-01    1.8240904e+01     9.0673928e-01
 3077.0 3125.0     6.2187005e-01    1.7910489e+01     9.0607846e-01
 3125.0 3175.0     6.3145625e-01    1.7575943e+01     9.0539678e-01
 3175.0 3225.0     6.4138888e-01    1.7240946e+01     9.0470119e-01
 3225.0 3275.0     6.5141383e-01    1.6915117e+01     9.0406106e-01
 3275.0 3325.0     6.6132616e-01    1.6606887e+01     9.0365202e-01
 3325.0 3375.0     6.7118397e-01    1.6312933e+01     9.0341860e-01
 3375.0 3425.0     6.8118871e-01    1.6024183e+01     9.0318518e-01
 3425.0 3450.0     6.8877588e-01    1.5810506e+01     9.0301011e-01
 3450.0 3550.0     7.0158839e-01    1.5471773e+01     9.0274439e-01
 3550.0 3650.0     7.2103956e-01    1.5034063e+01     9.0262928e-01
 3650.0 3750.0     7.3964959e-01    1.4698712e+01     9.0281378e-01
 3750.0 3850.0     7.5873993e-01    1.4370841e+01     9.0299829e-01
 3850.0 3950.0     7.7752522e-01    1.4073457e+01     9.0324591e-01
 3950.0 4050.0     7.9572105e-01    1.3812633e+01     9.0357659e-01
 4050.0 4150.0     8.1379167e-01    1.3566089e+01     9.0392760e-01
 4150.0 4250.0     8.3051703e-01    1.3336982e+01     9.0428098e-01
 4250.0 4350.0     8.4612650e-01    1.3122543e+01     9.0463633e-01
 4350.0 4450.0     8.6100266e-01    1.2905182e+01     9.0497176e-01
 4450.0 4550.0     8.7143498e-01    1.2662911e+01     9.0521668e-01
 4550.0 4650.0     8.7832927e-01    1.2403081e+01     9.0539101e-01
 4650.0 4750.0     8.8527810e-01    1.2148583e+01     9.0556533e-01
 4750.0 4850.0     8.9228191e-01    1.1899307e+01     9.0573966e-01
 4850.0 4950.0     8.9934113e-01    1.1655146e+01     9.0591398e-01
 4950.0 5050.0     9.0645619e-01    1.1415995e+01     9.0608831e-01
 5050.0 5150.0     9.1362755e-01    1.1181750e+01     9.0626263e-01
 5150.0 5250.0     9.2085564e-01    1.0952313e+01     9.0643696e-01
 5250.0 5350.0     9.2814092e-01    1.0727583e+01     9.0661128e-01
 5350.0 5450.0     9.3548383e-01    1.0507464e+01     9.0678561e-01
 5450.0 5550.0     9.4288484e-01    1.0291862e+01     9.0695993e-01
 5550.0 5650.0     9.4995036e-01    1.0080115e+01     9.0712034e-01
 5650.0 5750.0     9.5443247e-01    9.8690014e+00     9.0718799e-01
 5750.0 5850.0     9.5669852e-01    9.6591555e+00     9.0717679e-01
 5850.0 5950.0     9.5896994e-01    9.4537716e+00     9.0716558e-01
 5950.0 6050.0     9.6124675e-01    9.2527547e+00     9.0715438e-01
 6050.0 6150.0     9.6352897e-01    9.0560122e+00     9.0714318e-01
 6150.0 6250.0     9.6581661e-01    8.8634530e+00     9.0713198e-01
 6250.0 6350.0     9.6810969e-01    8.6749882e+00     9.0712077e-01
 6350.0 6450.0     9.7040820e-01    8.4905308e+00     9.0710957e-01
 6450.0 6550.0     9.7271217e-01    8.3099955e+00     9.0709837e-01
 6550.0 6650.0     9.7502162e-01    8.1332990e+00     9.0708716e-01
 6650.0 6750.0     9.7733654e-01    7.9603595e+00     9.0707596e-01
 6750.0 6850.0     9.7965696e-01    7.7910974e+00     9.0706476e-01
 6850.0 6950.0     9.8147185e-01    7.6246539e+00     9.0699589e-01
 6950.0 7050.0     9.8246595e-01    7.4605179e+00     9.0683402e-01
 7050.0 7150.0     9.8314778e-01    7.2994474e+00     9.0663681e-01
 7150.0 7250.0     9.8383008e-01    7.1418544e+00     9.0643960e-01
 7250.0 7350.0     9.8451286e-01    6.9876638e+00     9.0624238e-01
 7350.0 7450.0     9.8519611e-01    6.8368021e+00     9.0604517e-01
 7450.0 7550.0     9.8587983e-01    6.6891974e+00     9.0584796e-01
 7550.0 7650.0     9.8656403e-01    6.5447795e+00     9.0565075e-01
 7650.0 7750.0     9.8724871e-01    6.4034796e+00     9.0545353e-01
 7750.0 7850.0     9.8793386e-01    6.2652303e+00     9.0525632e-01
 7850.0 7950.0     9.8861948e-01    6.1299657e+00     9.0505911e-01
 7950.0 8050.0     9.8930558e-01    5.9976215e+00     9.0486189e-01
 8050.0 8150.0     9.8999216e-01    5.8681345e+00     9.0466468e-01
 8150.0 8250.0     9.9067922e-01    5.7414431e+00     9.0446747e-01
 8250.0 8350.0     9.9136675e-01    5.6174870e+00     9.0427026e-01
 8350.0 8450.0     9.9205475e-01    5.4962070e+00     9.0407304e-01
 8450.0 8550.0     9.9274324e-01    5.3775454e+00     9.0387583e-01
