 1216.0 1216.0     2.9960633e-01    3.2844136e+01     9.6164357e-01
 1300.0 1350.0     3.1768372e-01    3.2028163e+01     9.5911530e-01
 1350.0 1400.0     3.2576505e-01    3.1532834e+01     9.5751521e-01
 1400.0 1450.0     3.3331407e-01    3.0878783e+01     9.5533576e-01
 1450.0 1500.0     3.4085794e-01    3.0199050e+01     9.5301725e-01
 1500.0 1550.0     3.4857255e-01    2.9534280e+01     9.5069874e-01
 1550.0 1600.0     3.5646176e-01    2.8884143e+01     9.4838023e-01
 1600.0 1650.0     3.6377038e-01    2.8314070e+01     9.4628780e-01
 1650.0 1700.0     3.6921669e-01    2.7927220e+01     9.4479034e-01
 1700.0 1750.0     3.7349421e-01    2.7652124e+01     9.4366175e-01
 1754.0 1770.0     3.7668583e-01    2.7449998e+01     9.4282659e-01
 1770.0 1786.0     3.7807686e-01    2.7363181e+01     9.4246545e-01
 1786.0 1802.0     3.7947302e-01    2.7276638e+01     9.4210430e-01
 1802.0 1818.0     3.8087434e-01    2.7190369e+01     9.4174315e-01
 1818.0 1835.0     3.8232496e-01    2.7101694e+01     9.4137072e-01
 1835.0 1852.0     3.8382523e-01    2.7010629e+01     9.4098700e-01
 1852.0 1869.0     3.8533138e-01    2.6919871e+01     9.4060328e-01
 1869.0 1887.0     3.8688810e-01    2.6826767e+01     9.4020827e-01
 1887.0 1905.0     3.8849576e-01    2.6731333e+01     9.3980198e-01
 1905.0 1923.0     3.9011010e-01    2.6636240e+01     9.3939569e-01
 1923.0 1942.0     3.9177637e-01    2.6538862e+01     9.3897811e-01
 1942.0 1961.0     3.9349499e-01    2.6439217e+01     9.3854924e-01
 1961.0 1980.0     3.9547340e-01    2.6320527e+01     9.3803501e-01
 1980.0 2000.0     3.9792947e-01    2.6167517e+01     9.3736720e-01
 2000.0 2020.0     4.0061619e-01    2.5999961e+01     9.3663120e-01
 2020.0 2041.0     4.0338915e-01    2.5829342e+01     9.3587679e-01
 2041.0 2062.0     4.0624940e-01    2.5655709e+01     9.3510399e-01
 2062.0 2083.0     4.0912993e-01    2.5483244e+01     9.3433118e-01
 2083.0 2105.0     4.1210045e-01    2.5307887e+01     9.3353997e-01
 2105.0 2128.0     4.1523224e-01    2.5125666e+01     9.3271197e-01
 2128.0 2151.0     4.1845795e-01    2.4940737e+01     9.3186556e-01
 2151.0 2174.0     4.2170872e-01    2.4757168e+01     9.3101915e-01
 2174.0 2200.0     4.2520017e-01    2.4563161e+01     9.3011755e-01
 2200.0 2222.0     4.2864634e-01    2.4374482e+01     9.2923434e-01
 2222.0 2247.0     4.3204980e-01    2.4191240e+01     9.2836953e-01
 2247.0 2273.0     4.3577286e-01    2.3993930e+01     9.2743113e-01
 2273.0 2299.0     4.3960163e-01    2.3794392e+01     9.2647432e-01
 2299.0 2326.0     4.4353899e-01    2.3592740e+01     9.2549911e-01
 2326.0 2353.0     4.4758656e-01    2.3389025e+01     9.2450551e-01
 2353.0 2381.0     4.5174741e-01    2.3183361e+01     9.2349350e-01
 2381.0 2410.0     4.5751996e-01    2.2908612e+01     9.2234895e-01
 2410.0 2439.0     4.6503483e-01    2.2562928e+01     9.2107922e-01
 2439.0 2469.0     4.7297706e-01    2.2209366e+01     9.1977636e-01
 2469.0 2500.0     4.8133117e-01    2.1849642e+01     9.1842934e-01
 2500.0 2532.0     4.9011411e-01    2.1484239e+01     9.1703815e-01
 2532.0 2564.0     4.9919925e-01    2.1119244e+01     9.1562488e-01
 2564.0 2597.0     5.0860011e-01    2.0754941e+01     9.1418953e-01
 2597.0 2632.0     5.1862584e-01    2.0380597e+01     9.1268793e-01
 2632.0 2667.0     5.2819622e-01    2.0017428e+01     9.1131783e-01
 2667.0 2703.0     5.3691307e-01    1.9674369e+01     9.1014371e-01
 2703.0 2740.0     5.4581957e-01    1.9330962e+01     9.0897388e-01
 2740.0 2778.0     5.5512397e-01    1.8984387e+01     9.0777201e-01
 2778.0 2817.0     5.6484153e-01    1.8635034e+01     9.0653808e-01
 2817.0 2857.0     5.7498831e-01    1.8283287e+01     9.0527210e-01
 2857.0 2899.0     5.8571447e-01    1.7925246e+01     9.0395805e-01
 2899.0 2941.0     5.9690720e-01    1.7565656e+01     9.0261195e-01
 2941.0 2985.0     6.0705407e-01    1.7233156e+01     9.0151111e-01
 2985.0 3030.0     6.1569076e-01    1.6932855e+01     9.0074034e-01
 3030.0 3077.0     6.2421286e-01    1.6637485e+01     9.0003914e-01
 3077.0 3125.0     6.3313599e-01    1.6337861e+01     8.9931508e-01
 3125.0 3175.0     6.4247529e-01    1.6034456e+01     8.9856815e-01
 3175.0 3225.0     6.5214576e-01    1.5730610e+01     8.9780598e-01
 3225.0 3275.0     6.6189917e-01    1.5434882e+01     8.9710306e-01
 3275.0 3325.0     6.7153473e-01    1.5154416e+01     8.9664702e-01
 3325.0 3375.0     6.8110950e-01    1.4886392e+01     8.9637862e-01
 3375.0 3425.0     6.9082078e-01    1.4623108e+01     8.9611022e-01
 3425.0 3450.0     6.9818188e-01    1.4428274e+01     8.9590891e-01
 3450.0 3550.0     7.1060612e-01    1.4119617e+01     8.9560128e-01
 3550.0 3650.0     7.2952030e-01    1.3723291e+01     8.9544069e-01
 3650.0 3750.0     7.4766526e-01    1.3422553e+01     8.9560058e-01
 3750.0 3850.0     7.6626152e-01    1.3128405e+01     8.9576047e-01
 3850.0 3950.0     7.8455126e-01    1.2862203e+01     8.9598838e-01
 3950.0 4050.0     8.0226113e-01    1.2629611e+01     8.9630577e-01
 4050.0 4150.0     8.1983450e-01    1.2409652e+01     8.9664524e-01
 4150.0 4250.0     8.3606997e-01    1.2203644e+01     8.9698824e-01
 4250.0 4350.0     8.5119469e-01    1.2009440e+01     8.9733417e-01
 4350.0 4450.0     8.6559340e-01    1.1810390e+01     8.9765906e-01
 4450.0 4550.0     8.7565588e-01    1.1579143e+01     8.9788829e-01
 4550.0 4650.0     8.8226863e-01    1.1324924e+01     8.9804291e-01
 4650.0 4750.0     8.8893131e-01    1.1076286e+01     8.9819753e-01
 4750.0 4850.0     8.9564431e-01    1.0833106e+01     8.9835215e-01
 4850.0 4950.0     9.0240800e-01    1.0595266e+01     8.9850677e-01
 4950.0 5050.0     9.0922277e-01    1.0362647e+01     8.9866140e-01
 5050.0 5150.0     9.1608900e-01    1.0135136e+01     8.9881602e-01
 5150.0 5250.0     9.2300709e-01    9.9126194e+00     8.9897064e-01
 5250.0 5350.0     9.2997741e-01    9.6949883e+00     8.9912526e-01
 5350.0 5450.0     9.3700038e-01    9.4821353e+00     8.9927988e-01
 5450.0 5550.0     9.4407638e-01    9.2739554e+00     8.9943450e-01
 5550.0 5650.0     9.5083182e-01    9.0695840e+00     8.9957428e-01
 5650.0 5750.0     9.5513360e-01    8.8647331e+00     8.9961512e-01
 5750.0 5850.0     9.5733144e-01    8.6602900e+00     8.9957186e-01
 5850.0 5950.0     9.5953435e-01    8.4605620e+00     8.9952859e-01
 5950.0 6050.0     9.6174232e-01    8.2654401e+00     8.9948533e-01
 6050.0 6150.0     9.6395538e-01    8.0748183e+00     8.9944206e-01
 6150.0 6250.0     9.6617352e-01    7.8885927e+00     8.9939880e-01
 6250.0 6350.0     9.6839678e-01    7.7066619e+00     8.9935553e-01
 6350.0 6450.0     9.7062514e-01    7.5289269e+00     8.9931227e-01
 6450.0 6550.0     9.7285864e-01    7.3552909e+00     8.9926900e-01
 6550.0 6650.0     9.7509727e-01    7.1856594e+00     8.9922574e-01
 6650.0 6750.0     9.7734106e-01    7.0199400e+00     8.9918248e-01
 6750.0 6850.0     9.7959001e-01    6.8580425e+00     8.9913921e-01
 6850.0 6950.0     9.8135431e-01    6.6999600e+00     8.9903338e-01
 6950.0 7050.0     9.8233186e-01    6.5456511e+00     8.9882663e-01
 7050.0 7150.0     9.8301011e-01    6.3949447e+00     8.9858153e-01
 7150.0 7250.0     9.8368884e-01    6.2477082e+00     8.9833643e-01
 7250.0 7350.0     9.8436803e-01    6.1038617e+00     8.9809134e-01
 7350.0 7450.0     9.8504769e-01    5.9633270e+00     8.9784624e-01
 7450.0 7550.0     9.8572782e-01    5.8260281e+00     8.9760114e-01
 7550.0 7650.0     9.8640842e-01    5.6918902e+00     8.9735605e-01
 7650.0 7750.0     9.8708949e-01    5.5608408e+00     8.9711095e-01
 7750.0 7850.0     9.8777103e-01    5.4328086e+00     8.9686585e-01
 7850.0 7950.0     9.8845305e-01    5.3077242e+00     8.9662076e-01
 7950.0 8050.0     9.8913553e-01    5.1855197e+00     8.9637566e-01
 8050.0 8150.0     9.8981848e-01    5.0661289e+00     8.9613056e-01
 8150.0 8250.0     9.9050191e-01    4.9494869e+00     8.9588546e-01
 8250.0 8350.0     9.9118580e-01    4.8355305e+00     8.9564037e-01
 8350.0 8450.0     9.9187017e-01    4.7241977e+00     8.9539527e-01
 8450.0 8550.0     9.9255501e-01    4.6154283e+00     8.9515017e-01
