 1216.0 1216.0     3.1260740e-01    2.9119232e+01     9.5829088e-01
 1300.0 1350.0     3.3171452e-01    2.8454858e+01     9.5552315e-01
 1350.0 1400.0     3.4015704e-01    2.8036735e+01     9.5377674e-01
 1400.0 1450.0     3.4789776e-01    2.7470539e+01     9.5140294e-01
 1450.0 1500.0     3.5559097e-01    2.6879386e+01     9.4887857e-01
 1500.0 1550.0     3.6345432e-01    2.6300953e+01     9.4635421e-01
 1550.0 1600.0     3.7149154e-01    2.5734969e+01     9.4382984e-01
 1600.0 1650.0     3.7893595e-01    2.5238934e+01     9.4154883e-01
 1650.0 1700.0     3.8448745e-01    2.4903587e+01     9.3990821e-01
 1700.0 1750.0     3.8885138e-01    2.4666268e+01     9.3866465e-01
 1754.0 1770.0     3.9210694e-01    2.4491858e+01     9.3774442e-01
 1770.0 1786.0     3.9352561e-01    2.4416928e+01     9.3734648e-01
 1786.0 1802.0     3.9494941e-01    2.4342228e+01     9.3694854e-01
 1802.0 1818.0     3.9637836e-01    2.4267756e+01     9.3655060e-01
 1818.0 1835.0     3.9785747e-01    2.4191199e+01     9.3614022e-01
 1835.0 1852.0     3.9938709e-01    2.4112572e+01     9.3571741e-01
 1852.0 1869.0     4.0092258e-01    2.4034199e+01     9.3529460e-01
 1869.0 1887.0     4.0250950e-01    2.3953792e+01     9.3485935e-01
 1887.0 1905.0     4.0414822e-01    2.3871364e+01     9.3441167e-01
 1905.0 1923.0     4.0579360e-01    2.3789219e+01     9.3396399e-01
 1923.0 1942.0     4.0749177e-01    2.3705091e+01     9.3350387e-01
 1942.0 1961.0     4.0924314e-01    2.3618996e+01     9.3303132e-01
 1961.0 1980.0     4.1125067e-01    2.3516173e+01     9.3246514e-01
 1980.0 2000.0     4.1373053e-01    2.3383250e+01     9.3173050e-01
 2000.0 2020.0     4.1643914e-01    2.3237567e+01     9.3092101e-01
 2020.0 2041.0     4.1923410e-01    2.3089195e+01     9.3009128e-01
 2041.0 2062.0     4.2211644e-01    2.2938174e+01     9.2924131e-01
 2062.0 2083.0     4.2501859e-01    2.2788141e+01     9.2839135e-01
 2083.0 2105.0     4.2801077e-01    2.2635565e+01     9.2752115e-01
 2105.0 2128.0     4.3116467e-01    2.2476985e+01     9.2661047e-01
 2128.0 2151.0     4.3441242e-01    2.2316018e+01     9.2567955e-01
 2151.0 2174.0     4.3768463e-01    2.2156203e+01     9.2474864e-01
 2174.0 2200.0     4.4119823e-01    2.1987264e+01     9.2375701e-01
 2200.0 2222.0     4.4466548e-01    2.1822931e+01     9.2278562e-01
 2222.0 2247.0     4.4808885e-01    2.1663300e+01     9.2183447e-01
 2247.0 2273.0     4.5183279e-01    2.1491377e+01     9.2080237e-01
 2273.0 2299.0     4.5568203e-01    2.1317474e+01     9.1975003e-01
 2299.0 2326.0     4.5963937e-01    2.1141689e+01     9.1867745e-01
 2326.0 2353.0     4.6370639e-01    2.0964063e+01     9.1758464e-01
 2353.0 2381.0     4.6788606e-01    2.0784696e+01     9.1647159e-01
 2381.0 2410.0     4.7367204e-01    2.0545738e+01     9.1521351e-01
 2410.0 2439.0     4.8119256e-01    2.0245595e+01     9.1381857e-01
 2439.0 2469.0     4.8913565e-01    1.9938510e+01     9.1238730e-01
 2469.0 2500.0     4.9748588e-01    1.9625912e+01     9.1090752e-01
 2500.0 2532.0     5.0625955e-01    1.9308208e+01     9.0937922e-01
 2532.0 2564.0     5.1532967e-01    1.8990686e+01     9.0782666e-01
 2564.0 2597.0     5.2470916e-01    1.8673588e+01     9.0624984e-01
 2597.0 2632.0     5.3470572e-01    1.8347563e+01     9.0460024e-01
 2632.0 2667.0     5.4420115e-01    1.8029664e+01     9.0309209e-01
 2667.0 2703.0     5.5278782e-01    1.7727399e+01     9.0179550e-01
 2703.0 2740.0     5.6154381e-01    1.7424382e+01     9.0050279e-01
 2740.0 2778.0     5.7068415e-01    1.7118456e+01     8.9917466e-01
 2778.0 2817.0     5.8022304e-01    1.6809960e+01     8.9781111e-01
 2817.0 2857.0     5.9017542e-01    1.6499228e+01     8.9641215e-01
 2857.0 2899.0     6.0068748e-01    1.6182807e+01     8.9496007e-01
 2899.0 2941.0     6.1164772e-01    1.5864885e+01     8.9347256e-01
 2941.0 2985.0     6.2153852e-01    1.5568753e+01     8.9225087e-01
 2985.0 3030.0     6.2989280e-01    1.5298293e+01     8.9138681e-01
 3030.0 3077.0     6.3811097e-01    1.5031413e+01     8.9059741e-01
 3077.0 3125.0     6.4670905e-01    1.4760689e+01     8.8978227e-01
 3125.0 3175.0     6.5570070e-01    1.4486551e+01     8.8894140e-01
 3175.0 3225.0     6.6500342e-01    1.4212014e+01     8.8808336e-01
 3225.0 3275.0     6.7438009e-01    1.3944644e+01     8.8728972e-01
 3275.0 3325.0     6.8364466e-01    1.3690378e+01     8.8676441e-01
 3325.0 3375.0     6.9285026e-01    1.3446861e+01     8.8644304e-01
 3375.0 3425.0     7.0217982e-01    1.3207674e+01     8.8612167e-01
 3425.0 3450.0     7.0924745e-01    1.3030688e+01     8.8588064e-01
 3450.0 3550.0     7.2116997e-01    1.2750557e+01     8.8550938e-01
 3550.0 3650.0     7.3939700e-01    1.2393412e+01     8.8527792e-01
 3650.0 3750.0     7.5695537e-01    1.2125380e+01     8.8539680e-01
 3750.0 3850.0     7.7493070e-01    1.1863145e+01     8.8551569e-01
 3850.0 3950.0     7.9260280e-01    1.1626187e+01     8.8570995e-01
 3950.0 4050.0     8.0971317e-01    1.1419694e+01     8.8600339e-01
 4050.0 4150.0     8.2667676e-01    1.1224154e+01     8.8632153e-01
 4150.0 4250.0     8.4231798e-01    1.1038866e+01     8.8664499e-01
 4250.0 4350.0     8.5686050e-01    1.0862355e+01     8.8697285e-01
 4350.0 4450.0     8.7068727e-01    1.0679043e+01     8.8727838e-01
 4450.0 4550.0     8.8030948e-01    1.0455836e+01     8.8748237e-01
 4550.0 4650.0     8.8658965e-01    1.0204027e+01     8.8760716e-01
 4650.0 4750.0     8.9291463e-01    9.9582818e+00     8.8773195e-01
 4750.0 4850.0     8.9928472e-01    9.7184550e+00     8.8785674e-01
 4850.0 4950.0     9.0570027e-01    9.4844040e+00     8.8798153e-01
 4950.0 5050.0     9.1216158e-01    9.2559897e+00     8.8810632e-01
 5050.0 5150.0     9.1866898e-01    9.0330763e+00     8.8823111e-01
 5150.0 5250.0     9.2522281e-01    8.8155313e+00     8.8835590e-01
 5250.0 5350.0     9.3182340e-01    8.6032255e+00     8.8848069e-01
 5350.0 5450.0     9.3847107e-01    8.3960328e+00     8.8860547e-01
 5450.0 5550.0     9.4516617e-01    8.1938298e+00     8.8873026e-01
 5550.0 5650.0     9.5155907e-01    7.9956400e+00     8.8883904e-01
 5650.0 5750.0     9.5565445e-01    7.7966545e+00     8.8884107e-01
 5750.0 5850.0     9.5778067e-01    7.5978913e+00     8.8875235e-01
 5850.0 5950.0     9.5991163e-01    7.4041952e+00     8.8866364e-01
 5950.0 6050.0     9.6204732e-01    7.2154371e+00     8.8857493e-01
 6050.0 6150.0     9.6418777e-01    7.0314911e+00     8.8848622e-01
 6150.0 6250.0     9.6633298e-01    6.8522345e+00     8.8839750e-01
 6250.0 6350.0     9.6848296e-01    6.6775477e+00     8.8830879e-01
 6350.0 6450.0     9.7063772e-01    6.5073143e+00     8.8822008e-01
 6450.0 6550.0     9.7279728e-01    6.3414207e+00     8.8813137e-01
 6550.0 6650.0     9.7496165e-01    6.1797564e+00     8.8804265e-01
 6650.0 6750.0     9.7713083e-01    6.0222134e+00     8.8795394e-01
 6750.0 6850.0     9.7930483e-01    5.8686867e+00     8.8786523e-01
 6850.0 6950.0     9.8101775e-01    5.7202172e+00     8.8770735e-01
 6950.0 7050.0     9.8198226e-01    5.5773306e+00     8.8743790e-01
 7050.0 7150.0     9.8266209e-01    5.4386967e+00     8.8712606e-01
 7150.0 7250.0     9.8334239e-01    5.3035087e+00     8.8681421e-01
 7250.0 7350.0     9.8402317e-01    5.1716811e+00     8.8650237e-01
 7350.0 7450.0     9.8470441e-01    5.0431303e+00     8.8619053e-01
 7450.0 7550.0     9.8538612e-01    4.9177748e+00     8.8587869e-01
 7550.0 7650.0     9.8606831e-01    4.7955353e+00     8.8556684e-01
 7650.0 7750.0     9.8675097e-01    4.6763342e+00     8.8525500e-01
 7750.0 7850.0     9.8743410e-01    4.5600960e+00     8.8494316e-01
 7850.0 7950.0     9.8811771e-01    4.4467472e+00     8.8463132e-01
 7950.0 8050.0     9.8880179e-01    4.3362158e+00     8.8431947e-01
 8050.0 8150.0     9.8948634e-01    4.2284319e+00     8.8400763e-01
 8150.0 8250.0     9.9017137e-01    4.1233271e+00     8.8369579e-01
 8250.0 8350.0     9.9085687e-01    4.0208349e+00     8.8338395e-01
 8350.0 8450.0     9.9154284e-01    3.9208903e+00     8.8307210e-01
 8450.0 8550.0     9.9222929e-01    3.8234299e+00     8.8276026e-01
