 1216.0 1216.0     2.8214831e-01    3.9536495e+01     9.6568772e-01
 1300.0 1350.0     3.0013155e-01    3.8524225e+01     9.6510569e-01
 1350.0 1400.0     3.0800125e-01    3.7903809e+01     9.6399317e-01
 1400.0 1450.0     3.1509467e-01    3.7079032e+01     9.6176810e-01
 1450.0 1500.0     3.2211169e-01    3.6221685e+01     9.5927601e-01
 1500.0 1550.0     3.2928498e-01    3.5384161e+01     9.5678393e-01
 1550.0 1600.0     3.3661802e-01    3.4566003e+01     9.5429185e-01
 1600.0 1650.0     3.4344305e-01    3.3849865e+01     9.5208396e-01
 1650.0 1700.0     3.4862675e-01    3.3365857e+01     9.5062395e-01
 1700.0 1750.0     3.5278250e-01    3.3023296e+01     9.4962762e-01
 1754.0 1770.0     3.5588401e-01    3.2771676e+01     9.4889034e-01
 1770.0 1786.0     3.5723607e-01    3.2663630e+01     9.4857152e-01
 1786.0 1802.0     3.5859327e-01    3.2555941e+01     9.4825269e-01
 1802.0 1818.0     3.5995562e-01    3.2448607e+01     9.4793387e-01
 1818.0 1835.0     3.6136605e-01    3.2338295e+01     9.4760508e-01
 1835.0 1852.0     3.6282491e-01    3.2225027e+01     9.4726633e-01
 1852.0 1869.0     3.6428967e-01    3.2112155e+01     9.4692758e-01
 1869.0 1887.0     3.6580377e-01    3.1996382e+01     9.4657886e-01
 1887.0 1905.0     3.6736760e-01    3.1877731e+01     9.4622018e-01
 1905.0 1923.0     3.6893812e-01    3.1759520e+01     9.4586151e-01
 1923.0 1942.0     3.7055936e-01    3.1638489e+01     9.4549287e-01
 1942.0 1961.0     3.7223173e-01    3.1514660e+01     9.4511426e-01
 1961.0 1980.0     3.7416556e-01    3.1367449e+01     9.4466016e-01
 1980.0 2000.0     3.7657873e-01    3.1178067e+01     9.4407025e-01
 2000.0 2020.0     3.7922282e-01    3.0970828e+01     9.4342005e-01
 2020.0 2041.0     3.8195252e-01    3.0759856e+01     9.4275359e-01
 2041.0 2062.0     3.8476893e-01    3.0545210e+01     9.4207087e-01
 2062.0 2083.0     3.8760610e-01    3.0332062e+01     9.4138816e-01
 2083.0 2105.0     3.9053276e-01    3.0115397e+01     9.4068919e-01
 2105.0 2128.0     3.9361921e-01    2.9890313e+01     9.3995771e-01
 2128.0 2151.0     3.9679918e-01    2.9661946e+01     9.3920998e-01
 2151.0 2174.0     4.0000483e-01    2.9435324e+01     9.3846224e-01
 2174.0 2200.0     4.0344896e-01    2.9195886e+01     9.3766575e-01
 2200.0 2222.0     4.0684945e-01    2.8963088e+01     9.3688550e-01
 2222.0 2247.0     4.1020894e-01    2.8737070e+01     9.3612151e-01
 2247.0 2273.0     4.1388508e-01    2.8493771e+01     9.3529250e-01
 2273.0 2299.0     4.1766689e-01    2.8247802e+01     9.3444724e-01
 2299.0 2326.0     4.2155733e-01    2.7999308e+01     9.3358572e-01
 2326.0 2353.0     4.2555810e-01    2.7748352e+01     9.3270794e-01
 2353.0 2381.0     4.2967235e-01    2.7495083e+01     9.3181391e-01
 2381.0 2410.0     4.3540398e-01    2.7155747e+01     9.3080355e-01
 2410.0 2439.0     4.4288723e-01    2.6728062e+01     9.2968342e-01
 2439.0 2469.0     4.5080357e-01    2.6290847e+01     9.2853415e-01
 2469.0 2500.0     4.5913707e-01    2.5846328e+01     9.2734592e-01
 2500.0 2532.0     4.6790554e-01    2.5395124e+01     9.2611873e-01
 2532.0 2564.0     4.7698330e-01    2.4944760e+01     9.2487206e-01
 2564.0 2597.0     4.8638460e-01    2.4495595e+01     9.2360591e-01
 2597.0 2632.0     4.9641972e-01    2.4034417e+01     9.2228132e-01
 2632.0 2667.0     5.0605208e-01    2.3588876e+01     9.2107392e-01
 2667.0 2703.0     5.1489454e-01    2.3170261e+01     9.2004088e-01
 2703.0 2740.0     5.2395032e-01    2.2751833e+01     9.1901195e-01
 2740.0 2778.0     5.3342010e-01    2.2329810e+01     9.1795483e-01
 2778.0 2817.0     5.4332049e-01    2.1904676e+01     9.1686953e-01
 2817.0 2857.0     5.5366905e-01    2.1476910e+01     9.1575603e-01
 2857.0 2899.0     5.6462044e-01    2.1041787e+01     9.1460025e-01
 2899.0 2941.0     5.7606081e-01    2.0605082e+01     9.1341628e-01
 2941.0 2985.0     5.8649013e-01    2.0204316e+01     9.1245369e-01
 2985.0 3030.0     5.9544923e-01    1.9846530e+01     9.1178913e-01
 3030.0 3077.0     6.0432238e-01    1.9495865e+01     9.1118816e-01
 3077.0 3125.0     6.1362291e-01    1.9140233e+01     9.1056759e-01
 3125.0 3175.0     6.2336794e-01    1.8780201e+01     9.0992743e-01
 3175.0 3225.0     6.3346975e-01    1.8419732e+01     9.0927420e-01
 3225.0 3275.0     6.4367147e-01    1.8069305e+01     9.0867397e-01
 3275.0 3325.0     6.5376851e-01    1.7738375e+01     9.0829456e-01
 3325.0 3375.0     6.6381882e-01    1.7423218e+01     9.0808296e-01
 3375.0 3425.0     6.7402363e-01    1.7113661e+01     9.0787137e-01
 3425.0 3450.0     6.8176518e-01    1.6884599e+01     9.0771267e-01
 3450.0 3550.0     6.9484371e-01    1.6521303e+01     9.0747302e-01
 3550.0 3650.0     7.1466380e-01    1.6049404e+01     9.0738522e-01
 3650.0 3750.0     7.3359484e-01    1.5685039e+01     9.0758314e-01
 3750.0 3850.0     7.5302735e-01    1.5328946e+01     9.0778106e-01
 3850.0 3950.0     7.7216869e-01    1.5006051e+01     9.0803848e-01
 3950.0 4050.0     7.9073116e-01    1.4722908e+01     9.0837421e-01
 4050.0 4150.0     8.0918054e-01    1.4455421e+01     9.0872908e-01
 4150.0 4250.0     8.2627099e-01    1.4207376e+01     9.0908601e-01
 4250.0 4350.0     8.4223464e-01    1.3975665e+01     9.0944465e-01
 4350.0 4450.0     8.5746054e-01    1.3742684e+01     9.0978501e-01
 4450.0 4550.0     8.6816573e-01    1.3490972e+01     9.1004232e-01
 4550.0 4650.0     8.7526968e-01    1.3226327e+01     9.1023484e-01
 4650.0 4750.0     8.8243176e-01    1.2966872e+01     9.1042735e-01
 4750.0 4850.0     8.8965244e-01    1.2712508e+01     9.1061987e-01
 4850.0 4950.0     8.9693221e-01    1.2463133e+01     9.1081239e-01
 4950.0 5050.0     9.0427154e-01    1.2218649e+01     9.1100491e-01
 5050.0 5150.0     9.1167094e-01    1.1978962e+01     9.1119742e-01
 5150.0 5250.0     9.1913087e-01    1.1743977e+01     9.1138994e-01
 5250.0 5350.0     9.2665186e-01    1.1513601e+01     9.1158246e-01
 5350.0 5450.0     9.3423438e-01    1.1287744e+01     9.1177498e-01
 5450.0 5550.0     9.4187895e-01    1.1066318e+01     9.1196749e-01
 5550.0 5650.0     9.4917723e-01    1.0848881e+01     9.1214550e-01
 5650.0 5750.0     9.5379637e-01    1.0633391e+01     9.1222678e-01
 5750.0 5850.0     9.5611662e-01    1.0420212e+01     9.1222583e-01
 5850.0 5950.0     9.5844252e-01    1.0211307e+01     9.1222488e-01
 5950.0 6050.0     9.6077408e-01    1.0006590e+01     9.1222394e-01
 6050.0 6150.0     9.6311131e-01    9.8059771e+00     9.1222299e-01
 6150.0 6250.0     9.6545422e-01    9.6093862e+00     9.1222204e-01
 6250.0 6350.0     9.6780284e-01    9.4167364e+00     9.1222110e-01
 6350.0 6450.0     9.7015717e-01    9.2279490e+00     9.1222015e-01
 6450.0 6550.0     9.7251722e-01    9.0429463e+00     9.1221920e-01
 6550.0 6650.0     9.7488302e-01    8.8616526e+00     9.1221826e-01
 6650.0 6750.0     9.7725457e-01    8.6839935e+00     9.1221731e-01
 6750.0 6850.0     9.7963189e-01    8.5098962e+00     9.1221636e-01
 6850.0 6950.0     9.8148765e-01    8.3379077e+00     9.1216332e-01
 6950.0 7050.0     9.8249650e-01    8.1671849e+00     9.1202623e-01
 7050.0 7150.0     9.8318314e-01    7.9991286e+00     9.1185721e-01
 7150.0 7250.0     9.8387025e-01    7.8345304e+00     9.1168820e-01
 7250.0 7350.0     9.8455784e-01    7.6733192e+00     9.1151918e-01
 7350.0 7450.0     9.8524592e-01    7.5154252e+00     9.1135016e-01
 7450.0 7550.0     9.8593447e-01    7.3607801e+00     9.1118114e-01
 7550.0 7650.0     9.8662351e-01    7.2093172e+00     9.1101212e-01
 7650.0 7750.0     9.8731302e-01    7.0609710e+00     9.1084311e-01
 7750.0 7850.0     9.8800302e-01    6.9156773e+00     9.1067409e-01
 7850.0 7950.0     9.8869351e-01    6.7733733e+00     9.1050507e-01
 7950.0 8050.0     9.8938447e-01    6.6339975e+00     9.1033605e-01
 8050.0 8150.0     9.9007592e-01    6.4974896e+00     9.1016703e-01
 8150.0 8250.0     9.9076785e-01    6.3637907e+00     9.0999802e-01
 8250.0 8350.0     9.9146026e-01    6.2328429e+00     9.0982900e-01
 8350.0 8450.0     9.9215316e-01    6.1045896e+00     9.0965998e-01
 8450.0 8550.0     9.9284654e-01    5.9789753e+00     9.0949096e-01
