 1216.0 1216.0     3.6926183e-01    2.2261923e+01     9.3785106e-01
 1300.0 1350.0     3.9340244e-01    2.1996107e+01     9.3331525e-01
 1350.0 1400.0     4.0354353e-01    2.1760308e+01     9.3057035e-01
 1400.0 1450.0     4.1205502e-01    2.1377295e+01     9.2695143e-01
 1450.0 1500.0     4.2028546e-01    2.0965628e+01     9.2312276e-01
 1500.0 1550.0     4.2868029e-01    2.0561888e+01     9.1929408e-01
 1550.0 1600.0     4.3724281e-01    2.0165924e+01     9.1546540e-01
 1600.0 1650.0     4.4515589e-01    1.9819522e+01     9.1197770e-01
 1650.0 1700.0     4.5103932e-01    1.9588871e+01     9.0938731e-01
 1700.0 1750.0     4.5565066e-01    1.9428914e+01     9.0735325e-01
 1754.0 1770.0     4.5908805e-01    1.9311242e+01     9.0584805e-01
 1770.0 1786.0     4.6058482e-01    1.9260640e+01     9.0519715e-01
 1786.0 1802.0     4.6208647e-01    1.9210171e+01     9.0454625e-01
 1802.0 1818.0     4.6359301e-01    1.9159834e+01     9.0389535e-01
 1818.0 1835.0     4.6515186e-01    1.9108065e+01     9.0322411e-01
 1835.0 1852.0     4.6676335e-01    1.9054871e+01     9.0253253e-01
 1852.0 1869.0     4.6838042e-01    1.9001825e+01     9.0184095e-01
 1869.0 1887.0     4.7005099e-01    1.8947375e+01     9.0112903e-01
 1887.0 1905.0     4.7177542e-01    1.8891530e+01     9.0039677e-01
 1905.0 1923.0     4.7350617e-01    1.8835850e+01     8.9966451e-01
 1923.0 1942.0     4.7529171e-01    1.8778796e+01     8.9891191e-01
 1942.0 1961.0     4.7713242e-01    1.8720378e+01     8.9813897e-01
 1961.0 1980.0     4.7920416e-01    1.8649346e+01     8.9722585e-01
 1980.0 2000.0     4.8170814e-01    1.8555798e+01     8.9605878e-01
 2000.0 2020.0     4.8442452e-01    1.8452725e+01     8.9477792e-01
 2020.0 2041.0     4.8722490e-01    1.8347676e+01     8.9346504e-01
 2041.0 2062.0     4.9011016e-01    1.8240678e+01     8.9212013e-01
 2062.0 2083.0     4.9301251e-01    1.8134304e+01     8.9077523e-01
 2083.0 2105.0     4.9600198e-01    1.8026047e+01     8.8939831e-01
 2105.0 2128.0     4.9914992e-01    1.7913448e+01     8.8795734e-01
 2128.0 2151.0     5.0238822e-01    1.7799065e+01     8.8648435e-01
 2151.0 2174.0     5.0564754e-01    1.7685412e+01     8.8501136e-01
 2174.0 2200.0     5.0914342e-01    1.7565170e+01     8.8344230e-01
 2200.0 2222.0     5.1258969e-01    1.7448118e+01     8.8190527e-01
 2222.0 2247.0     5.1598844e-01    1.7334316e+01     8.8040026e-01
 2247.0 2273.0     5.1970142e-01    1.7211651e+01     8.7876716e-01
 2273.0 2299.0     5.2351445e-01    1.7087466e+01     8.7710204e-01
 2299.0 2326.0     5.2742987e-01    1.6961824e+01     8.7540490e-01
 2326.0 2353.0     5.3144900e-01    1.6834752e+01     8.7367574e-01
 2353.0 2381.0     5.3557433e-01    1.6706314e+01     8.7191456e-01
 2381.0 2410.0     5.4122028e-01    1.6536057e+01     8.6992510e-01
 2410.0 2439.0     5.4849913e-01    1.6322814e+01     8.6772043e-01
 2439.0 2469.0     5.5616433e-01    1.6104328e+01     8.6545847e-01
 2469.0 2500.0     5.6420201e-01    1.5881510e+01     8.6311984e-01
 2500.0 2532.0     5.7262518e-01    1.5654622e+01     8.6070453e-01
 2532.0 2564.0     5.8130979e-01    1.5427426e+01     8.5825089e-01
 2564.0 2597.0     5.9026599e-01    1.5200081e+01     8.5575890e-01
 2597.0 2632.0     5.9978440e-01    1.4965854e+01     8.5315190e-01
 2632.0 2667.0     6.0859267e-01    1.4727807e+01     8.5074988e-01
 2667.0 2703.0     6.1625014e-01    1.4489461e+01     8.4865915e-01
 2703.0 2740.0     6.2397692e-01    1.4248287e+01     8.4656943e-01
 2740.0 2778.0     6.3201630e-01    1.4004686e+01     8.4442247e-01
 2778.0 2817.0     6.4037784e-01    1.3758921e+01     8.4221826e-01
 2817.0 2857.0     6.4907154e-01    1.3511254e+01     8.3995679e-01
 2857.0 2899.0     6.5822102e-01    1.3258925e+01     8.3760944e-01
 2899.0 2941.0     6.6772578e-01    1.3005269e+01     8.3520484e-01
 2941.0 2985.0     6.7608872e-01    1.2757774e+01     8.3319588e-01
 2985.0 3030.0     6.8284285e-01    1.2515987e+01     8.3171862e-01
 3030.0 3077.0     6.8937105e-01    1.2273297e+01     8.3034762e-01
 3077.0 3125.0     6.9617728e-01    1.2027604e+01     8.2893191e-01
 3125.0 3175.0     7.0326924e-01    1.1779332e+01     8.2747149e-01
 3175.0 3225.0     7.1057965e-01    1.1531222e+01     8.2598127e-01
 3225.0 3275.0     7.1793763e-01    1.1288648e+01     8.2458945e-01
 3275.0 3325.0     7.2525252e-01    1.1052446e+01     8.2360765e-01
 3325.0 3375.0     7.3255106e-01    1.0822146e+01     8.2293746e-01
 3375.0 3425.0     7.3992306e-01    1.0596645e+01     8.2226728e-01
 3425.0 3450.0     7.4549369e-01    1.0430174e+01     8.2176463e-01
 3450.0 3550.0     7.5489467e-01    1.0168160e+01     8.2097444e-01
 3550.0 3650.0     7.6983388e-01    9.8382639e+00     8.2027585e-01
 3650.0 3750.0     7.8478653e-01    9.5957153e+00     8.2012396e-01
 3750.0 3850.0     8.0002960e-01    9.3591465e+00     8.1997208e-01
 3850.0 3950.0     8.1510242e-01    9.1433534e+00     8.1995820e-01
 3950.0 4050.0     8.2984329e-01    8.9521316e+00     8.2012590e-01
 4050.0 4150.0     8.4446198e-01    8.7689170e+00     8.2034352e-01
 4150.0 4250.0     8.5791435e-01    8.5858555e+00     8.2059837e-01
 4250.0 4350.0     8.7039771e-01    8.4036421e+00     8.2088413e-01
 4350.0 4450.0     8.8221301e-01    8.2098819e+00     8.2114859e-01
 4450.0 4550.0     8.9030257e-01    7.9523756e+00     8.2131624e-01
 4550.0 4650.0     8.9543937e-01    7.6504661e+00     8.2140839e-01
 4650.0 4750.0     9.0060580e-01    7.3600184e+00     8.2150053e-01
 4750.0 4850.0     9.0580204e-01    7.0805976e+00     8.2159267e-01
 4850.0 4950.0     9.1102827e-01    6.8117848e+00     8.2168482e-01
 4950.0 5050.0     9.1628464e-01    6.5531775e+00     8.2177696e-01
 5050.0 5150.0     9.2157135e-01    6.3043880e+00     8.2186910e-01
 5150.0 5250.0     9.2688855e-01    6.0650439e+00     8.2196124e-01
 5250.0 5350.0     9.3223644e-01    5.8347863e+00     8.2205339e-01
 5350.0 5450.0     9.3761518e-01    5.6132704e+00     8.2214553e-01
 5450.0 5550.0     9.4302496e-01    5.4001643e+00     8.2223767e-01
 5550.0 5650.0     9.4820801e-01    5.1952887e+00     8.2231333e-01
 5650.0 5750.0     9.5169505e-01    4.9990891e+00     8.2227907e-01
 5750.0 5850.0     9.5373056e-01    4.8110626e+00     8.2215139e-01
 5850.0 5950.0     9.5577042e-01    4.6301081e+00     8.2202371e-01
 5950.0 6050.0     9.5781465e-01    4.4559597e+00     8.2189603e-01
 6050.0 6150.0     9.5986325e-01    4.2883614e+00     8.2176835e-01
 6150.0 6250.0     9.6191622e-01    4.1270668e+00     8.2164066e-01
 6250.0 6350.0     9.6397359e-01    3.9718389e+00     8.2151298e-01
 6350.0 6450.0     9.6603536e-01    3.8224494e+00     8.2138530e-01
 6450.0 6550.0     9.6810154e-01    3.6786788e+00     8.2125762e-01
 6550.0 6650.0     9.7017214e-01    3.5403157e+00     8.2112994e-01
 6650.0 6750.0     9.7224717e-01    3.4071568e+00     8.2100226e-01
 6750.0 6850.0     9.7432664e-01    3.2790062e+00     8.2087458e-01
 6850.0 6950.0     9.7600999e-01    3.1607143e+00     8.2065956e-01
 6950.0 7050.0     9.7705019e-01    3.0547261e+00     8.2030370e-01
 7050.0 7150.0     9.7784590e-01    2.9552844e+00     8.1989430e-01
 7150.0 7250.0     9.7864225e-01    2.8590799e+00     8.1948491e-01
 7250.0 7350.0     9.7943926e-01    2.7660072e+00     8.1907552e-01
 7350.0 7450.0     9.8023691e-01    2.6759643e+00     8.1866612e-01
 7450.0 7550.0     9.8103521e-01    2.5888526e+00     8.1825673e-01
 7550.0 7650.0     9.8183417e-01    2.5045766e+00     8.1784734e-01
 7650.0 7750.0     9.8263377e-01    2.4230442e+00     8.1743794e-01
 7750.0 7850.0     9.8343403e-01    2.3441659e+00     8.1702855e-01
 7850.0 7950.0     9.8423493e-01    2.2678553e+00     8.1661916e-01
 7950.0 8050.0     9.8503649e-01    2.1940290e+00     8.1620977e-01
 8050.0 8150.0     9.8583870e-01    2.1226059e+00     8.1580037e-01
 8150.0 8250.0     9.8664157e-01    2.0535079e+00     8.1539098e-01
 8250.0 8350.0     9.8744509e-01    1.9866593e+00     8.1498159e-01
 8350.0 8450.0     9.8824926e-01    1.9219868e+00     8.1457219e-01
 8450.0 8550.0     9.8905409e-01    1.8594196e+00     8.1416280e-01
