 1216.0 1216.0     3.4601361e-01    2.4211361e+01     9.4758351e-01
 1300.0 1350.0     3.6792204e-01    2.3801383e+01     9.4393353e-01
 1350.0 1400.0     3.7732719e-01    2.3503802e+01     9.4167865e-01
 1400.0 1450.0     3.8554000e-01    2.3064237e+01     9.3865986e-01
 1450.0 1500.0     3.9358236e-01    2.2598475e+01     9.3545773e-01
 1500.0 1550.0     4.0179247e-01    2.2142120e+01     9.3225559e-01
 1550.0 1600.0     4.1017385e-01    2.1694980e+01     9.2905346e-01
 1600.0 1650.0     4.1792613e-01    2.1303449e+01     9.2614728e-01
 1650.0 1700.0     4.2369525e-01    2.1040895e+01     9.2401992e-01
 1700.0 1750.0     4.2822087e-01    2.0857077e+01     9.2237542e-01
 1754.0 1770.0     4.3159545e-01    2.0721907e+01     9.2115850e-01
 1770.0 1786.0     4.3306532e-01    2.0663804e+01     9.2063226e-01
 1786.0 1802.0     4.3454021e-01    2.0605864e+01     9.2010602e-01
 1802.0 1818.0     4.3602011e-01    2.0548086e+01     9.1957978e-01
 1818.0 1835.0     4.3755162e-01    2.0488675e+01     9.1903710e-01
 1835.0 1852.0     4.3913508e-01    2.0427641e+01     9.1847797e-01
 1852.0 1869.0     4.4072428e-01    2.0366788e+01     9.1791884e-01
 1869.0 1887.0     4.4236630e-01    2.0304338e+01     9.1734326e-01
 1887.0 1905.0     4.4406154e-01    2.0240301e+01     9.1675125e-01
 1905.0 1923.0     4.4576327e-01    2.0176465e+01     9.1615923e-01
 1923.0 1942.0     4.4751917e-01    2.0111069e+01     9.1555076e-01
 1942.0 1961.0     4.4932962e-01    2.0044123e+01     9.1492585e-01
 1961.0 1980.0     4.5138556e-01    1.9963559e+01     9.1418271e-01
 1980.0 2000.0     4.5389728e-01    1.9858576e+01     9.1322608e-01
 2000.0 2020.0     4.5663117e-01    1.9743241e+01     9.1217418e-01
 2020.0 2041.0     4.5945070e-01    1.9625726e+01     9.1109598e-01
 2041.0 2062.0     4.6235684e-01    1.9506061e+01     9.0999148e-01
 2062.0 2083.0     4.6528136e-01    1.9387126e+01     9.0888698e-01
 2083.0 2105.0     4.6829490e-01    1.9266119e+01     9.0775619e-01
 2105.0 2128.0     4.7146951e-01    1.9140293e+01     9.0657280e-01
 2128.0 2151.0     4.7473667e-01    1.9012510e+01     9.0536311e-01
 2151.0 2174.0     4.7802646e-01    1.8885581e+01     9.0415343e-01
 2174.0 2200.0     4.8155669e-01    1.8751335e+01     9.0286485e-01
 2200.0 2222.0     4.8503831e-01    1.8620687e+01     9.0160257e-01
 2222.0 2247.0     4.8847360e-01    1.8493708e+01     9.0036658e-01
 2247.0 2273.0     4.9222821e-01    1.8356882e+01     8.9902541e-01
 2273.0 2299.0     4.9608587e-01    1.8218405e+01     8.9765794e-01
 2299.0 2326.0     5.0004913e-01    1.8078350e+01     8.9626417e-01
 2326.0 2353.0     5.0411943e-01    1.7936749e+01     8.9484410e-01
 2353.0 2381.0     5.0829947e-01    1.7793677e+01     8.9339773e-01
 2381.0 2410.0     5.1404593e-01    1.7603883e+01     8.9176375e-01
 2410.0 2439.0     5.2147832e-01    1.7366096e+01     8.8995287e-01
 2439.0 2469.0     5.2931470e-01    1.7122602e+01     8.8809491e-01
 2469.0 2500.0     5.3754056e-01    1.6874442e+01     8.8617398e-01
 2500.0 2532.0     5.4617033e-01    1.6621921e+01     8.8419006e-01
 2532.0 2564.0     5.5507782e-01    1.6369231e+01     8.8217466e-01
 2564.0 2597.0     5.6427437e-01    1.6116554e+01     8.8012776e-01
 2597.0 2632.0     5.7405974e-01    1.5856420e+01     8.7798639e-01
 2632.0 2667.0     5.8322577e-01    1.5597788e+01     8.7600826e-01
 2667.0 2703.0     5.9134460e-01    1.5345711e+01     8.7427945e-01
 2703.0 2740.0     5.9957703e-01    1.5091790e+01     8.7255006e-01
 2740.0 2778.0     6.0815438e-01    1.4835289e+01     8.7077330e-01
 2778.0 2817.0     6.1708814e-01    1.4576482e+01     8.6894915e-01
 2817.0 2857.0     6.2639035e-01    1.4315644e+01     8.6707763e-01
 2857.0 2899.0     6.3619509e-01    1.4049867e+01     8.6513503e-01
 2899.0 2941.0     6.4639618e-01    1.3782663e+01     8.6314506e-01
 2941.0 2985.0     6.5547585e-01    1.3527422e+01     8.6151259e-01
 2985.0 3030.0     6.6296336e-01    1.3285431e+01     8.6036118e-01
 3030.0 3077.0     6.7025977e-01    1.3044258e+01     8.5931046e-01
 3077.0 3125.0     6.7787794e-01    1.2799790e+01     8.5822549e-01
 3125.0 3175.0     6.8582791e-01    1.2552427e+01     8.5710625e-01
 3175.0 3225.0     6.9403525e-01    1.2304893e+01     8.5596417e-01
 3225.0 3275.0     7.0229842e-01    1.2063288e+01     8.5489928e-01
 3275.0 3325.0     7.1048179e-01    1.1830721e+01     8.5415601e-01
 3325.0 3375.0     7.1862475e-01    1.1605889e+01     8.5365718e-01
 3375.0 3425.0     7.2686104e-01    1.1385329e+01     8.5315835e-01
 3425.0 3450.0     7.3309122e-01    1.1222277e+01     8.5278423e-01
 3450.0 3550.0     7.4359672e-01    1.0964970e+01     8.5219988e-01
 3550.0 3650.0     7.5994876e-01    1.0640847e+01     8.5173130e-01
 3650.0 3750.0     7.7598647e-01    1.0402260e+01     8.5171342e-01
 3750.0 3850.0     7.9236264e-01    1.0169023e+01     8.5169554e-01
 3850.0 3950.0     8.0848694e-01    9.9576441e+00     8.5178323e-01
 3950.0 4050.0     8.2415016e-01    9.7724782e+00     8.5200982e-01
 4050.0 4150.0     8.3966657e-01    9.5959857e+00     8.5227296e-01
 4150.0 4250.0     8.5393578e-01    9.4230587e+00     8.5255489e-01
 4250.0 4350.0     8.6716811e-01    9.2535606e+00     8.5285243e-01
 4350.0 4450.0     8.7971302e-01    9.0735146e+00     8.5312666e-01
 4450.0 4550.0     8.8835576e-01    8.8365223e+00     8.5329495e-01
 4550.0 4650.0     8.9390275e-01    8.5590944e+00     8.5338060e-01
 4650.0 4750.0     8.9948438e-01    8.2903764e+00     8.5346626e-01
 4750.0 4850.0     9.0510086e-01    8.0300951e+00     8.5355191e-01
 4850.0 4950.0     9.1075241e-01    7.7779854e+00     8.5363756e-01
 4950.0 5050.0     9.1643924e-01    7.5337909e+00     8.5372322e-01
 5050.0 5150.0     9.2216159e-01    7.2972630e+00     8.5380887e-01
 5150.0 5250.0     9.2791967e-01    7.0681610e+00     8.5389453e-01
 5250.0 5350.0     9.3371370e-01    6.8462518e+00     8.5398018e-01
 5350.0 5450.0     9.3954391e-01    6.6313096e+00     8.5406583e-01
 5450.0 5550.0     9.4541053e-01    6.4231157e+00     8.5415149e-01
 5550.0 5650.0     9.5102012e-01    6.2209539e+00     8.5421983e-01
 5650.0 5750.0     9.5469952e-01    6.0218855e+00     8.5417277e-01
 5750.0 5850.0     9.5672615e-01    5.8264230e+00     8.5402762e-01
 5850.0 5950.0     9.5875708e-01    5.6373051e+00     8.5388246e-01
 5950.0 6050.0     9.6079232e-01    5.4543256e+00     8.5373731e-01
 6050.0 6150.0     9.6283188e-01    5.2772854e+00     8.5359216e-01
 6150.0 6250.0     9.6487577e-01    5.1059917e+00     8.5344700e-01
 6250.0 6350.0     9.6692400e-01    4.9402580e+00     8.5330185e-01
 6350.0 6450.0     9.6897657e-01    4.7799038e+00     8.5315669e-01
 6450.0 6550.0     9.7103351e-01    4.6247544e+00     8.5301154e-01
 6550.0 6650.0     9.7309481e-01    4.4746410e+00     8.5286639e-01
 6650.0 6750.0     9.7516048e-01    4.3294001e+00     8.5272123e-01
 6750.0 6850.0     9.7723054e-01    4.1888735e+00     8.5257608e-01
 6850.0 6950.0     9.7888509e-01    4.0566652e+00     8.5234899e-01
 6950.0 7050.0     9.7986519e-01    3.9346256e+00     8.5198974e-01
 7050.0 7150.0     9.8058884e-01    3.8184941e+00     8.5158027e-01
 7150.0 7250.0     9.8131302e-01    3.7057903e+00     8.5117079e-01
 7250.0 7350.0     9.8203773e-01    3.5964130e+00     8.5076132e-01
 7350.0 7450.0     9.8276298e-01    3.4902640e+00     8.5035185e-01
 7450.0 7550.0     9.8348876e-01    3.3872479e+00     8.4994238e-01
 7550.0 7650.0     9.8421508e-01    3.2872725e+00     8.4953291e-01
 7650.0 7750.0     9.8494194e-01    3.1902478e+00     8.4912344e-01
 7750.0 7850.0     9.8566934e-01    3.0960869e+00     8.4871397e-01
 7850.0 7950.0     9.8639727e-01    3.0047051e+00     8.4830450e-01
 7950.0 8050.0     9.8712574e-01    2.9160205e+00     8.4789503e-01
 8050.0 8150.0     9.8785474e-01    2.8299534e+00     8.4748556e-01
 8150.0 8250.0     9.8858429e-01    2.7464266e+00     8.4707609e-01
 8250.0 8350.0     9.8931437e-01    2.6653652e+00     8.4666662e-01
 8350.0 8450.0     9.9004499e-01    2.5866962e+00     8.4625715e-01
 8450.0 8550.0     9.9077616e-01    2.5103493e+00     8.4584768e-01
