 1216.0 1216.0     3.0189019e-01    3.2095705e+01     9.6108037e-01
 1300.0 1350.0     3.2014228e-01    3.1309271e+01     9.5851342e-01
 1350.0 1400.0     3.2828596e-01    3.0829187e+01     9.5688924e-01
 1400.0 1450.0     3.3587014e-01    3.0192714e+01     9.5467731e-01
 1450.0 1500.0     3.4344241e-01    2.9530752e+01     9.5232433e-01
 1500.0 1550.0     3.5118541e-01    2.8883303e+01     9.4997134e-01
 1550.0 1600.0     3.5910298e-01    2.8250049e+01     9.4761835e-01
 1600.0 1650.0     3.6644020e-01    2.7694953e+01     9.4549444e-01
 1650.0 1700.0     3.7191597e-01    2.7318875e+01     9.4397337e-01
 1700.0 1750.0     3.7622370e-01    2.7051989e+01     9.4282605e-01
 1754.0 1770.0     3.7943786e-01    2.6855883e+01     9.4197703e-01
 1770.0 1786.0     3.8083871e-01    2.6771646e+01     9.4160989e-01
 1786.0 1802.0     3.8224473e-01    2.6687674e+01     9.4124275e-01
 1802.0 1818.0     3.8365594e-01    2.6603965e+01     9.4087560e-01
 1818.0 1835.0     3.8511680e-01    2.6517919e+01     9.4049699e-01
 1835.0 1852.0     3.8662765e-01    2.6429552e+01     9.4010690e-01
 1852.0 1869.0     3.8814443e-01    2.6341481e+01     9.3971681e-01
 1869.0 1887.0     3.8971213e-01    2.6251129e+01     9.3931525e-01
 1887.0 1905.0     3.9133113e-01    2.6158515e+01     9.3890222e-01
 1905.0 1923.0     3.9295686e-01    2.6066228e+01     9.3848918e-01
 1923.0 1942.0     3.9463488e-01    2.5971721e+01     9.3806467e-01
 1942.0 1961.0     3.9636561e-01    2.5875012e+01     9.3762869e-01
 1961.0 1980.0     3.9835230e-01    2.5759573e+01     9.3710587e-01
 1980.0 2000.0     4.0081045e-01    2.5610424e+01     9.3642686e-01
 2000.0 2020.0     4.0349688e-01    2.5446997e+01     9.3567847e-01
 2020.0 2041.0     4.0626938e-01    2.5280580e+01     9.3491138e-01
 2041.0 2062.0     4.0912902e-01    2.5111219e+01     9.3412558e-01
 2062.0 2083.0     4.1200878e-01    2.4942992e+01     9.3333978e-01
 2083.0 2105.0     4.1497836e-01    2.4771942e+01     9.3253527e-01
 2105.0 2128.0     4.1810899e-01    2.4594191e+01     9.3169334e-01
 2128.0 2151.0     4.2133333e-01    2.4413794e+01     9.3083270e-01
 2151.0 2174.0     4.2458253e-01    2.4234720e+01     9.2997206e-01
 2174.0 2200.0     4.2807208e-01    2.4045458e+01     9.2905529e-01
 2200.0 2222.0     4.3151619e-01    2.3861388e+01     9.2815723e-01
 2222.0 2247.0     4.3491740e-01    2.3682618e+01     9.2727788e-01
 2247.0 2273.0     4.3863779e-01    2.3490119e+01     9.2632370e-01
 2273.0 2299.0     4.4246357e-01    2.3295440e+01     9.2535080e-01
 2299.0 2326.0     4.4639760e-01    2.3098693e+01     9.2435919e-01
 2326.0 2353.0     4.5044148e-01    2.2899927e+01     9.2334888e-01
 2353.0 2381.0     4.5459827e-01    2.2699254e+01     9.2231985e-01
 2381.0 2410.0     4.6037014e-01    2.2431547e+01     9.2115639e-01
 2410.0 2439.0     4.6788810e-01    2.2095030e+01     9.1986601e-01
 2439.0 2469.0     4.7583324e-01    2.1750838e+01     9.1854200e-01
 2469.0 2500.0     4.8418958e-01    2.1400616e+01     9.1717310e-01
 2500.0 2532.0     4.9297397e-01    2.1044829e+01     9.1575933e-01
 2532.0 2564.0     5.0205969e-01    2.0689403e+01     9.1432311e-01
 2564.0 2597.0     5.1146014e-01    2.0334615e+01     9.1286445e-01
 2597.0 2632.0     5.2148435e-01    1.9970010e+01     9.1133846e-01
 2632.0 2667.0     5.3104444e-01    1.9615977e+01     9.0994559e-01
 2667.0 2703.0     5.3974027e-01    1.9281166e+01     9.0875123e-01
 2703.0 2740.0     5.4862204e-01    1.8945927e+01     9.0756109e-01
 2740.0 2778.0     5.5789939e-01    1.8607573e+01     9.0633834e-01
 2778.0 2817.0     5.6758737e-01    1.8266482e+01     9.0508299e-01
 2817.0 2857.0     5.7770185e-01    1.7923029e+01     9.0379503e-01
 2857.0 2899.0     5.8839232e-01    1.7573403e+01     9.0245816e-01
 2899.0 2941.0     5.9954617e-01    1.7222237e+01     9.0108868e-01
 2941.0 2985.0     6.0964946e-01    1.6897112e+01     8.9996783e-01
 2985.0 3030.0     6.1823719e-01    1.6602898e+01     8.9918156e-01
 3030.0 3077.0     6.2670631e-01    1.6313350e+01     8.9846569e-01
 3077.0 3125.0     6.3557271e-01    1.6019629e+01     8.9772648e-01
 3125.0 3175.0     6.4485126e-01    1.5722202e+01     8.9696393e-01
 3175.0 3225.0     6.5445737e-01    1.5424341e+01     8.9618581e-01
 3225.0 3275.0     6.6414516e-01    1.5134429e+01     8.9546783e-01
 3275.0 3325.0     6.7371765e-01    1.4859447e+01     8.9500047e-01
 3325.0 3375.0     6.8323086e-01    1.4596639e+01     8.9472356e-01
 3375.0 3425.0     6.9287841e-01    1.4338479e+01     8.9444666e-01
 3425.0 3450.0     7.0019046e-01    1.4147438e+01     8.9423898e-01
 3450.0 3550.0     7.1253054e-01    1.3844829e+01     8.9392113e-01
 3550.0 3650.0     7.3132764e-01    1.3456758e+01     8.9374913e-01
 3650.0 3750.0     7.4937046e-01    1.3162853e+01     8.9390238e-01
 3750.0 3850.0     7.6785842e-01    1.2875368e+01     8.9405563e-01
 3850.0 3950.0     7.8603950e-01    1.2615277e+01     8.9427815e-01
 3950.0 4050.0     8.0364270e-01    1.2388151e+01     8.9459181e-01
 4050.0 4150.0     8.2110681e-01    1.2173288e+01     8.9492799e-01
 4150.0 4250.0     8.3723350e-01    1.1971504e+01     8.9526796e-01
 4250.0 4350.0     8.5224963e-01    1.1780808e+01     8.9561108e-01
 4350.0 4450.0     8.6654184e-01    1.1584944e+01     8.9593290e-01
 4450.0 4550.0     8.7652354e-01    1.1355637e+01     8.9615788e-01
 4550.0 4650.0     8.8307653e-01    1.1102442e+01     8.9630732e-01
 4650.0 4750.0     8.8967851e-01    1.0854892e+01     8.9645677e-01
 4750.0 4850.0     8.9632984e-01    1.0612862e+01     8.9660621e-01
 4850.0 4950.0     9.0303091e-01    1.0376229e+01     8.9675566e-01
 4950.0 5050.0     9.0978207e-01    1.0144871e+01     8.9690511e-01
 5050.0 5150.0     9.1658370e-01    9.9186725e+00     8.9705455e-01
 5150.0 5250.0     9.2343618e-01    9.6975171e+00     8.9720400e-01
 5250.0 5350.0     9.3033989e-01    9.4812929e+00     8.9735345e-01
 5350.0 5450.0     9.3729522e-01    9.2698898e+00     8.9750289e-01
 5450.0 5550.0     9.4430254e-01    9.0632003e+00     8.9765234e-01
 5550.0 5650.0     9.5099252e-01    8.8603258e+00     8.9778673e-01
 5650.0 5750.0     9.5525655e-01    8.6568067e+00     8.9782076e-01
 5750.0 5850.0     9.5744058e-01    8.4535721e+00     8.9776949e-01
 5850.0 5950.0     9.5962960e-01    8.2551088e+00     8.9771822e-01
 5950.0 6050.0     9.6182362e-01    8.0613048e+00     8.9766695e-01
 6050.0 6150.0     9.6402266e-01    7.8720507e+00     8.9761568e-01
 6150.0 6250.0     9.6622673e-01    7.6872396e+00     8.9756441e-01
 6250.0 6350.0     9.6843584e-01    7.5067674e+00     8.9751314e-01
 6350.0 6450.0     9.7065000e-01    7.3305321e+00     8.9746187e-01
 6450.0 6550.0     9.7286922e-01    7.1584342e+00     8.9741060e-01
 6550.0 6650.0     9.7509351e-01    6.9903767e+00     8.9735933e-01
 6650.0 6750.0     9.7732289e-01    6.8262646e+00     8.9730806e-01
 6750.0 6850.0     9.7955737e-01    6.6660054e+00     8.9725679e-01
 6850.0 6950.0     9.8131157e-01    6.5097748e+00     8.9714179e-01
 6950.0 7050.0     9.8228614e-01    6.3576314e+00     8.9692400e-01
 7050.0 7150.0     9.8296414e-01    6.2092032e+00     8.9666716e-01
 7150.0 7250.0     9.8364260e-01    6.0642403e+00     8.9641031e-01
 7250.0 7350.0     9.8432152e-01    5.9226618e+00     8.9615346e-01
 7350.0 7450.0     9.8500092e-01    5.7843887e+00     8.9589662e-01
 7450.0 7550.0     9.8568079e-01    5.6493437e+00     8.9563977e-01
 7550.0 7650.0     9.8636112e-01    5.5174515e+00     8.9538292e-01
 7650.0 7750.0     9.8704192e-01    5.3886386e+00     8.9512608e-01
 7750.0 7850.0     9.8772320e-01    5.2628330e+00     8.9486923e-01
 7850.0 7950.0     9.8840494e-01    5.1399645e+00     8.9461238e-01
 7950.0 8050.0     9.8908716e-01    5.0199646e+00     8.9435554e-01
 8050.0 8150.0     9.8976984e-01    4.9027662e+00     8.9409869e-01
 8150.0 8250.0     9.9045300e-01    4.7883040e+00     8.9384184e-01
 8250.0 8350.0     9.9113663e-01    4.6765140e+00     8.9358500e-01
 8350.0 8450.0     9.9182073e-01    4.5673340e+00     8.9332815e-01
 8450.0 8550.0     9.9250530e-01    4.4607030e+00     8.9307130e-01
