 1216.0 1216.0  0.1054441  0.3179250  0.0558650
 1300.0 1350.0  0.0868010  0.2774457  0.0480679
 1350.0 1400.0  0.0789755  0.2603627  0.0447675
 1400.0 1450.0  0.0716756  0.2442689  0.0416591
 1450.0 1500.0  0.0649453  0.2291888  0.0387533
 1500.0 1550.0  0.0588328  0.2151548  0.0360622
 1550.0 1600.0  0.0533915  0.2022073  0.0335999
 1600.0 1650.0  0.0486787  0.1903947  0.0313816
 1650.0 1700.0  0.0447167  0.1797377  0.0294136
 1700.0 1750.0  0.0414379  0.1701824  0.0276780
 1754.0 1770.0  0.0393276  0.1636589  0.0265047
 1770.0 1786.0  0.0385252  0.1610471  0.0260377
 1786.0 1802.0  0.0377673  0.1585281  0.0255878
 1802.0 1818.0  0.0370500  0.1560988  0.0251540
 1818.0 1835.0  0.0363493  0.1536861  0.0247226
 1835.0 1852.0  0.0356632  0.1512925  0.0242936
 1852.0 1869.0  0.0350097  0.1489908  0.0238793
 1869.0 1887.0  0.0343666  0.1467153  0.0234671
 1887.0 1905.0  0.0337307  0.1444682  0.0230568
 1905.0 1923.0  0.0331158  0.1423135  0.0226590
 1923.0 1942.0  0.0325003  0.1401932  0.0222621
 1942.0 1961.0  0.0318794  0.1381085  0.0218652
 1961.0 1980.0  0.0312642  0.1361155  0.0214779
 1980.0 2000.0  0.0306346  0.1341613  0.0210894
 2000.0 2020.0  0.0299904  0.1322435  0.0206996
 2020.0 2041.0  0.0293332  0.1303622  0.0203092
 2041.0 2062.0  0.0286645  0.1285123  0.0199185
 2062.0 2083.0  0.0280019  0.1267325  0.0195369
 2083.0 2105.0  0.0273316  0.1249738  0.0191556
 2105.0 2128.0  0.0266405  0.1231904  0.0187665
 2128.0 2151.0  0.0259469  0.1214157  0.0183788
 2151.0 2174.0  0.0252684  0.1196789  0.0180013
 2174.0 2200.0  0.0245652  0.1178573  0.0176103
 2200.0 2222.0  0.0238961  0.1160866  0.0172373
 2222.0 2247.0  0.0232655  0.1143541  0.0168828
 2247.0 2273.0  0.0226090  0.1124600  0.0165091
 2273.0 2299.0  0.0219726  0.1104981  0.0161397
 2299.0 2326.0  0.0213624  0.1084479  0.0157754
 2326.0 2353.0  0.0207834  0.1062889  0.0154164
 2353.0 2381.0  0.0202428  0.1039955  0.0150636
 2381.0 2410.0  0.0197382  0.1015004  0.0147114
 2410.0 2439.0  0.0192807  0.0988419  0.0143663
 2439.0 2469.0  0.0188670  0.0960405  0.0140285
 2469.0 2500.0  0.0184839  0.0930806  0.0136920
 2500.0 2532.0  0.0181256  0.0899971  0.0133572
 2532.0 2564.0  0.0177892  0.0868809  0.0130291
 2564.0 2597.0  0.0174651  0.0837801  0.0127071
 2597.0 2632.0  0.0171321  0.0806583  0.0123814
 2632.0 2667.0  0.0167828  0.0776248  0.0120565
 2667.0 2703.0  0.0164148  0.0747659  0.0117369
 2703.0 2740.0  0.0160232  0.0720450  0.0114186
 2740.0 2778.0  0.0156108  0.0694597  0.0111021
 2778.0 2817.0  0.0151810  0.0670059  0.0107883
 2817.0 2857.0  0.0147376  0.0646771  0.0104779
 2857.0 2899.0  0.0142798  0.0624398  0.0101681
 2899.0 2941.0  0.0138187  0.0603104  0.0098637
 2941.0 2985.0  0.0133607  0.0582791  0.0095661
 2985.0 3030.0  0.0129058  0.0563071  0.0092724
 3030.0 3077.0  0.0124585  0.0543838  0.0089834
 3077.0 3125.0  0.0120224  0.0524925  0.0086992
 3125.0 3175.0  0.0116025  0.0506148  0.0084203
 3175.0 3225.0  0.0112071  0.0487442  0.0081491
 3225.0 3275.0  0.0108483  0.0468895  0.0078907
 3275.0 3325.0  0.0105285  0.0450280  0.0076441
 3325.0 3375.0  0.0102489  0.0431606  0.0074092
 3375.0 3425.0  0.0100098  0.0413061  0.0071859
 3425.0 3450.0  0.0098533  0.0399315  0.0070250
 3450.0 3550.0  0.0096709  0.0377474  0.0067797
 3550.0 3650.0  0.0094828  0.0344524  0.0064176
 3650.0 3750.0  0.0094451  0.0314605  0.0060993
 3750.0 3850.0  0.0095262  0.0286964  0.0058149
 3850.0 3950.0  0.0096960  0.0260781  0.0055549
 3950.0 4050.0  0.0099383  0.0235696  0.0053130
 4050.0 4150.0  0.0102543  0.0211938  0.0050867
 4150.0 4250.0  0.0106434  0.0189903  0.0048750
 4250.0 4350.0  0.0110757  0.0169822  0.0046762
 4350.0 4450.0  0.0114977  0.0151816  0.0044882
 4450.0 4550.0  0.0118632  0.0135953  0.0043089
 4550.0 4650.0  0.0121591  0.0122091  0.0041373
 4650.0 4750.0  0.0123972  0.0109938  0.0039723
 4750.0 4850.0  0.0125901  0.0099230  0.0038135
 4850.0 4950.0  0.0127493  0.0089750  0.0036604
 4950.0 5050.0  0.0128850  0.0081318  0.0035128
 5050.0 5150.0  0.0130068  0.0073786  0.0033707
 5150.0 5250.0  0.0131239  0.0067036  0.0032341
 5250.0 5350.0  0.0132453  0.0060972  0.0031035
 5350.0 5450.0  0.0133801  0.0055522  0.0029792
 5450.0 5550.0  0.0135378  0.0050632  0.0028620
 5550.0 5650.0  0.0137287  0.0046264  0.0027527
 5650.0 5750.0  0.0139614  0.0042388  0.0026522
 5750.0 5850.0  0.0142362  0.0038950  0.0025599
 5850.0 5950.0  0.0145468  0.0035875  0.0024746
 5950.0 6050.0  0.0148868  0.0033099  0.0023951
 6050.0 6150.0  0.0152509  0.0030564  0.0023201
 6150.0 6250.0  0.0156343  0.0028221  0.0022489
 6250.0 6350.0  0.0160329  0.0026027  0.0021805
 6350.0 6450.0  0.0164432  0.0023944  0.0021142
 6450.0 6550.0  0.0168620  0.0021935  0.0020493
 6550.0 6650.0  0.0172863  0.0019969  0.0019853
 6650.0 6750.0  0.0177132  0.0018014  0.0019215
 6750.0 6850.0  0.0181402  0.0016039  0.0018573
 6850.0 6950.0  0.0185646  0.0014013  0.0017922
 6950.0 7050.0  0.0189857  0.0011923  0.0017258
 7050.0 7150.0  0.0194058  0.0009789  0.0016586
 7150.0 7250.0  0.0198287  0.0007639  0.0015911
 7250.0 7350.0  0.0202580  0.0005503  0.0015239
 7350.0 7450.0  0.0206977  0.0003412  0.0014576
 7450.0 7550.0  0.0211522  0.0001398  0.0013928
 7550.0 7650.0  0.0216263  0.0000507  0.0013301
 7650.0 7750.0  0.0221251  0.0002263  0.0012703
 7750.0 7850.0  0.0226551  0.0003830  0.0012142
 7850.0 7950.0  0.0232231  0.0005158  0.0011627
 7950.0 8050.0  0.0238376  0.0006194  0.0011169
 8050.0 8150.0  0.0245082  0.0006871  0.0010780
 8150.0 8250.0  0.0252466  0.0007115  0.0010475
 8250.0 8350.0  0.0260662  0.0006836  0.0010272
 8350.0 8450.0  0.0269833  0.0005928  0.0010190
 8450.0 8550.0  0.0280171  0.0004267  0.0010255
