CH3 Leiden data base https://doi.org/10.1051/0004-6361/201628742 
Air:  
Temp:          
Angstroms       XS
8.080000E+02    0.000000E+00
8.090000E+02    0.000000E+00
8.100000E+02    0.000000E+00
8.110000E+02    0.000000E+00
8.120000E+02    0.000000E+00
8.130000E+02    0.000000E+00
8.140000E+02    0.000000E+00
8.150000E+02    0.000000E+00
8.160000E+02    0.000000E+00
8.170000E+02    0.000000E+00
8.180000E+02    0.000000E+00
8.190000E+02    0.000000E+00
8.200000E+02    0.000000E+00
8.210000E+02    0.000000E+00
8.220000E+02    0.000000E+00
8.230000E+02    0.000000E+00
8.240000E+02    0.000000E+00
8.250000E+02    0.000000E+00
8.260000E+02    0.000000E+00
8.270000E+02    0.000000E+00
8.280000E+02    0.000000E+00
8.290000E+02    0.000000E+00
8.300000E+02    0.000000E+00
8.310000E+02    0.000000E+00
8.320000E+02    0.000000E+00
8.330000E+02    0.000000E+00
8.340000E+02    0.000000E+00
8.350000E+02    0.000000E+00
8.360000E+02    0.000000E+00
8.370000E+02    0.000000E+00
8.380000E+02    0.000000E+00
8.390000E+02    0.000000E+00
8.400000E+02    0.000000E+00
8.410000E+02    0.000000E+00
8.420000E+02    0.000000E+00
8.430000E+02    0.000000E+00
8.440000E+02    0.000000E+00
8.450000E+02    0.000000E+00
8.460000E+02    0.000000E+00
8.470000E+02    0.000000E+00
8.480000E+02    0.000000E+00
8.490000E+02    0.000000E+00
8.500000E+02    0.000000E+00
8.510000E+02    0.000000E+00
8.520000E+02    0.000000E+00
8.530000E+02    0.000000E+00
8.540000E+02    0.000000E+00
8.550000E+02    0.000000E+00
8.560000E+02    0.000000E+00
8.570000E+02    0.000000E+00
8.580000E+02    0.000000E+00
8.590000E+02    0.000000E+00
8.600000E+02    0.000000E+00
8.610000E+02    0.000000E+00
8.620000E+02    0.000000E+00
8.630000E+02    0.000000E+00
8.640000E+02    0.000000E+00
8.650000E+02    0.000000E+00
8.660000E+02    0.000000E+00
8.670000E+02    0.000000E+00
8.680000E+02    0.000000E+00
8.690000E+02    0.000000E+00
8.700000E+02    0.000000E+00
8.710000E+02    0.000000E+00
8.720000E+02    0.000000E+00
8.730000E+02    0.000000E+00
8.740000E+02    0.000000E+00
8.750000E+02    0.000000E+00
8.760000E+02    0.000000E+00
8.770000E+02    0.000000E+00
8.780000E+02    0.000000E+00
8.790000E+02    0.000000E+00
8.800000E+02    0.000000E+00
8.810000E+02    0.000000E+00
8.820000E+02    0.000000E+00
8.830000E+02    0.000000E+00
8.840000E+02    0.000000E+00
8.850000E+02    0.000000E+00
8.860000E+02    0.000000E+00
8.870000E+02    0.000000E+00
8.880000E+02    0.000000E+00
8.890000E+02    0.000000E+00
8.900000E+02    0.000000E+00
8.910000E+02    0.000000E+00
8.920000E+02    0.000000E+00
8.930000E+02    0.000000E+00
8.940000E+02    0.000000E+00
8.950000E+02    0.000000E+00
8.960000E+02    0.000000E+00
8.970000E+02    0.000000E+00
8.980000E+02    0.000000E+00
8.990000E+02    0.000000E+00
9.000000E+02    0.000000E+00
9.010000E+02    0.000000E+00
9.020000E+02    0.000000E+00
9.030000E+02    0.000000E+00
9.040000E+02    0.000000E+00
9.050000E+02    0.000000E+00
9.060000E+02    0.000000E+00
9.070000E+02    0.000000E+00
9.080000E+02    0.000000E+00
9.090000E+02    0.000000E+00
9.100000E+02    0.000000E+00
9.110000E+02    0.000000E+00
9.120000E+02    0.000000E+00
9.130000E+02    0.000000E+00
9.140000E+02    0.000000E+00
9.150000E+02    0.000000E+00
9.160000E+02    0.000000E+00
9.170000E+02    0.000000E+00
9.180000E+02    0.000000E+00
9.190000E+02    0.000000E+00
9.200000E+02    0.000000E+00
9.210000E+02    0.000000E+00
9.220000E+02    0.000000E+00
9.230000E+02    0.000000E+00
9.240000E+02    0.000000E+00
9.250000E+02    0.000000E+00
9.260000E+02    0.000000E+00
9.270000E+02    0.000000E+00
9.280000E+02    0.000000E+00
9.290000E+02    0.000000E+00
9.300000E+02    0.000000E+00
9.310000E+02    0.000000E+00
9.320000E+02    0.000000E+00
9.330000E+02    0.000000E+00
9.340000E+02    0.000000E+00
9.350000E+02    0.000000E+00
9.360000E+02    0.000000E+00
9.370000E+02    0.000000E+00
9.380000E+02    0.000000E+00
9.390000E+02    0.000000E+00
9.400000E+02    0.000000E+00
9.410000E+02    0.000000E+00
9.420000E+02    0.000000E+00
9.430000E+02    0.000000E+00
9.440000E+02    0.000000E+00
9.450000E+02    0.000000E+00
9.460000E+02    0.000000E+00
9.470000E+02    0.000000E+00
9.480000E+02    0.000000E+00
9.490000E+02    0.000000E+00
9.500000E+02    0.000000E+00
9.510000E+02    0.000000E+00
9.520000E+02    0.000000E+00
9.530000E+02    0.000000E+00
9.540000E+02    0.000000E+00
9.550000E+02    0.000000E+00
9.560000E+02    0.000000E+00
9.570000E+02    0.000000E+00
9.580000E+02    0.000000E+00
9.590000E+02    0.000000E+00
9.600000E+02    0.000000E+00
9.610000E+02    0.000000E+00
9.620000E+02    0.000000E+00
9.630000E+02    0.000000E+00
9.640000E+02    0.000000E+00
9.650000E+02    0.000000E+00
9.660000E+02    0.000000E+00
9.670000E+02    0.000000E+00
9.680000E+02    0.000000E+00
9.690000E+02    0.000000E+00
9.700000E+02    0.000000E+00
9.710000E+02    0.000000E+00
9.720000E+02    0.000000E+00
9.730000E+02    0.000000E+00
9.740000E+02    0.000000E+00
9.750000E+02    0.000000E+00
9.760000E+02    0.000000E+00
9.770000E+02    0.000000E+00
9.780000E+02    0.000000E+00
9.790000E+02    0.000000E+00
9.800000E+02    0.000000E+00
9.810000E+02    0.000000E+00
9.820000E+02    0.000000E+00
9.830000E+02    0.000000E+00
9.840000E+02    0.000000E+00
9.850000E+02    0.000000E+00
9.860000E+02    0.000000E+00
9.870000E+02    0.000000E+00
9.880000E+02    0.000000E+00
9.890000E+02    0.000000E+00
9.900000E+02    0.000000E+00
9.910000E+02    0.000000E+00
9.920000E+02    0.000000E+00
9.930000E+02    0.000000E+00
9.940000E+02    0.000000E+00
9.950000E+02    0.000000E+00
9.960000E+02    0.000000E+00
9.970000E+02    0.000000E+00
9.980000E+02    0.000000E+00
9.990000E+02    0.000000E+00
1.000000E+03    0.000000E+00
1.001000E+03    0.000000E+00
1.002000E+03    0.000000E+00
1.003000E+03    0.000000E+00
1.004000E+03    0.000000E+00
1.005000E+03    0.000000E+00
1.006000E+03    0.000000E+00
1.007000E+03    0.000000E+00
1.008000E+03    0.000000E+00
1.009000E+03    0.000000E+00
1.010000E+03    0.000000E+00
1.011000E+03    0.000000E+00
1.012000E+03    0.000000E+00
1.013000E+03    0.000000E+00
1.014000E+03    0.000000E+00
1.015000E+03    0.000000E+00
1.016000E+03    0.000000E+00
1.017000E+03    0.000000E+00
1.018000E+03    0.000000E+00
1.019000E+03    0.000000E+00
1.020000E+03    0.000000E+00
1.021000E+03    0.000000E+00
1.022000E+03    0.000000E+00
1.023000E+03    0.000000E+00
1.024000E+03    0.000000E+00
1.025000E+03    0.000000E+00
1.026000E+03    0.000000E+00
1.027000E+03    0.000000E+00
1.028000E+03    0.000000E+00
1.029000E+03    0.000000E+00
1.030000E+03    0.000000E+00
1.031000E+03    0.000000E+00
1.032000E+03    0.000000E+00
1.033000E+03    0.000000E+00
1.034000E+03    0.000000E+00
1.035000E+03    0.000000E+00
1.036000E+03    0.000000E+00
1.037000E+03    0.000000E+00
1.038000E+03    0.000000E+00
1.039000E+03    0.000000E+00
1.040000E+03    0.000000E+00
1.041000E+03    0.000000E+00
1.042000E+03    0.000000E+00
1.043000E+03    0.000000E+00
1.044000E+03    0.000000E+00
1.045000E+03    0.000000E+00
1.046000E+03    0.000000E+00
1.047000E+03    0.000000E+00
1.048000E+03    0.000000E+00
1.049000E+03    0.000000E+00
1.050000E+03    0.000000E+00
1.051000E+03    0.000000E+00
1.052000E+03    0.000000E+00
1.053000E+03    0.000000E+00
1.054000E+03    0.000000E+00
1.055000E+03    0.000000E+00
1.056000E+03    0.000000E+00
1.057000E+03    0.000000E+00
1.058000E+03    0.000000E+00
1.059000E+03    0.000000E+00
1.060000E+03    0.000000E+00
1.061000E+03    0.000000E+00
1.062000E+03    0.000000E+00
1.063000E+03    0.000000E+00
1.064000E+03    0.000000E+00
1.065000E+03    0.000000E+00
1.066000E+03    0.000000E+00
1.067000E+03    0.000000E+00
1.068000E+03    0.000000E+00
1.069000E+03    0.000000E+00
1.070000E+03    0.000000E+00
1.071000E+03    0.000000E+00
1.072000E+03    0.000000E+00
1.073000E+03    0.000000E+00
1.074000E+03    0.000000E+00
1.075000E+03    0.000000E+00
1.076000E+03    0.000000E+00
1.077000E+03    0.000000E+00
1.078000E+03    0.000000E+00
1.079000E+03    0.000000E+00
1.080000E+03    0.000000E+00
1.081000E+03    0.000000E+00
1.082000E+03    0.000000E+00
1.083000E+03    0.000000E+00
1.084000E+03    0.000000E+00
1.085000E+03    0.000000E+00
1.086000E+03    0.000000E+00
1.087000E+03    0.000000E+00
1.088000E+03    0.000000E+00
1.089000E+03    0.000000E+00
1.090000E+03    0.000000E+00
1.091000E+03    0.000000E+00
1.092000E+03    0.000000E+00
1.093000E+03    0.000000E+00
1.094000E+03    0.000000E+00
1.095000E+03    0.000000E+00
1.096000E+03    0.000000E+00
1.097000E+03    0.000000E+00
1.098000E+03    0.000000E+00
1.099000E+03    0.000000E+00
1.100000E+03    0.000000E+00
1.101000E+03    0.000000E+00
1.102000E+03    0.000000E+00
1.103000E+03    0.000000E+00
1.104000E+03    0.000000E+00
1.105000E+03    0.000000E+00
1.106000E+03    0.000000E+00
1.107000E+03    0.000000E+00
1.108000E+03    0.000000E+00
1.109000E+03    0.000000E+00
1.110000E+03    0.000000E+00
1.111000E+03    0.000000E+00
1.112000E+03    0.000000E+00
1.113000E+03    0.000000E+00
1.114000E+03    0.000000E+00
1.115000E+03    0.000000E+00
1.116000E+03    0.000000E+00
1.117000E+03    0.000000E+00
1.118000E+03    0.000000E+00
1.119000E+03    0.000000E+00
1.120000E+03    0.000000E+00
1.121000E+03    0.000000E+00
1.122000E+03    0.000000E+00
1.123000E+03    0.000000E+00
1.124000E+03    0.000000E+00
1.125000E+03    0.000000E+00
1.126000E+03    0.000000E+00
1.127000E+03    0.000000E+00
1.128000E+03    0.000000E+00
1.129000E+03    0.000000E+00
1.130000E+03    0.000000E+00
1.131000E+03    0.000000E+00
1.132000E+03    0.000000E+00
1.133000E+03    0.000000E+00
1.134000E+03    0.000000E+00
1.135000E+03    0.000000E+00
1.136000E+03    0.000000E+00
1.137000E+03    0.000000E+00
1.138000E+03    0.000000E+00
1.139000E+03    0.000000E+00
1.140000E+03    0.000000E+00
1.141000E+03    0.000000E+00
1.142000E+03    0.000000E+00
1.143000E+03    0.000000E+00
1.144000E+03    0.000000E+00
1.145000E+03    0.000000E+00
1.146000E+03    0.000000E+00
1.147000E+03    0.000000E+00
1.148000E+03    0.000000E+00
1.149000E+03    0.000000E+00
1.150000E+03    0.000000E+00
1.151000E+03    0.000000E+00
1.152000E+03    0.000000E+00
1.153000E+03    0.000000E+00
1.154000E+03    0.000000E+00
1.155000E+03    0.000000E+00
1.156000E+03    0.000000E+00
1.157000E+03    0.000000E+00
1.158000E+03    0.000000E+00
1.159000E+03    0.000000E+00
1.160000E+03    0.000000E+00
1.161000E+03    0.000000E+00
1.162000E+03    0.000000E+00
1.163000E+03    0.000000E+00
1.164000E+03    0.000000E+00
1.165000E+03    0.000000E+00
1.166000E+03    0.000000E+00
1.167000E+03    0.000000E+00
1.168000E+03    0.000000E+00
1.169000E+03    0.000000E+00
1.170000E+03    0.000000E+00
1.171000E+03    0.000000E+00
1.172000E+03    0.000000E+00
1.173000E+03    0.000000E+00
1.174000E+03    0.000000E+00
1.175000E+03    0.000000E+00
1.176000E+03    0.000000E+00
1.177000E+03    0.000000E+00
1.178000E+03    0.000000E+00
1.179000E+03    0.000000E+00
1.180000E+03    0.000000E+00
1.181000E+03    0.000000E+00
1.182000E+03    0.000000E+00
1.183000E+03    0.000000E+00
1.184000E+03    0.000000E+00
1.185000E+03    0.000000E+00
1.186000E+03    0.000000E+00
1.187000E+03    0.000000E+00
1.188000E+03    0.000000E+00
1.189000E+03    0.000000E+00
1.190000E+03    0.000000E+00
1.191000E+03    0.000000E+00
1.192000E+03    0.000000E+00
1.193000E+03    0.000000E+00
1.194000E+03    0.000000E+00
1.195000E+03    0.000000E+00
1.196000E+03    0.000000E+00
1.197000E+03    0.000000E+00
1.198000E+03    0.000000E+00
1.199000E+03    0.000000E+00
1.200000E+03    0.000000E+00
1.201000E+03    0.000000E+00
1.202000E+03    0.000000E+00
1.203000E+03    0.000000E+00
1.204000E+03    0.000000E+00
1.205000E+03    0.000000E+00
1.206000E+03    0.000000E+00
1.207000E+03    0.000000E+00
1.208000E+03    0.000000E+00
1.209000E+03    0.000000E+00
1.210000E+03    0.000000E+00
1.211000E+03    0.000000E+00
1.212000E+03    0.000000E+00
1.213000E+03    0.000000E+00
1.214000E+03    0.000000E+00
1.215000E+03    0.000000E+00
1.216000E+03    0.000000E+00
1.217000E+03    0.000000E+00
1.218000E+03    0.000000E+00
1.219000E+03    0.000000E+00
1.220000E+03    0.000000E+00
1.221000E+03    0.000000E+00
1.222000E+03    0.000000E+00
1.223000E+03    0.000000E+00
1.224000E+03    0.000000E+00
1.225000E+03    0.000000E+00
1.226000E+03    0.000000E+00
1.227000E+03    0.000000E+00
1.228000E+03    0.000000E+00
1.229000E+03    0.000000E+00
1.230000E+03    0.000000E+00
1.231000E+03    0.000000E+00
1.232000E+03    0.000000E+00
1.233000E+03    0.000000E+00
1.234000E+03    0.000000E+00
1.235000E+03    0.000000E+00
1.236000E+03    0.000000E+00
1.237000E+03    0.000000E+00
1.238000E+03    0.000000E+00
1.239000E+03    0.000000E+00
1.240000E+03    0.000000E+00
1.241000E+03    0.000000E+00
1.242000E+03    0.000000E+00
1.243000E+03    0.000000E+00
1.244000E+03    0.000000E+00
1.245000E+03    0.000000E+00
1.246000E+03    0.000000E+00
1.247000E+03    0.000000E+00
1.248000E+03    0.000000E+00
1.249000E+03    0.000000E+00
1.250000E+03    0.000000E+00
1.251000E+03    0.000000E+00
1.252000E+03    0.000000E+00
1.253000E+03    0.000000E+00
1.254000E+03    0.000000E+00
1.255000E+03    0.000000E+00
1.256000E+03    0.000000E+00
1.257000E+03    0.000000E+00
1.258000E+03    0.000000E+00
1.259000E+03    0.000000E+00
1.260000E+03    0.000000E+00
1.261000E+03    0.000000E+00
1.262000E+03    0.000000E+00
1.263000E+03    0.000000E+00
1.264000E+03    1.004000E-30
1.265000E+03    6.153000E-30
1.266000E+03    3.569000E-29
1.267000E+03    1.958000E-28
1.268000E+03    1.016000E-27
1.269000E+03    4.992000E-27
1.270000E+03    2.319000E-26
1.271000E+03    1.019000E-25
1.272000E+03    4.239000E-25
1.273000E+03    1.668000E-24
1.274000E+03    6.206000E-24
1.275000E+03    2.185000E-23
1.276000E+03    7.279000E-23
1.277000E+03    2.294000E-22
1.278000E+03    6.840000E-22
1.279000E+03    1.929000E-21
1.280000E+03    5.148000E-21
1.281000E+03    1.300000E-20
1.282000E+03    3.104000E-20
1.283000E+03    7.013000E-20
1.284000E+03    1.499000E-19
1.285000E+03    3.032000E-19
1.286000E+03    5.800000E-19
1.287000E+03    1.050000E-18
1.288000E+03    1.798000E-18
1.289000E+03    2.912000E-18
1.290000E+03    4.464000E-18
1.291000E+03    6.472000E-18
1.292000E+03    8.879000E-18
1.293000E+03    1.152000E-17
1.294000E+03    1.415000E-17
1.295000E+03    1.645000E-17
1.296000E+03    1.809000E-17
1.297000E+03    1.886000E-17
1.298000E+03    1.865000E-17
1.299000E+03    1.757000E-17
1.300000E+03    1.589000E-17
1.301000E+03    1.399000E-17
1.302000E+03    1.235000E-17
1.303000E+03    1.138000E-17
1.304000E+03    1.139000E-17
1.305000E+03    1.253000E-17
1.306000E+03    1.475000E-17
1.307000E+03    1.779000E-17
1.308000E+03    2.119000E-17
1.309000E+03    2.442000E-17
1.310000E+03    2.689000E-17
1.311000E+03    2.815000E-17
1.312000E+03    2.795000E-17
1.313000E+03    2.627000E-17
1.314000E+03    2.337000E-17
1.315000E+03    1.968000E-17
1.316000E+03    1.568000E-17
1.317000E+03    1.182000E-17
1.318000E+03    8.427000E-18
1.319000E+03    5.692000E-18
1.320000E+03    3.651000E-18
1.321000E+03    2.249000E-18
1.322000E+03    1.383000E-18
1.323000E+03    9.550000E-19
1.324000E+03    9.011000E-19
1.325000E+03    1.213000E-18
1.326000E+03    1.938000E-18
1.327000E+03    3.168000E-18
1.328000E+03    5.008000E-18
1.329000E+03    7.534000E-18
1.330000E+03    1.074000E-17
1.331000E+03    1.448000E-17
1.332000E+03    1.849000E-17
1.333000E+03    2.232000E-17
1.334000E+03    2.550000E-17
1.335000E+03    2.756000E-17
1.336000E+03    2.818000E-17
1.337000E+03    2.725000E-17
1.338000E+03    2.494000E-17
1.339000E+03    2.159000E-17
1.340000E+03    1.768000E-17
1.341000E+03    1.370000E-17
1.342000E+03    1.004000E-17
1.343000E+03    6.966000E-18
1.344000E+03    4.571000E-18
1.345000E+03    2.837000E-18
1.346000E+03    1.666000E-18
1.347000E+03    9.255000E-19
1.348000E+03    4.864000E-19
1.349000E+03    2.419000E-19
1.350000E+03    1.138000E-19
1.351000E+03    5.064000E-20
1.352000E+03    2.132000E-20
1.353000E+03    8.492000E-21
1.354000E+03    3.200000E-21
1.355000E+03    1.141000E-21
1.356000E+03    3.849000E-22
1.357000E+03    1.233000E-22
1.358000E+03    3.931000E-23
1.359000E+03    1.912000E-23
1.360000E+03    3.348000E-23
1.361000E+03    1.047000E-22
1.362000E+03    3.346000E-22
1.363000E+03    1.018000E-21
1.364000E+03    2.934000E-21
1.365000E+03    8.006000E-21
1.366000E+03    2.069000E-20
1.367000E+03    5.065000E-20
1.368000E+03    1.175000E-19
1.369000E+03    2.582000E-19
1.370000E+03    5.378000E-19
1.371000E+03    1.062000E-18
1.372000E+03    1.990000E-18
1.373000E+03    3.538000E-18
1.374000E+03    5.970000E-18
1.375000E+03    9.567000E-18
1.376000E+03    1.457000E-17
1.377000E+03    2.108000E-17
1.378000E+03    2.901000E-17
1.379000E+03    3.799000E-17
1.380000E+03    4.735000E-17
1.381000E+03    5.620000E-17
1.382000E+03    6.355000E-17
1.383000E+03    6.847000E-17
1.384000E+03    7.031000E-17
1.385000E+03    6.880000E-17
1.386000E+03    6.417000E-17
1.387000E+03    5.702000E-17
1.388000E+03    4.827000E-17
1.389000E+03    3.892000E-17
1.390000E+03    2.987000E-17
1.391000E+03    2.181000E-17
1.392000E+03    1.515000E-17
1.393000E+03    1.000000E-17
1.394000E+03    6.273000E-18
1.395000E+03    3.737000E-18
1.396000E+03    2.113000E-18
1.397000E+03    1.134000E-18
1.398000E+03    5.771000E-19
1.399000E+03    2.785000E-19
1.400000E+03    1.274000E-19
1.401000E+03    5.523000E-20
1.402000E+03    2.268000E-20
1.403000E+03    8.825000E-21
1.404000E+03    3.252000E-21
1.405000E+03    1.134000E-21
1.406000E+03    3.747000E-22
1.407000E+03    1.172000E-22
1.408000E+03    3.469000E-23
1.409000E+03    9.718000E-24
1.410000E+03    2.577000E-24
1.411000E+03    6.466000E-25
1.412000E+03    1.535000E-25
1.413000E+03    3.450000E-26
1.414000E+03    7.337000E-27
1.415000E+03    1.476000E-27
1.416000E+03    2.810000E-28
1.417000E+03    5.062000E-29
1.418000E+03    8.626000E-30
1.419000E+03    1.391000E-30
1.420000E+03    0.000000E+00
1.421000E+03    0.000000E+00
1.422000E+03    0.000000E+00
1.423000E+03    0.000000E+00
1.424000E+03    0.000000E+00
1.425000E+03    0.000000E+00
1.426000E+03    0.000000E+00
1.427000E+03    0.000000E+00
1.428000E+03    0.000000E+00
1.429000E+03    0.000000E+00
1.430000E+03    0.000000E+00
1.431000E+03    0.000000E+00
1.432000E+03    0.000000E+00
1.433000E+03    0.000000E+00
1.434000E+03    0.000000E+00
1.435000E+03    0.000000E+00
1.436000E+03    0.000000E+00
1.437000E+03    0.000000E+00
1.438000E+03    0.000000E+00
1.439000E+03    0.000000E+00
1.440000E+03    0.000000E+00
1.441000E+03    0.000000E+00
1.442000E+03    0.000000E+00
1.443000E+03    0.000000E+00
1.444000E+03    0.000000E+00
1.445000E+03    0.000000E+00
1.446000E+03    0.000000E+00
1.447000E+03    0.000000E+00
1.448000E+03    0.000000E+00
1.449000E+03    0.000000E+00
1.450000E+03    0.000000E+00
1.451000E+03    0.000000E+00
1.452000E+03    0.000000E+00
1.453000E+03    0.000000E+00
1.454000E+03    0.000000E+00
1.455000E+03    0.000000E+00
1.456000E+03    0.000000E+00
1.457000E+03    0.000000E+00
1.458000E+03    0.000000E+00
1.459000E+03    0.000000E+00
1.460000E+03    0.000000E+00
1.461000E+03    0.000000E+00
1.462000E+03    0.000000E+00
1.463000E+03    0.000000E+00
1.464000E+03    5.128000E-30
1.465000E+03    3.067000E-29
1.466000E+03    1.736000E-28
1.467000E+03    9.298000E-28
1.468000E+03    4.714000E-27
1.469000E+03    2.262000E-26
1.470000E+03    1.028000E-25
1.471000E+03    4.419000E-25
1.472000E+03    1.799000E-24
1.473000E+03    6.933000E-24
1.474000E+03    2.530000E-23
1.475000E+03    8.743000E-23
1.476000E+03    2.861000E-22
1.477000E+03    8.868000E-22
1.478000E+03    2.604000E-21
1.479000E+03    7.242000E-21
1.480000E+03    1.908000E-20
1.481000E+03    4.765000E-20
1.482000E+03    1.128000E-19
1.483000E+03    2.530000E-19
1.484000E+03    5.380000E-19
1.485000E+03    1.085000E-18
1.486000E+03    2.075000E-18
1.487000E+03    3.764000E-18
1.488000E+03    6.479000E-18
1.489000E+03    1.058000E-17
1.490000E+03    1.640000E-17
1.491000E+03    2.415000E-17
1.492000E+03    3.375000E-17
1.493000E+03    4.481000E-17
1.494000E+03    5.654000E-17
1.495000E+03    6.782000E-17
1.496000E+03    7.737000E-17
1.497000E+03    8.400000E-17
1.498000E+03    8.683000E-17
1.499000E+03    8.553000E-17
1.500000E+03    8.036000E-17
1.501000E+03    7.208000E-17
1.502000E+03    6.179000E-17
1.503000E+03    5.070000E-17
1.504000E+03    3.985000E-17
1.505000E+03    3.006000E-17
1.506000E+03    2.177000E-17
1.507000E+03    1.516000E-17
1.508000E+03    1.015000E-17
1.509000E+03    6.539000E-18
1.510000E+03    4.051000E-18
1.511000E+03    2.411000E-18
1.512000E+03    1.377000E-18
1.513000E+03    7.544000E-19
1.514000E+03    3.955000E-19
1.515000E+03    1.981000E-19
1.516000E+03    9.473000E-20
1.517000E+03    4.316000E-20
1.518000E+03    1.872000E-20
1.519000E+03    7.719000E-21
1.520000E+03    3.024000E-21
1.521000E+03    1.124000E-21
1.522000E+03    3.965000E-22
1.523000E+03    1.326000E-22
1.524000E+03    4.203000E-23
1.525000E+03    1.262000E-23
1.526000E+03    3.588000E-24
1.527000E+03    9.661000E-25
1.528000E+03    2.463000E-25
1.529000E+03    5.942000E-26
1.530000E+03    1.357000E-26
1.531000E+03    2.933000E-27
1.532000E+03    5.999000E-28
1.533000E+03    1.161000E-28
1.534000E+03    2.127000E-29
1.535000E+03    3.685000E-30
1.536000E+03    0.000000E+00
1.537000E+03    0.000000E+00
1.538000E+03    0.000000E+00
1.539000E+03    0.000000E+00
1.540000E+03    0.000000E+00
1.541000E+03    0.000000E+00
1.542000E+03    0.000000E+00
1.543000E+03    0.000000E+00
1.544000E+03    0.000000E+00
1.545000E+03    0.000000E+00
1.546000E+03    0.000000E+00
1.547000E+03    0.000000E+00
1.548000E+03    0.000000E+00
1.549000E+03    0.000000E+00
1.550000E+03    0.000000E+00
1.551000E+03    0.000000E+00
1.552000E+03    0.000000E+00
1.553000E+03    0.000000E+00
1.554000E+03    0.000000E+00
1.555000E+03    0.000000E+00
1.556000E+03    0.000000E+00
1.557000E+03    0.000000E+00
1.558000E+03    0.000000E+00
1.559000E+03    0.000000E+00
1.560000E+03    0.000000E+00
1.561000E+03    0.000000E+00
1.562000E+03    0.000000E+00
1.563000E+03    0.000000E+00
1.564000E+03    0.000000E+00
1.565000E+03    0.000000E+00
1.566000E+03    0.000000E+00
1.567000E+03    0.000000E+00
1.568000E+03    0.000000E+00
1.569000E+03    0.000000E+00
1.570000E+03    0.000000E+00
1.571000E+03    0.000000E+00
1.572000E+03    0.000000E+00
1.573000E+03    0.000000E+00
1.574000E+03    0.000000E+00
1.575000E+03    0.000000E+00
1.576000E+03    0.000000E+00
1.577000E+03    0.000000E+00
1.578000E+03    0.000000E+00
1.579000E+03    0.000000E+00
1.580000E+03    0.000000E+00
1.581000E+03    0.000000E+00
1.582000E+03    0.000000E+00
1.583000E+03    0.000000E+00
1.584000E+03    0.000000E+00
1.585000E+03    0.000000E+00
1.586000E+03    0.000000E+00
1.587000E+03    0.000000E+00
1.588000E+03    0.000000E+00
1.589000E+03    0.000000E+00
1.590000E+03    0.000000E+00
1.591000E+03    0.000000E+00
1.592000E+03    0.000000E+00
1.593000E+03    0.000000E+00
1.594000E+03    0.000000E+00
1.595000E+03    0.000000E+00
1.596000E+03    0.000000E+00
1.597000E+03    0.000000E+00
1.598000E+03    0.000000E+00
1.599000E+03    0.000000E+00
1.600000E+03    0.000000E+00
1.601000E+03    0.000000E+00
1.602000E+03    0.000000E+00
1.603000E+03    0.000000E+00
1.604000E+03    0.000000E+00
1.605000E+03    0.000000E+00
1.606000E+03    0.000000E+00
1.607000E+03    0.000000E+00
1.608000E+03    0.000000E+00
1.609000E+03    0.000000E+00
1.610000E+03    0.000000E+00
1.611000E+03    0.000000E+00
1.612000E+03    0.000000E+00
1.613000E+03    0.000000E+00
1.614000E+03    0.000000E+00
1.615000E+03    0.000000E+00
1.616000E+03    0.000000E+00
1.617000E+03    0.000000E+00
1.618000E+03    0.000000E+00
1.619000E+03    0.000000E+00
1.620000E+03    0.000000E+00
1.621000E+03    0.000000E+00
1.622000E+03    0.000000E+00
1.623000E+03    0.000000E+00
1.624000E+03    0.000000E+00
1.625000E+03    0.000000E+00
1.626000E+03    0.000000E+00
1.627000E+03    0.000000E+00
1.628000E+03    0.000000E+00
1.629000E+03    0.000000E+00
1.630000E+03    0.000000E+00
1.631000E+03    0.000000E+00
1.632000E+03    0.000000E+00
1.633000E+03    0.000000E+00
1.634000E+03    0.000000E+00
1.635000E+03    0.000000E+00
1.636000E+03    0.000000E+00
1.637000E+03    0.000000E+00
1.638000E+03    0.000000E+00
1.639000E+03    0.000000E+00
1.640000E+03    0.000000E+00
1.641000E+03    0.000000E+00
1.642000E+03    0.000000E+00
1.643000E+03    0.000000E+00
1.644000E+03    0.000000E+00
1.645000E+03    0.000000E+00
1.646000E+03    0.000000E+00
1.647000E+03    0.000000E+00
1.648000E+03    0.000000E+00
1.649000E+03    0.000000E+00
1.650000E+03    0.000000E+00
1.651000E+03    0.000000E+00
1.652000E+03    0.000000E+00
1.653000E+03    0.000000E+00
1.654000E+03    0.000000E+00
1.655000E+03    0.000000E+00
1.656000E+03    0.000000E+00
1.657000E+03    0.000000E+00
1.658000E+03    0.000000E+00
1.659000E+03    0.000000E+00
1.660000E+03    0.000000E+00
1.661000E+03    0.000000E+00
1.662000E+03    0.000000E+00
1.663000E+03    0.000000E+00
1.664000E+03    0.000000E+00
1.665000E+03    0.000000E+00
1.666000E+03    0.000000E+00
1.667000E+03    0.000000E+00
1.668000E+03    0.000000E+00
1.669000E+03    0.000000E+00
1.670000E+03    0.000000E+00
1.671000E+03    0.000000E+00
1.672000E+03    0.000000E+00
1.673000E+03    0.000000E+00
1.674000E+03    0.000000E+00
1.675000E+03    0.000000E+00
1.676000E+03    0.000000E+00
1.677000E+03    0.000000E+00
1.678000E+03    0.000000E+00
1.679000E+03    0.000000E+00
1.680000E+03    0.000000E+00
1.681000E+03    0.000000E+00
1.682000E+03    0.000000E+00
1.683000E+03    0.000000E+00
1.684000E+03    0.000000E+00
1.685000E+03    0.000000E+00
1.686000E+03    0.000000E+00
1.687000E+03    0.000000E+00
1.688000E+03    0.000000E+00
1.689000E+03    0.000000E+00
1.690000E+03    0.000000E+00
1.691000E+03    0.000000E+00
1.692000E+03    0.000000E+00
1.693000E+03    0.000000E+00
1.694000E+03    0.000000E+00
1.695000E+03    0.000000E+00
1.696000E+03    0.000000E+00
1.697000E+03    0.000000E+00
1.698000E+03    0.000000E+00
1.699000E+03    0.000000E+00
1.700000E+03    0.000000E+00
1.701000E+03    0.000000E+00
1.702000E+03    0.000000E+00
1.703000E+03    0.000000E+00
1.704000E+03    0.000000E+00
1.705000E+03    0.000000E+00
1.706000E+03    0.000000E+00
1.707000E+03    0.000000E+00
1.708000E+03    0.000000E+00
1.709000E+03    0.000000E+00
1.710000E+03    0.000000E+00
1.711000E+03    0.000000E+00
1.712000E+03    0.000000E+00
1.713000E+03    0.000000E+00
1.714000E+03    0.000000E+00
1.715000E+03    0.000000E+00
1.716000E+03    0.000000E+00
1.717000E+03    0.000000E+00
1.718000E+03    0.000000E+00
1.719000E+03    0.000000E+00
1.720000E+03    0.000000E+00
1.721000E+03    0.000000E+00
1.722000E+03    0.000000E+00
1.723000E+03    0.000000E+00
1.724000E+03    0.000000E+00
1.725000E+03    0.000000E+00
1.726000E+03    0.000000E+00
1.727000E+03    0.000000E+00
1.728000E+03    0.000000E+00
1.729000E+03    0.000000E+00
1.730000E+03    0.000000E+00
1.731000E+03    0.000000E+00
1.732000E+03    0.000000E+00
1.733000E+03    0.000000E+00
1.734000E+03    0.000000E+00
1.735000E+03    0.000000E+00
1.736000E+03    0.000000E+00
1.737000E+03    0.000000E+00
1.738000E+03    0.000000E+00
1.739000E+03    0.000000E+00
1.740000E+03    0.000000E+00
1.741000E+03    0.000000E+00
1.742000E+03    0.000000E+00
1.743000E+03    0.000000E+00
1.744000E+03    0.000000E+00
1.745000E+03    0.000000E+00
1.746000E+03    0.000000E+00
1.747000E+03    0.000000E+00
1.748000E+03    0.000000E+00
1.749000E+03    0.000000E+00
1.750000E+03    0.000000E+00
1.751000E+03    0.000000E+00
1.752000E+03    0.000000E+00
1.753000E+03    0.000000E+00
1.754000E+03    0.000000E+00
1.755000E+03    0.000000E+00
1.756000E+03    0.000000E+00
1.757000E+03    0.000000E+00
1.758000E+03    0.000000E+00
1.759000E+03    0.000000E+00
1.760000E+03    0.000000E+00
1.761000E+03    0.000000E+00
1.762000E+03    0.000000E+00
1.763000E+03    0.000000E+00
1.764000E+03    0.000000E+00
1.765000E+03    0.000000E+00
1.766000E+03    0.000000E+00
1.767000E+03    0.000000E+00
1.768000E+03    0.000000E+00
1.769000E+03    0.000000E+00
1.770000E+03    0.000000E+00
1.771000E+03    0.000000E+00
1.772000E+03    0.000000E+00
1.773000E+03    0.000000E+00
1.774000E+03    0.000000E+00
1.775000E+03    0.000000E+00
1.776000E+03    0.000000E+00
1.777000E+03    0.000000E+00
1.778000E+03    0.000000E+00
1.779000E+03    0.000000E+00
1.780000E+03    0.000000E+00
1.781000E+03    0.000000E+00
1.782000E+03    0.000000E+00
1.783000E+03    0.000000E+00
1.784000E+03    0.000000E+00
1.785000E+03    0.000000E+00
1.786000E+03    0.000000E+00
1.787000E+03    0.000000E+00
1.788000E+03    0.000000E+00
1.789000E+03    0.000000E+00
1.790000E+03    0.000000E+00
1.791000E+03    0.000000E+00
1.792000E+03    0.000000E+00
1.793000E+03    0.000000E+00
1.794000E+03    0.000000E+00
1.795000E+03    0.000000E+00
1.796000E+03    0.000000E+00
1.797000E+03    0.000000E+00
1.798000E+03    0.000000E+00
1.799000E+03    0.000000E+00
1.800000E+03    0.000000E+00
1.801000E+03    0.000000E+00
1.802000E+03    0.000000E+00
1.803000E+03    0.000000E+00
1.804000E+03    0.000000E+00
1.805000E+03    0.000000E+00
1.806000E+03    0.000000E+00
1.807000E+03    0.000000E+00
1.808000E+03    0.000000E+00
1.809000E+03    0.000000E+00
1.810000E+03    0.000000E+00
1.811000E+03    0.000000E+00
1.812000E+03    0.000000E+00
1.813000E+03    0.000000E+00
1.814000E+03    0.000000E+00
1.815000E+03    0.000000E+00
1.816000E+03    0.000000E+00
1.817000E+03    0.000000E+00
1.818000E+03    0.000000E+00
1.819000E+03    0.000000E+00
1.820000E+03    0.000000E+00
1.821000E+03    0.000000E+00
1.822000E+03    0.000000E+00
1.823000E+03    0.000000E+00
1.824000E+03    0.000000E+00
1.825000E+03    0.000000E+00
1.826000E+03    0.000000E+00
1.827000E+03    0.000000E+00
1.828000E+03    0.000000E+00
1.829000E+03    0.000000E+00
1.830000E+03    0.000000E+00
1.831000E+03    0.000000E+00
1.832000E+03    0.000000E+00
1.833000E+03    0.000000E+00
1.834000E+03    0.000000E+00
1.835000E+03    0.000000E+00
1.836000E+03    0.000000E+00
1.837000E+03    0.000000E+00
1.838000E+03    0.000000E+00
1.839000E+03    0.000000E+00
1.840000E+03    0.000000E+00
1.841000E+03    0.000000E+00
1.842000E+03    0.000000E+00
1.843000E+03    0.000000E+00
1.844000E+03    0.000000E+00
1.845000E+03    0.000000E+00
1.846000E+03    0.000000E+00
1.847000E+03    0.000000E+00
1.848000E+03    0.000000E+00
1.849000E+03    0.000000E+00
1.850000E+03    0.000000E+00
1.851000E+03    0.000000E+00
1.852000E+03    0.000000E+00
1.853000E+03    0.000000E+00
1.854000E+03    0.000000E+00
1.855000E+03    0.000000E+00
1.856000E+03    0.000000E+00
1.857000E+03    0.000000E+00
1.858000E+03    0.000000E+00
1.859000E+03    0.000000E+00
1.860000E+03    0.000000E+00
1.861000E+03    0.000000E+00
1.862000E+03    0.000000E+00
1.863000E+03    0.000000E+00
1.864000E+03    0.000000E+00
1.865000E+03    0.000000E+00
1.866000E+03    0.000000E+00
1.867000E+03    0.000000E+00
1.868000E+03    0.000000E+00
1.869000E+03    0.000000E+00
1.870000E+03    0.000000E+00
1.871000E+03    0.000000E+00
1.872000E+03    0.000000E+00
1.873000E+03    0.000000E+00
1.874000E+03    0.000000E+00
1.875000E+03    0.000000E+00
1.876000E+03    0.000000E+00
1.877000E+03    0.000000E+00
1.878000E+03    0.000000E+00
1.879000E+03    0.000000E+00
1.880000E+03    0.000000E+00
1.881000E+03    0.000000E+00
1.882000E+03    0.000000E+00
1.883000E+03    0.000000E+00
1.884000E+03    0.000000E+00
1.885000E+03    0.000000E+00
1.886000E+03    0.000000E+00
1.887000E+03    0.000000E+00
1.888000E+03    0.000000E+00
1.889000E+03    0.000000E+00
1.890000E+03    0.000000E+00
1.891000E+03    0.000000E+00
1.892000E+03    0.000000E+00
1.893000E+03    0.000000E+00
1.894000E+03    0.000000E+00
1.895000E+03    0.000000E+00
1.896000E+03    0.000000E+00
1.897000E+03    0.000000E+00
1.898000E+03    0.000000E+00
1.899000E+03    0.000000E+00
1.900000E+03    0.000000E+00
1.901000E+03    0.000000E+00
1.902000E+03    0.000000E+00
1.903000E+03    0.000000E+00
1.904000E+03    0.000000E+00
1.905000E+03    0.000000E+00
1.906000E+03    0.000000E+00
1.907000E+03    0.000000E+00
1.908000E+03    0.000000E+00
1.909000E+03    0.000000E+00
1.910000E+03    0.000000E+00
1.911000E+03    0.000000E+00
1.912000E+03    0.000000E+00
1.913000E+03    0.000000E+00
1.914000E+03    0.000000E+00
1.915000E+03    0.000000E+00
1.916000E+03    0.000000E+00
1.917000E+03    0.000000E+00
1.918000E+03    0.000000E+00
1.919000E+03    0.000000E+00
1.920000E+03    0.000000E+00
1.921000E+03    0.000000E+00
1.922000E+03    0.000000E+00
1.923000E+03    0.000000E+00
1.924000E+03    0.000000E+00
1.925000E+03    0.000000E+00
1.926000E+03    0.000000E+00
1.927000E+03    0.000000E+00
1.928000E+03    0.000000E+00
1.929000E+03    0.000000E+00
1.930000E+03    0.000000E+00
1.931000E+03    0.000000E+00
1.932000E+03    0.000000E+00
1.933000E+03    0.000000E+00
1.934000E+03    0.000000E+00
1.935000E+03    0.000000E+00
1.936000E+03    0.000000E+00
1.937000E+03    0.000000E+00
1.938000E+03    0.000000E+00
1.939000E+03    0.000000E+00
1.940000E+03    0.000000E+00
1.941000E+03    0.000000E+00
1.942000E+03    0.000000E+00
1.943000E+03    0.000000E+00
1.944000E+03    0.000000E+00
1.945000E+03    0.000000E+00
1.946000E+03    0.000000E+00
1.947000E+03    0.000000E+00
1.948000E+03    0.000000E+00
1.949000E+03    0.000000E+00
1.950000E+03    0.000000E+00
1.951000E+03    0.000000E+00
1.952000E+03    0.000000E+00
1.953000E+03    0.000000E+00
1.954000E+03    0.000000E+00
1.955000E+03    0.000000E+00
1.956000E+03    0.000000E+00
1.957000E+03    0.000000E+00
1.958000E+03    0.000000E+00
1.959000E+03    0.000000E+00
1.960000E+03    0.000000E+00
1.961000E+03    0.000000E+00
1.962000E+03    0.000000E+00
1.963000E+03    0.000000E+00
1.964000E+03    0.000000E+00
1.965000E+03    0.000000E+00
1.966000E+03    0.000000E+00
1.967000E+03    0.000000E+00
1.968000E+03    0.000000E+00
1.969000E+03    0.000000E+00
1.970000E+03    0.000000E+00
1.971000E+03    0.000000E+00
1.972000E+03    0.000000E+00
1.973000E+03    0.000000E+00
1.974000E+03    0.000000E+00
1.975000E+03    0.000000E+00
1.976000E+03    0.000000E+00
1.977000E+03    0.000000E+00
1.978000E+03    0.000000E+00
1.979000E+03    0.000000E+00
1.980000E+03    0.000000E+00
1.981000E+03    0.000000E+00
1.982000E+03    0.000000E+00
1.983000E+03    0.000000E+00
1.984000E+03    0.000000E+00
1.985000E+03    0.000000E+00
1.986000E+03    0.000000E+00
1.987000E+03    0.000000E+00
1.988000E+03    0.000000E+00
1.989000E+03    0.000000E+00
1.990000E+03    0.000000E+00
1.991000E+03    0.000000E+00
1.992000E+03    0.000000E+00
1.993000E+03    0.000000E+00
1.994000E+03    0.000000E+00
1.995000E+03    0.000000E+00
1.996000E+03    0.000000E+00
1.997000E+03    0.000000E+00
1.998000E+03    0.000000E+00
1.999000E+03    0.000000E+00
2.000000E+03    0.000000E+00
2.000210E+03    1.620000E-18
2.001500E+03    1.577000E-18
2.003430E+03    1.609000E-18
2.004280E+03    1.523000E-18
2.005140E+03    1.426000E-18
2.005570E+03    1.330000E-18
2.007070E+03    1.244000E-18
2.008990E+03    1.255000E-18
2.010490E+03    1.265000E-18
2.011350E+03    1.169000E-18
2.011990E+03    1.061000E-18
2.012630E+03    1.147000E-18
2.013280E+03    1.254000E-18
2.014130E+03    1.340000E-18
2.015200E+03    1.426000E-18
2.016060E+03    1.522000E-18
2.016920E+03    1.619000E-18
2.017770E+03    1.705000E-18
2.018840E+03    1.780000E-18
2.020340E+03    1.715000E-18
2.020990E+03    1.608000E-18
2.021840E+03    1.543000E-18
2.023130E+03    1.629000E-18
2.024200E+03    1.597000E-18
2.025480E+03    1.575000E-18
2.026340E+03    1.672000E-18
2.027620E+03    1.736000E-18
2.029760E+03    1.758000E-18
2.031260E+03    1.715000E-18
2.032760E+03    1.768000E-18
2.033620E+03    1.865000E-18
2.034050E+03    1.961000E-18
2.034480E+03    2.068000E-18
2.035120E+03    2.165000E-18
2.035550E+03    2.272000E-18
2.036400E+03    2.358000E-18
2.037470E+03    2.454000E-18
2.039400E+03    2.486000E-18
2.040470E+03    2.572000E-18
2.041540E+03    2.615000E-18
2.043040E+03    2.540000E-18
2.045180E+03    2.561000E-18
2.046470E+03    2.497000E-18
2.047320E+03    2.389000E-18
2.048820E+03    2.357000E-18
2.050960E+03    2.368000E-18
2.052030E+03    2.454000E-18
2.053320E+03    2.539000E-18
2.054390E+03    2.625000E-18
2.054820E+03    2.722000E-18
2.055460E+03    2.818000E-18
2.056530E+03    2.904000E-18
2.057820E+03    2.990000E-18
2.059100E+03    3.075000E-18
2.060170E+03    3.161000E-18
2.060810E+03    3.258000E-18
2.061670E+03    3.354000E-18
2.062100E+03    3.461000E-18
2.063170E+03    3.547000E-18
2.064030E+03    3.633000E-18
2.064880E+03    3.729000E-18
2.065740E+03    3.826000E-18
2.067020E+03    3.901000E-18
2.068520E+03    3.987000E-18
2.070450E+03    3.965000E-18
2.071090E+03    3.868000E-18
2.071950E+03    3.772000E-18
2.073020E+03    3.847000E-18
2.074090E+03    3.943000E-18
2.074950E+03    4.029000E-18
2.075800E+03    3.954000E-18
2.076450E+03    3.857000E-18
2.077520E+03    3.782000E-18
2.079440E+03    3.750000E-18
2.080510E+03    3.664000E-18
2.081370E+03    3.578000E-18
2.082230E+03    3.482000E-18
2.083730E+03    3.428000E-18
2.085440E+03    3.406000E-18
2.086300E+03    3.321000E-18
2.086940E+03    3.213000E-18
2.087370E+03    3.106000E-18
2.088010E+03    3.009000E-18
2.089290E+03    2.956000E-18
2.091220E+03    2.913000E-18
2.091860E+03    2.827000E-18
2.092510E+03    2.730000E-18
2.093150E+03    2.623000E-18
2.094860E+03    2.591000E-18
2.095720E+03    2.494000E-18
2.096570E+03    2.408000E-18
2.098500E+03    2.387000E-18
2.100000E+03    2.344000E-18
2.100860E+03    2.236000E-18
2.101710E+03    2.151000E-18
2.103000E+03    2.075000E-18
2.104500E+03    2.097000E-18
2.105350E+03    2.000000E-18
2.106000E+03    1.893000E-18
2.106850E+03    1.807000E-18
2.107710E+03    1.721000E-18
2.108350E+03    1.828000E-18
2.109210E+03    1.914000E-18
2.111350E+03    1.903000E-18
2.112850E+03    1.850000E-18
2.114560E+03    1.903000E-18
2.116060E+03    1.967000E-18
2.117770E+03    2.032000E-18
2.119270E+03    2.107000E-18
2.120990E+03    2.139000E-18
2.123130E+03    2.128000E-18
2.125270E+03    2.139000E-18
2.126770E+03    2.214000E-18
2.128050E+03    2.181000E-18
2.129760E+03    2.149000E-18
2.131480E+03    2.203000E-18
2.132760E+03    2.278000E-18
2.134260E+03    2.310000E-18
2.135550E+03    2.235000E-18
2.136400E+03    2.149000E-18
2.137900E+03    2.074000E-18
2.139400E+03    2.106000E-18
2.141110E+03    2.159000E-18
2.142830E+03    2.223000E-18
2.144110E+03    2.298000E-18
2.145180E+03    2.384000E-18
2.145820E+03    2.491000E-18
2.146250E+03    2.588000E-18
2.146680E+03    2.684000E-18
2.147110E+03    2.792000E-18
2.147750E+03    2.888000E-18
2.148180E+03    2.995000E-18
2.148610E+03    3.103000E-18
2.149040E+03    3.188000E-18
2.149460E+03    3.296000E-18
2.150110E+03    3.392000E-18
2.150320E+03    3.499000E-18
2.150540E+03    3.607000E-18
2.150960E+03    3.714000E-18
2.151180E+03    3.821000E-18
2.151610E+03    3.918000E-18
2.151820E+03    4.025000E-18
2.152030E+03    4.132000E-18
2.152250E+03    4.239000E-18
2.152680E+03    4.336000E-18
2.152890E+03    4.443000E-18
2.153100E+03    4.551000E-18
2.153320E+03    4.754000E-18
2.153530E+03    4.862000E-18
2.153750E+03    4.958000E-18
2.153960E+03    5.065000E-18
2.154180E+03    5.280000E-18
2.154390E+03    5.387000E-18
2.154600E+03    5.602000E-18
2.154820E+03    5.816000E-18
2.155030E+03    5.913000E-18
2.155250E+03    6.020000E-18
2.155460E+03    6.342000E-18
2.155670E+03    6.556000E-18
2.155890E+03    6.878000E-18
2.156100E+03    7.200000E-18
2.156320E+03    7.296000E-18
2.156530E+03    7.404000E-18
2.156750E+03    7.833000E-18
2.156960E+03    8.154000E-18
2.157170E+03    8.476000E-18
2.157390E+03    8.798000E-18
2.157600E+03    9.002000E-18
2.157820E+03    9.109000E-18
2.158030E+03    9.538000E-18
2.158240E+03    9.860000E-18
2.158460E+03    1.018000E-17
2.158670E+03    1.050000E-17
2.158890E+03    1.071000E-17
2.159100E+03    1.092000E-17
2.159310E+03    1.114000E-17
2.159530E+03    1.146000E-17
2.159740E+03    1.178000E-17
2.159960E+03    1.210000E-17
2.160170E+03    1.220000E-17
2.160390E+03    1.231000E-17
2.160600E+03    1.263000E-17
2.160810E+03    1.284000E-17
2.161030E+03    1.306000E-17
2.161240E+03    1.327000E-17
2.161460E+03    1.337000E-17
2.161670E+03    1.347000E-17
2.161880E+03    1.358000E-17
2.162100E+03    1.369000E-17
2.162530E+03    1.389000E-17
2.162960E+03    1.400000E-17
2.163380E+03    1.397000E-17
2.164030E+03    1.387000E-17
2.164450E+03    1.376000E-17
2.164670E+03    1.355000E-17
2.165100E+03    1.345000E-17
2.165310E+03    1.335000E-17
2.165520E+03    1.313000E-17
2.165740E+03    1.292000E-17
2.165950E+03    1.270000E-17
2.166170E+03    1.249000E-17
2.166380E+03    1.239000E-17
2.166600E+03    1.228000E-17
2.166810E+03    1.196000E-17
2.167020E+03    1.175000E-17
2.167240E+03    1.143000E-17
2.167450E+03    1.110000E-17
2.167670E+03    1.102000E-17
2.167880E+03    1.080000E-17
2.168090E+03    1.037000E-17
2.168310E+03    1.005000E-17
2.168520E+03    9.731000E-18
2.168740E+03    9.301000E-18
2.168950E+03    9.205000E-18
2.169160E+03    8.990000E-18
2.169380E+03    8.669000E-18
2.169590E+03    8.347000E-18
2.169810E+03    8.025000E-18
2.170020E+03    7.821000E-18
2.170240E+03    7.607000E-18
2.170450E+03    7.392000E-18
2.170660E+03    7.070000E-18
2.170880E+03    6.748000E-18
2.171090E+03    6.427000E-18
2.171310E+03    6.223000E-18
2.171520E+03    6.116000E-18
2.171730E+03    5.901000E-18
2.171950E+03    5.687000E-18
2.172160E+03    5.365000E-18
2.172380E+03    5.150000E-18
2.172590E+03    5.054000E-18
2.172810E+03    4.946000E-18
2.173020E+03    4.732000E-18
2.173230E+03    4.517000E-18
2.173450E+03    4.303000E-18
2.173660E+03    4.088000E-18
2.173880E+03    3.992000E-18
2.174090E+03    3.884000E-18
2.174300E+03    3.777000E-18
2.174520E+03    3.563000E-18
2.174730E+03    3.455000E-18
2.174950E+03    3.241000E-18
2.175370E+03    3.144000E-18
2.175590E+03    2.930000E-18
2.175800E+03    2.822000E-18
2.176020E+03    2.715000E-18
2.176230E+03    2.608000E-18
2.176450E+03    2.511000E-18
2.176660E+03    2.404000E-18
2.176870E+03    2.297000E-18
2.177090E+03    2.189000E-18
2.177300E+03    2.093000E-18
2.177520E+03    1.986000E-18
2.177940E+03    1.889000E-18
2.178370E+03    1.782000E-18
2.179010E+03    1.685000E-18
2.179440E+03    1.578000E-18
2.180300E+03    1.492000E-18
2.180940E+03    1.385000E-18
2.181800E+03    1.299000E-18
2.182230E+03    1.192000E-18
2.183080E+03    1.095000E-18
2.183730E+03    9.984000E-19
2.184800E+03    9.126000E-19
2.186080E+03    8.374000E-19
2.187790E+03    7.837000E-19
2.188650E+03    6.871000E-19
2.190150E+03    6.119000E-19
2.190790E+03    5.154000E-19
2.191650E+03    4.188000E-19
2.192510E+03    3.222000E-19
2.193790E+03    2.470000E-19
2.195720E+03    2.362000E-19
2.197860E+03    2.039000E-19
2.199790E+03    2.253000E-19
2.201500E+03    0.000000E+00
2.202780E+03    0.000000E+00
2.204710E+03    0.000000E+00
2.206000E+03    0.000000E+00
2.207280E+03    0.000000E+00
2.208570E+03    0.000000E+00
2.210060E+03    0.000000E+00
2.211990E+03    0.000000E+00
2.213280E+03    0.000000E+00
2.214350E+03    0.000000E+00
2.215420E+03    0.000000E+00
2.216700E+03    0.000000E+00
2.218200E+03    0.000000E+00
2.219490E+03    0.000000E+00
2.221200E+03    0.000000E+00
2.222910E+03    0.000000E+00
2.223770E+03    0.000000E+00
2.224840E+03    0.000000E+00
2.226550E+03    0.000000E+00
2.228480E+03    0.000000E+00
2.229760E+03    0.000000E+00
2.230620E+03    0.000000E+00
2.231690E+03    0.000000E+00
2.232330E+03    0.000000E+00
2.233400E+03    0.000000E+00
2.234690E+03    0.000000E+00
2.236620E+03    0.000000E+00
2.238330E+03    0.000000E+00
2.239610E+03    0.000000E+00
2.240900E+03    0.000000E+00
2.242610E+03    0.000000E+00
2.244110E+03    0.000000E+00
2.245180E+03    0.000000E+00
2.246470E+03    0.000000E+00
2.248390E+03    0.000000E+00
2.250110E+03    0.000000E+00
2.251820E+03    0.000000E+00
2.253320E+03    0.000000E+00
2.255250E+03    0.000000E+00
2.257170E+03    0.000000E+00
2.259100E+03    0.000000E+00
2.260810E+03    0.000000E+00
2.262310E+03    0.000000E+00
2.263600E+03    0.000000E+00
2.264450E+03    0.000000E+00
2.266170E+03    0.000000E+00
2.268090E+03    0.000000E+00
2.268950E+03    0.000000E+00
2.269810E+03    0.000000E+00
2.271730E+03    0.000000E+00
2.273230E+03    0.000000E+00
2.274730E+03    0.000000E+00
2.276450E+03    0.000000E+00
2.278370E+03    0.000000E+00
2.280090E+03    0.000000E+00
2.281800E+03    0.000000E+00
2.283730E+03    0.000000E+00
2.285650E+03    0.000000E+00
2.287370E+03    0.000000E+00
2.289080E+03    0.000000E+00
2.290790E+03    0.000000E+00
2.292290E+03    0.000000E+00
2.293360E+03    0.000000E+00
2.294860E+03    0.000000E+00
2.296150E+03    0.000000E+00
2.297220E+03    0.000000E+00
2.298500E+03    0.000000E+00
2.299790E+03    0.000000E+00
2.301280E+03    0.000000E+00
2.302570E+03    0.000000E+00
2.303640E+03    0.000000E+00
2.305350E+03    0.000000E+00
2.307280E+03    0.000000E+00
2.308990E+03    0.000000E+00
2.310490E+03    0.000000E+00
2.311780E+03    0.000000E+00
2.313280E+03    0.000000E+00
2.314350E+03    0.000000E+00
2.315420E+03    0.000000E+00
2.317130E+03    0.000000E+00
2.318630E+03    0.000000E+00
2.320130E+03    0.000000E+00
2.321840E+03    0.000000E+00
2.322480E+03    0.000000E+00
2.324410E+03    0.000000E+00
2.325480E+03    0.000000E+00
2.326120E+03    0.000000E+00
2.327620E+03    0.000000E+00
2.329760E+03    0.000000E+00
2.331690E+03    0.000000E+00
2.333190E+03    0.000000E+00
2.334690E+03    0.000000E+00
2.336190E+03    0.000000E+00
2.337260E+03    0.000000E+00
2.338540E+03    0.000000E+00
2.340260E+03    0.000000E+00
2.342180E+03    0.000000E+00
2.344110E+03    0.000000E+00
2.345820E+03    0.000000E+00
2.347110E+03    0.000000E+00
2.349040E+03    0.000000E+00
2.350750E+03    0.000000E+00
2.352460E+03    0.000000E+00
2.354180E+03    0.000000E+00
2.355890E+03    0.000000E+00
2.356750E+03    0.000000E+00
2.358460E+03    0.000000E+00
2.359740E+03    0.000000E+00
2.361460E+03    0.000000E+00
2.363170E+03    0.000000E+00
2.364670E+03    0.000000E+00
2.366600E+03    0.000000E+00
2.368310E+03    0.000000E+00
2.370240E+03    0.000000E+00
2.372380E+03    0.000000E+00
2.373880E+03    0.000000E+00
2.375370E+03    0.000000E+00
2.377090E+03    0.000000E+00
2.378160E+03    0.000000E+00
2.379870E+03    0.000000E+00
2.381370E+03    0.000000E+00
2.383080E+03    0.000000E+00
2.384150E+03    0.000000E+00
2.385650E+03    0.000000E+00
2.387150E+03    0.000000E+00
2.388220E+03    0.000000E+00
2.389080E+03    0.000000E+00
2.390790E+03    0.000000E+00
2.392510E+03    0.000000E+00
2.394000E+03    0.000000E+00
2.395720E+03    0.000000E+00
2.397220E+03    0.000000E+00
2.398500E+03    0.000000E+00
2.400210E+03    0.000000E+00
