 1216.0 1216.0     4.5877306e-01    2.8211094e+00     7.1699007e-01
 1300.0 1350.0     4.5424885e-01    2.8301576e+00     7.1048243e-01
 1350.0 1400.0     4.5140928e-01    2.8213921e+00     7.0482436e-01
 1400.0 1450.0     4.4756674e-01    2.7957613e+00     6.9564930e-01
 1450.0 1500.0     4.4351366e-01    2.7663431e+00     6.8563017e-01
 1500.0 1550.0     4.3949728e-01    2.7372344e+00     6.7561105e-01
 1550.0 1600.0     4.3551728e-01    2.7084320e+00     6.6559192e-01
 1600.0 1650.0     4.3178570e-01    2.6786057e+00     6.5479089e-01
 1650.0 1700.0     4.2864273e-01    2.6456439e+00     6.4193222e-01
 1700.0 1750.0     4.2586708e-01    2.6109519e+00     6.2779782e-01
 1754.0 1770.0     4.2382267e-01    2.5855226e+00     6.1733836e-01
 1770.0 1786.0     4.2294251e-01    2.5746247e+00     6.1281535e-01
 1786.0 1802.0     4.2206418e-01    2.5637727e+00     6.0829234e-01
 1802.0 1818.0     4.2118767e-01    2.5529665e+00     6.0376933e-01
 1818.0 1835.0     4.2028571e-01    2.5418711e+00     5.9910497e-01
 1835.0 1852.0     4.1935840e-01    2.5304891e+00     5.9429927e-01
 1852.0 1869.0     4.1843314e-01    2.5191581e+00     5.8949358e-01
 1869.0 1887.0     4.1748283e-01    2.5075475e+00     5.8454653e-01
 1887.0 1905.0     4.1650759e-01    2.4956603e+00     5.7945815e-01
 1905.0 1923.0     4.1553463e-01    2.4838294e+00     5.7436976e-01
 1923.0 1942.0     4.1453704e-01    2.4717292e+00     5.6914003e-01
 1942.0 1961.0     4.1351494e-01    2.4593624e+00     5.6376896e-01
 1961.0 1980.0     4.1221360e-01    2.4469196e+00     5.5829727e-01
 1980.0 2000.0     4.1042127e-01    2.4339898e+00     5.5251656e-01
 2000.0 2020.0     4.0878183e-01    2.4144120e+00     5.4645371e-01
 2020.0 2041.0     4.0747602e-01    2.3880679e+00     5.4016374e-01
 2041.0 2062.0     4.0614264e-01    2.3613757e+00     5.3372035e-01
 2062.0 2083.0     4.0481361e-01    2.3349819e+00     5.2727696e-01
 2083.0 2105.0     4.0345751e-01    2.3082687e+00     5.2068016e-01
 2105.0 2128.0     4.0204319e-01    2.2806404e+00     5.1377653e-01
 2128.0 2151.0     4.0060251e-01    2.2527361e+00     5.0671948e-01
 2151.0 2174.0     3.9916699e-01    2.2251732e+00     4.9966244e-01
 2174.0 2200.0     3.9764369e-01    2.1961951e+00     4.9214515e-01
 2200.0 2222.0     3.9615671e-01    2.1681483e+00     4.8478128e-01
 2222.0 2247.0     3.9470649e-01    2.1410581e+00     4.7757082e-01
 2247.0 2273.0     3.9313873e-01    2.1120375e+00     4.6974670e-01
 2273.0 2299.0     3.9154658e-01    2.0828489e+00     4.6176917e-01
 2299.0 2326.0     3.8993051e-01    2.0535179e+00     4.5363823e-01
 2326.0 2353.0     3.8829074e-01    2.0240544e+00     4.4535387e-01
 2353.0 2381.0     3.8662776e-01    1.9944837e+00     4.3691610e-01
 2381.0 2410.0     3.8491182e-01    1.9642934e+00     4.2817150e-01
 2410.0 2439.0     3.8317353e-01    1.9340386e+00     4.1927349e-01
 2439.0 2469.0     3.8141339e-01    1.9037442e+00     4.1022206e-01
 2469.0 2500.0     3.7960209e-01    1.8729217e+00     4.0086381e-01
 2500.0 2532.0     3.7811986e-01    1.8246987e+00     3.9153206e-01
 2532.0 2564.0     3.7699378e-01    1.7604792e+00     3.8238024e-01
 2564.0 2597.0     3.7585356e-01    1.6975866e+00     3.7308542e-01
 2597.0 2632.0     3.7466443e-01    1.6342120e+00     3.6336161e-01
 2632.0 2667.0     3.7344420e-01    1.5714095e+00     3.5335181e-01
 2667.0 2703.0     3.7221063e-01    1.5101915e+00     3.4319901e-01
 2703.0 2740.0     3.7094656e-01    1.4497348e+00     3.3276021e-01
 2740.0 2778.0     3.6965233e-01    1.3901414e+00     3.2203542e-01
 2778.0 2817.0     3.6832828e-01    1.3315065e+00     3.1102464e-01
 2817.0 2857.0     3.6697477e-01    1.2739179e+00     2.9972786e-01
 2857.0 2899.0     3.6557515e-01    1.2167911e+00     2.8800209e-01
 2899.0 2941.0     3.6414687e-01    1.1608956e+00     2.7599032e-01
 2941.0 2985.0     3.6269043e-01    1.1063582e+00     2.6369256e-01
 2985.0 3030.0     3.6196603e-01    1.0514568e+00     2.5288092e-01
 3030.0 3077.0     3.6241250e-01    9.9586619e-01     2.4464063e-01
 3077.0 3125.0     3.6327699e-01    9.4097309e-01     2.3712043e-01
 3125.0 3175.0     3.6417095e-01    8.8753074e-01     2.2936274e-01
 3175.0 3225.0     3.6508539e-01    8.3609552e-01     2.2144674e-01
 3225.0 3275.0     3.6600213e-01    7.8764113e-01     2.1353073e-01
 3275.0 3325.0     3.6692118e-01    7.4199482e-01     2.0561473e-01
 3325.0 3375.0     3.6784253e-01    6.9899386e-01     1.9769872e-01
 3375.0 3425.0     3.6876619e-01    6.5848495e-01     1.8978272e-01
 3425.0 3450.0     3.6946024e-01    6.2944115e-01     1.8384571e-01
 3450.0 3550.0     3.6650936e-01    5.9336737e-01     1.7540991e-01
 3550.0 3650.0     3.5624737e-01    5.5003308e-01     1.6395550e-01
 3650.0 3750.0     3.4379463e-01    5.1177799e-01     1.5407760e-01
 3750.0 3850.0     3.3654579e-01    4.6574928e-01     1.4482502e-01
 3850.0 3950.0     3.3334589e-01    4.1891461e-01     1.3648830e-01
 3950.0 4050.0     3.2964008e-01    3.7515779e-01     1.2874881e-01
 4050.0 4150.0     3.2741092e-01    3.3489950e-01     1.2165818e-01
 4150.0 4250.0     3.2861709e-01    2.9853204e-01     1.1530362e-01
 4250.0 4350.0     3.2552988e-01    2.6800099e-01     1.0935477e-01
 4350.0 4450.0     3.1651992e-01    2.4579741e-01     1.0388666e-01
 4450.0 4550.0     3.1094865e-01    2.2535746e-01     9.8945528e-02
 4550.0 4650.0     3.0871870e-01    2.0292982e-01     9.4236629e-02
 4650.0 4750.0     3.0457794e-01    1.8260641e-01     8.9753318e-02
 4750.0 4850.0     3.0108650e-01    1.6559771e-01     8.5678390e-02
 4850.0 4950.0     2.9691054e-01    1.5201464e-01     8.1976930e-02
 4950.0 5050.0     2.8995860e-01    1.4119625e-01     7.8518171e-02
 5050.0 5150.0     2.8779076e-01    1.2926469e-01     7.5267250e-02
 5150.0 5250.0     2.8931581e-01    1.1585446e-01     7.2128912e-02
 5250.0 5350.0     2.8774248e-01    1.0503482e-01     6.9176934e-02
 5350.0 5450.0     2.8385499e-01    9.7048735e-02     6.6480812e-02
 5450.0 5550.0     2.7866204e-01    9.0223366e-02     6.3938771e-02
 5550.0 5650.0     2.7399652e-01    8.4602925e-02     6.1603972e-02
 5650.0 5750.0     2.7072561e-01    7.9771569e-02     5.9463202e-02
 5750.0 5850.0     2.6583019e-01    7.5101611e-02     5.7372330e-02
 5850.0 5950.0     2.5825044e-01    7.0894508e-02     5.5326100e-02
 5950.0 6050.0     2.5192667e-01    6.7327792e-02     5.3441851e-02
 6050.0 6150.0     2.4477535e-01    6.4274945e-02     5.1655562e-02
 6150.0 6250.0     2.3496388e-01    6.1600678e-02     4.9899670e-02
 6250.0 6350.0     2.2847368e-01    5.8871741e-02     4.8279883e-02
 6350.0 6450.0     2.2517212e-01    5.6083218e-02     4.6789517e-02
 6450.0 6550.0     2.2211988e-01    5.3429149e-02     4.5367594e-02
 6550.0 6650.0     2.1931443e-01    5.0900135e-02     4.4009938e-02
 6650.0 6750.0     2.1557785e-01    4.8751618e-02     4.2712957e-02
 6750.0 6850.0     2.1090889e-01    4.6961560e-02     4.1473063e-02
 6850.0 6950.0     2.0760694e-01    4.5000230e-02     4.0286391e-02
 6950.0 7050.0     2.0446763e-01    4.3126381e-02     3.9150113e-02
 7050.0 7150.0     2.0035830e-01    4.1579724e-02     3.8061661e-02
 7150.0 7250.0     1.9762628e-01    3.9858202e-02     3.7017951e-02
 7250.0 7350.0     1.9459732e-01    3.7945037e-02     3.5977398e-02
 7350.0 7450.0     1.9016922e-01    3.6084493e-02     3.4938918e-02
 7450.0 7550.0     1.8639381e-01    3.4555435e-02     3.3979739e-02
 7550.0 7650.0     1.8196519e-01    3.3568074e-02     3.3096933e-02
 7650.0 7750.0     1.7770646e-01    3.2620586e-02     3.2248170e-02
 7750.0 7850.0     1.7480662e-01    3.1490128e-02     3.1431563e-02
 7850.0 7950.0     1.7204662e-01    3.0402432e-02     3.0645640e-02
 7950.0 8050.0     1.7069422e-01    2.9138468e-02     2.9888777e-02
 8050.0 8150.0     1.6945616e-01    2.7920070e-02     2.9159641e-02
 8150.0 8250.0     1.6711166e-01    2.6952593e-02     2.8457001e-02
 8250.0 8350.0     1.6489461e-01    2.6018979e-02     2.7779484e-02
 8350.0 8450.0     1.6426781e-01    2.5124574e-02     2.7155977e-02
 8450.0 8550.0     1.6522735e-01    2.4265835e-02     2.6584699e-02
