 1216.0 1216.0     4.8356462e-02    6.2286970e-01     3.3696426e-02
 1300.0 1350.0     3.6159354e-02    4.6160207e-01     2.9393679e-02
 1350.0 1400.0     3.1906526e-02    4.1418004e-01     2.7557850e-02
 1400.0 1450.0     2.8533845e-02    3.8806234e-01     2.5903480e-02
 1450.0 1500.0     2.5601642e-02    3.6738562e-01     2.4292659e-02
 1500.0 1550.0     2.2970759e-02    3.4781059e-01     2.2681839e-02
 1550.0 1600.0     2.0610232e-02    3.2927856e-01     2.1071018e-02
 1600.0 1650.0     1.8604372e-02    3.1228234e-01     1.9601688e-02
 1650.0 1700.0     1.7075513e-02    2.9756692e-01     1.8504703e-02
 1700.0 1750.0     1.5842991e-02    2.8440155e-01     1.7638572e-02
 1754.0 1770.0     1.4979134e-02    2.7497246e-01     1.6997635e-02
 1770.0 1786.0     1.4624297e-02    2.7101938e-01     1.6720474e-02
 1786.0 1802.0     1.4277866e-02    2.6712312e-01     1.6443312e-02
 1802.0 1818.0     1.3939641e-02    2.6328288e-01     1.6166150e-02
 1818.0 1835.0     1.3599362e-02    2.5938133e-01     1.5880327e-02
 1835.0 1852.0     1.3257331e-02    2.5542111e-01     1.5585842e-02
 1852.0 1869.0     1.2923902e-02    2.5152136e-01     1.5291357e-02
 1869.0 1887.0     1.2589548e-02    2.4756999e-01     1.4988212e-02
 1887.0 1905.0     1.2254539e-02    2.4356957e-01     1.4676405e-02
 1905.0 1923.0     1.1928444e-02    2.3963379e-01     1.4364597e-02
 1923.0 1942.0     1.1602452e-02    2.3565585e-01     1.4044129e-02
 1942.0 1961.0     1.1276800e-02    2.3163821e-01     1.3714999e-02
 1961.0 1980.0     1.0962641e-02    2.2815356e-01     1.3410162e-02
 1980.0 2000.0     1.0653241e-02    2.2539197e-01     1.3137150e-02
 2000.0 2020.0     1.0379305e-02    2.2201985e-01     1.2913723e-02
 2020.0 2041.0     1.0139885e-02    2.1774986e-01     1.2727811e-02
 2041.0 2062.0     9.9002828e-03    2.1345985e-01     1.2537365e-02
 2062.0 2083.0     9.6663426e-03    2.0925436e-01     1.2346920e-02
 2083.0 2105.0     9.4326239e-03    2.0503556e-01     1.2151939e-02
 2105.0 2128.0     9.1940836e-03    2.0071158e-01     1.1947890e-02
 2128.0 2151.0     8.9564095e-03    1.9638474e-01     1.1739307e-02
 2151.0 2174.0     8.7248794e-03    1.9215117e-01     1.1530723e-02
 2174.0 2200.0     8.4850315e-03    1.8774494e-01     1.1308536e-02
 2200.0 2222.0     8.2560230e-03    1.8351970e-01     1.1090884e-02
 2222.0 2247.0     8.0382043e-03    1.7948126e-01     1.0877766e-02
 2247.0 2273.0     7.8082150e-03    1.7519759e-01     1.0646510e-02
 2273.0 2299.0     7.5804262e-03    1.7093418e-01     1.0410720e-02
 2299.0 2326.0     7.3551569e-03    1.6669651e-01     1.0170395e-02
 2326.0 2353.0     7.1324586e-03    1.6248594e-01     9.9255364e-03
 2353.0 2381.0     6.9126279e-03    1.5830768e-01     9.6761430e-03
 2381.0 2410.0     6.6919501e-03    1.5409082e-01     9.4176807e-03
 2410.0 2439.0     6.4745698e-03    1.4991428e-01     9.1546840e-03
 2439.0 2469.0     6.2607452e-03    1.4578283e-01     8.8871529e-03
 2469.0 2500.0     6.0470943e-03    1.4163101e-01     8.6105530e-03
 2500.0 2532.0     5.8669090e-03    1.3698150e-01     8.3862608e-03
 2532.0 2564.0     5.7217993e-03    1.3193701e-01     8.2188108e-03
 2564.0 2597.0     5.5781233e-03    1.2700523e-01     8.0487443e-03
 2597.0 2632.0     5.4317042e-03    1.2204444e-01     7.8708287e-03
 2632.0 2667.0     5.2849355e-03    1.1713726e-01     7.6876802e-03
 2667.0 2703.0     5.1401487e-03    1.1236286e-01     7.5019153e-03
 2703.0 2740.0     4.9954181e-03    1.0765679e-01     7.3109176e-03
 2740.0 2778.0     4.8509653e-03    1.0302699e-01     7.1146871e-03
 2778.0 2817.0     4.7070051e-03    9.8480780e-02     6.9132238e-03
 2817.0 2857.0     4.5637446e-03    9.4024902e-02     6.7065277e-03
 2857.0 2899.0     4.4196816e-03    8.9614194e-02     6.4919823e-03
 2899.0 2941.0     4.2767639e-03    8.5307900e-02     6.2722042e-03
 2941.0 2985.0     4.1352845e-03    8.1115772e-02     6.0471932e-03
 2985.0 3030.0     4.0250743e-03    7.6953452e-02     5.8464867e-03
 3030.0 3077.0     3.9623246e-03    7.2816987e-02     5.6883055e-03
 3077.0 3125.0     3.9146422e-03    6.8758393e-02     5.5415676e-03
 3125.0 3175.0     3.8660583e-03    6.4809691e-02     5.3901958e-03
 3175.0 3225.0     3.8170982e-03    6.1011844e-02     5.2357347e-03
 3225.0 3275.0     3.7687581e-03    5.7436551e-02     5.0812737e-03
 3275.0 3325.0     3.7210302e-03    5.4070770e-02     4.9268127e-03
 3325.0 3375.0     3.6739068e-03    5.0902223e-02     4.7723517e-03
 3375.0 3425.0     3.6273801e-03    4.7919354e-02     4.6178906e-03
 3425.0 3450.0     3.5928175e-03    4.5781831e-02     4.5020449e-03
 3450.0 3550.0     3.4872281e-03    4.3466392e-02     4.3296296e-03
 3550.0 3650.0     3.2587067e-03    4.1248634e-02     4.0826904e-03
 3650.0 3750.0     3.0205820e-03    3.9539487e-02     3.8589844e-03
 3750.0 3850.0     2.8658677e-03    3.6774126e-02     3.6488381e-03
 3850.0 3950.0     2.7747867e-03    3.3551415e-02     3.4574115e-03
 3950.0 4050.0     2.6837897e-03    3.0530850e-02     3.2764594e-03
 4050.0 4150.0     2.6159661e-03    2.7640781e-02     3.1083649e-03
 4150.0 4250.0     2.5942901e-03    2.4816220e-02     2.9561079e-03
 4250.0 4350.0     2.5262375e-03    2.2599892e-02     2.8109993e-03
 4350.0 4450.0     2.3956101e-03    2.1231164e-02     2.6752165e-03
 4450.0 4550.0     2.3087464e-03    1.9806825e-02     2.5518541e-03
 4550.0 4650.0     2.2615072e-03    1.8058509e-02     2.4339339e-03
 4650.0 4750.0     2.1963035e-03    1.6512183e-02     2.3206712e-03
 4750.0 4850.0     2.1408544e-03    1.5185856e-02     2.2171646e-03
 4850.0 4950.0     2.0820896e-03    1.4128945e-02     2.1227122e-03
 4950.0 5050.0     1.9983514e-03    1.3352465e-02     2.0339140e-03
 5050.0 5150.0     1.9628616e-03    1.2351059e-02     1.9504312e-03
 5150.0 5250.0     1.9638029e-03    1.1125723e-02     1.8697347e-03
 5250.0 5350.0     1.9361131e-03    1.0182548e-02     1.7934755e-03
 5350.0 5450.0     1.8884006e-03    9.5184920e-03     1.7236413e-03
 5450.0 5550.0     1.8302720e-03    8.9667353e-03     1.6576534e-03
 5550.0 5650.0     1.7787249e-03    8.5066161e-03     1.5970578e-03
 5650.0 5750.0     1.7413493e-03    8.0904352e-03     1.5415579e-03
 5750.0 5850.0     1.6908616e-03    7.7025027e-03     1.4871953e-03
 5850.0 5950.0     1.6186219e-03    7.3840065e-03     1.4338303e-03
 5950.0 6050.0     1.5588382e-03    7.1040033e-03     1.3847537e-03
 6050.0 6150.0     1.4947501e-03    6.8737691e-03     1.3382105e-03
 6150.0 6250.0     1.4109204e-03    6.7040709e-03     1.2923363e-03
 6250.0 6350.0     1.3551265e-03    6.4872206e-03     1.2501182e-03
 6350.0 6450.0     1.3254259e-03    6.2253435e-03     1.2113779e-03
 6450.0 6550.0     1.2981843e-03    5.9716109e-03     1.1744110e-03
 6550.0 6650.0     1.2732924e-03    5.7256468e-03     1.1391109e-03
 6650.0 6750.0     1.2420935e-03    5.5251334e-03     1.1053752e-03
 6750.0 6850.0     1.2046492e-03    5.3681042e-03     1.0731128e-03
 6850.0 6950.0     1.1776278e-03    5.1787335e-03     1.0422456e-03
 6950.0 7050.0     1.1523509e-03    4.9948166e-03     1.0126918e-03
 7050.0 7150.0     1.1206378e-03    4.8520342e-03     9.8437431e-04
 7150.0 7250.0     1.0989370e-03    4.6778360e-03     9.5723103e-04
 7250.0 7350.0     1.0755649e-03    4.4814972e-03     9.3012882e-04
 7350.0 7450.0     1.0428722e-03    4.2979869e-03     9.0303334e-04
 7450.0 7550.0     1.0151786e-03    4.1454577e-03     8.7805236e-04
 7550.0 7650.0     9.8379597e-04    4.0567717e-03     8.5510150e-04
 7650.0 7750.0     9.5389810e-04    3.9702954e-03     8.3303871e-04
 7750.0 7850.0     9.3329987e-04    3.8532114e-03     8.1182121e-04
 7850.0 7950.0     9.1386525e-04    3.7391124e-03     7.9140419e-04
 7950.0 8050.0     9.0360348e-04    3.5957241e-03     7.7174970e-04
 8050.0 8150.0     8.9424686e-04    3.4560679e-03     7.5281853e-04
 8150.0 8250.0     8.7798150e-04    3.3510468e-03     7.3457358e-04
 8250.0 8350.0     8.6269540e-04    3.2485772e-03     7.1698397e-04
 8350.0 8450.0     8.5755265e-04    3.1429319e-03     7.0082943e-04
 8450.0 8550.0     8.6242215e-04    3.0343982e-03     6.8606202e-04
