 1216.0 1216.0     6.5943111e-02    7.3210314e-01     4.2666497e-02
 1300.0 1350.0     4.9717504e-02    5.3856286e-01     3.7206487e-02
 1350.0 1400.0     4.4012755e-02    4.8177654e-01     3.4877870e-02
 1400.0 1450.0     3.9453616e-02    4.5035311e-01     3.2780799e-02
 1450.0 1500.0     3.5475435e-02    4.2544565e-01     3.0739298e-02
 1500.0 1550.0     3.1898382e-02    4.0191575e-01     2.8697798e-02
 1550.0 1600.0     2.8682009e-02    3.7968720e-01     2.6656297e-02
 1600.0 1650.0     2.5941086e-02    3.5939658e-01     2.4794414e-02
 1650.0 1700.0     2.3842251e-02    3.4200268e-01     2.3405209e-02
 1700.0 1750.0     2.2143571e-02    3.2655661e-01     2.2309064e-02
 1754.0 1770.0     2.0952112e-02    3.1550180e-01     2.1497917e-02
 1770.0 1786.0     2.0462370e-02    3.1087021e-01     2.1147151e-02
 1786.0 1802.0     1.9984075e-02    3.0630662e-01     2.0796385e-02
 1802.0 1818.0     1.9516961e-02    3.0181002e-01     2.0445619e-02
 1818.0 1835.0     1.9046853e-02    2.9724307e-01     2.0083891e-02
 1835.0 1852.0     1.8574168e-02    2.9260893e-01     1.9711202e-02
 1852.0 1869.0     1.8113213e-02    2.8804705e-01     1.9338513e-02
 1869.0 1887.0     1.7650816e-02    2.8342633e-01     1.8954862e-02
 1887.0 1905.0     1.7187350e-02    2.7874983e-01     1.8560250e-02
 1905.0 1923.0     1.6736054e-02    2.7415050e-01     1.8165638e-02
 1923.0 1942.0     1.6284731e-02    2.6950354e-01     1.7760064e-02
 1942.0 1961.0     1.5833712e-02    2.6481189e-01     1.7343529e-02
 1961.0 1980.0     1.5398030e-02    2.6073826e-01     1.6957810e-02
 1980.0 2000.0     1.4968117e-02    2.5750041e-01     1.6612487e-02
 2000.0 2020.0     1.4586894e-02    2.5358080e-01     1.6329963e-02
 2020.0 2041.0     1.4253318e-02    2.4864862e-01     1.6094924e-02
 2041.0 2062.0     1.3919421e-02    2.4369443e-01     1.5854152e-02
 2062.0 2083.0     1.3593345e-02    2.3883894e-01     1.5613380e-02
 2083.0 2105.0     1.3267509e-02    2.3396921e-01     1.5366876e-02
 2105.0 2128.0     1.2934879e-02    2.2897927e-01     1.5108906e-02
 2128.0 2151.0     1.2603382e-02    2.2398724e-01     1.4845203e-02
 2151.0 2174.0     1.2280381e-02    2.1910405e-01     1.4581501e-02
 2174.0 2200.0     1.1945694e-02    2.1402304e-01     1.4300600e-02
 2200.0 2222.0     1.1626061e-02    2.0915192e-01     1.4025432e-02
 2222.0 2247.0     1.1321970e-02    2.0449745e-01     1.3755997e-02
 2247.0 2273.0     1.1000810e-02    1.9956162e-01     1.3463631e-02
 2273.0 2299.0     1.0682643e-02    1.9465048e-01     1.3165533e-02
 2299.0 2326.0     1.0367912e-02    1.8977041e-01     1.2861702e-02
 2326.0 2353.0     1.0056692e-02    1.8492293e-01     1.2552138e-02
 2353.0 2381.0     9.7493946e-03    1.8011408e-01     1.2236841e-02
 2381.0 2410.0     9.4408276e-03    1.7526228e-01     1.1910080e-02
 2410.0 2439.0     9.1367855e-03    1.7045835e-01     1.1577585e-02
 2439.0 2469.0     8.8376288e-03    1.6570780e-01     1.1239358e-02
 2469.0 2500.0     8.5386260e-03    1.6093538e-01     1.0889666e-02
 2500.0 2532.0     8.2861825e-03    1.5560982e-01     1.0606110e-02
 2532.0 2564.0     8.0825861e-03    1.4984831e-01     1.0394424e-02
 2564.0 2597.0     7.8809669e-03    1.4421671e-01     1.0179431e-02
 2597.0 2632.0     7.6754625e-03    1.3855321e-01     9.9545142e-03
 2632.0 2667.0     7.4694309e-03    1.3295214e-01     9.7229826e-03
 2667.0 2703.0     7.2661437e-03    1.2750388e-01     9.4881435e-03
 2703.0 2740.0     7.0628973e-03    1.2213485e-01     9.2466892e-03
 2740.0 2778.0     6.8600019e-03    1.1685409e-01     8.9986198e-03
 2778.0 2817.0     6.6577582e-03    1.1166995e-01     8.7439351e-03
 2817.0 2857.0     6.4564565e-03    1.0659010e-01     8.4826352e-03
 2857.0 2899.0     6.2539844e-03    1.0156305e-01     8.2114126e-03
 2899.0 2941.0     6.0530790e-03    9.6656314e-02     7.9335748e-03
 2941.0 2985.0     5.8541508e-03    9.1880986e-02     7.6491217e-03
 2985.0 3030.0     5.6992266e-03    8.7145640e-02     7.3953772e-03
 3030.0 3077.0     5.6111318e-03    8.2447807e-02     7.1953656e-03
 3077.0 3125.0     5.5442571e-03    7.7841401e-02     7.0098103e-03
 3125.0 3175.0     5.4761098e-03    7.3360367e-02     6.8183953e-03
 3175.0 3225.0     5.4074266e-03    6.9051155e-02     6.6230739e-03
 3225.0 3275.0     5.3396048e-03    6.4995067e-02     6.4277524e-03
 3275.0 3325.0     5.2726336e-03    6.1177236e-02     6.2324310e-03
 3325.0 3375.0     5.2065024e-03    5.7583664e-02     6.0371096e-03
 3375.0 3425.0     5.1412007e-03    5.4201181e-02     5.8417882e-03
 3425.0 3450.0     5.0926864e-03    5.1777569e-02     5.6952971e-03
 3450.0 3550.0     4.9437796e-03    4.9150000e-02     5.4772658e-03
 3550.0 3650.0     4.6209864e-03    4.6628252e-02     5.1649844e-03
 3650.0 3750.0     4.2843839e-03    4.4683258e-02     4.8820754e-03
 3750.0 3850.0     4.0657847e-03    4.1547625e-02     4.6163077e-03
 3850.0 3950.0     3.9372224e-03    3.7898636e-02     4.3742038e-03
 3950.0 4050.0     3.8087078e-03    3.4479584e-02     4.1453429e-03
 4050.0 4150.0     3.7129823e-03    3.1209894e-02     3.9327381e-03
 4150.0 4250.0     3.6826232e-03    2.8016559e-02     3.7401554e-03
 4250.0 4350.0     3.5864622e-03    2.5510240e-02     3.5566131e-03
 4350.0 4450.0     3.4015049e-03    2.3960854e-02     3.3848645e-03
 4450.0 4550.0     3.2785612e-03    2.2350130e-02     3.2288199e-03
 4550.0 4650.0     3.2117927e-03    2.0374694e-02     3.0796569e-03
 4650.0 4750.0     3.1195101e-03    1.8627454e-02     2.9363846e-03
 4750.0 4850.0     3.0410344e-03    1.7129155e-02     2.8054492e-03
 4850.0 4950.0     2.9578150e-03    1.5935278e-02     2.6859631e-03
 4950.0 5050.0     2.8391223e-03    1.5057821e-02     2.5736282e-03
 5050.0 5150.0     2.7888993e-03    1.3927292e-02     2.4680154e-03
 5150.0 5250.0     2.7903836e-03    1.2544657e-02     2.3659268e-03
 5250.0 5350.0     2.7512089e-03    1.1480236e-02     2.2694506e-03
 5350.0 5450.0     2.6835862e-03    1.0730684e-02     2.1811002e-03
 5450.0 5550.0     2.6011563e-03    1.0107832e-02     2.0976148e-03
 5550.0 5650.0     2.5280544e-03    9.5884783e-03     2.0209495e-03
 5650.0 5750.0     2.4750622e-03    9.1188550e-03     1.9507290e-03
 5750.0 5850.0     2.4034368e-03    8.6810510e-03     1.8819481e-03
 5850.0 5950.0     2.3009035e-03    8.3214495e-03     1.8144297e-03
 5950.0 6050.0     2.2160485e-03    8.0053775e-03     1.7523355e-03
 6050.0 6150.0     2.1250608e-03    7.7454353e-03     1.6934459e-03
 6150.0 6250.0     2.0060131e-03    7.5536469e-03     1.6354033e-03
 6250.0 6350.0     1.9267871e-03    7.3088950e-03     1.5819851e-03
 6350.0 6450.0     1.8846287e-03    7.0135667e-03     1.5329661e-03
 6450.0 6550.0     1.8459593e-03    6.7274529e-03     1.4861907e-03
 6550.0 6650.0     1.8106247e-03    6.4501263e-03     1.4415240e-03
 6650.0 6750.0     1.7663216e-03    6.2240094e-03     1.3988367e-03
 6750.0 6850.0     1.7131370e-03    6.0468823e-03     1.3580132e-03
 6850.0 6950.0     1.6747629e-03    5.8333710e-03     1.3189551e-03
 6950.0 7050.0     1.6388642e-03    5.6260262e-03     1.2815585e-03
 7050.0 7150.0     1.5938130e-03    5.4650159e-03     1.2457262e-03
 7150.0 7250.0     1.5629916e-03    5.2686595e-03     1.2113795e-03
 7250.0 7350.0     1.5297919e-03    5.0473631e-03     1.1770851e-03
 7350.0 7450.0     1.4833396e-03    4.8404967e-03     1.1427995e-03
 7450.0 7550.0     1.4439900e-03    4.6685647e-03     1.1111889e-03
 7550.0 7650.0     1.3993906e-03    4.5685526e-03     1.0821466e-03
 7650.0 7750.0     1.3568996e-03    4.4710409e-03     1.0542280e-03
 7750.0 7850.0     1.3276289e-03    4.3390870e-03     1.0273789e-03
 7850.0 7950.0     1.3000110e-03    4.2105048e-03     1.0015427e-03
 7950.0 8050.0     1.2854355e-03    4.0489654e-03     9.7667123e-04
 8050.0 8150.0     1.2721456e-03    3.8916382e-03     9.5271502e-04
 8150.0 8250.0     1.2490302e-03    3.7733065e-03     9.2962711e-04
 8250.0 8350.0     1.2273060e-03    3.6578556e-03     9.0736841e-04
 8350.0 8450.0     1.2200052e-03    3.5388587e-03     8.8692537e-04
 8450.0 8550.0     1.2269420e-03    3.4166368e-03     8.6823738e-04
