 1216.0 1216.0     3.0258101e-01    2.7585174e+01     9.5230016e-01
 1300.0 1350.0     3.0189541e-01    2.7877024e+01     9.5118632e-01
 1350.0 1400.0     3.0194540e-01    2.7934507e+01     9.5030356e-01
 1400.0 1450.0     3.0247512e-01    2.7890605e+01     9.4893156e-01
 1450.0 1500.0     3.0312110e-01    2.7822461e+01     9.4744214e-01
 1500.0 1550.0     3.0376846e-01    2.7754483e+01     9.4595272e-01
 1550.0 1600.0     3.0441720e-01    2.7686672e+01     9.4446331e-01
 1600.0 1650.0     3.0527041e-01    2.7600845e+01     9.4284361e-01
 1650.0 1700.0     3.0666230e-01    2.7467613e+01     9.4088105e-01
 1700.0 1750.0     3.0839397e-01    2.7305554e+01     9.3870593e-01
 1754.0 1770.0     3.0968061e-01    2.7186140e+01     9.3709635e-01
 1770.0 1786.0     3.1023913e-01    2.7134709e+01     9.3640031e-01
 1786.0 1802.0     3.1079865e-01    2.7083376e+01     9.3570427e-01
 1802.0 1818.0     3.1135919e-01    2.7032140e+01     9.3500823e-01
 1818.0 1835.0     3.1193832e-01    2.6979405e+01     9.3429044e-01
 1835.0 1852.0     3.1253610e-01    2.6925179e+01     9.3355090e-01
 1852.0 1869.0     3.1313504e-01    2.6871062e+01     9.3281136e-01
 1869.0 1887.0     3.1375280e-01    2.6815468e+01     9.3205007e-01
 1887.0 1905.0     3.1438947e-01    2.6758404e+01     9.3126703e-01
 1905.0 1923.0     3.1502743e-01    2.6701462e+01     9.3048398e-01
 1923.0 1942.0     3.1568448e-01    2.6643065e+01     9.2967919e-01
 1942.0 1961.0     3.1636070e-01    2.6583222e+01     9.2885265e-01
 1961.0 1980.0     3.1690742e-01    2.6529169e+01     9.2802655e-01
 1980.0 2000.0     3.1725473e-01    2.6483081e+01     9.2717945e-01
 2000.0 2020.0     3.1832929e-01    2.6387042e+01     9.2632126e-01
 2020.0 2041.0     3.2025303e-01    2.6235549e+01     9.2545223e-01
 2041.0 2062.0     3.2223560e-01    2.6081253e+01     9.2456201e-01
 2062.0 2083.0     3.2423044e-01    2.5927863e+01     9.2367178e-01
 2083.0 2105.0     3.2628572e-01    2.5771767e+01     9.2276036e-01
 2105.0 2128.0     3.2845056e-01    2.5609417e+01     9.2180655e-01
 2128.0 2151.0     3.3067818e-01    2.5444505e+01     9.2083154e-01
 2151.0 2174.0     3.3292090e-01    2.5280655e+01     9.1985653e-01
 2174.0 2200.0     3.3532716e-01    2.5107315e+01     9.1881794e-01
 2200.0 2222.0     3.3769995e-01    2.4938583e+01     9.1780054e-01
 2222.0 2247.0     3.4004078e-01    2.4774546e+01     9.1680433e-01
 2247.0 2273.0     3.4259882e-01    2.4597743e+01     9.1572335e-01
 2273.0 2299.0     3.4522663e-01    2.4418760e+01     9.1462116e-01
 2299.0 2326.0     3.4792592e-01    2.4237688e+01     9.1349778e-01
 2326.0 2353.0     3.5069764e-01    2.4054568e+01     9.1235321e-01
 2353.0 2381.0     3.5354360e-01    2.3869491e+01     9.1118744e-01
 2381.0 2410.0     3.5651742e-01    2.3679187e+01     9.0997928e-01
 2410.0 2439.0     3.5956886e-01    2.3487088e+01     9.0874992e-01
 2439.0 2469.0     3.6269994e-01    2.3293290e+01     9.0749936e-01
 2469.0 2500.0     3.6596584e-01    2.3094603e+01     9.0620642e-01
 2500.0 2532.0     3.7114956e-01    2.2769013e+01     9.0493655e-01
 2532.0 2564.0     3.7825022e-01    2.2323331e+01     9.0371097e-01
 2564.0 2597.0     3.8560199e-01    2.1879681e+01     9.0246623e-01
 2597.0 2632.0     3.9344722e-01    2.1425059e+01     9.0116405e-01
 2632.0 2667.0     4.0168749e-01    2.0966790e+01     8.9982356e-01
 2667.0 2703.0     4.1022307e-01    2.0512057e+01     8.9846393e-01
 2703.0 2740.0     4.1918823e-01    2.0054795e+01     8.9706600e-01
 2740.0 2778.0     4.2860311e-01    1.9595619e+01     8.9562976e-01
 2778.0 2817.0     4.3848909e-01    1.9135134e+01     8.9415523e-01
 2817.0 2857.0     4.4886888e-01    1.8673932e+01     8.9264240e-01
 2857.0 2899.0     4.5990445e-01    1.8207041e+01     8.9107212e-01
 2899.0 2941.0     4.7148708e-01    1.7740722e+01     8.8946354e-01
 2941.0 2985.0     4.8365141e-01    1.7275812e+01     8.8781665e-01
 2985.0 3030.0     4.9604237e-01    1.6828553e+01     8.8648433e-01
 3030.0 3077.0     5.0837311e-01    1.6410556e+01     8.8567738e-01
 3077.0 3125.0     5.2114759e-01    1.6000405e+01     8.8503619e-01
 3125.0 3175.0     5.3466372e-01    1.5588095e+01     8.8437475e-01
 3175.0 3225.0     5.4881335e-01    1.5178213e+01     8.8369981e-01
 3225.0 3275.0     5.6333744e-01    1.4779109e+01     8.8302487e-01
 3275.0 3325.0     5.7824591e-01    1.4390499e+01     8.8234993e-01
 3325.0 3375.0     5.9354893e-01    1.4012107e+01     8.8167499e-01
 3375.0 3425.0     6.0925693e-01    1.3643665e+01     8.8100005e-01
 3425.0 3450.0     6.2127040e-01    1.3372815e+01     8.8049385e-01
 3450.0 3550.0     6.3482731e-01    1.3030007e+01     8.7994103e-01
 3550.0 3650.0     6.4679240e-01    1.2621010e+01     8.7946373e-01
 3650.0 3750.0     6.5468957e-01    1.2246445e+01     8.7925185e-01
 3750.0 3850.0     6.6944295e-01    1.1776369e+01     8.7906396e-01
 3850.0 3950.0     6.8815972e-01    1.1282882e+01     8.7897728e-01
 3950.0 4050.0     7.0613064e-01    1.0779466e+01     8.7893820e-01
 4050.0 4150.0     7.2429819e-01    1.0295171e+01     8.7896347e-01
 4150.0 4250.0     7.4366637e-01    9.8542456e+00     8.7907952e-01
 4250.0 4350.0     7.5836594e-01    9.4218119e+00     8.7920834e-01
 4350.0 4450.0     7.6606105e-01    9.0442415e+00     8.7937574e-01
 4450.0 4550.0     7.7516578e-01    8.7014459e+00     8.7958668e-01
 4550.0 4650.0     7.8741419e-01    8.3121206e+00     8.7976387e-01
 4650.0 4750.0     7.9770063e-01    7.9057216e+00     8.7991549e-01
 4750.0 4850.0     8.0689553e-01    7.5503856e+00     8.8009232e-01
 4850.0 4950.0     8.1422964e-01    7.2468827e+00     8.8028850e-01
 4950.0 5050.0     8.1864265e-01    6.9628740e+00     8.8047364e-01
 5050.0 5150.0     8.2616682e-01    6.6736260e+00     8.8063735e-01
 5150.0 5250.0     8.3650927e-01    6.3445576e+00     8.8075893e-01
 5250.0 5350.0     8.4388783e-01    6.0364098e+00     8.8086404e-01
 5350.0 5450.0     8.4857063e-01    5.7813822e+00     8.8097286e-01
 5450.0 5550.0     8.5197052e-01    5.5379143e+00     8.8106108e-01
 5550.0 5650.0     8.5504050e-01    5.3379523e+00     8.8114376e-01
 5650.0 5750.0     8.5843781e-01    5.1771779e+00     8.8121966e-01
 5750.0 5850.0     8.6082382e-01    4.9906846e+00     8.8125624e-01
 5850.0 5950.0     8.6147970e-01    4.7823636e+00     8.8125503e-01
 5950.0 6050.0     8.6244599e-01    4.6128002e+00     8.8124597e-01
 6050.0 6150.0     8.6258739e-01    4.4510132e+00     8.8121602e-01
 6150.0 6250.0     8.6088752e-01    4.2684774e+00     8.8115117e-01
 6250.0 6350.0     8.6104661e-01    4.1181067e+00     8.8107741e-01
 6350.0 6450.0     8.6307106e-01    3.9981045e+00     8.8099493e-01
 6450.0 6550.0     8.6512262e-01    3.8820843e+00     8.8089147e-01
 6550.0 6650.0     8.6720569e-01    3.7699071e+00     8.8076767e-01
 6650.0 6750.0     8.6848927e-01    3.6636352e+00     8.8062444e-01
 6750.0 6850.0     8.6896645e-01    3.5630593e+00     8.8046242e-01
 6850.0 6950.0     8.7030136e-01    3.4636990e+00     8.8028172e-01
 6950.0 7050.0     8.7164502e-01    3.3676620e+00     8.8008319e-01
 7050.0 7150.0     8.7216299e-01    3.2768898e+00     8.7986769e-01
 7150.0 7250.0     8.7357387e-01    3.1870008e+00     8.7963532e-01
 7250.0 7350.0     8.7480098e-01    3.0754320e+00     8.7937798e-01
 7350.0 7450.0     8.7500878e-01    2.9456041e+00     8.7909670e-01
 7450.0 7550.0     8.7545380e-01    2.8441238e+00     8.7880982e-01
 7550.0 7650.0     8.7515861e-01    2.7714865e+00     8.7851776e-01
 7650.0 7750.0     8.7488600e-01    2.7012410e+00     8.7821169e-01
 7750.0 7850.0     8.7557203e-01    2.6312640e+00     8.7789190e-01
 7850.0 7950.0     8.7628431e-01    2.5635532e+00     8.7755904e-01
 7950.0 8050.0     8.7802274e-01    2.4959575e+00     8.7721342e-01
 8050.0 8150.0     8.7979095e-01    2.4305082e+00     8.7685563e-01
 8150.0 8250.0     8.8061264e-01    2.3691069e+00     8.7648624e-01
 8250.0 8350.0     8.8146562e-01    2.3096388e+00     8.7610549e-01
 8350.0 8450.0     8.8340266e-01    2.2695059e+00     8.7572031e-01
 8450.0 8550.0     8.8644276e-01    2.2480534e+00     8.7533093e-01
