 1216.0 1216.0     3.2041124e-01    2.4714137e+01     9.4556048e-01
 1300.0 1350.0     3.1995442e-01    2.4983366e+01     9.4415339e-01
 1350.0 1400.0     3.2007760e-01    2.5037629e+01     9.4309034e-01
 1400.0 1450.0     3.2063897e-01    2.4999959e+01     9.4147783e-01
 1450.0 1500.0     3.2130666e-01    2.4940298e+01     9.3973344e-01
 1500.0 1550.0     3.2197575e-01    2.4880779e+01     9.3798905e-01
 1550.0 1600.0     3.2264622e-01    2.4821402e+01     9.3624466e-01
 1600.0 1650.0     3.2352769e-01    2.4746321e+01     9.3435025e-01
 1650.0 1700.0     3.2496502e-01    2.4629913e+01     9.3206102e-01
 1700.0 1750.0     3.2675281e-01    2.4488363e+01     9.2952701e-01
 1754.0 1770.0     3.2808100e-01    2.4384049e+01     9.2765184e-01
 1770.0 1786.0     3.2865750e-01    2.4339117e+01     9.2684095e-01
 1786.0 1802.0     3.2923502e-01    2.4294268e+01     9.2603007e-01
 1802.0 1818.0     3.2981355e-01    2.4249501e+01     9.2521919e-01
 1818.0 1835.0     3.3041124e-01    2.4203424e+01     9.2438296e-01
 1835.0 1852.0     3.3102816e-01    2.4156040e+01     9.2352140e-01
 1852.0 1869.0     3.3164623e-01    2.4108749e+01     9.2265983e-01
 1869.0 1887.0     3.3228370e-01    2.4060165e+01     9.2177293e-01
 1887.0 1905.0     3.3294064e-01    2.4010294e+01     9.2086069e-01
 1905.0 1923.0     3.3359889e-01    2.3960526e+01     9.1994844e-01
 1923.0 1942.0     3.3427679e-01    2.3909485e+01     9.1901086e-01
 1942.0 1961.0     3.3497443e-01    2.3857176e+01     9.1804793e-01
 1961.0 1980.0     3.3553151e-01    2.3809546e+01     9.1708498e-01
 1980.0 2000.0     3.3587126e-01    2.3768244e+01     9.1609665e-01
 2000.0 2020.0     3.3696180e-01    2.3683849e+01     9.1509310e-01
 2020.0 2041.0     3.3893301e-01    2.3551801e+01     9.1407485e-01
 2041.0 2062.0     3.4096410e-01    2.3417286e+01     9.1303177e-01
 2062.0 2083.0     3.4300737e-01    2.3283539e+01     9.1198868e-01
 2083.0 2105.0     3.4511212e-01    2.3147408e+01     9.1092076e-01
 2105.0 2128.0     3.4732860e-01    2.3005798e+01     9.0980317e-01
 2128.0 2151.0     3.4960889e-01    2.2861927e+01     9.0866075e-01
 2151.0 2174.0     3.5190414e-01    2.2718955e+01     9.0751832e-01
 2174.0 2200.0     3.5436619e-01    2.2567674e+01     9.0630139e-01
 2200.0 2222.0     3.5679349e-01    2.2420386e+01     9.0510929e-01
 2222.0 2247.0     3.5918752e-01    2.2277167e+01     9.0394203e-01
 2247.0 2273.0     3.6180310e-01    2.2122772e+01     9.0267543e-01
 2273.0 2299.0     3.6448938e-01    2.1966442e+01     9.0138399e-01
 2299.0 2326.0     3.6724805e-01    2.1808252e+01     9.0006772e-01
 2326.0 2353.0     3.7008004e-01    2.1648238e+01     8.9872661e-01
 2353.0 2381.0     3.7298713e-01    2.1486479e+01     8.9736066e-01
 2381.0 2410.0     3.7602403e-01    2.1320114e+01     8.9594505e-01
 2410.0 2439.0     3.7913937e-01    2.1152140e+01     8.9450460e-01
 2439.0 2469.0     3.8233513e-01    2.0982639e+01     8.9303931e-01
 2469.0 2500.0     3.8566756e-01    2.0808821e+01     8.9152436e-01
 2500.0 2532.0     3.9088921e-01    2.0522310e+01     8.9003237e-01
 2532.0 2564.0     3.9799502e-01    2.0129037e+01     8.8858819e-01
 2564.0 2597.0     4.0534513e-01    1.9737392e+01     8.8712145e-01
 2597.0 2632.0     4.1318092e-01    1.9335884e+01     8.8558701e-01
 2632.0 2667.0     4.2140308e-01    1.8930976e+01     8.8400744e-01
 2667.0 2703.0     4.2991107e-01    1.8529004e+01     8.8240530e-01
 2703.0 2740.0     4.3883786e-01    1.8124607e+01     8.8075803e-01
 2740.0 2778.0     4.4820229e-01    1.7718320e+01     8.7906564e-01
 2778.0 2817.0     4.5802438e-01    1.7310673e+01     8.7732811e-01
 2817.0 2857.0     4.6832533e-01    1.6902182e+01     8.7554545e-01
 2857.0 2899.0     4.7926412e-01    1.6488433e+01     8.7369509e-01
 2899.0 2941.0     4.9073141e-01    1.6074969e+01     8.7179961e-01
 2941.0 2985.0     5.0275947e-01    1.5662523e+01     8.6985899e-01
 2985.0 3030.0     5.1495506e-01    1.5264166e+01     8.6827783e-01
 3030.0 3077.0     5.2700829e-01    1.4889542e+01     8.6729818e-01
 3077.0 3125.0     5.3945298e-01    1.4521066e+01     8.6650713e-01
 3125.0 3175.0     5.5260030e-01    1.4150555e+01     8.6569109e-01
 3175.0 3225.0     5.6634287e-01    1.3782130e+01     8.6485840e-01
 3225.0 3275.0     5.8042720e-01    1.3423298e+01     8.6402571e-01
 3275.0 3325.0     5.9486180e-01    1.3073808e+01     8.6319302e-01
 3325.0 3375.0     6.0965536e-01    1.2733418e+01     8.6236033e-01
 3375.0 3425.0     6.2481683e-01    1.2401890e+01     8.6152765e-01
 3425.0 3450.0     6.3639886e-01    1.2158127e+01     8.6090313e-01
 3450.0 3550.0     6.4926485e-01    1.1842459e+01     8.6020042e-01
 3550.0 3650.0     6.6022363e-01    1.1453581e+01     8.5954949e-01
 3650.0 3750.0     6.6704504e-01    1.1087608e+01     8.5920990e-01
 3750.0 3850.0     6.8050913e-01    1.0636404e+01     8.5890312e-01
 3850.0 3950.0     6.9786068e-01    1.0165661e+01     8.5871771e-01
 3950.0 4050.0     7.1435960e-01    9.6808986e+00     8.5859209e-01
 4050.0 4150.0     7.3106099e-01    9.2129198e+00     8.5854504e-01
 4150.0 4250.0     7.4908342e-01    8.7875664e+00     8.5860617e-01
 4250.0 4350.0     7.6242020e-01    8.3653353e+00     8.5868683e-01
 4350.0 4450.0     7.6887587e-01    7.9918664e+00     8.5881639e-01
 4450.0 4550.0     7.7689262e-01    7.6545543e+00     8.5899955e-01
 4550.0 4650.0     7.8796454e-01    7.2747538e+00     8.5914768e-01
 4650.0 4750.0     7.9703784e-01    6.8788969e+00     8.5927026e-01
 4750.0 4850.0     8.0520283e-01    6.5338270e+00     8.5942510e-01
 4850.0 4950.0     8.1166069e-01    6.2403016e+00     8.5960524e-01
 4950.0 5050.0     8.1523496e-01    5.9666288e+00     8.5977578e-01
 5050.0 5150.0     8.2202526e-01    5.6898906e+00     8.5992447e-01
 5150.0 5250.0     8.3163657e-01    5.3780747e+00     8.6002739e-01
 5250.0 5350.0     8.3830459e-01    5.0877934e+00     8.6011396e-01
 5350.0 5450.0     8.4238323e-01    4.8490925e+00     8.6020714e-01
 5450.0 5550.0     8.4518949e-01    4.6229908e+00     8.6027884e-01
 5550.0 5650.0     8.4778419e-01    4.4379070e+00     8.6034624e-01
 5650.0 5750.0     8.5083782e-01    4.2894131e+00     8.6040772e-01
 5750.0 5850.0     8.5278515e-01    4.1191847e+00     8.6042584e-01
 5850.0 5950.0     8.5287281e-01    3.9310496e+00     8.6040224e-01
 5950.0 6050.0     8.5339039e-01    3.7783207e+00     8.6037117e-01
 6050.0 6150.0     8.5305287e-01    3.6339376e+00     8.6031751e-01
 6150.0 6250.0     8.5071774e-01    3.4728276e+00     8.6022511e-01
 6250.0 6350.0     8.5043387e-01    3.3400778e+00     8.6012374e-01
 6350.0 6450.0     8.5220851e-01    3.2338714e+00     8.6001348e-01
 6450.0 6550.0     8.5403128e-01    3.1316034e+00     8.5988021e-01
 6550.0 6650.0     8.5590726e-01    3.0331228e+00     8.5972460e-01
 6650.0 6750.0     8.5694803e-01    2.9404059e+00     8.5954762e-01
 6750.0 6850.0     8.5714365e-01    2.8532093e+00     8.5934991e-01
 6850.0 6950.0     8.5827070e-01    2.7671795e+00     8.5913149e-01
 6950.0 7050.0     8.5942744e-01    2.6845216e+00     8.5885401e-01
 7050.0 7150.0     8.5971227e-01    2.6069038e+00     8.5855773e-01
 7150.0 7250.0     8.6095130e-01    2.5297212e+00     8.5832131e-01
 7250.0 7350.0     8.6194436e-01    2.4349447e+00     8.5805671e-01
 7350.0 7450.0     8.6180516e-01    2.3259359e+00     8.5772577e-01
 7450.0 7550.0     8.6198927e-01    2.2407401e+00     8.5738896e-01
 7550.0 7650.0     8.6143084e-01    2.1798904e+00     8.5704674e-01
 7650.0 7750.0     8.6090593e-01    2.1212193e+00     8.5668886e-01
 7750.0 7850.0     8.6142943e-01    2.0627003e+00     8.5631560e-01
 7850.0 7950.0     8.6198973e-01    2.0062280e+00     8.5592769e-01
 7950.0 8050.0     8.6368235e-01    1.9497671e+00     8.5552546e-01
 8050.0 8150.0     8.6541528e-01    1.8952331e+00     8.5510954e-01
 8150.0 8250.0     8.6612244e-01    1.8444175e+00     8.5468057e-01
 8250.0 8350.0     8.6687164e-01    1.7953189e+00     8.5423878e-01
 8350.0 8450.0     8.6886288e-01    1.7616182e+00     8.5379220e-01
 8450.0 8550.0     8.7211824e-01    1.7427297e+00     8.5334109e-01
