 1216.0 1216.0     3.9311088e-01    1.6604798e+01     8.9332211e-01
 1300.0 1350.0     3.9480681e-01    1.6844126e+01     8.8850759e-01
 1350.0 1400.0     3.9566886e-01    1.6901714e+01     8.8560601e-01
 1400.0 1450.0     3.9664044e-01    1.6889593e+01     8.8179248e-01
 1450.0 1500.0     3.9764028e-01    1.6860729e+01     8.7776008e-01
 1500.0 1550.0     3.9864264e-01    1.6831915e+01     8.7372769e-01
 1550.0 1600.0     3.9964753e-01    1.6803149e+01     8.6969529e-01
 1600.0 1650.0     4.0083585e-01    1.6763657e+01     8.6534049e-01
 1650.0 1700.0     4.0250517e-01    1.6695987e+01     8.6013726e-01
 1700.0 1750.0     4.0447817e-01    1.6611108e+01     8.5440801e-01
 1754.0 1770.0     4.0594333e-01    1.6548528e+01     8.5016836e-01
 1770.0 1786.0     4.0657902e-01    1.6521560e+01     8.4833500e-01
 1786.0 1802.0     4.0721571e-01    1.6494635e+01     8.4650164e-01
 1802.0 1818.0     4.0785340e-01    1.6467755e+01     8.4466827e-01
 1818.0 1835.0     4.0851207e-01    1.6440082e+01     8.4277762e-01
 1835.0 1852.0     4.0919181e-01    1.6411617e+01     8.4082967e-01
 1852.0 1869.0     4.0987267e-01    1.6383202e+01     8.3888173e-01
 1869.0 1887.0     4.1057476e-01    1.6354004e+01     8.3687649e-01
 1887.0 1905.0     4.1129814e-01    1.6324024e+01     8.3481396e-01
 1905.0 1923.0     4.1202280e-01    1.6294100e+01     8.3275142e-01
 1923.0 1942.0     4.1276894e-01    1.6263402e+01     8.3063160e-01
 1942.0 1961.0     4.1353664e-01    1.6231935e+01     8.2845448e-01
 1961.0 1980.0     4.1410338e-01    1.6201539e+01     8.2627545e-01
 1980.0 2000.0     4.1435398e-01    1.6172062e+01     8.2403593e-01
 2000.0 2020.0     4.1542731e-01    1.6118110e+01     8.2173466e-01
 2020.0 2041.0     4.1749341e-01    1.6038054e+01     8.1937259e-01
 2041.0 2062.0     4.1962042e-01    1.5956452e+01     8.1695291e-01
 2062.0 2083.0     4.2175827e-01    1.5875266e+01     8.1453322e-01
 2083.0 2105.0     4.2395844e-01    1.5792580e+01     8.1205593e-01
 2105.0 2128.0     4.2627323e-01    1.5706509e+01     8.0946342e-01
 2128.0 2151.0     4.2865239e-01    1.5619005e+01     8.0681329e-01
 2151.0 2174.0     4.3104482e-01    1.5531988e+01     8.0416316e-01
 2174.0 2200.0     4.3360843e-01    1.5439846e+01     8.0134020e-01
 2200.0 2222.0     4.3613344e-01    1.5350077e+01     7.9857485e-01
 2222.0 2247.0     4.3862115e-01    1.5262721e+01     7.9586711e-01
 2247.0 2273.0     4.4133630e-01    1.5168481e+01     7.9292892e-01
 2273.0 2299.0     4.4412183e-01    1.5072986e+01     7.8993313e-01
 2299.0 2326.0     4.4697919e-01    1.4976280e+01     7.8687972e-01
 2326.0 2353.0     4.4990919e-01    1.4878381e+01     7.8376870e-01
 2353.0 2381.0     4.5291338e-01    1.4779333e+01     7.8060007e-01
 2381.0 2410.0     4.5604798e-01    1.4677379e+01     7.7731622e-01
 2410.0 2439.0     4.5925965e-01    1.4574352e+01     7.7397475e-01
 2439.0 2469.0     4.6255009e-01    1.4470297e+01     7.7057567e-01
 2469.0 2500.0     4.6597687e-01    1.4363495e+01     7.6706137e-01
 2500.0 2532.0     4.7082465e-01    1.4169598e+01     7.6355810e-01
 2532.0 2564.0     4.7706570e-01    1.3892692e+01     7.6012345e-01
 2564.0 2597.0     4.8348961e-01    1.3617040e+01     7.5663514e-01
 2597.0 2632.0     4.9030331e-01    1.3334561e+01     7.5298583e-01
 2632.0 2667.0     4.9741626e-01    1.3049806e+01     7.4922918e-01
 2667.0 2703.0     5.0473701e-01    1.2767238e+01     7.4541887e-01
 2703.0 2740.0     5.1237632e-01    1.2483088e+01     7.4150123e-01
 2740.0 2778.0     5.2034536e-01    1.2197738e+01     7.3747625e-01
 2778.0 2817.0     5.2865588e-01    1.1911563e+01     7.3334395e-01
 2817.0 2857.0     5.3732021e-01    1.1624932e+01     7.2910431e-01
 2857.0 2899.0     5.4646475e-01    1.1334753e+01     7.2470367e-01
 2899.0 2941.0     5.5599174e-01    1.1044918e+01     7.2019569e-01
 2941.0 2985.0     5.6591971e-01    1.0755946e+01     7.1558039e-01
 2985.0 3030.0     5.7574198e-01    1.0459605e+01     7.1170370e-01
 3030.0 3077.0     5.8509316e-01    1.0154017e+01     7.0907540e-01
 3077.0 3125.0     5.9457358e-01    9.8451793e+00     7.0682588e-01
 3125.0 3175.0     6.0451522e-01    9.5364785e+00     7.0450533e-01
 3175.0 3225.0     6.1482936e-01    9.2313557e+00     7.0213741e-01
 3225.0 3275.0     6.2531948e-01    8.9359955e+00     6.9976950e-01
 3275.0 3325.0     6.3598858e-01    8.6500854e+00     6.9740158e-01
 3325.0 3375.0     6.4683972e-01    8.3733231e+00     6.9503367e-01
 3375.0 3425.0     6.5787599e-01    8.1054158e+00     6.9266575e-01
 3425.0 3450.0     6.6625872e-01    7.9093417e+00     6.9088982e-01
 3450.0 3550.0     6.7408152e-01    7.6308629e+00     6.8869118e-01
 3550.0 3650.0     6.7768485e-01    7.2454908e+00     6.8623912e-01
 3650.0 3750.0     6.7699041e-01    6.8575274e+00     6.8453106e-01
 3750.0 3850.0     6.8213218e-01    6.4126640e+00     6.8296969e-01
 3850.0 3950.0     6.9116910e-01    5.9653804e+00     6.8173481e-01
 3950.0 4050.0     6.9902657e-01    5.5116009e+00     6.8070342e-01
 4050.0 4150.0     7.0750457e-01    5.0803775e+00     6.7990689e-01
 4150.0 4250.0     7.1843108e-01    4.6960950e+00     6.7940062e-01
 4250.0 4350.0     7.2434290e-01    4.3266597e+00     6.7901543e-01
 4350.0 4450.0     7.2348171e-01    4.0091451e+00     6.7879766e-01
 4450.0 4550.0     7.2539401e-01    3.7307181e+00     6.7874573e-01
 4550.0 4650.0     7.3042898e-01    3.4331969e+00     6.7869025e-01
 4650.0 4750.0     7.3315718e-01    3.1398936e+00     6.7864972e-01
 4750.0 4850.0     7.3599288e-01    2.8924482e+00     6.7872721e-01
 4850.0 4950.0     7.3776085e-01    2.6896937e+00     6.7890641e-01
 4950.0 5050.0     7.3644936e-01    2.5105064e+00     6.7911986e-01
 5050.0 5150.0     7.3959373e-01    2.3326014e+00     6.7933896e-01
 5150.0 5250.0     7.4619519e-01    2.1404711e+00     6.7951532e-01
 5250.0 5350.0     7.4950774e-01    1.9708016e+00     6.7970440e-01
 5350.0 5450.0     7.5034773e-01    1.8372173e+00     6.7994723e-01
 5450.0 5550.0     7.4975507e-01    1.7163882e+00     6.8018748e-01
 5550.0 5650.0     7.4955534e-01    1.6184717e+00     6.8045549e-01
 5650.0 5750.0     7.5062485e-01    1.5394949e+00     6.8074620e-01
 5750.0 5850.0     7.4989577e-01    1.4551282e+00     6.8098570e-01
 5850.0 5950.0     7.4625654e-01    1.3679887e+00     6.8117508e-01
 5950.0 6050.0     7.4377511e-01    1.2972712e+00     6.8137880e-01
 6050.0 6150.0     7.4011530e-01    1.2331811e+00     6.8156566e-01
 6150.0 6250.0     7.3324936e-01    1.1664030e+00     6.8170272e-01
 6250.0 6350.0     7.2988651e-01    1.1097529e+00     6.8184659e-01
 6350.0 6450.0     7.3003193e-01    1.0622821e+00     6.8199623e-01
 6450.0 6550.0     7.3037029e-01    1.0172705e+00     6.8212271e-01
 6550.0 6650.0     7.3090716e-01    9.7455257e-01     6.8222608e-01
 6650.0 6750.0     7.3024337e-01    9.3565625e-01     6.8230703e-01
 6750.0 6850.0     7.2835287e-01    9.0035433e-01     6.8236575e-01
 6850.0 6950.0     7.2801103e-01    8.6519739e-01     6.8240124e-01
 6950.0 7050.0     7.2776017e-01    8.3175938e-01     6.8241438e-01
 7050.0 7150.0     7.2620402e-01    8.0148943e-01     6.8240611e-01
 7150.0 7250.0     7.2629283e-01    7.7111268e-01     6.8237576e-01
 7250.0 7350.0     7.2580669e-01    7.3568597e-01     6.8230341e-01
 7350.0 7450.0     7.2332013e-01    6.9713309e-01     6.8219052e-01
 7450.0 7550.0     7.2165548e-01    6.6664390e-01     6.8207909e-01
 7550.0 7650.0     7.1903081e-01    6.4509070e-01     6.8196937e-01
 7650.0 7750.0     7.1651665e-01    6.2450597e-01     6.8184009e-01
 7750.0 7850.0     7.1577463e-01    6.0341050e-01     6.8169130e-01
 7850.0 7950.0     7.1514350e-01    5.8322075e-01     6.8152389e-01
 7950.0 8050.0     7.1648293e-01    5.6248129e-01     6.8133795e-01
 8050.0 8150.0     7.1793536e-01    5.4259354e-01     6.8113427e-01
 8150.0 8250.0     7.1771437e-01    5.2485847e-01     6.8091366e-01
 8250.0 8350.0     7.1761100e-01    5.0784054e-01     6.8067622e-01
 8350.0 8450.0     7.1987230e-01    4.9476430e-01     6.8043797e-01
 8450.0 8550.0     7.2454418e-01    4.8540215e-01     6.8019897e-01
