 1216.0 1216.0     2.7521273e-01    3.6655375e+01     9.6069431e-01
 1300.0 1350.0     2.7424637e-01    3.7030240e+01     9.5984282e-01
 1350.0 1400.0     2.7419426e-01    3.7101255e+01     9.5914295e-01
 1400.0 1450.0     2.7465637e-01    3.7038387e+01     9.5803615e-01
 1450.0 1500.0     2.7524288e-01    3.6943531e+01     9.5683168e-01
 1500.0 1550.0     2.7583064e-01    3.6848918e+01     9.5562721e-01
 1550.0 1600.0     2.7641966e-01    3.6754547e+01     9.5442274e-01
 1600.0 1650.0     2.7721018e-01    3.6635687e+01     9.5311211e-01
 1650.0 1700.0     2.7853190e-01    3.6452375e+01     9.5152208e-01
 1700.0 1750.0     2.8018883e-01    3.6229903e+01     9.4975882e-01
 1754.0 1770.0     2.8142019e-01    3.6065996e+01     9.4845401e-01
 1770.0 1786.0     2.8195482e-01    3.5995413e+01     9.4788977e-01
 1786.0 1802.0     2.8249047e-01    3.5924968e+01     9.4732553e-01
 1802.0 1818.0     2.8302714e-01    3.5854661e+01     9.4676129e-01
 1818.0 1835.0     2.8358167e-01    3.5782303e+01     9.4617942e-01
 1835.0 1852.0     2.8415411e-01    3.5707902e+01     9.4557991e-01
 1852.0 1869.0     2.8472772e-01    3.5633657e+01     9.4498040e-01
 1869.0 1887.0     2.8531942e-01    3.5557391e+01     9.4436326e-01
 1887.0 1905.0     2.8592929e-01    3.5479114e+01     9.4372849e-01
 1905.0 1923.0     2.8654046e-01    3.5401010e+01     9.4309372e-01
 1923.0 1942.0     2.8717000e-01    3.5320917e+01     9.4244132e-01
 1942.0 1961.0     2.8781796e-01    3.5238846e+01     9.4177128e-01
 1961.0 1980.0     2.8834879e-01    3.5165321e+01     9.4110306e-01
 1980.0 2000.0     2.8870004e-01    3.5103720e+01     9.4042025e-01
 2000.0 2020.0     2.8973710e-01    3.4971923e+01     9.3973069e-01
 2020.0 2041.0     2.9157220e-01    3.4761964e+01     9.3903381e-01
 2041.0 2062.0     2.9346397e-01    3.4548175e+01     9.3831993e-01
 2062.0 2083.0     2.9536801e-01    3.4335701e+01     9.3760606e-01
 2083.0 2105.0     2.9733034e-01    3.4119538e+01     9.3687519e-01
 2105.0 2128.0     2.9939790e-01    3.3894778e+01     9.3611032e-01
 2128.0 2151.0     3.0152610e-01    3.3666536e+01     9.3532846e-01
 2151.0 2174.0     3.0366943e-01    3.3439832e+01     9.3454659e-01
 2174.0 2200.0     3.0596984e-01    3.3200074e+01     9.3371374e-01
 2200.0 2222.0     3.0823897e-01    3.2966756e+01     9.3289788e-01
 2222.0 2247.0     3.1047834e-01    3.2740005e+01     9.3209902e-01
 2247.0 2273.0     3.1292633e-01    3.2495683e+01     9.3123217e-01
 2273.0 2299.0     3.1544199e-01    3.2248430e+01     9.3034832e-01
 2299.0 2326.0     3.1802705e-01    3.1998376e+01     9.2944748e-01
 2326.0 2353.0     3.2068246e-01    3.1745580e+01     9.2852964e-01
 2353.0 2381.0     3.2341005e-01    3.1490174e+01     9.2759480e-01
 2381.0 2410.0     3.2626131e-01    3.1227649e+01     9.2662597e-01
 2410.0 2439.0     3.2918817e-01    3.0962744e+01     9.2564014e-01
 2439.0 2469.0     3.3219267e-01    3.0695598e+01     9.2463732e-01
 2469.0 2500.0     3.3532785e-01    3.0421819e+01     9.2360050e-01
 2500.0 2532.0     3.4038556e-01    2.9974487e+01     9.2258647e-01
 2532.0 2564.0     3.4737064e-01    2.9363163e+01     9.2161222e-01
 2564.0 2597.0     3.5461276e-01    2.8755144e+01     9.2062275e-01
 2597.0 2632.0     3.6235202e-01    2.8132633e+01     9.1958761e-01
 2632.0 2667.0     3.7049276e-01    2.7505687e+01     9.1852203e-01
 2667.0 2703.0     3.7893800e-01    2.6884154e+01     9.1744123e-01
 2703.0 2740.0     3.8782190e-01    2.6259754e+01     9.1632998e-01
 2740.0 2778.0     3.9716615e-01    2.5633347e+01     9.1518828e-01
 2778.0 2817.0     4.0699386e-01    2.5005778e+01     9.1401614e-01
 2817.0 2857.0     4.1732963e-01    2.4377874e+01     9.1281355e-01
 2857.0 2899.0     4.2833737e-01    2.3742897e+01     9.1156530e-01
 2899.0 2941.0     4.3991099e-01    2.3109377e+01     9.1028660e-01
 2941.0 2985.0     4.5208814e-01    2.2478483e+01     9.0897746e-01
 2985.0 3030.0     4.6458299e-01    2.1872342e+01     9.0793012e-01
 3030.0 3077.0     4.7715247e-01    2.1306710e+01     9.0731884e-01
 3077.0 3125.0     4.9024300e-01    2.0752364e+01     9.0684638e-01
 3125.0 3175.0     5.0412535e-01    2.0195698e+01     9.0635899e-01
 3175.0 3225.0     5.1869210e-01    1.9642909e+01     9.0586166e-01
 3225.0 3275.0     5.3367977e-01    1.9105251e+01     9.0536433e-01
 3275.0 3325.0     5.4910050e-01    1.8582309e+01     9.0486701e-01
 3325.0 3375.0     5.6496682e-01    1.8073682e+01     9.0436968e-01
 3375.0 3425.0     5.8129159e-01    1.7578976e+01     9.0387235e-01
 3425.0 3450.0     5.9379882e-01    1.7215610e+01     9.0349935e-01
 3450.0 3550.0     6.0819200e-01    1.6769858e+01     9.0311526e-01
 3550.0 3650.0     6.2142841e-01    1.6261951e+01     9.0283331e-01
 3650.0 3750.0     6.3073172e-01    1.5815382e+01     9.0276771e-01
 3750.0 3850.0     6.4718137e-01    1.5237378e+01     9.0272038e-01
 3850.0 3950.0     6.6773008e-01    1.4624173e+01     9.0275386e-01
 3950.0 4050.0     6.8772550e-01    1.4010051e+01     9.0282416e-01
 4050.0 4150.0     7.0796555e-01    1.3423473e+01     9.0294506e-01
 4150.0 4250.0     7.2930405e-01    1.2887957e+01     9.0313813e-01
 4250.0 4350.0     7.4598721e-01    1.2378041e+01     9.0333934e-01
 4350.0 4450.0     7.5543653e-01    1.1947444e+01     9.0356997e-01
 4450.0 4550.0     7.6612871e-01    1.1553504e+01     9.0383448e-01
 4550.0 4650.0     7.8015869e-01    1.1101485e+01     9.0406974e-01
 4650.0 4750.0     7.9227259e-01    1.0633335e+01     9.0428250e-01
 4750.0 4850.0     8.0303948e-01    1.0223861e+01     9.0451443e-01
 4850.0 4950.0     8.1170411e-01    9.8737349e+00     9.0476082e-01
 4950.0 5050.0     8.1734682e-01    9.5473671e+00     9.0499699e-01
 5050.0 5150.0     8.2603471e-01    9.2107501e+00     9.0521459e-01
 5150.0 5250.0     8.3761510e-01    8.8227717e+00     9.0539679e-01
 5250.0 5350.0     8.4614356e-01    8.4587532e+00     9.0556468e-01
 5350.0 5450.0     8.5176705e-01    8.1562332e+00     9.0573484e-01
 5450.0 5550.0     8.5606725e-01    7.8653186e+00     9.0588735e-01
 5550.0 5650.0     8.5985999e-01    7.6252182e+00     9.0603466e-01
 5650.0 5750.0     8.6380222e-01    7.4312854e+00     9.0615484e-01
 5750.0 5850.0     8.6684859e-01    7.2035278e+00     9.0624255e-01
 5850.0 5950.0     8.6830343e-01    6.9460045e+00     9.0634126e-01
 5950.0 6050.0     8.6990354e-01    6.7352709e+00     9.0643319e-01
 6050.0 6150.0     8.7070216e-01    6.5317788e+00     9.0648685e-01
 6150.0 6250.0     8.6983702e-01    6.2992551e+00     9.0651202e-01
 6250.0 6350.0     8.7060999e-01    6.1072836e+00     9.0648675e-01
 6350.0 6450.0     8.7302079e-01    5.9538654e+00     9.0645430e-01
 6450.0 6550.0     8.7541978e-01    5.8041335e+00     9.0649085e-01
 6550.0 6650.0     8.7782221e-01    5.6584916e+00     9.0651090e-01
 6650.0 6750.0     8.7945977e-01    5.5196887e+00     9.0647222e-01
 6750.0 6850.0     8.8032348e-01    5.3872870e+00     9.0641840e-01
 6850.0 6950.0     8.8196682e-01    5.2559997e+00     9.0634955e-01
 6950.0 7050.0     8.8360459e-01    5.1283717e+00     9.0626641e-01
 7050.0 7150.0     8.8445983e-01    5.0067932e+00     9.0616970e-01
 7150.0 7250.0     8.8612131e-01    4.8860831e+00     9.0605961e-01
 7250.0 7350.0     8.8768743e-01    4.7341070e+00     9.0592961e-01
 7350.0 7450.0     8.8838408e-01    4.5549951e+00     9.0578054e-01
 7450.0 7550.0     8.8919601e-01    4.4146803e+00     9.0562722e-01
 7550.0 7650.0     8.8924135e-01    4.3138079e+00     9.0547003e-01
 7650.0 7750.0     8.8929535e-01    4.2157923e+00     9.0530188e-01
 7750.0 7850.0     8.9021042e-01    4.1181053e+00     9.0512304e-01
 7850.0 7950.0     8.9113798e-01    4.0231580e+00     9.0493406e-01
 7950.0 8050.0     8.9297424e-01    3.9283852e+00     9.0473522e-01
 8050.0 8150.0     8.9482672e-01    3.8362401e+00     9.0452696e-01
 8150.0 8250.0     8.9581599e-01    3.7490329e+00     9.0430978e-01
 8250.0 8350.0     8.9682307e-01    3.6642369e+00     9.0408389e-01
 8350.0 8450.0     8.9871960e-01    3.6080945e+00     9.0385491e-01
 8450.0 8550.0     9.0152082e-01    3.5798155e+00     9.0362302e-01
