 1216.0 1216.0     3.3621813e-02    5.2332091e-01     2.5822690e-02
 1300.0 1350.0     2.4962193e-02    3.9073606e-01     2.2522503e-02
 1350.0 1400.0     2.1964326e-02    3.5164338e-01     2.1115106e-02
 1400.0 1450.0     1.9602530e-02    3.3018769e-01     1.9847776e-02
 1450.0 1500.0     1.7555614e-02    3.1321482e-01     1.8614062e-02
 1500.0 1550.0     1.5722439e-02    2.9711442e-01     1.7380347e-02
 1550.0 1600.0     1.4080686e-02    2.8184164e-01     1.6146633e-02
 1600.0 1650.0     1.2688996e-02    2.6776995e-01     1.5021221e-02
 1650.0 1700.0     1.1632414e-02    2.5546613e-01     1.4180814e-02
 1700.0 1750.0     1.0783467e-02    2.4437795e-01     1.3517111e-02
 1754.0 1770.0     1.0188827e-02    2.3643148e-01     1.3025970e-02
 1770.0 1786.0     9.9447197e-03    2.3309797e-01     1.2813585e-02
 1786.0 1802.0     9.7064604e-03    2.2981145e-01     1.2601200e-02
 1802.0 1818.0     9.4739094e-03    2.2657127e-01     1.2388815e-02
 1818.0 1835.0     9.2400127e-03    2.2327841e-01     1.2169793e-02
 1835.0 1852.0     9.0049785e-03    2.1993507e-01     1.1944134e-02
 1852.0 1869.0     8.7759228e-03    2.1664179e-01     1.1718475e-02
 1869.0 1887.0     8.5463005e-03    2.1330389e-01     1.1486178e-02
 1887.0 1905.0     8.3162980e-03    2.0992352e-01     1.1247245e-02
 1905.0 1923.0     8.0924854e-03    2.0659672e-01     1.1008312e-02
 1923.0 1942.0     7.8688145e-03    2.0323318e-01     1.0762742e-02
 1942.0 1961.0     7.6454485e-03    1.9983499e-01     1.0510534e-02
 1961.0 1980.0     7.4302088e-03    1.9689027e-01     1.0276923e-02
 1980.0 2000.0     7.2185793e-03    1.9456248e-01     1.0067667e-02
 2000.0 2020.0     7.0314497e-03    1.9169685e-01     9.8963907e-03
 2020.0 2041.0     6.8680560e-03    1.8804735e-01     9.7538591e-03
 2041.0 2062.0     6.7045670e-03    1.8438003e-01     9.6078512e-03
 2062.0 2083.0     6.5449698e-03    1.8078422e-01     9.4618433e-03
 2083.0 2105.0     6.3855529e-03    1.7717627e-01     9.3123590e-03
 2105.0 2128.0     6.2228777e-03    1.7347760e-01     9.1559220e-03
 2128.0 2151.0     6.0608242e-03    1.6977566e-01     8.9960086e-03
 2151.0 2174.0     5.9029908e-03    1.6615273e-01     8.8360952e-03
 2174.0 2200.0     5.7395213e-03    1.6238114e-01     8.6657526e-03
 2200.0 2222.0     5.5834693e-03    1.5876368e-01     8.4988864e-03
 2222.0 2247.0     5.4350746e-03    1.5530530e-01     8.3354966e-03
 2247.0 2273.0     5.2784203e-03    1.5163606e-01     8.1582013e-03
 2273.0 2299.0     5.1232985e-03    1.4798327e-01     7.9774296e-03
 2299.0 2326.0     4.9699271e-03    1.4435161e-01     7.7931815e-03
 2326.0 2353.0     4.8183404e-03    1.4074224e-01     7.6054571e-03
 2353.0 2381.0     4.6687405e-03    1.3715961e-01     7.4142563e-03
 2381.0 2410.0     4.5186000e-03    1.3354291e-01     7.2161027e-03
 2410.0 2439.0     4.3707389e-03    1.2995981e-01     7.0144727e-03
 2439.0 2469.0     4.2253328e-03    1.2641437e-01     6.8093664e-03
 2469.0 2500.0     4.0800820e-03    1.2285042e-01     6.5973073e-03
 2500.0 2532.0     3.9576950e-03    1.1884624e-01     6.4253611e-03
 2532.0 2564.0     3.8592522e-03    1.1449060e-01     6.2970041e-03
 2564.0 2597.0     3.7617961e-03    1.1023148e-01     6.1666416e-03
 2597.0 2632.0     3.6624944e-03    1.0594649e-01     6.0302624e-03
 2632.0 2667.0     3.5629707e-03    1.0170698e-01     5.8898720e-03
 2667.0 2703.0     3.4648066e-03    9.7581348e-02     5.7474760e-03
 2703.0 2740.0     3.3666965e-03    9.3513922e-02     5.6010689e-03
 2740.0 2778.0     3.2687910e-03    8.9511563e-02     5.4506506e-03
 2778.0 2817.0     3.1712360e-03    8.5580618e-02     5.2962212e-03
 2817.0 2857.0     3.0741721e-03    8.1726915e-02     5.1377806e-03
 2857.0 2899.0     2.9765823e-03    7.7911393e-02     4.9733233e-03
 2899.0 2941.0     2.8797861e-03    7.4185320e-02     4.8048548e-03
 2941.0 2985.0     2.7839826e-03    7.0557137e-02     4.6323752e-03
 2985.0 3030.0     2.7093367e-03    6.6950674e-02     4.4785384e-03
 3030.0 3077.0     2.6667872e-03    6.3361125e-02     4.3573186e-03
 3077.0 3125.0     2.6344260e-03    5.9837123e-02     4.2448780e-03
 3125.0 3175.0     2.6014563e-03    5.6408098e-02     4.1288866e-03
 3175.0 3225.0     2.5682349e-03    5.3109644e-02     4.0105281e-03
 3225.0 3275.0     2.5354377e-03    5.0004067e-02     3.8921695e-03
 3275.0 3325.0     2.5030594e-03    4.7080088e-02     3.7738110e-03
 3325.0 3375.0     2.4710945e-03    4.4327089e-02     3.6554524e-03
 3375.0 3425.0     2.4395378e-03    4.1735070e-02     3.5370939e-03
 3425.0 3450.0     2.4160977e-03    3.9877444e-02     3.4483250e-03
 3450.0 3550.0     2.3447798e-03    3.7866626e-02     3.3162139e-03
 3550.0 3650.0     2.1906493e-03    3.5943896e-02     3.1270080e-03
 3650.0 3750.0     2.0301430e-03    3.4463103e-02     2.9556105e-03
 3750.0 3850.0     1.9258162e-03    3.2059816e-02     2.7946061e-03
 3850.0 3950.0     1.8643438e-03    2.9255620e-02     2.6479497e-03
 3950.0 4050.0     1.8029576e-03    2.6626602e-02     2.5093205e-03
 4050.0 4150.0     1.7571781e-03    2.4110062e-02     2.3805452e-03
 4150.0 4250.0     1.7424490e-03    2.1649078e-02     2.2639076e-03
 4250.0 4350.0     1.6965615e-03    1.9718424e-02     2.1527474e-03
 4350.0 4450.0     1.6086379e-03    1.8527127e-02     2.0487327e-03
 4450.0 4550.0     1.5501507e-03    1.7286370e-02     1.9542361e-03
 4550.0 4650.0     1.5183046e-03    1.5762308e-02     1.8639096e-03
 4650.0 4750.0     1.4743992e-03    1.4414339e-02     1.7771512e-03
 4750.0 4850.0     1.4370614e-03    1.3257907e-02     1.6978685e-03
 4850.0 4950.0     1.3975121e-03    1.2336328e-02     1.6255231e-03
 4950.0 5050.0     1.3412002e-03    1.1659494e-02     1.5575096e-03
 5050.0 5150.0     1.3173002e-03    1.0785882e-02     1.4935686e-03
 5150.0 5250.0     1.3178705e-03    9.7164626e-03     1.4317619e-03
 5250.0 5350.0     1.2992188e-03    8.8934047e-03     1.3733545e-03
 5350.0 5450.0     1.2671303e-03    8.3139994e-03     1.3198695e-03
 5450.0 5550.0     1.2280552e-03    7.8326123e-03     1.2693309e-03
 5550.0 5650.0     1.1934062e-03    7.4311400e-03     1.2229234e-03
 5650.0 5750.0     1.1682779e-03    7.0679173e-03     1.1804195e-03
 5750.0 5850.0     1.1343514e-03    6.7293839e-03     1.1387865e-03
 5850.0 5950.0     1.0858285e-03    6.4515468e-03     1.0979172e-03
 5950.0 6050.0     1.0456727e-03    6.2072439e-03     1.0603330e-03
 6050.0 6150.0     1.0026348e-03    6.0063964e-03     1.0246894e-03
 6150.0 6250.0     9.4635287e-04    5.8584821e-03     9.8955786e-04
 6250.0 6350.0     9.0889034e-04    5.6692584e-03     9.5722695e-04
 6350.0 6450.0     8.8894149e-04    5.4405873e-03     9.2756011e-04
 6450.0 6550.0     8.7064450e-04    5.2190088e-03     8.9925148e-04
 6550.0 6650.0     8.5392601e-04    5.0041964e-03     8.7221940e-04
 6650.0 6750.0     8.3297808e-04    4.8291013e-03     8.4638552e-04
 6750.0 6850.0     8.0784196e-04    4.6920079e-03     8.2167988e-04
 6850.0 6950.0     7.8970009e-04    4.5266167e-03     7.9804290e-04
 6950.0 7050.0     7.7273032e-04    4.3659771e-03     7.7541167e-04
 7050.0 7150.0     7.5144440e-04    4.2412913e-03     7.5372732e-04
 7150.0 7250.0     7.3687602e-04    4.0891197e-03     7.3294222e-04
 7250.0 7350.0     7.2118746e-04    3.9175961e-03     7.1218842e-04
 7350.0 7450.0     6.9924782e-04    3.7572982e-03     6.9143964e-04
 7450.0 7550.0     6.8066305e-04    3.6240559e-03     6.7231037e-04
 7550.0 7650.0     6.5960599e-04    3.5466124e-03     6.5473598e-04
 7650.0 7750.0     6.3954580e-04    3.4710931e-03     6.3784170e-04
 7750.0 7850.0     6.2572371e-04    3.3687982e-03     6.2159476e-04
 7850.0 7950.0     6.1268277e-04    3.2691060e-03     6.0596081e-04
 7950.0 8050.0     6.0579398e-04    3.1437910e-03     5.9091079e-04
 8050.0 8150.0     5.9951276e-04    3.0217328e-03     5.7641468e-04
 8150.0 8250.0     5.8859896e-04    2.9299593e-03     5.6244410e-04
 8250.0 8350.0     5.7834238e-04    2.8404115e-03     5.4897536e-04
 8350.0 8450.0     5.7488841e-04    2.7480680e-03     5.3660566e-04
 8450.0 8550.0     5.7814891e-04    2.6531815e-03     5.2529829e-04
