 1216.0 1216.0     2.7266214e-01    3.7786381e+01     9.6138854e-01
 1300.0 1350.0     2.7167382e-01    3.8171840e+01     9.6055150e-01
 1350.0 1400.0     2.7161534e-01    3.8244717e+01     9.5986150e-01
 1400.0 1450.0     2.7207588e-01    3.8179744e+01     9.5876883e-01
 1450.0 1500.0     2.7266197e-01    3.8081835e+01     9.5757952e-01
 1500.0 1550.0     2.7324934e-01    3.7984177e+01     9.5639021e-01
 1550.0 1600.0     2.7383796e-01    3.7886770e+01     9.5520090e-01
 1600.0 1650.0     2.7462584e-01    3.7763958e+01     9.5390997e-01
 1650.0 1700.0     2.7593890e-01    3.7574290e+01     9.5235162e-01
 1700.0 1750.0     2.7758342e-01    3.7344002e+01     9.5062747e-01
 1754.0 1770.0     2.7880557e-01    3.7174340e+01     9.4935160e-01
 1770.0 1786.0     2.7933621e-01    3.7101280e+01     9.4879987e-01
 1786.0 1802.0     2.7986786e-01    3.7028363e+01     9.4824814e-01
 1802.0 1818.0     2.8040053e-01    3.6955590e+01     9.4769641e-01
 1818.0 1835.0     2.8095091e-01    3.6880695e+01     9.4712745e-01
 1835.0 1852.0     2.8151909e-01    3.6803686e+01     9.4654123e-01
 1852.0 1869.0     2.8208842e-01    3.6726838e+01     9.4595502e-01
 1869.0 1887.0     2.8267571e-01    3.6647900e+01     9.4535157e-01
 1887.0 1905.0     2.8328104e-01    3.6566882e+01     9.4473088e-01
 1905.0 1923.0     2.8388766e-01    3.6486042e+01     9.4411018e-01
 1923.0 1942.0     2.8451251e-01    3.6403146e+01     9.4347225e-01
 1942.0 1961.0     2.8515566e-01    3.6318202e+01     9.4281707e-01
 1961.0 1980.0     2.8568573e-01    3.6242293e+01     9.4216302e-01
 1980.0 2000.0     2.8604289e-01    3.6179042e+01     9.4149362e-01
 2000.0 2020.0     2.8707999e-01    3.6042974e+01     9.4081749e-01
 2020.0 2041.0     2.8890650e-01    3.5825727e+01     9.4013447e-01
 2041.0 2062.0     2.9078946e-01    3.5604523e+01     9.3943479e-01
 2062.0 2083.0     2.9268469e-01    3.5384684e+01     9.3873511e-01
 2083.0 2105.0     2.9463799e-01    3.5161033e+01     9.3801877e-01
 2105.0 2128.0     2.9669611e-01    3.4928494e+01     9.3726911e-01
 2128.0 2151.0     2.9881466e-01    3.4692359e+01     9.3650280e-01
 2151.0 2174.0     3.0094833e-01    3.4457821e+01     9.3573648e-01
 2174.0 2200.0     3.0323846e-01    3.4209786e+01     9.3492019e-01
 2200.0 2222.0     3.0549751e-01    3.3968419e+01     9.3412056e-01
 2222.0 2247.0     3.0772702e-01    3.3733852e+01     9.3333758e-01
 2247.0 2273.0     3.1016430e-01    3.3481116e+01     9.3248797e-01
 2273.0 2299.0     3.1266906e-01    3.3225356e+01     9.3162171e-01
 2299.0 2326.0     3.1524300e-01    3.2966706e+01     9.3073878e-01
 2326.0 2353.0     3.1788710e-01    3.2705228e+01     9.2983919e-01
 2353.0 2381.0     3.2060317e-01    3.2441059e+01     9.2892294e-01
 2381.0 2410.0     3.2344249e-01    3.2169535e+01     9.2797338e-01
 2410.0 2439.0     3.2635721e-01    3.1895560e+01     9.2700716e-01
 2439.0 2469.0     3.2934937e-01    3.1619275e+01     9.2602427e-01
 2469.0 2500.0     3.3247181e-01    3.1336141e+01     9.2500807e-01
 2500.0 2532.0     3.3751403e-01    3.0873434e+01     9.2401423e-01
 2532.0 2564.0     3.4448128e-01    3.0241065e+01     9.2305939e-01
 2564.0 2597.0     3.5170580e-01    2.9612171e+01     9.2208964e-01
 2597.0 2632.0     3.5942721e-01    2.8968349e+01     9.2107513e-01
 2632.0 2667.0     3.6755021e-01    2.8320001e+01     9.2003078e-01
 2667.0 2703.0     3.7597816e-01    2.7677316e+01     9.1897151e-01
 2703.0 2740.0     3.8484507e-01    2.7031730e+01     9.1788240e-01
 2740.0 2778.0     3.9417273e-01    2.6384138e+01     9.1676346e-01
 2778.0 2817.0     4.0398438e-01    2.5735412e+01     9.1561467e-01
 2817.0 2857.0     4.1430476e-01    2.5086411e+01     9.1443605e-01
 2857.0 2899.0     4.2529778e-01    2.4430174e+01     9.1321267e-01
 2899.0 2941.0     4.3685769e-01    2.3775518e+01     9.1195945e-01
 2941.0 2985.0     4.4902235e-01    2.3123654e+01     9.1067639e-01
 2985.0 3030.0     4.6151411e-01    2.2497340e+01     9.0965093e-01
 3030.0 3077.0     4.7409513e-01    2.1912799e+01     9.0905439e-01
 3077.0 3125.0     4.8720482e-01    2.1339937e+01     9.0859451e-01
 3125.0 3175.0     5.0111049e-01    2.0764753e+01     9.0812011e-01
 3175.0 3225.0     5.1570490e-01    2.0193652e+01     9.0763602e-01
 3225.0 3275.0     5.3072437e-01    1.9638258e+01     9.0715194e-01
 3275.0 3325.0     5.4618126e-01    1.9098139e+01     9.0666785e-01
 3325.0 3375.0     5.6208832e-01    1.8572875e+01     9.0618377e-01
 3375.0 3425.0     5.7845866e-01    1.8062058e+01     9.0569968e-01
 3425.0 3450.0     5.9100289e-01    1.7686896e+01     9.0533662e-01
 3450.0 3550.0     6.0545651e-01    1.7227613e+01     9.0496511e-01
 3550.0 3650.0     6.1878010e-01    1.6705885e+01     9.0469775e-01
 3650.0 3750.0     6.2818829e-01    1.6248886e+01     9.0464268e-01
 3750.0 3850.0     6.4479481e-01    1.5656988e+01     9.0460454e-01
 3850.0 3950.0     6.6552700e-01    1.5028904e+01     9.0464528e-01
 3950.0 4050.0     6.8570701e-01    1.4400180e+01     9.0472232e-01
 4050.0 4150.0     7.0612646e-01    1.3799541e+01     9.0484913e-01
 4150.0 4250.0     7.2764202e-01    1.3251129e+01     9.0504695e-01
 4250.0 4350.0     7.4450522e-01    1.2730689e+01     9.0525281e-01
 4350.0 4450.0     7.5411169e-01    1.2292873e+01     9.0548739e-01
 4450.0 4550.0     7.6494907e-01    1.1892047e+01     9.0575504e-01
 4550.0 4650.0     7.7914571e-01    1.1431773e+01     9.0599380e-01
 4650.0 4750.0     7.9143031e-01    1.0955701e+01     9.0621035e-01
 4750.0 4850.0     8.0234546e-01    1.0539391e+01     9.0644565e-01
 4850.0 4950.0     8.1113536e-01    1.0183495e+01     9.0669510e-01
 4950.0 5050.0     8.1689096e-01    9.8520281e+00     9.0693438e-01
 5050.0 5150.0     8.2569035e-01    9.5097056e+00     9.0715535e-01
 5150.0 5250.0     8.3739698e-01    9.1149304e+00     9.0734163e-01
 5250.0 5350.0     8.4604307e-01    8.7447913e+00     9.0751378e-01
 5350.0 5450.0     8.5175730e-01    8.4369657e+00     9.0768802e-01
 5450.0 5550.0     8.5613847e-01    8.1405835e+00     9.0784509e-01
 5550.0 5650.0     8.5999709e-01    7.8959106e+00     9.0799710e-01
 5650.0 5750.0     8.6398960e-01    7.6981548e+00     9.0814295e-01
 5750.0 5850.0     8.6709592e-01    7.4657820e+00     9.0825689e-01
 5850.0 5950.0     8.6861444e-01    7.2025024e+00     9.0852937e-01
 5950.0 6050.0     8.7026374e-01    6.9868768e+00     9.0879524e-01
 6050.0 6150.0     8.7113266e-01    6.7795277e+00     9.0866609e-01
 6150.0 6250.0     8.7035122e-01    6.5422673e+00     9.0850896e-01
 6250.0 6350.0     8.7117338e-01    6.3455193e+00     9.0853362e-01
 6350.0 6450.0     8.7361549e-01    6.1881653e+00     9.0855125e-01
 6450.0 6550.0     8.7605405e-01    6.0350157e+00     9.0855213e-01
 6550.0 6650.0     8.7849364e-01    5.8859687e+00     9.0853684e-01
 6650.0 6750.0     8.8016437e-01    5.7435901e+00     9.0850618e-01
 6750.0 6850.0     8.8106282e-01    5.6076919e+00     9.0846069e-01
 6850.0 6950.0     8.8273524e-01    5.4728780e+00     9.0840046e-01
 6950.0 7050.0     8.8440081e-01    5.3417502e+00     9.0832624e-01
 7050.0 7150.0     8.8528636e-01    5.2167559e+00     9.0823875e-01
 7150.0 7250.0     8.8697179e-01    5.0926101e+00     9.0813816e-01
 7250.0 7350.0     8.8856992e-01    4.9361211e+00     9.0801807e-01
 7350.0 7450.0     8.8931080e-01    4.7514981e+00     9.0787932e-01
 7450.0 7550.0     8.9015605e-01    4.6068220e+00     9.0773647e-01
 7550.0 7650.0     8.9023066e-01    4.5027670e+00     9.0758985e-01
 7650.0 7750.0     8.9031267e-01    4.4016119e+00     9.0743253e-01
 7750.0 7850.0     8.9124864e-01    4.3007778e+00     9.0726474e-01
 7850.0 7950.0     8.9219595e-01    4.2027290e+00     9.0708703e-01
 7950.0 8050.0     8.9404313e-01    4.1048502e+00     9.0689968e-01
 8050.0 8150.0     8.9590536e-01    4.0096463e+00     9.0670317e-01
 8150.0 8250.0     8.9691028e-01    3.9194776e+00     9.0649798e-01
 8250.0 8350.0     8.9793185e-01    3.8317670e+00     9.0628429e-01
 8350.0 8450.0     8.9982704e-01    3.7737766e+00     9.0606758e-01
 8450.0 8550.0     9.0261077e-01    3.7447043e+00     9.0584807e-01
