 1216.0 1216.0     4.0682128e-01    6.6924817e+00     8.3439794e-01
 1300.0 1350.0     4.1154404e-01    6.8244751e+00     8.2431134e-01
 1350.0 1400.0     4.1361525e-01    6.8621836e+00     8.1878602e-01
 1400.0 1450.0     4.1554827e-01    6.8690485e+00     8.1207855e-01
 1450.0 1500.0     4.1745454e-01    6.8684702e+00     8.0508737e-01
 1500.0 1550.0     4.1936956e-01    6.8678920e+00     7.9809620e-01
 1550.0 1600.0     4.2129336e-01    6.8673138e+00     7.9110502e-01
 1600.0 1650.0     4.2332061e-01    6.8615148e+00     7.8355926e-01
 1650.0 1700.0     4.2560750e-01    6.8420159e+00     7.7455409e-01
 1700.0 1750.0     4.2806206e-01    6.8140953e+00     7.6464408e-01
 1754.0 1770.0     4.2988594e-01    6.7934947e+00     7.5731067e-01
 1770.0 1786.0     4.3067775e-01    6.7846112e+00     7.5413947e-01
 1786.0 1802.0     4.3147101e-01    6.7757392e+00     7.5096827e-01
 1802.0 1818.0     4.3226573e-01    6.7668789e+00     7.4779706e-01
 1818.0 1835.0     4.3308685e-01    6.7577540e+00     7.4452676e-01
 1835.0 1852.0     4.3393445e-01    6.7483652e+00     7.4115736e-01
 1852.0 1869.0     4.3478371e-01    6.7389895e+00     7.3778795e-01
 1869.0 1887.0     4.3565972e-01    6.7293518e+00     7.3431945e-01
 1887.0 1905.0     4.3656256e-01    6.7194530e+00     7.3075185e-01
 1905.0 1923.0     4.3746728e-01    6.7095687e+00     7.2718425e-01
 1923.0 1942.0     4.3839911e-01    6.6994252e+00     7.2351754e-01
 1942.0 1961.0     4.3935816e-01    6.6890234e+00     7.1975174e-01
 1961.0 1980.0     4.4005859e-01    6.6782983e+00     7.1598061e-01
 1980.0 2000.0     4.4035106e-01    6.6667529e+00     7.1210149e-01
 2000.0 2020.0     4.4149762e-01    6.6461833e+00     7.0807078e-01
 2020.0 2041.0     4.4370590e-01    6.6164194e+00     7.0388912e-01
 2041.0 2062.0     4.4597936e-01    6.5860662e+00     6.9960548e-01
 2062.0 2083.0     4.4826447e-01    6.5558521e+00     6.9532183e-01
 2083.0 2105.0     4.5061626e-01    6.5250640e+00     6.9093619e-01
 2105.0 2128.0     4.5309065e-01    6.4929987e+00     6.8634657e-01
 2128.0 2151.0     4.5563391e-01    6.4603819e+00     6.8165495e-01
 2151.0 2174.0     4.5819145e-01    6.4279289e+00     6.7696334e-01
 2174.0 2200.0     4.6093208e-01    6.3935444e+00     6.7196575e-01
 2200.0 2222.0     4.6363152e-01    6.3600271e+00     6.6707016e-01
 2222.0 2247.0     4.6629117e-01    6.3273909e+00     6.6227655e-01
 2247.0 2273.0     4.6919409e-01    6.2921627e+00     6.5707498e-01
 2273.0 2299.0     4.7217235e-01    6.2564437e+00     6.5177142e-01
 2299.0 2326.0     4.7522753e-01    6.2202484e+00     6.4636586e-01
 2326.0 2353.0     4.7836049e-01    6.1835836e+00     6.4085831e-01
 2353.0 2381.0     4.8157290e-01    6.1464640e+00     6.3524878e-01
 2381.0 2410.0     4.8492489e-01    6.1082297e+00     6.2943526e-01
 2410.0 2439.0     4.8835943e-01    6.0695666e+00     6.2351974e-01
 2439.0 2469.0     4.9187836e-01    6.0304901e+00     6.1750224e-01
 2469.0 2500.0     4.9554323e-01    5.9903535e+00     6.1128075e-01
 2500.0 2532.0     4.9997252e-01    5.9050181e+00     6.0502786e-01
 2532.0 2564.0     5.0511889e-01    5.7764237e+00     5.9884556e-01
 2564.0 2597.0     5.1040032e-01    5.6487078e+00     5.9256666e-01
 2597.0 2632.0     5.1598507e-01    5.5181407e+00     5.8599796e-01
 2632.0 2667.0     5.2179698e-01    5.3868405e+00     5.7923606e-01
 2667.0 2703.0     5.2775928e-01    5.2568778e+00     5.7237757e-01
 2703.0 2740.0     5.3396057e-01    5.1265227e+00     5.6532588e-01
 2740.0 2778.0     5.4040765e-01    4.9959618e+00     5.5808100e-01
 2778.0 2817.0     5.4710765e-01    4.8653779e+00     5.5064291e-01
 2817.0 2857.0     5.5406801e-01    4.7349486e+00     5.4301163e-01
 2857.0 2899.0     5.6138696e-01    4.6032856e+00     5.3509056e-01
 2899.0 2941.0     5.6898345e-01    4.4721622e+00     5.2697629e-01
 2941.0 2985.0     5.7686858e-01    4.3418295e+00     5.1866882e-01
 2985.0 3030.0     5.8429676e-01    4.2003097e+00     5.1148364e-01
 3030.0 3077.0     5.9077530e-01    4.0428870e+00     5.0622094e-01
 3077.0 3125.0     5.9709898e-01    3.8812415e+00     5.0151570e-01
 3125.0 3175.0     6.0369366e-01    3.7212946e+00     4.9666188e-01
 3175.0 3225.0     6.1049724e-01    3.5648104e+00     4.9170900e-01
 3225.0 3275.0     6.1737750e-01    3.4149065e+00     4.8675612e-01
 3275.0 3325.0     6.2433530e-01    3.2713062e+00     4.8180324e-01
 3325.0 3375.0     6.3137151e-01    3.1337444e+00     4.7685036e-01
 3375.0 3425.0     6.3848702e-01    3.0019673e+00     4.7189748e-01
 3425.0 3450.0     6.4386865e-01    2.9062810e+00     4.6818282e-01
 3450.0 3550.0     6.4676190e-01    2.7693892e+00     4.6316142e-01
 3550.0 3650.0     6.4281271e-01    2.5776595e+00     4.5676476e-01
 3650.0 3750.0     6.3444673e-01    2.3886229e+00     4.5155493e-01
 3750.0 3850.0     6.3163300e-01    2.1805363e+00     4.4663602e-01
 3850.0 3950.0     6.3297145e-01    1.9779318e+00     4.4225509e-01
 3950.0 4050.0     6.3297896e-01    1.7814089e+00     4.3825163e-01
 4050.0 4150.0     6.3411182e-01    1.6002725e+00     4.3464975e-01
 4150.0 4250.0     6.3880560e-01    1.4423963e+00     4.3150131e-01
 4250.0 4350.0     6.3806940e-01    1.2988785e+00     4.2860511e-01
 4350.0 4450.0     6.3026045e-01    1.1817110e+00     4.2602198e-01
 4450.0 4550.0     6.2628033e-01    1.0802139e+00     4.2373072e-01
 4550.0 4650.0     6.2577176e-01    9.7464348e-01     4.2150751e-01
 4650.0 4750.0     6.2271310e-01    8.7522608e-01     4.1937551e-01
 4750.0 4850.0     6.2047305e-01    7.9284046e-01     4.1746613e-01
 4850.0 4950.0     6.1750978e-01    7.2666469e-01     4.1575690e-01
 4950.0 5050.0     6.1117355e-01    6.7053409e-01     4.1415770e-01
 5050.0 5150.0     6.1043373e-01    6.1433267e-01     4.1262688e-01
 5150.0 5250.0     6.1384450e-01    5.5435279e-01     4.1109702e-01
 5250.0 5350.0     6.1355157e-01    5.0335005e-01     4.0964063e-01
 5350.0 5450.0     6.1067809e-01    4.6419692e-01     4.0830932e-01
 5450.0 5550.0     6.0619117e-01    4.2974329e-01     4.0702591e-01
 5550.0 5650.0     6.0249612e-01    4.0175284e-01     4.0583085e-01
 5650.0 5750.0     6.0065295e-01    3.7875732e-01     4.0471533e-01
 5750.0 5850.0     5.9651462e-01    3.5537087e-01     4.0357551e-01
 5850.0 5950.0     5.8868926e-01    3.3249646e-01     4.0241027e-01
 5950.0 6050.0     5.8254573e-01    3.1370144e-01     4.0130765e-01
 6050.0 6150.0     5.7503223e-01    2.9709539e-01     4.0022191e-01
 6150.0 6250.0     5.6352485e-01    2.8082512e-01     3.9910515e-01
 6250.0 6350.0     5.5656514e-01    2.6632277e-01     3.9803623e-01
 6350.0 6450.0     5.5410996e-01    2.5338947e-01     3.9701228e-01
 6450.0 6550.0     5.5195760e-01    2.4118356e-01     3.9599056e-01
 6550.0 6650.0     5.5011353e-01    2.2964964e-01     3.9496960e-01
 6650.0 6750.0     5.4683458e-01    2.1942440e-01     3.9394891e-01
 6750.0 6850.0     5.4209839e-01    2.1042552e-01     3.9292689e-01
 6850.0 6950.0     5.3933505e-01    2.0125145e-01     3.9190147e-01
 6950.0 7050.0     5.3671100e-01    1.9255160e-01     3.9087344e-01
 7050.0 7150.0     5.3252066e-01    1.8493163e-01     3.8984194e-01
 7150.0 7250.0     5.3042308e-01    1.7707286e-01     3.8880456e-01
 7250.0 7350.0     5.2760371e-01    1.6822422e-01     3.8773090e-01
 7350.0 7450.0     5.2231536e-01    1.5907337e-01     3.8662190e-01
 7450.0 7550.0     5.1813739e-01    1.5170443e-01     3.8553913e-01
 7550.0 7650.0     5.1287394e-01    1.4657910e-01     3.8448196e-01
 7650.0 7750.0     5.0779254e-01    1.4169661e-01     3.8341805e-01
 7750.0 7850.0     5.0491359e-01    1.3647007e-01     3.8234675e-01
 7850.0 7950.0     5.0220377e-01    1.3147702e-01     3.8126840e-01
 7950.0 8050.0     5.0193366e-01    1.2613882e-01     3.8018254e-01
 8050.0 8150.0     5.0182305e-01    1.2102663e-01     3.7908947e-01
 8150.0 8250.0     4.9970447e-01    1.1666627e-01     3.7798957e-01
 8250.0 8350.0     4.9775816e-01    1.1248708e-01     3.7688242e-01
 8350.0 8450.0     4.9878440e-01    1.0892668e-01     3.7579208e-01
 8450.0 8550.0     5.0283062e-01    1.0593815e-01     3.7471809e-01
