 1216.0 1216.0     3.2621610e-01    2.4020620e+01     9.4308661e-01
 1300.0 1350.0     3.2585802e-01    2.4285709e+01     9.4155780e-01
 1350.0 1400.0     3.2601278e-01    2.4339637e+01     9.4042318e-01
 1400.0 1450.0     3.2658779e-01    2.4303689e+01     9.3871838e-01
 1450.0 1500.0     3.2726483e-01    2.4246239e+01     9.3687674e-01
 1500.0 1550.0     3.2794327e-01    2.4188925e+01     9.3503510e-01
 1550.0 1600.0     3.2862311e-01    2.4131747e+01     9.3319346e-01
 1600.0 1650.0     3.2951506e-01    2.4059409e+01     9.3119433e-01
 1650.0 1700.0     3.3096577e-01    2.3947181e+01     9.2878074e-01
 1700.0 1750.0     3.3276873e-01    2.3810680e+01     9.2611019e-01
 1754.0 1770.0     3.3410813e-01    2.3710083e+01     9.2413398e-01
 1770.0 1786.0     3.3468948e-01    2.3666751e+01     9.2327940e-01
 1786.0 1802.0     3.3527184e-01    2.3623499e+01     9.2242482e-01
 1802.0 1818.0     3.3585522e-01    2.3580325e+01     9.2157024e-01
 1818.0 1835.0     3.3645790e-01    2.3535886e+01     9.2068896e-01
 1835.0 1852.0     3.3707996e-01    2.3490187e+01     9.1978097e-01
 1852.0 1869.0     3.3770317e-01    2.3444576e+01     9.1887299e-01
 1869.0 1887.0     3.3834593e-01    2.3397718e+01     9.1793829e-01
 1887.0 1905.0     3.3900832e-01    2.3349618e+01     9.1697689e-01
 1905.0 1923.0     3.3967200e-01    2.3301616e+01     9.1601549e-01
 1923.0 1942.0     3.4035549e-01    2.3252385e+01     9.1502739e-01
 1942.0 1961.0     3.4105887e-01    2.3201930e+01     9.1401258e-01
 1961.0 1980.0     3.4161784e-01    2.3155847e+01     9.1299777e-01
 1980.0 2000.0     3.4195324e-01    2.3115634e+01     9.1195625e-01
 2000.0 2020.0     3.4304697e-01    2.3034072e+01     9.1089783e-01
 2020.0 2041.0     3.4503163e-01    2.2906858e+01     9.0982301e-01
 2041.0 2062.0     3.4707646e-01    2.2777261e+01     9.0872198e-01
 2062.0 2083.0     3.4913341e-01    2.2648397e+01     9.0762095e-01
 2083.0 2105.0     3.5125211e-01    2.2517230e+01     9.0649370e-01
 2105.0 2128.0     3.5348312e-01    2.2380774e+01     9.0531402e-01
 2128.0 2151.0     3.5577820e-01    2.2242132e+01     9.0410813e-01
 2151.0 2174.0     3.5808817e-01    2.2104348e+01     9.0290223e-01
 2174.0 2200.0     3.6056583e-01    2.1958547e+01     9.0161770e-01
 2200.0 2222.0     3.6300833e-01    2.1816587e+01     9.0035937e-01
 2222.0 2247.0     3.6541717e-01    2.1678539e+01     8.9912726e-01
 2247.0 2273.0     3.6804873e-01    2.1529710e+01     8.9779029e-01
 2273.0 2299.0     3.7075121e-01    2.1379004e+01     8.9642711e-01
 2299.0 2326.0     3.7352628e-01    2.1226496e+01     8.9503771e-01
 2326.0 2353.0     3.7637488e-01    2.1072220e+01     8.9362210e-01
 2353.0 2381.0     3.7929876e-01    2.0916249e+01     8.9218027e-01
 2381.0 2410.0     3.8235294e-01    2.0755825e+01     8.9068601e-01
 2410.0 2439.0     3.8548572e-01    2.0593838e+01     8.8916553e-01
 2439.0 2469.0     3.8869908e-01    2.0430366e+01     8.8761884e-01
 2469.0 2500.0     3.9204953e-01    2.0262717e+01     8.8601972e-01
 2500.0 2532.0     3.9727515e-01    1.9985614e+01     8.8444342e-01
 2532.0 2564.0     4.0436941e-01    1.9604778e+01     8.8291615e-01
 2564.0 2597.0     4.1170523e-01    1.9225474e+01     8.8136502e-01
 2597.0 2632.0     4.1952319e-01    1.8836575e+01     8.7974229e-01
 2632.0 2667.0     4.2772391e-01    1.8444336e+01     8.7807184e-01
 2667.0 2703.0     4.3620673e-01    1.8054894e+01     8.7637752e-01
 2703.0 2740.0     4.4510394e-01    1.7663054e+01     8.7463548e-01
 2740.0 2778.0     4.5443395e-01    1.7269333e+01     8.7284571e-01
 2778.0 2817.0     4.6421626e-01    1.6874242e+01     8.7100821e-01
 2817.0 2857.0     4.7447156e-01    1.6478281e+01     8.6912299e-01
 2857.0 2899.0     4.8535750e-01    1.6077168e+01     8.6716617e-01
 2899.0 2941.0     4.9676479e-01    1.5676274e+01     8.6516163e-01
 2941.0 2985.0     5.0872482e-01    1.5276308e+01     8.6310936e-01
 2985.0 3030.0     5.2083324e-01    1.4889256e+01     8.6143351e-01
 3030.0 3077.0     5.3277361e-01    1.4524122e+01     8.6038796e-01
 3077.0 3125.0     5.4508810e-01    1.4164583e+01     8.5953964e-01
 3125.0 3175.0     5.5809137e-01    1.3803062e+01     8.5866453e-01
 3175.0 3225.0     5.7167652e-01    1.3443578e+01     8.5777155e-01
 3225.0 3275.0     5.8559237e-01    1.3093457e+01     8.5687858e-01
 3275.0 3325.0     5.9984695e-01    1.2752454e+01     8.5598561e-01
 3325.0 3375.0     6.1444853e-01    1.2420332e+01     8.5509263e-01
 3375.0 3425.0     6.2940554e-01    1.2096860e+01     8.5419966e-01
 3425.0 3450.0     6.4082699e-01    1.1859022e+01     8.5352993e-01
 3450.0 3550.0     6.5343781e-01    1.1548553e+01     8.5277018e-01
 3550.0 3650.0     6.6402587e-01    1.1161903e+01     8.5205364e-01
 3650.0 3750.0     6.7045689e-01    1.0794885e+01     8.5166632e-01
 3750.0 3850.0     6.8346307e-01    1.0345032e+01     8.5131535e-01
 3850.0 3950.0     7.0033733e-01    9.8766930e+00     8.5109371e-01
 3950.0 4050.0     7.1632658e-01    9.3932659e+00     8.5093698e-01
 4050.0 4150.0     7.3252661e-01    8.9262160e+00     8.5086459e-01
 4150.0 4250.0     7.5009695e-01    8.5019824e+00     8.5090734e-01
 4250.0 4350.0     7.6297329e-01    8.0798429e+00     8.5097273e-01
 4350.0 4450.0     7.6900279e-01    7.7054927e+00     8.5109136e-01
 4450.0 4550.0     7.7665107e-01    7.3679977e+00     8.5126773e-01
 4550.0 4650.0     7.8733278e-01    6.9891966e+00     8.5140906e-01
 4650.0 4750.0     7.9600211e-01    6.5950135e+00     8.5152531e-01
 4750.0 4850.0     8.0382619e-01    6.2519076e+00     8.5167678e-01
 4850.0 4950.0     8.0999260e-01    5.9605988e+00     8.5185613e-01
 4950.0 5050.0     8.1328214e-01    5.6895646e+00     8.5202682e-01
 5050.0 5150.0     8.1983393e-01    5.4160882e+00     8.5217586e-01
 5150.0 5250.0     8.2921756e-01    5.1089683e+00     8.5227813e-01
 5250.0 5350.0     8.3565785e-01    4.8238033e+00     8.5236441e-01
 5350.0 5450.0     8.3953766e-01    4.5899104e+00     8.5245867e-01
 5450.0 5550.0     8.4214527e-01    4.3690090e+00     8.5253145e-01
 5550.0 5650.0     8.4458085e-01    4.1883766e+00     8.5260063e-01
 5650.0 5750.0     8.4752153e-01    4.0435249e+00     8.5266450e-01
 5750.0 5850.0     8.4932086e-01    3.8781903e+00     8.5268378e-01
 5850.0 5950.0     8.4921097e-01    3.6961830e+00     8.5266016e-01
 5950.0 6050.0     8.4957273e-01    3.5485341e+00     8.5262947e-01
 6050.0 6150.0     8.4906642e-01    3.4093872e+00     8.5257579e-01
 6150.0 6250.0     8.4650342e-01    3.2547370e+00     8.5248217e-01
 6250.0 6350.0     8.4606327e-01    3.1272422e+00     8.5237977e-01
 6350.0 6450.0     8.4775355e-01    3.0250939e+00     8.5226868e-01
 6450.0 6550.0     8.4950035e-01    2.9268790e+00     8.5213400e-01
 6550.0 6650.0     8.5130879e-01    2.8324379e+00     8.5197644e-01
 6650.0 6750.0     8.5226632e-01    2.7437016e+00     8.5179698e-01
 6750.0 6850.0     8.5236206e-01    2.6604210e+00     8.5159627e-01
 6850.0 6950.0     8.5341782e-01    2.5782748e+00     8.5137428e-01
 6950.0 7050.0     8.5449699e-01    2.4992588e+00     8.5113201e-01
 7050.0 7150.0     8.5468531e-01    2.4252174e+00     8.5087042e-01
 7150.0 7250.0     8.5587956e-01    2.3519453e+00     8.5058957e-01
 7250.0 7350.0     8.5680707e-01    2.2622451e+00     8.5027953e-01
 7350.0 7450.0     8.5654723e-01    2.1592275e+00     8.4994145e-01
 7450.0 7550.0     8.5664040e-01    2.0787012e+00     8.4959757e-01
 7550.0 7650.0     8.5598664e-01    2.0212232e+00     8.4924835e-01
 7650.0 7750.0     8.5537033e-01    1.9658536e+00     8.4888299e-01
 7750.0 7850.0     8.5583693e-01    1.9105892e+00     8.4850180e-01
 7850.0 7950.0     8.5634416e-01    1.8573018e+00     8.4810552e-01
 7950.0 8050.0     8.5802417e-01    1.8039840e+00     8.4769446e-01
 8050.0 8150.0     8.5974827e-01    1.7525243e+00     8.4726928e-01
 8150.0 8250.0     8.6041589e-01    1.7046880e+00     8.4683065e-01
 8250.0 8350.0     8.6112941e-01    1.6585012e+00     8.4637880e-01
 8350.0 8450.0     8.6314293e-01    1.6266031e+00     8.4592216e-01
 8450.0 8550.0     8.6647967e-01    1.6084313e+00     8.4546095e-01
