 1216.0 1216.0     2.8156304e-01    3.4004023e+01     9.5891375e-01
 1300.0 1350.0     2.8064709e-01    3.4353772e+01     9.5801143e-01
 1350.0 1400.0     2.8061473e-01    3.4420581e+01     9.5727478e-01
 1400.0 1450.0     2.8109228e-01    3.4363196e+01     9.5611345e-01
 1450.0 1500.0     2.8169324e-01    3.4276134e+01     9.5485021e-01
 1500.0 1550.0     2.8229549e-01    3.4189292e+01     9.5358697e-01
 1550.0 1600.0     2.8289902e-01    3.4102670e+01     9.5232373e-01
 1600.0 1650.0     2.8370500e-01    3.3993457e+01     9.5094955e-01
 1650.0 1700.0     2.8504456e-01    3.3824791e+01     9.4928342e-01
 1700.0 1750.0     2.8672083e-01    3.3619995e+01     9.4743629e-01
 1754.0 1770.0     2.8796650e-01    3.3469106e+01     9.4606941e-01
 1770.0 1786.0     2.8850732e-01    3.3404126e+01     9.4547833e-01
 1786.0 1802.0     2.8904916e-01    3.3339273e+01     9.4488724e-01
 1802.0 1818.0     2.8959202e-01    3.3274545e+01     9.4429616e-01
 1818.0 1835.0     2.9015292e-01    3.3207929e+01     9.4368661e-01
 1835.0 1852.0     2.9073194e-01    3.3139431e+01     9.4305858e-01
 1852.0 1869.0     2.9131212e-01    3.3071074e+01     9.4243055e-01
 1869.0 1887.0     2.9191059e-01    3.3000857e+01     9.4178406e-01
 1887.0 1905.0     2.9252742e-01    3.2928786e+01     9.4111909e-01
 1905.0 1923.0     2.9314555e-01    3.2856873e+01     9.4045412e-01
 1923.0 1942.0     2.9378224e-01    3.2783128e+01     9.3977068e-01
 1942.0 1961.0     2.9443755e-01    3.2707560e+01     9.3906877e-01
 1961.0 1980.0     2.9497313e-01    3.2639755e+01     9.3836785e-01
 1980.0 2000.0     2.9532501e-01    3.2582756e+01     9.3765010e-01
 2000.0 2020.0     2.9637193e-01    3.2461413e+01     9.3692510e-01
 2020.0 2041.0     2.9822819e-01    3.2268468e+01     9.3619280e-01
 2041.0 2062.0     3.0014164e-01    3.2071991e+01     9.3544263e-01
 2062.0 2083.0     3.0206737e-01    3.1876711e+01     9.3469246e-01
 2083.0 2105.0     3.0405190e-01    3.1678027e+01     9.3392443e-01
 2105.0 2128.0     3.0614270e-01    3.1471428e+01     9.3312068e-01
 2128.0 2151.0     3.0829465e-01    3.1261615e+01     9.3229907e-01
 2151.0 2174.0     3.1046174e-01    3.1053201e+01     9.3147746e-01
 2174.0 2200.0     3.1278744e-01    3.0832771e+01     9.3060226e-01
 2200.0 2222.0     3.1508135e-01    3.0618248e+01     9.2974493e-01
 2222.0 2247.0     3.1734497e-01    3.0409746e+01     9.2890546e-01
 2247.0 2273.0     3.1981927e-01    3.0185073e+01     9.2799454e-01
 2273.0 2299.0     3.2236176e-01    2.9957687e+01     9.2706576e-01
 2299.0 2326.0     3.2497413e-01    2.9727707e+01     9.2611912e-01
 2326.0 2353.0     3.2765737e-01    2.9495187e+01     9.2515462e-01
 2353.0 2381.0     3.3041328e-01    2.9260247e+01     9.2417226e-01
 2381.0 2410.0     3.3329387e-01    2.9018739e+01     9.2315417e-01
 2410.0 2439.0     3.3625055e-01    2.8775022e+01     9.2211823e-01
 2439.0 2469.0     3.3928535e-01    2.8529221e+01     9.2106442e-01
 2469.0 2500.0     3.4245183e-01    2.8277295e+01     9.1997489e-01
 2500.0 2532.0     3.4754533e-01    2.7865736e+01     9.1890848e-01
 2532.0 2564.0     3.5456950e-01    2.7303289e+01     9.1788305e-01
 2564.0 2597.0     3.6184991e-01    2.6743761e+01     9.1684159e-01
 2597.0 2632.0     3.6962761e-01    2.6170767e+01     9.1575207e-01
 2632.0 2667.0     3.7780614e-01    2.5593560e+01     9.1463050e-01
 2667.0 2703.0     3.8628772e-01    2.5021200e+01     9.1349292e-01
 2703.0 2740.0     3.9520679e-01    2.4446060e+01     9.1232328e-01
 2740.0 2778.0     4.0458474e-01    2.3868929e+01     9.1112160e-01
 2778.0 2817.0     4.1444433e-01    2.3290580e+01     9.0988788e-01
 2817.0 2857.0     4.2480978e-01    2.2711769e+01     9.0862211e-01
 2857.0 2899.0     4.3584489e-01    2.2126280e+01     9.0730828e-01
 2899.0 2941.0     4.4744276e-01    2.1541974e+01     9.0596240e-01
 2941.0 2985.0     4.5964044e-01    2.0959921e+01     9.0458447e-01
 2985.0 3030.0     4.7213366e-01    2.0400737e+01     9.0347933e-01
 3030.0 3077.0     4.8466752e-01    1.9879068e+01     9.0282880e-01
 3077.0 3125.0     4.9770414e-01    1.9367760e+01     9.0232271e-01
 3125.0 3175.0     5.1152195e-01    1.8854153e+01     9.0180065e-01
 3175.0 3225.0     5.2601318e-01    1.8343963e+01     9.0126792e-01
 3225.0 3275.0     5.4091493e-01    1.7847578e+01     9.0073520e-01
 3275.0 3325.0     5.5623885e-01    1.7364626e+01     9.0020248e-01
 3325.0 3375.0     5.7199689e-01    1.6894743e+01     8.9966975e-01
 3375.0 3425.0     5.8820135e-01    1.6437574e+01     8.9913703e-01
 3425.0 3450.0     6.0061131e-01    1.6101699e+01     8.9873749e-01
 3450.0 3550.0     6.1482896e-01    1.5686710e+01     8.9832040e-01
 3550.0 3650.0     6.2778483e-01    1.5208735e+01     8.9800140e-01
 3650.0 3750.0     6.3677353e-01    1.4784617e+01     8.9790878e-01
 3750.0 3850.0     6.5285576e-01    1.4240277e+01     8.9783505e-01
 3850.0 3950.0     6.7300876e-01    1.3664433e+01     8.9784595e-01
 3950.0 4050.0     6.9255804e-01    1.3085031e+01     8.9789550e-01
 4050.0 4150.0     7.1233309e-01    1.2530578e+01     8.9799826e-01
 4150.0 4250.0     7.3322201e-01    1.2024737e+01     8.9817704e-01
 4250.0 4350.0     7.4945287e-01    1.1539330e+01     8.9836480e-01
 4350.0 4450.0     7.5848930e-01    1.1124912e+01     8.9860542e-01
 4450.0 4550.0     7.6880175e-01    1.0746453e+01     8.9888193e-01
 4550.0 4650.0     7.8243296e-01    1.0314662e+01     8.9909875e-01
 4650.0 4750.0     7.9413420e-01    9.8659257e+00     8.9929216e-01
 4750.0 4850.0     8.0453132e-01    9.4727347e+00     8.9949962e-01
 4850.0 4950.0     8.1288697e-01    9.1365980e+00     8.9972244e-01
 4950.0 5050.0     8.1824739e-01    8.8226261e+00     8.9994849e-01
 5050.0 5150.0     8.2665878e-01    8.4997731e+00     9.0015520e-01
 5150.0 5250.0     8.3793987e-01    8.1288043e+00     9.0032508e-01
 5250.0 5350.0     8.4619614e-01    7.7806924e+00     9.0048002e-01
 5350.0 5450.0     8.5159862e-01    7.4913974e+00     9.0063739e-01
 5450.0 5550.0     8.5568776e-01    7.2134250e+00     9.0077651e-01
 5550.0 5650.0     8.5931052e-01    6.9842474e+00     9.0091024e-01
 5650.0 5750.0     8.6312064e-01    6.7992742e+00     9.0103765e-01
 5750.0 5850.0     8.6601077e-01    6.5825380e+00     9.0113112e-01
 5850.0 5950.0     8.6728588e-01    6.3382249e+00     9.0119201e-01
 5950.0 6050.0     8.6874319e-01    6.1385818e+00     9.0124585e-01
 6050.0 6150.0     8.6939422e-01    5.9462063e+00     9.0128161e-01
 6150.0 6250.0     8.6834603e-01    5.7269356e+00     9.0128745e-01
 6250.0 6350.0     8.6897702e-01    5.5458831e+00     9.0128553e-01
 6350.0 6450.0     8.7129247e-01    5.4012858e+00     9.0127602e-01
 6450.0 6550.0     8.7361304e-01    5.2608247e+00     9.0124854e-01
 6550.0 6650.0     8.7594324e-01    5.1243867e+00     9.0120375e-01
 6650.0 6750.0     8.7749893e-01    4.9943425e+00     9.0114242e-01
 6750.0 6850.0     8.7827578e-01    4.8704997e+00     9.0106507e-01
 6850.0 6950.0     8.7984731e-01    4.7478257e+00     9.0097189e-01
 6950.0 7050.0     8.8141641e-01    4.6287320e+00     9.0086365e-01
 7050.0 7150.0     8.8219584e-01    4.5154749e+00     9.0074110e-01
 7150.0 7250.0     8.8379841e-01    4.4031180e+00     9.0060444e-01
 7250.0 7350.0     8.8528534e-01    4.2620876e+00     9.0044680e-01
 7350.0 7450.0     8.8587130e-01    4.0963192e+00     9.0026900e-01
 7450.0 7550.0     8.8660002e-01    3.9665486e+00     9.0008658e-01
 7550.0 7650.0     8.8657109e-01    3.8733604e+00     8.9990000e-01
 7650.0 7750.0     8.8655391e-01    3.7829149e+00     8.9970182e-01
 7750.0 7850.0     8.8741685e-01    3.6928029e+00     8.9949228e-01
 7850.0 7950.0     8.8829529e-01    3.6053124e+00     8.9927197e-01
 7950.0 8050.0     8.9010567e-01    3.5179987e+00     8.9904115e-01
 8050.0 8150.0     8.9193524e-01    3.4331912e+00     8.9880033e-01
 8150.0 8250.0     8.9288574e-01    3.3530798e+00     8.9855000e-01
 8250.0 8350.0     8.9385703e-01    3.2752585e+00     8.9829040e-01
 8350.0 8450.0     8.9577186e-01    3.2239674e+00     8.9793833e-01
 8450.0 8550.0     8.9863310e-01    3.1980187e+00     8.9758305e-01
