 1216.0 1216.0     2.9230519e-01    3.0205152e+01     9.5568860e-01
 1300.0 1350.0     2.9149743e-01    3.0519893e+01     9.5469457e-01
 1350.0 1400.0     2.9150116e-01    3.0580788e+01     9.5389099e-01
 1400.0 1450.0     2.9199724e-01    3.0530920e+01     9.5263004e-01
 1450.0 1500.0     2.9261253e-01    3.0454579e+01     9.5125932e-01
 1500.0 1550.0     2.9322912e-01    3.0378428e+01     9.4988861e-01
 1550.0 1600.0     2.9384701e-01    3.0302468e+01     9.4851789e-01
 1600.0 1650.0     2.9467290e-01    3.0206815e+01     9.4702693e-01
 1650.0 1700.0     2.9604705e-01    3.0059336e+01     9.4521954e-01
 1700.0 1750.0     2.9776706e-01    2.9880351e+01     9.4321596e-01
 1754.0 1770.0     2.9904517e-01    2.9748470e+01     9.4173332e-01
 1770.0 1786.0     2.9960006e-01    2.9691672e+01     9.4109217e-01
 1786.0 1802.0     3.0015597e-01    2.9634983e+01     9.4045103e-01
 1802.0 1818.0     3.0071292e-01    2.9578402e+01     9.3980989e-01
 1818.0 1835.0     3.0128836e-01    2.9520167e+01     9.3914871e-01
 1835.0 1852.0     3.0188239e-01    2.9460286e+01     9.3846749e-01
 1852.0 1869.0     3.0247758e-01    2.9400527e+01     9.3778628e-01
 1869.0 1887.0     3.0309152e-01    2.9339138e+01     9.3708503e-01
 1887.0 1905.0     3.0372428e-01    2.9276127e+01     9.3636374e-01
 1905.0 1923.0     3.0435837e-01    2.9213251e+01     9.3564245e-01
 1923.0 1942.0     3.0501146e-01    2.9148772e+01     9.3490113e-01
 1942.0 1961.0     3.0568365e-01    2.9082696e+01     9.3413977e-01
 1961.0 1980.0     3.0622763e-01    2.9023093e+01     9.3337910e-01
 1980.0 2000.0     3.0657419e-01    2.8972416e+01     9.3259953e-01
 2000.0 2020.0     3.0763270e-01    2.8865837e+01     9.3181080e-01
 2020.0 2041.0     3.0952354e-01    2.8697210e+01     9.3101304e-01
 2041.0 2062.0     3.1147240e-01    2.8525479e+01     9.3019582e-01
 2062.0 2083.0     3.1343354e-01    2.8354775e+01     9.2937860e-01
 2083.0 2105.0     3.1545431e-01    2.8181078e+01     9.2854192e-01
 2105.0 2128.0     3.1758302e-01    2.8000441e+01     9.2766633e-01
 2128.0 2151.0     3.1977373e-01    2.7816973e+01     9.2677127e-01
 2151.0 2174.0     3.2197954e-01    2.7634708e+01     9.2587622e-01
 2174.0 2200.0     3.2434648e-01    2.7441911e+01     9.2492280e-01
 2200.0 2222.0     3.2668077e-01    2.7254258e+01     9.2398883e-01
 2222.0 2247.0     3.2898390e-01    2.7071850e+01     9.2307432e-01
 2247.0 2273.0     3.3150105e-01    2.6875270e+01     9.2208198e-01
 2273.0 2299.0     3.3408718e-01    2.6676292e+01     9.2107019e-01
 2299.0 2326.0     3.3674402e-01    2.6475017e+01     9.2003893e-01
 2326.0 2353.0     3.3947250e-01    2.6271491e+01     9.1898822e-01
 2353.0 2381.0     3.4227445e-01    2.6065820e+01     9.1791805e-01
 2381.0 2410.0     3.4520270e-01    2.5854368e+01     9.1680896e-01
 2410.0 2439.0     3.4820781e-01    2.5640953e+01     9.1568042e-01
 2439.0 2469.0     3.5129181e-01    2.5425680e+01     9.1453242e-01
 2469.0 2500.0     3.5450907e-01    2.5205010e+01     9.1334550e-01
 2500.0 2532.0     3.5965317e-01    2.4844206e+01     9.1218178e-01
 2532.0 2564.0     3.6672558e-01    2.4350871e+01     9.1106072e-01
 2564.0 2597.0     3.7405199e-01    2.3859929e+01     9.0992213e-01
 2597.0 2632.0     3.8187445e-01    2.3356997e+01     9.0873100e-01
 2632.0 2667.0     3.9009536e-01    2.2850187e+01     9.0750483e-01
 2667.0 2703.0     3.9861584e-01    2.2347447e+01     9.0626115e-01
 2703.0 2740.0     4.0757040e-01    2.1842076e+01     9.0498243e-01
 2740.0 2778.0     4.1697984e-01    2.1334759e+01     9.0366868e-01
 2778.0 2817.0     4.2686624e-01    2.0826170e+01     9.0231990e-01
 2817.0 2857.0     4.3725310e-01    2.0316968e+01     9.0093608e-01
 2857.0 2899.0     4.4830349e-01    1.9801674e+01     8.9949972e-01
 2899.0 2941.0     4.5990946e-01    1.9287201e+01     8.9802832e-01
 2941.0 2985.0     4.7210687e-01    1.8774482e+01     8.9652188e-01
 2985.0 3030.0     4.8456406e-01    1.8281711e+01     8.9530848e-01
 3030.0 3077.0     4.9700877e-01    1.7821823e+01     8.9458394e-01
 3077.0 3125.0     5.0992594e-01    1.7370885e+01     8.9401420e-01
 3125.0 3175.0     5.2360477e-01    1.6917719e+01     8.9342647e-01
 3175.0 3225.0     5.3793715e-01    1.6467370e+01     8.9282675e-01
 3225.0 3275.0     5.5266185e-01    1.6029009e+01     8.9222702e-01
 3275.0 3325.0     5.6778959e-01    1.5602317e+01     8.9162730e-01
 3325.0 3375.0     5.8333143e-01    1.5186984e+01     8.9102758e-01
 3375.0 3425.0     5.9929868e-01    1.4782707e+01     8.9042785e-01
 3425.0 3450.0     6.1151848e-01    1.4485589e+01     8.8997806e-01
 3450.0 3550.0     6.2541812e-01    1.4114209e+01     8.8949694e-01
 3550.0 3650.0     6.3789725e-01    1.3679076e+01     8.8910311e-01
 3650.0 3750.0     6.4635657e-01    1.3286827e+01     8.8895400e-01
 3750.0 3850.0     6.6178721e-01    1.2789016e+01     8.8882649e-01
 3850.0 3950.0     6.8122972e-01    1.2264399e+01     8.8879153e-01
 3950.0 4050.0     6.9999170e-01    1.1732625e+01     8.8879077e-01
 4050.0 4150.0     7.1895624e-01    1.1222178e+01     8.8884826e-01
 4150.0 4250.0     7.3906863e-01    1.0756847e+01     8.8900486e-01
 4250.0 4350.0     7.5452208e-01    1.0305081e+01     8.8917166e-01
 4350.0 4450.0     7.6289380e-01    9.9150184e+00     8.8936470e-01
 4450.0 4550.0     7.7259881e-01    9.5596318e+00     8.8968529e-01
 4550.0 4650.0     7.8551235e-01    9.1543183e+00     8.8997364e-01
 4650.0 4750.0     7.9649217e-01    8.7323267e+00     8.9006099e-01
 4750.0 4850.0     8.0628112e-01    8.3631013e+00     8.9017089e-01
 4850.0 4950.0     8.1411413e-01    8.0471760e+00     8.9038604e-01
 4950.0 5050.0     8.1899350e-01    7.7515508e+00     8.9059018e-01
 5050.0 5150.0     8.2694693e-01    7.4491169e+00     8.9077383e-01
 5150.0 5250.0     8.3773693e-01    7.1033007e+00     8.9091787e-01
 5250.0 5350.0     8.4553784e-01    6.7789111e+00     8.9104600e-01
 5350.0 5450.0     8.5056998e-01    6.5097606e+00     8.9117703e-01
 5450.0 5550.0     8.5430665e-01    6.2518915e+00     8.9128850e-01
 5550.0 5650.0     8.5764652e-01    6.0396992e+00     8.9139441e-01
 5650.0 5750.0     8.6124354e-01    5.8688003e+00     8.9149357e-01
 5750.0 5850.0     8.6387317e-01    5.6693408e+00     8.9156698e-01
 5850.0 5950.0     8.6483361e-01    5.4454520e+00     8.9160515e-01
 5950.0 6050.0     8.6604683e-01    5.2631188e+00     8.9161383e-01
 6050.0 6150.0     8.6644639e-01    5.0882764e+00     8.9160290e-01
 6150.0 6250.0     8.6507608e-01    4.8898010e+00     8.9157049e-01
 6250.0 6350.0     8.6547115e-01    4.7261695e+00     8.9152963e-01
 6350.0 6450.0     8.6763740e-01    4.5956007e+00     8.9148052e-01
 6450.0 6550.0     8.6981959e-01    4.4690663e+00     8.9141186e-01
 6550.0 6650.0     8.7202223e-01    4.3464429e+00     8.9132430e-01
 6650.0 6750.0     8.7343993e-01    4.2299138e+00     8.9121875e-01
 6750.0 6850.0     8.7406703e-01    4.1192769e+00     8.9109576e-01
 6850.0 6950.0     8.7551804e-01    4.0098476e+00     8.9095542e-01
 6950.0 7050.0     8.7697220e-01    3.9038508e+00     8.9079860e-01
 7050.0 7150.0     8.7762113e-01    3.8033592e+00     8.9062607e-01
 7150.0 7250.0     8.7912597e-01    3.7037794e+00     8.9043798e-01
 7250.0 7350.0     8.8048027e-01    3.5794570e+00     8.9022687e-01
 7350.0 7450.0     8.8087586e-01    3.4340304e+00     8.8999370e-01
 7450.0 7550.0     8.8146170e-01    3.3202922e+00     8.8975538e-01
 7550.0 7650.0     8.8130144e-01    3.2387611e+00     8.8951235e-01
 7650.0 7750.0     8.8115834e-01    3.1597788e+00     8.8925645e-01
 7750.0 7850.0     8.8193212e-01    3.0811074e+00     8.8898797e-01
 7850.0 7950.0     8.8272664e-01    3.0048579e+00     8.8870753e-01
 7950.0 8050.0     8.8449707e-01    2.9287547e+00     8.8841543e-01
 8050.0 8150.0     8.8629157e-01    2.8549483e+00     8.8811219e-01
 8150.0 8250.0     8.8717635e-01    2.7854777e+00     8.8779835e-01
 8250.0 8350.0     8.8808759e-01    2.7181106e+00     8.8747418e-01
 8350.0 8450.0     8.9000377e-01    2.6730178e+00     8.8714604e-01
 8450.0 8550.0     8.9294234e-01    2.6494973e+00     8.8681413e-01
