 1216.0 1216.0     2.6473504e-01    4.1532235e+01     9.6346591e-01
 1300.0 1350.0     2.6131234e-01    4.1818645e+01     9.6367770e-01
 1350.0 1400.0     2.6078428e-01    4.1871869e+01     9.6321960e-01
 1400.0 1450.0     2.6161587e-01    4.1821711e+01     9.6203091e-01
 1450.0 1500.0     2.6277738e-01    4.1746823e+01     9.6066689e-01
 1500.0 1550.0     2.6394404e-01    4.1672068e+01     9.5930286e-01
 1550.0 1600.0     2.6511588e-01    4.1597448e+01     9.5793883e-01
 1600.0 1650.0     2.6637348e-01    4.1488154e+01     9.5652369e-01
 1650.0 1700.0     2.6784982e-01    4.1287902e+01     9.5497401e-01
 1700.0 1750.0     2.6946662e-01    4.1032224e+01     9.5334094e-01
 1754.0 1770.0     2.7066823e-01    4.0843866e+01     9.5213246e-01
 1770.0 1786.0     2.7118998e-01    4.0762758e+01     9.5160987e-01
 1786.0 1802.0     2.7171273e-01    4.0681811e+01     9.5108729e-01
 1802.0 1818.0     2.7223649e-01    4.0601025e+01     9.5056470e-01
 1818.0 1835.0     2.7277770e-01    4.0517884e+01     9.5002578e-01
 1835.0 1852.0     2.7333641e-01    4.0432400e+01     9.4947054e-01
 1852.0 1869.0     2.7389627e-01    4.0347097e+01     9.4891529e-01
 1869.0 1887.0     2.7447381e-01    4.0259475e+01     9.4834371e-01
 1887.0 1905.0     2.7506910e-01    4.0169545e+01     9.4775580e-01
 1905.0 1923.0     2.7566568e-01    4.0079816e+01     9.4716790e-01
 1923.0 1942.0     2.7628020e-01    3.9987806e+01     9.4656366e-01
 1942.0 1961.0     2.7691274e-01    3.9893527e+01     9.4594309e-01
 1961.0 1980.0     2.7743405e-01    3.9809341e+01     9.4532401e-01
 1980.0 2000.0     2.7778527e-01    3.9739311e+01     9.4469111e-01
 2000.0 2020.0     2.7880420e-01    3.9588031e+01     9.4405316e-01
 2020.0 2041.0     2.8059853e-01    3.9346168e+01     9.4340981e-01
 2041.0 2062.0     2.8244844e-01    3.9099919e+01     9.4275077e-01
 2062.0 2083.0     2.8431056e-01    3.8855212e+01     9.4209173e-01
 2083.0 2105.0     2.8622988e-01    3.8606283e+01     9.4141700e-01
 2105.0 2128.0     2.8825234e-01    3.8347484e+01     9.4071088e-01
 2128.0 2151.0     2.9033436e-01    3.8084707e+01     9.3998908e-01
 2151.0 2174.0     2.9243141e-01    3.7823731e+01     9.3926727e-01
 2174.0 2200.0     2.9468243e-01    3.7547763e+01     9.3849839e-01
 2200.0 2222.0     2.9690308e-01    3.7279240e+01     9.3774520e-01
 2222.0 2247.0     2.9909489e-01    3.7018307e+01     9.3700770e-01
 2247.0 2273.0     3.0149116e-01    3.6737192e+01     9.3620743e-01
 2273.0 2299.0     3.0395400e-01    3.6452741e+01     9.3539148e-01
 2299.0 2326.0     3.0648510e-01    3.6165108e+01     9.3455983e-01
 2326.0 2353.0     3.0908544e-01    3.5874360e+01     9.3371249e-01
 2353.0 2381.0     3.1175681e-01    3.5580653e+01     9.3284946e-01
 2381.0 2410.0     3.1454970e-01    3.5278802e+01     9.3195505e-01
 2410.0 2439.0     3.1741704e-01    3.4974262e+01     9.3104494e-01
 2439.0 2469.0     3.2036086e-01    3.4667190e+01     9.3011915e-01
 2469.0 2500.0     3.2343319e-01    3.4352544e+01     9.2916197e-01
 2500.0 2532.0     3.2842420e-01    3.3838777e+01     9.2822803e-01
 2532.0 2564.0     3.3534094e-01    3.3136965e+01     9.2733303e-01
 2564.0 2597.0     3.4251606e-01    3.2439198e+01     9.2642404e-01
 2597.0 2632.0     3.5018797e-01    3.1725062e+01     9.2547310e-01
 2632.0 2667.0     3.5826240e-01    3.1006108e+01     9.2449419e-01
 2667.0 2703.0     3.6664376e-01    3.0293641e+01     9.2350129e-01
 2703.0 2740.0     3.7546570e-01    2.9578169e+01     9.2248043e-01
 2740.0 2778.0     3.8475046e-01    2.8860691e+01     9.2143159e-01
 2778.0 2817.0     3.9452173e-01    2.8142182e+01     9.2035479e-01
 2817.0 2857.0     4.0480476e-01    2.7423597e+01     9.1925002e-01
 2857.0 2899.0     4.1576366e-01    2.6697243e+01     9.1810330e-01
 2899.0 2941.0     4.2729375e-01    2.5972882e+01     9.1692860e-01
 2941.0 2985.0     4.3943370e-01    2.5251864e+01     9.1572594e-01
 2985.0 3030.0     4.5192097e-01    2.4558546e+01     9.1476706e-01
 3030.0 3077.0     4.6452756e-01    2.3910444e+01     9.1421387e-01
 3077.0 3125.0     4.7768033e-01    2.3275109e+01     9.1379016e-01
 3125.0 3175.0     4.9164088e-01    2.2637485e+01     9.1335308e-01
 3175.0 3225.0     5.0630264e-01    2.2004674e+01     9.1290708e-01
 3225.0 3275.0     5.2140164e-01    2.1389553e+01     9.1246107e-01
 3275.0 3325.0     5.3695092e-01    2.0791626e+01     9.1201507e-01
 3325.0 3375.0     5.5296392e-01    2.0210415e+01     9.1156907e-01
 3375.0 3425.0     5.6945445e-01    1.9645450e+01     9.1112306e-01
 3425.0 3450.0     5.8209717e-01    1.9230666e+01     9.1078856e-01
 3450.0 3550.0     5.9671740e-01    1.8725930e+01     9.1049252e-01
 3550.0 3650.0     6.1028780e-01    1.8157725e+01     9.1038492e-01
 3650.0 3750.0     6.2002871e-01    1.7666855e+01     9.1039751e-01
 3750.0 3850.0     6.3711282e-01    1.7028594e+01     9.1026470e-01
 3850.0 3950.0     6.5834801e-01    1.6348080e+01     9.1024660e-01
 3950.0 4050.0     6.7907039e-01    1.5669686e+01     9.1034269e-01
 4050.0 4150.0     7.0006625e-01    1.5023327e+01     9.1048518e-01
 4150.0 4250.0     7.2214247e-01    1.4432430e+01     9.1069435e-01
 4250.0 4350.0     7.3957476e-01    1.3877725e+01     9.1091056e-01
 4350.0 4450.0     7.4968202e-01    1.3417186e+01     9.1115363e-01
 4450.0 4550.0     7.6097361e-01    1.2994040e+01     9.1142833e-01
 4550.0 4650.0     7.7568387e-01    1.2506443e+01     9.1167559e-01
 4650.0 4750.0     7.8849472e-01    1.2004449e+01     9.1190086e-01
 4750.0 4850.0     7.9986971e-01    1.1565961e+01     9.1214366e-01
 4850.0 4950.0     8.0903593e-01    1.1190748e+01     9.1250899e-01
 4950.0 5050.0     8.1512972e-01    1.0842539e+01     9.1286442e-01
 5050.0 5150.0     8.2429648e-01    1.0483109e+01     9.1298413e-01
 5150.0 5250.0     8.3640989e-01    1.0067142e+01     9.1307090e-01
 5250.0 5350.0     8.4541201e-01    9.6769977e+00     9.1325325e-01
 5350.0 5450.0     8.5141217e-01    9.3527766e+00     9.1343747e-01
 5450.0 5550.0     8.5606317e-01    9.0404400e+00     9.1360535e-01
 5550.0 5650.0     8.6013910e-01    8.7822498e+00     9.1376831e-01
 5650.0 5750.0     8.6429845e-01    8.5730796e+00     9.1392547e-01
 5750.0 5850.0     8.6759856e-01    8.3267892e+00     9.1405250e-01
 5850.0 5950.0     8.6935319e-01    8.0479502e+00     9.1415071e-01
 5950.0 6050.0     8.7120136e-01    7.8197601e+00     9.1418859e-01
 6050.0 6150.0     8.7224660e-01    7.5983368e+00     9.1421047e-01
 6150.0 6250.0     8.7166429e-01    7.3434072e+00     9.1431406e-01
 6250.0 6350.0     8.7264391e-01    7.1320181e+00     9.1441084e-01
 6350.0 6450.0     8.7520009e-01    6.9630734e+00     9.1444695e-01
 6450.0 6550.0     8.7774766e-01    6.7985021e+00     9.1446044e-01
 6550.0 6650.0     8.8028888e-01    6.6380776e+00     9.1445866e-01
 6650.0 6750.0     8.8206264e-01    6.4844785e+00     9.1445599e-01
 6750.0 6850.0     8.8306805e-01    6.3376096e+00     9.1443937e-01
 6850.0 6950.0     8.8483238e-01    6.1917383e+00     9.1440214e-01
 6950.0 7050.0     8.8658574e-01    6.0496120e+00     9.1435182e-01
 7050.0 7150.0     8.8756519e-01    5.9138714e+00     9.1428907e-01
 7150.0 7250.0     8.8932657e-01    5.7788849e+00     9.1421403e-01
 7250.0 7350.0     8.9102545e-01    5.6081067e+00     9.1412070e-01
 7350.0 7450.0     8.9190305e-01    5.4059948e+00     9.1400990e-01
 7450.0 7550.0     8.9285143e-01    5.2474518e+00     9.1389528e-01
 7550.0 7650.0     8.9301528e-01    5.1332617e+00     9.1377719e-01
 7650.0 7750.0     8.9318283e-01    5.0220902e+00     9.1364913e-01
 7750.0 7850.0     8.9418391e-01    4.9111963e+00     9.1351134e-01
 7850.0 7950.0     8.9519264e-01    4.8032160e+00     9.1336431e-01
 7950.0 8050.0     8.9707595e-01    4.6953729e+00     9.1320831e-01
 8050.0 8150.0     8.9897080e-01    4.5903403e+00     9.1304375e-01
 8150.0 8250.0     9.0002473e-01    4.4906430e+00     9.1287112e-01
 8250.0 8350.0     9.0109179e-01    4.3935415e+00     9.1269067e-01
 8350.0 8450.0     9.0298540e-01    4.3296013e+00     9.1250750e-01
 8450.0 8550.0     9.0571960e-01    4.2979894e+00     9.1232179e-01
