 1216.0 1216.0     1.2967305e-02    3.4922547e-01     1.3235110e-02
 1300.0 1350.0     9.5224022e-03    2.6432273e-01     1.1529976e-02
 1350.0 1400.0     8.3426879e-03    2.3914751e-01     1.0804858e-02
 1400.0 1450.0     7.4224995e-03    2.2538736e-01     1.0154810e-02
 1450.0 1500.0     6.6287750e-03    2.1450891e-01     9.5227791e-03
 1500.0 1550.0     5.9199274e-03    2.0415552e-01     8.8907480e-03
 1550.0 1600.0     5.2868803e-03    1.9430184e-01     8.2587170e-03
 1600.0 1650.0     4.7522118e-03    1.8514814e-01     7.6822252e-03
 1650.0 1700.0     4.3486474e-03    1.7700078e-01     7.2518896e-03
 1700.0 1750.0     4.0259987e-03    1.6956309e-01     6.9121711e-03
 1754.0 1770.0     3.8002178e-03    1.6422719e-01     6.6607794e-03
 1770.0 1786.0     3.7076156e-03    1.6198658e-01     6.5520695e-03
 1786.0 1802.0     3.6172699e-03    1.5977653e-01     6.4433595e-03
 1802.0 1818.0     3.5291258e-03    1.5759664e-01     6.3346496e-03
 1818.0 1835.0     3.4405098e-03    1.5538024e-01     6.2225425e-03
 1835.0 1852.0     3.3515014e-03    1.5312880e-01     6.1070382e-03
 1852.0 1869.0     3.2647957e-03    1.5090998e-01     5.9915339e-03
 1869.0 1887.0     3.1779154e-03    1.4865996e-01     5.8726324e-03
 1887.0 1905.0     3.0909311e-03    1.4638016e-01     5.7503337e-03
 1905.0 1923.0     3.0063277e-03    1.4413533e-01     5.6280351e-03
 1923.0 1942.0     2.9218188e-03    1.4186448e-01     5.5023392e-03
 1942.0 1961.0     2.8374660e-03    1.3956902e-01     5.3732462e-03
 1961.0 1980.0     2.7563200e-03    1.3758257e-01     5.2536779e-03
 1980.0 2000.0     2.6767324e-03    1.3601834e-01     5.1465869e-03
 2000.0 2020.0     2.6064927e-03    1.3406583e-01     5.0589355e-03
 2020.0 2041.0     2.5452484e-03    1.3155564e-01     4.9859920e-03
 2041.0 2062.0     2.4839847e-03    1.2903237e-01     4.9112695e-03
 2062.0 2083.0     2.4241955e-03    1.2655750e-01     4.8365469e-03
 2083.0 2105.0     2.3644906e-03    1.2407344e-01     4.7600453e-03
 2105.0 2128.0     2.3035827e-03    1.2152603e-01     4.6799854e-03
 2128.0 2151.0     2.2429253e-03    1.1897549e-01     4.5981464e-03
 2151.0 2174.0     2.1838651e-03    1.1647848e-01     4.5163074e-03
 2174.0 2200.0     2.1227152e-03    1.1387801e-01     4.4291311e-03
 2200.0 2222.0     2.0643571e-03    1.1138294e-01     4.3437339e-03
 2222.0 2247.0     2.0088809e-03    1.0899664e-01     4.2601159e-03
 2247.0 2273.0     1.9503351e-03    1.0646390e-01     4.1693813e-03
 2273.0 2299.0     1.8923812e-03    1.0394150e-01     4.0768677e-03
 2299.0 2326.0     1.8351009e-03    1.0143266e-01     3.9825750e-03
 2326.0 2353.0     1.7785066e-03    9.8938185e-02     3.8865031e-03
 2353.0 2381.0     1.7226739e-03    9.6461130e-02     3.7886522e-03
 2381.0 2410.0     1.6666598e-03    9.3959420e-02     3.6872430e-03
 2410.0 2439.0     1.6115164e-03    9.1479846e-02     3.5840547e-03
 2439.0 2469.0     1.5573093e-03    8.9025206e-02     3.4790874e-03
 2469.0 2500.0     1.5031811e-03    8.6556588e-02     3.3705618e-03
 2500.0 2532.0     1.4576347e-03    8.3768022e-02     3.2825894e-03
 2532.0 2564.0     1.4210645e-03    8.0721685e-02     3.2169495e-03
 2564.0 2597.0     1.3848690e-03    7.7741968e-02     3.1502840e-03
 2597.0 2632.0     1.3479964e-03    7.4743233e-02     3.0805415e-03
 2632.0 2667.0     1.3110502e-03    7.1775394e-02     3.0087479e-03
 2667.0 2703.0     1.2746175e-03    6.8886334e-02     2.9359286e-03
 2703.0 2740.0     1.2382139e-03    6.6037095e-02     2.8610580e-03
 2740.0 2778.0     1.2018955e-03    6.3232484e-02     2.7841363e-03
 2778.0 2817.0     1.1657166e-03    6.0476955e-02     2.7051632e-03
 2817.0 2857.0     1.1297295e-03    5.7774605e-02     2.6241389e-03
 2857.0 2899.0     1.0935574e-03    5.5098035e-02     2.5400378e-03
 2899.0 2941.0     1.0576897e-03    5.2483230e-02     2.4538854e-03
 2941.0 2985.0     1.0222003e-03    4.9936116e-02     2.3656817e-03
 2985.0 3030.0     9.9453822e-04    4.7399646e-02     2.2870262e-03
 3030.0 3077.0     9.7874082e-04    4.4868875e-02     2.2250731e-03
 3077.0 3125.0     9.6670877e-04    4.2382027e-02     2.1676183e-03
 3125.0 3175.0     9.5445252e-04    3.9961697e-02     2.1083491e-03
 3175.0 3225.0     9.4210471e-04    3.7633040e-02     2.0478703e-03
 3225.0 3275.0     9.2991665e-04    3.5440079e-02     1.9873915e-03
 3275.0 3325.0     9.1788626e-04    3.3374907e-02     1.9269127e-03
 3325.0 3375.0     9.0601151e-04    3.1430077e-02     1.8664339e-03
 3375.0 3425.0     8.9429039e-04    2.9598576e-02     1.8059551e-03
 3425.0 3450.0     8.8558509e-04    2.8285777e-02     1.7605960e-03
 3450.0 3550.0     8.5926942e-04    2.6866196e-02     1.6930964e-03
 3550.0 3650.0     8.0252441e-04    2.5512227e-02     1.5964357e-03
 3650.0 3750.0     7.4349006e-04    2.4470455e-02     1.5088811e-03
 3750.0 3850.0     7.0509222e-04    2.2771766e-02     1.4266387e-03
 3850.0 3950.0     6.8243429e-04    2.0786001e-02     1.3517305e-03
 3950.0 4050.0     6.5982504e-04    1.8923476e-02     1.2809251e-03
 4050.0 4150.0     6.4294846e-04    1.7139420e-02     1.2151559e-03
 4150.0 4250.0     6.3746093e-04    1.5393132e-02     1.1555902e-03
 4250.0 4350.0     6.2057161e-04    1.4023538e-02     1.0988231e-03
 4350.0 4450.0     5.8830245e-04    1.3179480e-02     1.0457069e-03
 4450.0 4550.0     5.6682463e-04    1.2299245e-02     9.9745432e-04
 4550.0 4650.0     5.5510698e-04    1.1216870e-02     9.5133209e-04
 4650.0 4750.0     5.3898206e-04    1.0259549e-02     9.0703244e-04
 4750.0 4850.0     5.2526873e-04    9.4379896e-03     8.6655203e-04
 4850.0 4950.0     5.1075529e-04    8.7832093e-03     8.2961574e-04
 4950.0 5050.0     4.9011651e-04    8.3025442e-03     7.9489200e-04
 5050.0 5150.0     4.8133702e-04    7.6813779e-03     7.6224840e-04
 5150.0 5250.0     4.8150923e-04    6.9205042e-03     7.3069481e-04
 5250.0 5350.0     4.7465502e-04    6.3350116e-03     7.0087714e-04
 5350.0 5450.0     4.6289234e-04    5.9229215e-03     6.7357369e-04
 5450.0 5550.0     4.4857922e-04    5.5805765e-03     6.4777491e-04
 5550.0 5650.0     4.3588844e-04    5.2950246e-03     6.2408588e-04
 5650.0 5750.0     4.2668167e-04    5.0365842e-03     6.0239049e-04
 5750.0 5850.0     4.1426136e-04    4.7957457e-03     5.8113946e-04
 5850.0 5950.0     3.9650913e-04    4.5981914e-03     5.6027809e-04
 5950.0 6050.0     3.8181809e-04    4.4244337e-03     5.4109427e-04
 6050.0 6150.0     3.6607778e-04    4.2816155e-03     5.2290129e-04
 6150.0 6250.0     3.4550121e-04    4.1765640e-03     5.0496951e-04
 6250.0 6350.0     3.3180285e-04    4.0419567e-03     4.8846782e-04
 6350.0 6450.0     3.2450451e-04    3.8791254e-03     4.7332644e-04
 6450.0 6550.0     3.1781072e-04    3.7213237e-03     4.5887842e-04
 6550.0 6650.0     3.1169450e-04    3.5683216e-03     4.4508206e-04
 6650.0 6750.0     3.0403477e-04    3.4436316e-03     4.3189735e-04
 6750.0 6850.0     2.9484666e-04    3.3460337e-03     4.1928856e-04
 6850.0 6950.0     2.8821361e-04    3.2282262e-03     4.0722528e-04
 6950.0 7050.0     2.8200954e-04    3.1137911e-03     3.9567539e-04
 7050.0 7150.0     2.7423030e-04    3.0249942e-03     3.8460883e-04
 7150.0 7250.0     2.6890445e-04    2.9165694e-03     3.7400127e-04
 7250.0 7350.0     2.6317015e-04    2.7943442e-03     3.6340956e-04
 7350.0 7450.0     2.5515410e-04    2.6801368e-03     3.5282029e-04
 7450.0 7550.0     2.4836383e-04    2.5851987e-03     3.4305781e-04
 7550.0 7650.0     2.4067215e-04    2.5300473e-03     3.3408913e-04
 7650.0 7750.0     2.3334495e-04    2.4762604e-03     3.2546756e-04
 7750.0 7850.0     2.2829533e-04    2.4033562e-03     3.1717639e-04
 7850.0 7950.0     2.2353127e-04    2.3323015e-03     3.0919810e-04
 7950.0 8050.0     2.2101295e-04    2.2429512e-03     3.0151785e-04
 8050.0 8150.0     2.1871670e-04    2.1559179e-03     2.9412031e-04
 8150.0 8250.0     2.1472998e-04    2.0904931e-03     2.8699099e-04
 8250.0 8350.0     2.1098341e-04    2.0266509e-03     2.8011779e-04
 8350.0 8450.0     2.0971979e-04    1.9607943e-03     2.7380558e-04
 8450.0 8550.0     2.1090682e-04    1.8931053e-03     2.6803565e-04
