 1216.0 1216.0     3.0834129e-01    2.6490391e+01     9.5025500e-01
 1300.0 1350.0     3.0770681e-01    2.6772412e+01     9.4906227e-01
 1350.0 1400.0     3.0777408e-01    2.6828305e+01     9.4812844e-01
 1400.0 1450.0     3.0831303e-01    2.6786672e+01     9.4668582e-01
 1450.0 1500.0     3.0896632e-01    2.6721719e+01     9.4512107e-01
 1500.0 1550.0     3.0962099e-01    2.6656922e+01     9.4355633e-01
 1550.0 1600.0     3.1027705e-01    2.6592283e+01     9.4199159e-01
 1600.0 1650.0     3.1113980e-01    2.6510497e+01     9.4029060e-01
 1650.0 1700.0     3.1254710e-01    2.6383589e+01     9.3823108e-01
 1700.0 1750.0     3.1429782e-01    2.6229240e+01     9.3594928e-01
 1754.0 1770.0     3.1559857e-01    2.6115502e+01     9.3426074e-01
 1770.0 1786.0     3.1616320e-01    2.6066514e+01     9.3353056e-01
 1786.0 1802.0     3.1672884e-01    2.6017618e+01     9.3280039e-01
 1802.0 1818.0     3.1729549e-01    2.5968814e+01     9.3207021e-01
 1818.0 1835.0     3.1788092e-01    2.5918583e+01     9.3131721e-01
 1835.0 1852.0     3.1848521e-01    2.5866929e+01     9.3054140e-01
 1852.0 1869.0     3.1909065e-01    2.5815378e+01     9.2976558e-01
 1869.0 1887.0     3.1971512e-01    2.5762420e+01     9.2896695e-01
 1887.0 1905.0     3.2035868e-01    2.5708060e+01     9.2814550e-01
 1905.0 1923.0     3.2100354e-01    2.5653815e+01     9.2732405e-01
 1923.0 1942.0     3.2166769e-01    2.5598185e+01     9.2647978e-01
 1942.0 1961.0     3.2235119e-01    2.5541174e+01     9.2561270e-01
 1961.0 1980.0     3.2290161e-01    2.5489551e+01     9.2474597e-01
 1980.0 2000.0     3.2324681e-01    2.5445302e+01     9.2385701e-01
 2000.0 2020.0     3.2432748e-01    2.5353677e+01     9.2295565e-01
 2020.0 2041.0     3.2626817e-01    2.5209518e+01     9.2204219e-01
 2041.0 2062.0     3.2826808e-01    2.5062682e+01     9.2110644e-01
 2062.0 2083.0     3.3028026e-01    2.4916701e+01     9.2017070e-01
 2083.0 2105.0     3.3235327e-01    2.4768136e+01     9.1921268e-01
 2105.0 2128.0     3.3453664e-01    2.4613609e+01     9.1821010e-01
 2128.0 2151.0     3.3678318e-01    2.4456634e+01     9.1718524e-01
 2151.0 2174.0     3.3904482e-01    2.4300660e+01     9.1616038e-01
 2174.0 2200.0     3.4147119e-01    2.4135642e+01     9.1506868e-01
 2200.0 2222.0     3.4386365e-01    2.3975001e+01     9.1399926e-01
 2222.0 2247.0     3.4622372e-01    2.3818818e+01     9.1295212e-01
 2247.0 2273.0     3.4880260e-01    2.3650470e+01     9.1181587e-01
 2273.0 2299.0     3.5145163e-01    2.3480035e+01     9.1065733e-01
 2299.0 2326.0     3.5417251e-01    2.3307597e+01     9.0947651e-01
 2326.0 2353.0     3.5696618e-01    2.3133197e+01     9.0827342e-01
 2353.0 2381.0     3.5983445e-01    2.2956920e+01     9.0704804e-01
 2381.0 2410.0     3.6283135e-01    2.2775651e+01     9.0577810e-01
 2410.0 2439.0     3.6590622e-01    2.2592658e+01     9.0448589e-01
 2439.0 2469.0     3.6906107e-01    2.2408031e+01     9.0317140e-01
 2469.0 2500.0     3.7235147e-01    2.2218732e+01     9.0181234e-01
 2500.0 2532.0     3.7755168e-01    2.1907991e+01     9.0047650e-01
 2532.0 2564.0     3.8465946e-01    2.1482286e+01     8.9918614e-01
 2564.0 2597.0     3.9201636e-01    2.1058460e+01     8.9787563e-01
 2597.0 2632.0     3.9986460e-01    2.0624085e+01     8.9650462e-01
 2632.0 2667.0     4.0810540e-01    2.0186159e+01     8.9509330e-01
 2667.0 2703.0     4.1663869e-01    1.9751540e+01     8.9366181e-01
 2703.0 2740.0     4.2559843e-01    1.9314433e+01     8.9219000e-01
 2740.0 2778.0     4.3500435e-01    1.8875424e+01     8.9067786e-01
 2778.0 2817.0     4.4487740e-01    1.8435086e+01     8.8912540e-01
 2817.0 2857.0     4.5523983e-01    1.7993985e+01     8.8753262e-01
 2857.0 2899.0     4.6625276e-01    1.7547361e+01     8.8587935e-01
 2899.0 2941.0     4.7780719e-01    1.7101201e+01     8.8418576e-01
 2941.0 2985.0     4.8993700e-01    1.6656302e+01     8.8245185e-01
 2985.0 3030.0     5.0227473e-01    1.6227881e+01     8.8104582e-01
 3030.0 3077.0     5.1452598e-01    1.5826891e+01     8.8018778e-01
 3077.0 3125.0     5.2720448e-01    1.5433185e+01     8.7950228e-01
 3125.0 3175.0     5.4061255e-01    1.5037359e+01     8.7879513e-01
 3175.0 3225.0     5.5464218e-01    1.4643814e+01     8.7807355e-01
 3225.0 3275.0     5.6903590e-01    1.4260569e+01     8.7735197e-01
 3275.0 3325.0     5.8380316e-01    1.3887354e+01     8.7663039e-01
 3325.0 3375.0     5.9895365e-01    1.3523906e+01     8.7590881e-01
 3375.0 3425.0     6.1449731e-01    1.3169970e+01     8.7518723e-01
 3425.0 3450.0     6.2638066e-01    1.2909759e+01     8.7464605e-01
 3450.0 3550.0     6.3972989e-01    1.2578137e+01     8.7404861e-01
 3550.0 3650.0     6.5139458e-01    1.2178588e+01     8.7351906e-01
 3650.0 3750.0     6.5896808e-01    1.1809449e+01     8.7326829e-01
 3750.0 3850.0     6.7332549e-01    1.1348684e+01     8.7304428e-01
 3850.0 3950.0     6.9161800e-01    1.0865875e+01     8.7292744e-01
 3950.0 4050.0     7.0912893e-01    1.0371700e+01     8.7286159e-01
 4050.0 4150.0     7.2683517e-01    9.8956871e+00     8.7286413e-01
 4150.0 4250.0     7.4577599e-01    9.4625282e+00     8.7296244e-01
 4250.0 4350.0     7.6004392e-01    9.0357468e+00     8.7307528e-01
 4350.0 4450.0     7.6734993e-01    8.6612477e+00     8.7322953e-01
 4450.0 4550.0     7.7611035e-01    8.3217953e+00     8.7343018e-01
 4550.0 4650.0     7.8798246e-01    7.9372697e+00     8.7359644e-01
 4650.0 4750.0     7.9788158e-01    7.5358461e+00     8.7373690e-01
 4750.0 4850.0     8.0674661e-01    7.1851167e+00     8.7390454e-01
 4850.0 4950.0     8.1380063e-01    6.8858611e+00     8.7409313e-01
 4950.0 5050.0     8.1794832e-01    6.6060182e+00     8.7427092e-01
 5050.0 5150.0     8.2523513e-01    6.3216914e+00     8.7442698e-01
 5150.0 5250.0     8.3533622e-01    5.9991894e+00     8.7453963e-01
 5250.0 5350.0     8.4248337e-01    5.6976475e+00     8.7463568e-01
 5350.0 5450.0     8.4697185e-01    5.4485387e+00     8.7473617e-01
 5450.0 5550.0     8.5018341e-01    5.2113065e+00     8.7480745e-01
 5550.0 5650.0     8.5310279e-01    5.0166790e+00     8.7487343e-01
 5650.0 5750.0     8.5638839e-01    4.8602566e+00     8.7494913e-01
 5750.0 5850.0     8.5863403e-01    4.6794551e+00     8.7498413e-01
 5850.0 5950.0     8.5911229e-01    4.4781693e+00     8.7497184e-01
 5950.0 6050.0     8.5993816e-01    4.3144837e+00     8.7495171e-01
 6050.0 6150.0     8.5993095e-01    4.1587592e+00     8.7491006e-01
 6150.0 6250.0     8.5803605e-01    3.9836499e+00     8.7483221e-01
 6250.0 6350.0     8.5805770e-01    3.8394185e+00     8.7474532e-01
 6350.0 6450.0     8.6000260e-01    3.7242595e+00     8.7464957e-01
 6450.0 6550.0     8.6198121e-01    3.6130698e+00     8.7453210e-01
 6550.0 6650.0     8.6453852e-01    3.5198332e+00     8.7438963e-01
 6650.0 6750.0     8.6628637e-01    3.4320383e+00     8.7422705e-01
 6750.0 6850.0     8.6613480e-01    3.3219884e+00     8.7405293e-01
 6850.0 6950.0     8.6686186e-01    3.2135369e+00     8.7385942e-01
 6950.0 7050.0     8.6814280e-01    3.1221190e+00     8.7364343e-01
 7050.0 7150.0     8.6858615e-01    3.0359130e+00     8.7340982e-01
 7150.0 7250.0     8.6994664e-01    2.9505796e+00     8.7315871e-01
 7250.0 7350.0     8.7110292e-01    2.8449786e+00     8.7288155e-01
 7350.0 7450.0     8.7120208e-01    2.7224506e+00     8.7257941e-01
 7450.0 7550.0     8.7156551e-01    2.6266912e+00     8.7227152e-01
 7550.0 7650.0     8.7118985e-01    2.5581996e+00     8.7195830e-01
 7650.0 7750.0     8.7084016e-01    2.4920296e+00     8.7163049e-01
 7750.0 7850.0     8.7147541e-01    2.4260946e+00     8.7128840e-01
 7850.0 7950.0     8.7214015e-01    2.3623507e+00     8.7093270e-01
 7950.0 8050.0     8.7386245e-01    2.2986932e+00     8.7056369e-01
 8050.0 8150.0     8.7561769e-01    2.2371070e+00     8.7018198e-01
 8150.0 8250.0     8.7640320e-01    2.1794506e+00     8.6978814e-01
 8250.0 8350.0     8.7722334e-01    2.1236547e+00     8.6938241e-01
 8350.0 8450.0     8.7917543e-01    2.0858071e+00     8.6897211e-01
 8450.0 8550.0     8.8227933e-01    2.0652757e+00     8.6855744e-01
