 1216.0 1216.0     3.3596882e-01    2.2993788e+01     9.3858256e-01
 1300.0 1350.0     3.3584684e-01    2.3255630e+01     9.3664820e-01
 1350.0 1400.0     3.3606836e-01    2.3309692e+01     9.3534563e-01
 1400.0 1450.0     3.3665557e-01    2.3275994e+01     9.3349667e-01
 1450.0 1500.0     3.3733166e-01    2.3221295e+01     9.3151658e-01
 1500.0 1550.0     3.3800912e-01    2.3166724e+01     9.2953648e-01
 1550.0 1600.0     3.3868794e-01    2.3112281e+01     9.2755639e-01
 1600.0 1650.0     3.3958332e-01    2.3043593e+01     9.2539698e-01
 1650.0 1700.0     3.4104926e-01    2.2937416e+01     9.2276566e-01
 1700.0 1750.0     3.4287476e-01    2.2808422e+01     9.1984176e-01
 1754.0 1770.0     3.4423082e-01    2.2713354e+01     9.1767807e-01
 1770.0 1786.0     3.4481936e-01    2.2672401e+01     9.1674242e-01
 1786.0 1802.0     3.4540891e-01    2.2631521e+01     9.1580677e-01
 1802.0 1818.0     3.4599946e-01    2.2590716e+01     9.1487112e-01
 1818.0 1835.0     3.4660954e-01    2.2548714e+01     9.1390624e-01
 1835.0 1852.0     3.4723922e-01    2.2505519e+01     9.1291211e-01
 1852.0 1869.0     3.4787004e-01    2.2462407e+01     9.1191798e-01
 1869.0 1887.0     3.4852063e-01    2.2418114e+01     9.1089462e-01
 1887.0 1905.0     3.4919106e-01    2.2372646e+01     9.0984202e-01
 1905.0 1923.0     3.4986278e-01    2.2327270e+01     9.0878941e-01
 1923.0 1942.0     3.5055453e-01    2.2280731e+01     9.0770757e-01
 1942.0 1961.0     3.5126637e-01    2.2233034e+01     9.0659649e-01
 1961.0 1980.0     3.5182770e-01    2.2189241e+01     9.0548528e-01
 1980.0 2000.0     3.5215548e-01    2.2150620e+01     9.0434464e-01
 2000.0 2020.0     3.5325332e-01    2.2073266e+01     9.0318410e-01
 2020.0 2041.0     3.5525807e-01    2.1953258e+01     9.0200419e-01
 2041.0 2062.0     3.5732338e-01    2.1830991e+01     9.0079551e-01
 2062.0 2083.0     3.5940070e-01    2.1709406e+01     8.9958682e-01
 2083.0 2105.0     3.6154013e-01    2.1585635e+01     8.9834936e-01
 2105.0 2128.0     3.6379272e-01    2.1456863e+01     8.9705434e-01
 2128.0 2151.0     3.6610971e-01    2.1326015e+01     8.9573054e-01
 2151.0 2174.0     3.6844145e-01    2.1195964e+01     8.9440675e-01
 2174.0 2200.0     3.7094212e-01    2.1058332e+01     8.9299661e-01
 2200.0 2222.0     3.7340702e-01    2.0924313e+01     8.9161526e-01
 2222.0 2247.0     3.7583761e-01    2.0793973e+01     8.9026269e-01
 2247.0 2273.0     3.7849260e-01    2.0653440e+01     8.8879500e-01
 2273.0 2299.0     3.8121877e-01    2.0511119e+01     8.8729853e-01
 2299.0 2326.0     3.8401777e-01    2.0367081e+01     8.8577329e-01
 2326.0 2353.0     3.8689051e-01    2.0221355e+01     8.8421926e-01
 2353.0 2381.0     3.8983875e-01    2.0074013e+01     8.8263646e-01
 2381.0 2410.0     3.9291791e-01    1.9922445e+01     8.8099611e-01
 2410.0 2439.0     3.9607583e-01    1.9769382e+01     8.7932697e-01
 2439.0 2469.0     3.9931447e-01    1.9614898e+01     8.7762906e-01
 2469.0 2500.0     4.0269074e-01    1.9456445e+01     8.7587359e-01
 2500.0 2532.0     4.0791277e-01    1.9193038e+01     8.7414059e-01
 2532.0 2564.0     4.1497157e-01    1.8830096e+01     8.7245885e-01
 2564.0 2597.0     4.2226668e-01    1.8468561e+01     8.7075084e-01
 2597.0 2632.0     4.3003684e-01    1.8097821e+01     8.6896399e-01
 2632.0 2667.0     4.3818270e-01    1.7723839e+01     8.6712459e-01
 2667.0 2703.0     4.4660371e-01    1.7352463e+01     8.6525891e-01
 2703.0 2740.0     4.5543070e-01    1.6978738e+01     8.6334067e-01
 2740.0 2778.0     4.6468126e-01    1.6603155e+01     8.6136988e-01
 2778.0 2817.0     4.7437401e-01    1.6226198e+01     8.5934654e-01
 2817.0 2857.0     4.8452868e-01    1.5848343e+01     8.5727064e-01
 2857.0 2899.0     4.9530041e-01    1.5465499e+01     8.5511592e-01
 2899.0 2941.0     5.0658016e-01    1.5082792e+01     8.5290863e-01
 2941.0 2985.0     5.1839784e-01    1.4700895e+01     8.5064880e-01
 2985.0 3030.0     5.3033184e-01    1.4329813e+01     8.4879673e-01
 3030.0 3077.0     5.4205592e-01    1.3977423e+01     8.4762820e-01
 3077.0 3125.0     5.5412459e-01    1.3629648e+01     8.4667280e-01
 3125.0 3175.0     5.6685750e-01    1.3280001e+01     8.4568722e-01
 3175.0 3225.0     5.8014880e-01    1.2932372e+01     8.4468154e-01
 3225.0 3275.0     5.9375175e-01    1.2593842e+01     8.4367585e-01
 3275.0 3325.0     6.0767365e-01    1.2264175e+01     8.4267017e-01
 3325.0 3375.0     6.2192197e-01    1.1943137e+01     8.4166448e-01
 3375.0 3425.0     6.3650439e-01    1.1630503e+01     8.4065880e-01
 3425.0 3450.0     6.4763254e-01    1.1400657e+01     8.3990453e-01
 3450.0 3550.0     6.5978012e-01    1.1096501e+01     8.3903803e-01
 3550.0 3650.0     6.6969750e-01    1.0710784e+01     8.3819848e-01
 3650.0 3750.0     6.7542841e-01    1.0339601e+01     8.3772177e-01
 3750.0 3850.0     6.8762220e-01    9.8889851e+00     8.3728847e-01
 3850.0 3950.0     7.0365736e-01    9.4215615e+00     8.3699967e-01
 3950.0 4050.0     7.1875574e-01    8.9376525e+00     8.3678587e-01
 4050.0 4150.0     7.3408624e-01    8.4697881e+00     8.3666763e-01
 4150.0 4250.0     7.5088165e-01    8.0453731e+00     8.3667769e-01
 4250.0 4350.0     7.6296513e-01    7.6221021e+00     8.3671662e-01
 4350.0 4450.0     7.6825149e-01    7.2458208e+00     8.3681732e-01
 4450.0 4550.0     7.7526346e-01    6.9076764e+00     8.3698377e-01
 4550.0 4650.0     7.8528081e-01    6.5303047e+00     8.3711562e-01
 4650.0 4750.0     7.9326024e-01    6.1391114e+00     8.3722371e-01
 4750.0 4850.0     8.0050406e-01    5.7996182e+00     8.3737287e-01
 4850.0 4950.0     8.0617263e-01    5.5124287e+00     8.3755499e-01
 4950.0 5050.0     8.0896889e-01    5.2464083e+00     8.3773053e-01
 5050.0 5150.0     8.1511916e-01    4.9789154e+00     8.3788511e-01
 5150.0 5250.0     8.2413105e-01    4.6802138e+00     8.3799152e-01
 5250.0 5350.0     8.3020174e-01    4.4045268e+00     8.3802767e-01
 5350.0 5450.0     8.3375393e-01    4.1795075e+00     8.3807458e-01
 5450.0 5550.0     8.3600955e-01    3.9675747e+00     8.3821096e-01
 5550.0 5650.0     8.3816070e-01    3.7945462e+00     8.3834536e-01
 5650.0 5750.0     8.4090876e-01    3.6560801e+00     8.3842047e-01
 5750.0 5850.0     8.4245173e-01    3.4992446e+00     8.3844905e-01
 5850.0 5950.0     8.4199361e-01    3.3278047e+00     8.3843282e-01
 5950.0 6050.0     8.4208060e-01    3.1888695e+00     8.3841044e-01
 6050.0 6150.0     8.4127404e-01    3.0586216e+00     8.3836462e-01
 6150.0 6250.0     8.3830186e-01    2.9148786e+00     8.3827691e-01
 6250.0 6350.0     8.3758426e-01    2.7962233e+00     8.3818096e-01
 6350.0 6450.0     8.3912959e-01    2.7008829e+00     8.3807682e-01
 6450.0 6550.0     8.4074506e-01    2.6094142e+00     8.3794831e-01
 6550.0 6650.0     8.4243566e-01    2.5216406e+00     8.3779609e-01
 6650.0 6750.0     8.4324593e-01    2.4394705e+00     8.3762115e-01
 6750.0 6850.0     8.4316337e-01    2.3626458e+00     8.3742416e-01
 6850.0 6950.0     8.4409428e-01    2.2868781e+00     8.3720510e-01
 6950.0 7050.0     8.4505543e-01    2.2141348e+00     8.3696493e-01
 7050.0 7150.0     8.4508947e-01    2.1462304e+00     8.3670467e-01
 7150.0 7250.0     8.4618466e-01    2.0789662e+00     8.3646791e-01
 7250.0 7350.0     8.4697714e-01    1.9971319e+00     8.3620025e-01
 7350.0 7450.0     8.4650718e-01    1.9037972e+00     8.3581582e-01
 7450.0 7550.0     8.4644219e-01    1.8308104e+00     8.3542579e-01
 7550.0 7650.0     8.4561575e-01    1.7787398e+00     8.3507419e-01
 7650.0 7750.0     8.4483378e-01    1.7286523e+00     8.3470571e-01
 7750.0 7850.0     8.4519877e-01    1.6785839e+00     8.3432069e-01
 7850.0 7950.0     8.4561130e-01    1.6303700e+00     8.3391990e-01
 7950.0 8050.0     8.4727151e-01    1.5820497e+00     8.3350362e-01
 8050.0 8150.0     8.4898266e-01    1.5354683e+00     8.3307256e-01
 8150.0 8250.0     8.4957999e-01    1.4923499e+00     8.3262742e-01
 8250.0 8350.0     8.5023020e-01    1.4507652e+00     8.3216844e-01
 8350.0 8450.0     8.5228550e-01    1.4217283e+00     8.3170478e-01
 8450.0 8550.0     8.5577127e-01    1.4047168e+00     8.3123666e-01
