 1216.0 1216.0     2.8876817e-01    3.1343006e+01     9.5678352e-01
 1300.0 1350.0     2.8792109e-01    3.1668037e+01     9.5582661e-01
 1350.0 1400.0     2.8790521e-01    3.1730343e+01     9.5507649e-01
 1400.0 1450.0     2.8837946e-01    3.1677508e+01     9.5391692e-01
 1450.0 1500.0     2.8897233e-01    3.1597159e+01     9.5265909e-01
 1500.0 1550.0     2.8956641e-01    3.1517013e+01     9.5140125e-01
 1550.0 1600.0     2.9016172e-01    3.1437070e+01     9.5014342e-01
 1600.0 1650.0     2.9097011e-01    3.1336884e+01     9.4874248e-01
 1650.0 1700.0     2.9234034e-01    3.1183409e+01     9.4696497e-01
 1700.0 1750.0     2.9406499e-01    3.0997547e+01     9.4495397e-01
 1754.0 1770.0     2.9534663e-01    3.0860599e+01     9.4346584e-01
 1770.0 1786.0     2.9590308e-01    3.0801619e+01     9.4282232e-01
 1786.0 1802.0     2.9646057e-01    3.0742751e+01     9.4217880e-01
 1802.0 1818.0     2.9701912e-01    3.0683997e+01     9.4153528e-01
 1818.0 1835.0     2.9759624e-01    3.0623525e+01     9.4087166e-01
 1835.0 1852.0     2.9819201e-01    3.0561344e+01     9.4018792e-01
 1852.0 1869.0     2.9878896e-01    3.0499289e+01     9.3950418e-01
 1869.0 1887.0     2.9940475e-01    3.0435543e+01     9.3880033e-01
 1887.0 1905.0     3.0003943e-01    3.0370112e+01     9.3807637e-01
 1905.0 1923.0     3.0067545e-01    3.0304822e+01     9.3735242e-01
 1923.0 1942.0     3.0133057e-01    3.0237867e+01     9.3660835e-01
 1942.0 1961.0     3.0200486e-01    3.0169253e+01     9.3584417e-01
 1961.0 1980.0     3.0255295e-01    3.0107472e+01     9.3508884e-01
 1980.0 2000.0     3.0290702e-01    3.0055145e+01     9.3432816e-01
 2000.0 2020.0     3.0396384e-01    2.9944216e+01     9.3356238e-01
 2020.0 2041.0     3.0584210e-01    2.9768211e+01     9.3278680e-01
 2041.0 2062.0     3.0777806e-01    2.9588973e+01     9.3199231e-01
 2062.0 2083.0     3.0972627e-01    2.9410815e+01     9.3119781e-01
 2083.0 2105.0     3.1173380e-01    2.9229538e+01     9.3038440e-01
 2105.0 2128.0     3.1384863e-01    2.9041027e+01     9.2953315e-01
 2128.0 2151.0     3.1602513e-01    2.8849570e+01     9.2866299e-01
 2151.0 2174.0     3.1821672e-01    2.8659374e+01     9.2779283e-01
 2174.0 2200.0     3.2056849e-01    2.8458197e+01     9.2686592e-01
 2200.0 2222.0     3.2288790e-01    2.8262397e+01     9.2595793e-01
 2222.0 2247.0     3.2517645e-01    2.8072076e+01     9.2506885e-01
 2247.0 2273.0     3.2767775e-01    2.7866979e+01     9.2410410e-01
 2273.0 2299.0     3.3024771e-01    2.7659388e+01     9.2312044e-01
 2299.0 2326.0     3.3288803e-01    2.7449411e+01     9.2211787e-01
 2326.0 2353.0     3.3559968e-01    2.7237096e+01     9.2109637e-01
 2353.0 2381.0     3.3838446e-01    2.7022553e+01     9.2005596e-01
 2381.0 2410.0     3.4129489e-01    2.6801991e+01     9.1897772e-01
 2410.0 2439.0     3.4428186e-01    2.6579392e+01     9.1788056e-01
 2439.0 2469.0     3.4734737e-01    2.6354868e+01     9.1676448e-01
 2469.0 2500.0     3.5054551e-01    2.6124727e+01     9.1561057e-01
 2500.0 2532.0     3.5567341e-01    2.5748735e+01     9.1448007e-01
 2532.0 2564.0     3.6273337e-01    2.5234835e+01     9.1339187e-01
 2564.0 2597.0     3.7004823e-01    2.4723483e+01     9.1228668e-01
 2597.0 2632.0     3.7785985e-01    2.4199699e+01     9.1113048e-01
 2632.0 2667.0     3.8607095e-01    2.3671933e+01     9.0994027e-01
 2667.0 2703.0     3.9458296e-01    2.3148466e+01     9.0873305e-01
 2703.0 2740.0     4.0353047e-01    2.2622320e+01     9.0749183e-01
 2740.0 2778.0     4.1293446e-01    2.2094212e+01     9.0621661e-01
 2778.0 2817.0     4.2281727e-01    2.1564844e+01     9.0490738e-01
 2817.0 2857.0     4.3320265e-01    2.1034905e+01     9.0356414e-01
 2857.0 2899.0     4.4425402e-01    2.0498695e+01     9.0216990e-01
 2899.0 2941.0     4.5586371e-01    1.9963410e+01     9.0074165e-01
 2941.0 2985.0     4.6806799e-01    1.9430025e+01     8.9927939e-01
 2985.0 3030.0     4.8054221e-01    1.8917431e+01     8.9810331e-01
 3030.0 3077.0     4.9301844e-01    1.8439063e+01     8.9740450e-01
 3077.0 3125.0     5.0597602e-01    1.7970051e+01     8.9685699e-01
 3125.0 3175.0     5.1970165e-01    1.7498790e+01     8.9629219e-01
 3175.0 3225.0     5.3408729e-01    1.7030523e+01     8.9571587e-01
 3225.0 3275.0     5.4887113e-01    1.6574787e+01     8.9513955e-01
 3275.0 3325.0     5.6406420e-01    1.6131246e+01     8.9456322e-01
 3325.0 3375.0     5.7967782e-01    1.5699574e+01     8.9398690e-01
 3375.0 3425.0     5.9572364e-01    1.5279454e+01     8.9341058e-01
 3425.0 3450.0     6.0800631e-01    1.4970726e+01     8.9297833e-01
 3450.0 3550.0     6.2201232e-01    1.4586387e+01     8.9251958e-01
 3550.0 3650.0     6.3465307e-01    1.4138724e+01     8.9215189e-01
 3650.0 3750.0     6.4329263e-01    1.3737339e+01     8.9202246e-01
 3750.0 3850.0     6.5894198e-01    1.3225952e+01     8.9191352e-01
 3850.0 3950.0     6.7862160e-01    1.2686341e+01     8.9189443e-01
 3950.0 4050.0     6.9764840e-01    1.2140797e+01     8.9191678e-01
 4050.0 4150.0     7.1688727e-01    1.1617781e+01     8.9199570e-01
 4150.0 4250.0     7.3725797e-01    1.1140746e+01     8.9215490e-01
 4250.0 4350.0     7.5296417e-01    1.0679063e+01     8.9232397e-01
 4350.0 4450.0     7.6156009e-01    1.0282152e+01     8.9252631e-01
 4450.0 4550.0     7.7147602e-01    9.9205373e+00     8.9276657e-01
 4550.0 4650.0     7.8462486e-01    9.5075016e+00     8.9297509e-01
 4650.0 4750.0     7.9583576e-01    9.0774163e+00     8.9315936e-01
 4750.0 4850.0     8.0582256e-01    8.7010643e+00     8.9336538e-01
 4850.0 4950.0     8.1382726e-01    8.3791628e+00     8.9358792e-01
 4950.0 5050.0     8.1886537e-01    8.0780609e+00     8.9379957e-01
 5050.0 5150.0     8.2696837e-01    7.7695235e+00     8.9399111e-01
 5150.0 5250.0     8.3791732e-01    7.4161442e+00     8.9414392e-01
 5250.0 5350.0     8.4586639e-01    7.0845643e+00     8.9428116e-01
 5350.0 5450.0     8.5101967e-01    6.8092693e+00     8.9442116e-01
 5450.0 5550.0     8.5487210e-01    6.5452371e+00     8.9454201e-01
 5550.0 5650.0     8.5830479e-01    6.3278332e+00     8.9465731e-01
 5650.0 5750.0     8.6197133e-01    6.1526200e+00     8.9476602e-01
 5750.0 5850.0     8.6468884e-01    5.9479257e+00     8.9483890e-01
 5850.0 5950.0     8.6575599e-01    5.7177997e+00     8.9487742e-01
 5950.0 6050.0     8.6704800e-01    5.5300190e+00     8.9490855e-01
 6050.0 6150.0     8.6752926e-01    5.3496568e+00     8.9492057e-01
 6150.0 6250.0     8.6626729e-01    5.1447244e+00     8.9490107e-01
 6250.0 6350.0     8.6674110e-01    4.9756976e+00     8.9487335e-01
 6350.0 6450.0     8.6895624e-01    4.8407937e+00     8.9483744e-01
 6450.0 6550.0     8.7118372e-01    4.7099564e+00     8.9478251e-01
 6550.0 6650.0     8.7342803e-01    4.5830675e+00     8.9470930e-01
 6650.0 6750.0     8.7489121e-01    4.4623599e+00     8.9461856e-01
 6750.0 6850.0     8.7556817e-01    4.3476370e+00     8.9451082e-01
 6850.0 6950.0     8.7705886e-01    4.2341150e+00     8.9438626e-01
 6950.0 7050.0     8.7855086e-01    4.1240731e+00     8.9424568e-01
 7050.0 7150.0     8.7924330e-01    4.0196371e+00     8.9408988e-01
 7150.0 7250.0     8.8078021e-01    3.9161133e+00     8.9391899e-01
 7250.0 7350.0     8.8217815e-01    3.7866321e+00     8.9372575e-01
 7350.0 7450.0     8.8263704e-01    3.6349225e+00     8.9351110e-01
 7450.0 7550.0     8.8327036e-01    3.5162377e+00     8.9329152e-01
 7550.0 7650.0     8.8315432e-01    3.4311131e+00     8.9306739e-01
 7650.0 7750.0     8.8305365e-01    3.3485988e+00     8.9283080e-01
 7750.0 7850.0     8.8385707e-01    3.2664070e+00     8.9258204e-01
 7850.0 7950.0     8.8467950e-01    3.1867007e+00     8.9232172e-01
 7950.0 8050.0     8.8646286e-01    3.1071605e+00     8.9205013e-01
 8050.0 8150.0     8.8826882e-01    3.0299885e+00     8.9176779e-01
 8150.0 8250.0     8.8917540e-01    2.9572515e+00     8.9147520e-01
 8250.0 8350.0     8.9010620e-01    2.8866678e+00     8.9117263e-01
 8350.0 8450.0     8.9201623e-01    2.8395295e+00     8.9086631e-01
 8450.0 8550.0     8.9492245e-01    2.8151181e+00     8.9055641e-01
