 1216.0 1216.0     2.8658852e-01    3.2103333e+01     9.5744180e-01
 1300.0 1350.0     2.8571917e-01    3.2435358e+01     9.5649922e-01
 1350.0 1400.0     2.8570279e-01    3.2499156e+01     9.5573277e-01
 1400.0 1450.0     2.8618934e-01    3.2445541e+01     9.5452675e-01
 1450.0 1500.0     2.8679763e-01    3.2363864e+01     9.5321524e-01
 1500.0 1550.0     2.8740721e-01    3.2282392e+01     9.5190373e-01
 1550.0 1600.0     2.8801808e-01    3.2201126e+01     9.5059222e-01
 1600.0 1650.0     2.8883575e-01    3.2098799e+01     9.4916554e-01
 1650.0 1700.0     2.9019850e-01    3.1941045e+01     9.4743581e-01
 1700.0 1750.0     2.9190519e-01    3.1749601e+01     9.4551819e-01
 1754.0 1770.0     2.9317346e-01    3.1608544e+01     9.4409915e-01
 1770.0 1786.0     2.9372410e-01    3.1547796e+01     9.4348551e-01
 1786.0 1802.0     2.9427577e-01    3.1487165e+01     9.4287187e-01
 1802.0 1818.0     2.9482848e-01    3.1426650e+01     9.4225823e-01
 1818.0 1835.0     2.9539957e-01    3.1364367e+01     9.4162541e-01
 1835.0 1852.0     2.9598910e-01    3.1300325e+01     9.4097342e-01
 1852.0 1869.0     2.9657980e-01    3.1236413e+01     9.4032142e-01
 1869.0 1887.0     2.9718913e-01    3.1170760e+01     9.3965026e-01
 1887.0 1905.0     2.9781716e-01    3.1103373e+01     9.3895991e-01
 1905.0 1923.0     2.9844651e-01    3.1036131e+01     9.3826957e-01
 1923.0 1942.0     2.9909476e-01    3.0967176e+01     9.3756004e-01
 1942.0 1961.0     2.9976196e-01    3.0896514e+01     9.3683135e-01
 1961.0 1980.0     3.0030219e-01    3.0832830e+01     9.3610349e-01
 1980.0 2000.0     3.0064693e-01    3.0778784e+01     9.3535786e-01
 2000.0 2020.0     3.0169503e-01    3.0664617e+01     9.3460397e-01
 2020.0 2041.0     3.0356566e-01    3.0483711e+01     9.3384185e-01
 2041.0 2062.0     3.0549380e-01    3.0299485e+01     9.3306113e-01
 2062.0 2083.0     3.0743419e-01    3.0116373e+01     9.3228041e-01
 2083.0 2105.0     3.0943369e-01    2.9930061e+01     9.3148111e-01
 2105.0 2128.0     3.1154013e-01    2.9736317e+01     9.3064463e-01
 2128.0 2151.0     3.1370803e-01    2.9539550e+01     9.2978956e-01
 2151.0 2174.0     3.1589102e-01    2.9344085e+01     9.2893449e-01
 2174.0 2200.0     3.1823362e-01    2.9137339e+01     9.2802365e-01
 2200.0 2222.0     3.2054403e-01    2.8936124e+01     9.2713140e-01
 2222.0 2247.0     3.2282377e-01    2.8740546e+01     9.2625775e-01
 2247.0 2273.0     3.2531549e-01    2.8529787e+01     9.2530973e-01
 2273.0 2299.0     3.2787568e-01    2.8316472e+01     9.2434313e-01
 2299.0 2326.0     3.3050604e-01    2.8100711e+01     9.2335794e-01
 2326.0 2353.0     3.3320753e-01    2.7882555e+01     9.2235416e-01
 2353.0 2381.0     3.3598196e-01    2.7662115e+01     9.2133180e-01
 2381.0 2410.0     3.3888165e-01    2.7435498e+01     9.2027225e-01
 2410.0 2439.0     3.4185768e-01    2.7206795e+01     9.1919412e-01
 2439.0 2469.0     3.4491207e-01    2.6976120e+01     9.1809740e-01
 2469.0 2500.0     3.4809869e-01    2.6739683e+01     9.1696350e-01
 2500.0 2532.0     3.5321509e-01    2.6353474e+01     9.1585307e-01
 2532.0 2564.0     3.6026401e-01    2.5825668e+01     9.1478469e-01
 2564.0 2597.0     3.6756822e-01    2.5300516e+01     9.1369961e-01
 2597.0 2632.0     3.7536930e-01    2.4762637e+01     9.1256446e-01
 2632.0 2667.0     3.8357025e-01    2.4220709e+01     9.1139591e-01
 2667.0 2703.0     3.9207273e-01    2.3683238e+01     9.1021068e-01
 2703.0 2740.0     4.0101127e-01    2.3143060e+01     9.0899205e-01
 2740.0 2778.0     4.1040697e-01    2.2600912e+01     9.0774004e-01
 2778.0 2817.0     4.2028231e-01    2.2057516e+01     9.0645465e-01
 2817.0 2857.0     4.3066115e-01    2.1513582e+01     9.0513586e-01
 2857.0 2899.0     4.4170703e-01    2.0963260e+01     9.0376700e-01
 2899.0 2941.0     4.5331251e-01    2.0413938e+01     9.0236475e-01
 2941.0 2985.0     4.6551410e-01    1.9866617e+01     9.0092911e-01
 2985.0 3030.0     4.7799445e-01    1.9340741e+01     8.9977532e-01
 3030.0 3077.0     4.9049031e-01    1.8850119e+01     8.9909149e-01
 3077.0 3125.0     5.0347478e-01    1.8369169e+01     8.9855674e-01
 3125.0 3175.0     5.1723149e-01    1.7885951e+01     8.9800510e-01
 3175.0 3225.0     5.3165246e-01    1.7405844e+01     8.9744221e-01
 3225.0 3275.0     5.4647551e-01    1.6938624e+01     8.9687932e-01
 3275.0 3325.0     5.6171184e-01    1.6483945e+01     8.9631642e-01
 3325.0 3375.0     5.7737297e-01    1.6041471e+01     8.9575353e-01
 3375.0 3425.0     5.9347075e-01    1.5610875e+01     8.9519063e-01
 3425.0 3450.0     6.0579500e-01    1.5294468e+01     8.9476846e-01
 3450.0 3550.0     6.1986904e-01    1.4901489e+01     8.9432261e-01
 3550.0 3650.0     6.3260968e-01    1.4445341e+01     8.9397010e-01
 3650.0 3750.0     6.4135803e-01    1.4037632e+01     8.9385227e-01
 3750.0 3850.0     6.5714108e-01    1.3516995e+01     8.9375447e-01
 3850.0 3950.0     6.7696576e-01    1.2967174e+01     8.9374492e-01
 3950.0 4050.0     6.9615135e-01    1.2412065e+01     8.9377581e-01
 4050.0 4150.0     7.1555386e-01    1.1880224e+01     8.9386229e-01
 4150.0 4250.0     7.3608654e-01    1.1395300e+01     8.9402795e-01
 4250.0 4350.0     7.5195416e-01    1.0927045e+01     8.9420304e-01
 4350.0 4450.0     7.6068391e-01    1.0525204e+01     8.9441080e-01
 4450.0 4550.0     7.7072163e-01    1.0158904e+01     8.9465596e-01
 4550.0 4650.0     7.8401248e-01    9.7404036e+00     8.9486958e-01
 4650.0 4750.0     7.9536885e-01    9.3049170e+00     8.9505914e-01
 4750.0 4850.0     8.0548085e-01    8.9238344e+00     8.9527001e-01
 4850.0 4950.0     8.1359158e-01    8.5978724e+00     8.9549699e-01
 4950.0 5050.0     8.1872734e-01    8.2930729e+00     8.9571321e-01
 5050.0 5150.0     8.2692583e-01    7.9805572e+00     8.9591034e-01
 5150.0 5250.0     8.3797678e-01    7.6222371e+00     8.9606933e-01
 5250.0 5350.0     8.4601533e-01    7.2857383e+00     8.9621140e-01
 5350.0 5450.0     8.5124093e-01    7.0062484e+00     8.9635608e-01
 5450.0 5550.0     8.5516481e-01    6.7381525e+00     8.9648265e-01
 5550.0 5650.0     8.5865483e-01    6.5173154e+00     8.9660376e-01
 5650.0 5750.0     8.6236450e-01    6.3392587e+00     8.9671837e-01
 5750.0 5850.0     8.6513415e-01    6.1310457e+00     8.9679772e-01
 5850.0 5950.0     8.6626455e-01    5.8967648e+00     8.9684322e-01
 5950.0 6050.0     8.6760684e-01    5.7055121e+00     8.9688145e-01
 6050.0 6150.0     8.6813994e-01    5.5216325e+00     8.9690089e-01
 6150.0 6250.0     8.6693750e-01    5.3122592e+00     8.9698777e-01
 6250.0 6350.0     8.6745318e-01    5.1394818e+00     8.9706655e-01
 6350.0 6450.0     8.6970460e-01    5.0019858e+00     8.9694037e-01
 6450.0 6550.0     8.7196612e-01    4.8685710e+00     8.9679553e-01
 6550.0 6650.0     8.7423623e-01    4.7388953e+00     8.9673117e-01
 6650.0 6750.0     8.7572746e-01    4.6154621e+00     8.9664955e-01
 6750.0 6850.0     8.7643490e-01    4.4980762e+00     8.9655130e-01
 6850.0 6950.0     8.7795002e-01    4.3818842e+00     8.9643651e-01
 6950.0 7050.0     8.7946532e-01    4.2692024e+00     8.9630598e-01
 7050.0 7150.0     8.8018427e-01    4.1621935e+00     8.9616051e-01
 7150.0 7250.0     8.8174096e-01    4.0560956e+00     8.9600027e-01
 7250.0 7350.0     8.8316578e-01    3.9232494e+00     8.9581807e-01
 7350.0 7450.0     8.8366338e-01    3.7674438e+00     8.9561486e-01
 7450.0 7550.0     8.8432577e-01    3.6455316e+00     8.9540684e-01
 7550.0 7650.0     8.8423651e-01    3.5580610e+00     8.9519435e-01
 7650.0 7750.0     8.8416146e-01    3.4732404e+00     8.9496966e-01
 7750.0 7850.0     8.8498297e-01    3.3887471e+00     8.9473307e-01
 7850.0 7950.0     8.8582242e-01    3.3067798e+00     8.9448518e-01
 7950.0 8050.0     8.8761371e-01    3.2249831e+00     8.9422625e-01
 8050.0 8150.0     8.8942657e-01    3.1455955e+00     8.9395681e-01
 8150.0 8250.0     8.9034651e-01    3.0707199e+00     8.9367735e-01
 8250.0 8350.0     8.9128959e-01    2.9980388e+00     8.9338811e-01
 8350.0 8450.0     8.9319699e-01    2.9495813e+00     8.9309519e-01
 8450.0 8550.0     8.9608538e-01    2.9246159e+00     8.9279884e-01
