 1216.0 1216.0     3.4668998e-01    2.1968858e+01     9.3300125e-01
 1300.0 1350.0     3.4671428e-01    2.2223941e+01     9.3092533e-01
 1350.0 1400.0     3.4699290e-01    2.2277682e+01     9.2948350e-01
 1400.0 1450.0     3.4762411e-01    2.2247320e+01     9.2739749e-01
 1450.0 1500.0     3.4834117e-01    2.2196822e+01     9.2515688e-01
 1500.0 1550.0     3.4905970e-01    2.2146438e+01     9.2291626e-01
 1550.0 1600.0     3.4977972e-01    2.2096170e+01     9.2067565e-01
 1600.0 1650.0     3.5071301e-01    2.2032292e+01     9.1824230e-01
 1650.0 1700.0     3.5220795e-01    2.1932611e+01     9.1530173e-01
 1700.0 1750.0     3.5405683e-01    2.1811129e+01     9.1204670e-01
 1754.0 1770.0     3.5543015e-01    2.1721591e+01     9.0963798e-01
 1770.0 1786.0     3.5602614e-01    2.1683018e+01     9.0859636e-01
 1786.0 1802.0     3.5662313e-01    2.1644514e+01     9.0755475e-01
 1802.0 1818.0     3.5722112e-01    2.1606078e+01     9.0651314e-01
 1818.0 1835.0     3.5783887e-01    2.1566513e+01     9.0543898e-01
 1835.0 1852.0     3.5847644e-01    2.1525824e+01     9.0433227e-01
 1852.0 1869.0     3.5911514e-01    2.1485212e+01     9.0322556e-01
 1869.0 1887.0     3.5977383e-01    2.1443487e+01     9.0208630e-01
 1887.0 1905.0     3.6045259e-01    2.1400653e+01     9.0091449e-01
 1905.0 1923.0     3.6113262e-01    2.1357904e+01     8.9974267e-01
 1923.0 1942.0     3.6183291e-01    2.1314058e+01     8.9853831e-01
 1942.0 1961.0     3.6255351e-01    2.1269120e+01     8.9730140e-01
 1961.0 1980.0     3.6311632e-01    2.1227590e+01     8.9606539e-01
 1980.0 2000.0     3.6343371e-01    2.1190485e+01     8.9479833e-01
 2000.0 2020.0     3.6453307e-01    2.1117251e+01     8.9350806e-01
 2020.0 2041.0     3.6655626e-01    2.1004373e+01     8.9219450e-01
 2041.0 2062.0     3.6864030e-01    2.0889359e+01     8.9084889e-01
 2062.0 2083.0     3.7073619e-01    2.0774976e+01     8.8950329e-01
 2083.0 2105.0     3.7289448e-01    2.0658526e+01     8.8812564e-01
 2105.0 2128.0     3.7516661e-01    2.0537358e+01     8.8668393e-01
 2128.0 2151.0     3.7750338e-01    2.0414224e+01     8.8521017e-01
 2151.0 2174.0     3.7985470e-01    2.0291828e+01     8.8373641e-01
 2174.0 2200.0     3.8237600e-01    2.0162283e+01     8.8216654e-01
 2200.0 2222.0     3.8486089e-01    2.0036125e+01     8.8062870e-01
 2222.0 2247.0     3.8731082e-01    1.9913417e+01     8.7912291e-01
 2247.0 2273.0     3.8998653e-01    1.9781098e+01     8.7748896e-01
 2273.0 2299.0     3.9273356e-01    1.9647082e+01     8.7582297e-01
 2299.0 2326.0     3.9555352e-01    1.9511431e+01     8.7412495e-01
 2326.0 2353.0     3.9844732e-01    1.9374175e+01     8.7239488e-01
 2353.0 2381.0     4.0141666e-01    1.9235379e+01     8.7063278e-01
 2381.0 2410.0     4.0451734e-01    1.9092584e+01     8.6880660e-01
 2410.0 2439.0     4.0769679e-01    1.8948364e+01     8.6694839e-01
 2439.0 2469.0     4.1095691e-01    1.8802784e+01     8.6505813e-01
 2469.0 2500.0     4.1435496e-01    1.8653444e+01     8.6310380e-01
 2500.0 2532.0     4.1955691e-01    1.8403138e+01     8.6117139e-01
 2532.0 2564.0     4.2655087e-01    1.8057002e+01     8.5929295e-01
 2564.0 2597.0     4.3377440e-01    1.7712171e+01     8.5738515e-01
 2597.0 2632.0     4.4146329e-01    1.7358524e+01     8.5538931e-01
 2632.0 2667.0     4.4951860e-01    1.7001744e+01     8.5333476e-01
 2667.0 2703.0     4.5784024e-01    1.6647410e+01     8.5125086e-01
 2703.0 2740.0     4.6655694e-01    1.6290792e+01     8.4910826e-01
 2740.0 2778.0     4.7568532e-01    1.5932359e+01     8.4690696e-01
 2778.0 2817.0     4.8524297e-01    1.5572571e+01     8.4464695e-01
 2817.0 2857.0     4.9524849e-01    1.5211880e+01     8.4232825e-01
 2857.0 2899.0     5.0585361e-01    1.4846379e+01     8.3992149e-01
 2899.0 2941.0     5.1695000e-01    1.4480960e+01     8.3745603e-01
 2941.0 2985.0     5.2856585e-01    1.4116264e+01     8.3493188e-01
 2985.0 3030.0     5.4026263e-01    1.3759815e+01     8.3285497e-01
 3030.0 3077.0     5.5170500e-01    1.3418117e+01     8.3152868e-01
 3077.0 3125.0     5.6345866e-01    1.3079851e+01     8.3043552e-01
 3125.0 3175.0     5.7584732e-01    1.2739882e+01     8.2930784e-01
 3175.0 3225.0     5.8876673e-01    1.2401991e+01     8.2815715e-01
 3225.0 3275.0     6.0197600e-01    1.2073063e+01     8.2700646e-01
 3275.0 3325.0     6.1548163e-01    1.1752858e+01     8.2585577e-01
 3325.0 3375.0     6.2929026e-01    1.1441146e+01     8.2470508e-01
 3375.0 3425.0     6.4340870e-01    1.1137701e+01     8.2355438e-01
 3425.0 3450.0     6.5417481e-01    1.0914671e+01     8.2269137e-01
 3450.0 3550.0     6.6575375e-01    1.0615044e+01     8.2168705e-01
 3550.0 3650.0     6.7484958e-01    1.0227588e+01     8.2068780e-01
 3650.0 3750.0     6.7973128e-01    9.8495823e+00     8.2009465e-01
 3750.0 3850.0     6.9095391e-01    9.3953911e+00     8.1955478e-01
 3850.0 3950.0     7.0599771e-01    8.9262622e+00     8.1917928e-01
 3950.0 4050.0     7.2005122e-01    8.4398199e+00     8.1889233e-01
 4050.0 4150.0     7.3437193e-01    7.9695631e+00     8.1871580e-01
 4150.0 4250.0     7.5028095e-01    7.5437881e+00     8.1868468e-01
 4250.0 4350.0     7.6145125e-01    7.1192492e+00     8.1869115e-01
 4350.0 4450.0     7.6586668e-01    6.7418162e+00     8.1877075e-01
 4450.0 4550.0     7.7214180e-01    6.4039388e+00     8.1892669e-01
 4550.0 4650.0     7.8140439e-01    6.0294267e+00     8.1904942e-01
 4650.0 4750.0     7.8859656e-01    5.6434459e+00     8.1915084e-01
 4750.0 4850.0     7.9518067e-01    5.3097995e+00     8.1930116e-01
 4850.0 4950.0     8.0027974e-01    5.0288813e+00     8.1949131e-01
 4950.0 5050.0     8.0250106e-01    4.7702462e+00     8.1967808e-01
 5050.0 5150.0     8.0820053e-01    4.5110893e+00     8.1984536e-01
 5150.0 5250.0     8.1681266e-01    4.2235249e+00     8.1996323e-01
 5250.0 5350.0     8.2245135e-01    3.9595462e+00     8.2006800e-01
 5350.0 5450.0     8.2560772e-01    3.7452748e+00     8.2018748e-01
 5450.0 5550.0     8.2747838e-01    3.5451855e+00     8.2028656e-01
 5550.0 5650.0     8.2932182e-01    3.3821645e+00     8.2038608e-01
 5650.0 5750.0     8.3184850e-01    3.2515446e+00     8.2048373e-01
 5750.0 5850.0     8.3309145e-01    3.1049272e+00     8.2053287e-01
 5850.0 5950.0     8.3221757e-01    2.9459914e+00     8.2053524e-01
 5950.0 6050.0     8.3200039e-01    2.8177019e+00     8.2054853e-01
 6050.0 6150.0     8.3085560e-01    2.6981439e+00     8.2053813e-01
 6150.0 6250.0     8.2736011e-01    2.5664594e+00     8.2045265e-01
 6250.0 6350.0     8.2628242e-01    2.4574630e+00     8.2035990e-01
 6350.0 6450.0     8.2765644e-01    2.3698310e+00     8.2027537e-01
 6450.0 6550.0     8.2911782e-01    2.2859640e+00     8.2016574e-01
 6550.0 6650.0     8.3067077e-01    2.2056632e+00     8.2003167e-01
 6650.0 6750.0     8.3130454e-01    2.1308043e+00     8.1987417e-01
 6750.0 6850.0     8.3100482e-01    2.0611243e+00     8.1969389e-01
 6850.0 6950.0     8.3178617e-01    1.9923829e+00     8.1949072e-01
 6950.0 7050.0     8.3260584e-01    1.9265131e+00     8.1926566e-01
 7050.0 7150.0     8.3245152e-01    1.8652988e+00     8.1901978e-01
 7150.0 7250.0     8.3343541e-01    1.8046507e+00     8.1875300e-01
 7250.0 7350.0     8.3407486e-01    1.7313605e+00     8.1845342e-01
 7350.0 7450.0     8.3334600e-01    1.6482738e+00     8.1812231e-01
 7450.0 7550.0     8.3308315e-01    1.5832361e+00     8.1778605e-01
 7550.0 7650.0     8.3204311e-01    1.5369145e+00     8.1744510e-01
 7650.0 7750.0     8.3105609e-01    1.4924246e+00     8.1708655e-01
 7750.0 7850.0     8.3129669e-01    1.4478508e+00     8.1671068e-01
 7850.0 7950.0     8.3159322e-01    1.4049858e+00     8.1631830e-01
 7950.0 8050.0     8.3323142e-01    1.3619247e+00     8.1590976e-01
 8050.0 8150.0     8.3492889e-01    1.3204630e+00     8.1548578e-01
 8150.0 8250.0     8.3544014e-01    1.2822766e+00     8.1504707e-01
 8250.0 8350.0     8.3601279e-01    1.2454908e+00     8.1459387e-01
 8350.0 8450.0     8.3811954e-01    1.2194641e+00     8.1413616e-01
 8450.0 8550.0     8.4178852e-01    1.2037219e+00     8.1367423e-01
