 1216.0 1216.0     3.7265299e-01    1.9470681e+01     9.1549558e-01
 1300.0 1350.0     3.7336880e-01    1.9718547e+01     9.1231957e-01
 1350.0 1400.0     3.7388159e-01    1.9773978e+01     9.1027328e-01
 1400.0 1450.0     3.7463741e-01    1.9751813e+01     9.0745148e-01
 1450.0 1500.0     3.7545302e-01    1.9711046e+01     9.0444355e-01
 1500.0 1550.0     3.7627041e-01    1.9670362e+01     9.0143562e-01
 1550.0 1600.0     3.7708957e-01    1.9629763e+01     8.9842769e-01
 1600.0 1650.0     3.7811253e-01    1.9577057e+01     8.9517514e-01
 1650.0 1700.0     3.7967153e-01    1.9492518e+01     8.9127882e-01
 1700.0 1750.0     3.8156838e-01    1.9388571e+01     8.8698338e-01
 1754.0 1770.0     3.8297708e-01    1.9311946e+01     8.8380475e-01
 1770.0 1786.0     3.8358832e-01    1.9278932e+01     8.8243021e-01
 1786.0 1802.0     3.8420054e-01    1.9245974e+01     8.8105567e-01
 1802.0 1818.0     3.8481373e-01    1.9213072e+01     8.7968112e-01
 1818.0 1835.0     3.8544713e-01    1.9179202e+01     8.7826363e-01
 1835.0 1852.0     3.8610079e-01    1.9144367e+01     8.7680317e-01
 1852.0 1869.0     3.8675556e-01    1.9109595e+01     8.7534272e-01
 1869.0 1887.0     3.8743077e-01    1.9073867e+01     8.7383932e-01
 1887.0 1905.0     3.8812648e-01    1.9037188e+01     8.7229296e-01
 1905.0 1923.0     3.8882344e-01    1.9000579e+01     8.7074660e-01
 1923.0 1942.0     3.8954108e-01    1.8963027e+01     8.6915728e-01
 1942.0 1961.0     3.9027948e-01    1.8924537e+01     8.6752501e-01
 1961.0 1980.0     3.9084095e-01    1.8888278e+01     8.6588702e-01
 1980.0 2000.0     3.9112556e-01    1.8854668e+01     8.6419655e-01
 2000.0 2020.0     3.9221617e-01    1.8790861e+01     8.6247182e-01
 2020.0 2041.0     3.9426741e-01    1.8694295e+01     8.6071680e-01
 2041.0 2062.0     3.9637967e-01    1.8595882e+01     8.5891897e-01
 2062.0 2083.0     3.9850325e-01    1.8497987e+01     8.5712115e-01
 2083.0 2105.0     4.0068931e-01    1.8398301e+01     8.5528052e-01
 2105.0 2128.0     4.0298989e-01    1.8294554e+01     8.5335428e-01
 2128.0 2151.0     4.0535510e-01    1.8189099e+01     8.5138524e-01
 2151.0 2174.0     4.0773419e-01    1.8084252e+01     8.4941619e-01
 2174.0 2200.0     4.1028429e-01    1.7973253e+01     8.4731873e-01
 2200.0 2222.0     4.1279668e-01    1.7865133e+01     8.4526408e-01
 2222.0 2247.0     4.1527275e-01    1.7759941e+01     8.4325223e-01
 2247.0 2273.0     4.1797601e-01    1.7646483e+01     8.4106916e-01
 2273.0 2299.0     4.2075021e-01    1.7531540e+01     8.3884328e-01
 2299.0 2326.0     4.2359689e-01    1.7415164e+01     8.3657460e-01
 2326.0 2353.0     4.2651691e-01    1.7297379e+01     8.3426311e-01
 2353.0 2381.0     4.2951188e-01    1.7178239e+01     8.3190882e-01
 2381.0 2410.0     4.3263796e-01    1.7055633e+01     8.2946892e-01
 2410.0 2439.0     4.3584203e-01    1.6931766e+01     8.2698621e-01
 2439.0 2469.0     4.3912589e-01    1.6806695e+01     8.2446070e-01
 2469.0 2500.0     4.4254710e-01    1.6678355e+01     8.2184957e-01
 2500.0 2532.0     4.4761589e-01    1.6456326e+01     8.1925708e-01
 2532.0 2564.0     4.5431262e-01    1.6145189e+01     8.1672602e-01
 2564.0 2597.0     4.6121736e-01    1.5835258e+01     8.1415542e-01
 2597.0 2632.0     4.6855398e-01    1.5517435e+01     8.1146618e-01
 2632.0 2667.0     4.7622651e-01    1.5196831e+01     8.0869783e-01
 2667.0 2703.0     4.8413792e-01    1.4878460e+01     8.0588995e-01
 2703.0 2740.0     4.9240925e-01    1.4558074e+01     8.0300296e-01
 2740.0 2778.0     5.0105439e-01    1.4236093e+01     8.0003688e-01
 2778.0 2817.0     5.1008799e-01    1.3912934e+01     7.9699171e-01
 2817.0 2857.0     5.1952553e-01    1.3589004e+01     7.9386743e-01
 2857.0 2899.0     5.2950735e-01    1.3260795e+01     7.9062452e-01
 2899.0 2941.0     5.3992907e-01    1.2932703e+01     7.8730251e-01
 2941.0 2985.0     5.5081402e-01    1.2605303e+01     7.8390141e-01
 2985.0 3030.0     5.6169041e-01    1.2278459e+01     7.8107397e-01
 3030.0 3077.0     5.7220739e-01    1.1954562e+01     7.7921250e-01
 3077.0 3125.0     5.8294809e-01    1.1630678e+01     7.7764778e-01
 3125.0 3175.0     5.9424038e-01    1.1305805e+01     7.7603365e-01
 3175.0 3225.0     6.0598633e-01    1.0983563e+01     7.7438657e-01
 3225.0 3275.0     6.1796445e-01    1.0670505e+01     7.7273950e-01
 3275.0 3325.0     6.3017933e-01    1.0366370e+01     7.7109243e-01
 3325.0 3375.0     6.4263565e-01    1.0070904e+01     7.6944535e-01
 3375.0 3425.0     6.5533819e-01    9.7838592e+00     7.6779828e-01
 3425.0 3450.0     6.6500572e-01    9.5732072e+00     7.6656298e-01
 3450.0 3550.0     6.7486277e-01    9.2803459e+00     7.6508293e-01
 3550.0 3650.0     6.8146262e-01    8.8852871e+00     7.6352519e-01
 3650.0 3750.0     6.8379884e-01    8.4903209e+00     7.6251851e-01
 3750.0 3850.0     6.9219214e-01    8.0273057e+00     7.6159783e-01
 3850.0 3950.0     7.0440771e-01    7.5549734e+00     7.6090760e-01
 3950.0 4050.0     7.1551909e-01    7.0677695e+00     7.6031382e-01
 4050.0 4150.0     7.2704301e-01    6.5993547e+00     7.5988211e-01
 4150.0 4250.0     7.4081933e-01    6.1847693e+00     7.5972343e-01
 4250.0 4350.0     7.4974881e-01    5.7761881e+00     7.5963518e-01
 4350.0 4450.0     7.5142473e-01    5.4051596e+00     7.5964276e-01
 4450.0 4550.0     7.5537706e-01    5.0762514e+00     7.5976370e-01
 4550.0 4650.0     7.6260864e-01    4.7250829e+00     7.5984906e-01
 4650.0 4750.0     7.6766414e-01    4.3705049e+00     7.5992520e-01
 4750.0 4850.0     7.7246240e-01    4.0677035e+00     7.6007825e-01
 4850.0 4950.0     7.7599660e-01    3.8162568e+00     7.6029623e-01
 4950.0 5050.0     7.7658482e-01    3.5892213e+00     7.6052448e-01
 5050.0 5150.0     7.8107885e-01    3.3632533e+00     7.6074122e-01
 5150.0 5250.0     7.8870596e-01    3.1163094e+00     7.6090832e-01
 5250.0 5350.0     7.9323941e-01    2.8938682e+00     7.6107112e-01
 5350.0 5450.0     7.9532967e-01    2.7161148e+00     7.6126355e-01
 5450.0 5550.0     7.9607832e-01    2.5528176e+00     7.6144092e-01
 5550.0 5650.0     7.9700722e-01    2.4202715e+00     7.6162875e-01
 5650.0 5750.0     7.9889796e-01    2.3138999e+00     7.6182353e-01
 5750.0 5850.0     7.9926567e-01    2.1974031e+00     7.6196639e-01
 5850.0 5950.0     7.9715325e-01    2.0740395e+00     7.6205872e-01
 5950.0 6050.0     7.9592317e-01    1.9741786e+00     7.6215263e-01
 6050.0 6150.0     7.9365199e-01    1.8824560e+00     7.6222402e-01
 6150.0 6250.0     7.8865890e-01    1.7843903e+00     7.6224715e-01
 6250.0 6350.0     7.8658581e-01    1.7024758e+00     7.6226771e-01
 6350.0 6450.0     7.8744194e-01    1.6353375e+00     7.6228531e-01
 6450.0 6550.0     7.8843410e-01    1.5714193e+00     7.6227716e-01
 6550.0 6650.0     7.8956778e-01    1.5105308e+00     7.6224370e-01
 6650.0 6750.0     7.8965500e-01    1.4544197e+00     7.6218595e-01
 6750.0 6850.0     7.8867528e-01    1.4028215e+00     7.6210441e-01
 6850.0 6950.0     7.8899068e-01    1.3517656e+00     7.6199864e-01
 6950.0 7050.0     7.8936864e-01    1.3030526e+00     7.6186965e-01
 7050.0 7150.0     7.8862095e-01    1.2583431e+00     7.6171856e-01
 7150.0 7250.0     7.8924418e-01    1.2138438e+00     7.6154508e-01
 7250.0 7350.0     7.8940832e-01    1.1610203e+00     7.6133375e-01
 7350.0 7450.0     7.8790501e-01    1.1022882e+00     7.6108603e-01
 7450.0 7550.0     7.8704009e-01    1.0561298e+00     7.6083535e-01
 7550.0 7650.0     7.8532048e-01    1.0233599e+00     7.6058210e-01
 7650.0 7750.0     7.8367989e-01    9.9198848e-01     7.6030968e-01
 7750.0 7850.0     7.8351909e-01    9.6027573e-01     7.6001826e-01
 7850.0 7950.0     7.8343950e-01    9.2986528e-01     7.5970878e-01
 7950.0 8050.0     7.8499381e-01    8.9903976e-01     7.5938159e-01
 8050.0 8150.0     7.8663243e-01    8.6943233e-01     7.5903741e-01
 8150.0 8250.0     7.8685786e-01    8.4256401e-01     7.5867699e-01
 8250.0 8350.0     7.8717056e-01    8.1674226e-01     7.5830059e-01
 8350.0 8450.0     7.8940746e-01    7.9775716e-01     7.5792086e-01
 8450.0 8550.0     7.9360504e-01    7.8526199e-01     7.5753802e-01
