 1216.0 1216.0     4.3229633e-01    3.7653523e+00     7.8346689e-01
 1300.0 1350.0     4.3654630e-01    3.8377587e+00     7.7254073e-01
 1350.0 1400.0     4.3808627e-01    3.8558599e+00     7.6606374e-01
 1400.0 1450.0     4.3907529e-01    3.8536577e+00     7.5765916e-01
 1450.0 1500.0     4.3993284e-01    3.8465718e+00     7.4879195e-01
 1500.0 1550.0     4.4079206e-01    3.8394988e+00     7.3992475e-01
 1550.0 1600.0     4.4165296e-01    3.8324389e+00     7.3105754e-01
 1600.0 1650.0     4.4260574e-01    3.8223634e+00     7.2150036e-01
 1650.0 1700.0     4.4379837e-01    3.8043739e+00     7.1012749e-01
 1700.0 1750.0     4.4514184e-01    3.7815611e+00     6.9762888e-01
 1754.0 1770.0     4.4613818e-01    3.7647525e+00     6.8837991e-01
 1770.0 1786.0     4.4656991e-01    3.7575136e+00     6.8438035e-01
 1786.0 1802.0     4.4700207e-01    3.7502887e+00     6.8038080e-01
 1802.0 1818.0     4.4743464e-01    3.7430777e+00     6.7638124e-01
 1818.0 1835.0     4.4788118e-01    3.7356561e+00     6.7225670e-01
 1835.0 1852.0     4.4834170e-01    3.7280247e+00     6.6800717e-01
 1852.0 1869.0     4.4880270e-01    3.7204089e+00     6.6375764e-01
 1869.0 1887.0     4.4927776e-01    3.7125857e+00     6.5938313e-01
 1887.0 1905.0     4.4976691e-01    3.7045558e+00     6.5488363e-01
 1905.0 1923.0     4.5025659e-01    3.6965433e+00     6.5038413e-01
 1923.0 1942.0     4.5076044e-01    3.6883265e+00     6.4575964e-01
 1942.0 1961.0     4.5127849e-01    3.6799064e+00     6.4101017e-01
 1961.0 1980.0     4.5150290e-01    3.6710123e+00     6.3622122e-01
 1980.0 2000.0     4.5125113e-01    3.6610987e+00     6.3124147e-01
 2000.0 2020.0     4.5163205e-01    3.6442839e+00     6.2602149e-01
 2020.0 2041.0     4.5285954e-01    3.6206033e+00     6.2057985e-01
 2041.0 2062.0     4.5412039e-01    3.5965028e+00     6.1500550e-01
 2062.0 2083.0     4.5538475e-01    3.5725626e+00     6.0943114e-01
 2083.0 2105.0     4.5668290e-01    3.5482195e+00     6.0372406e-01
 2105.0 2128.0     4.5804540e-01    3.5229218e+00     5.9775153e-01
 2128.0 2151.0     4.5944232e-01    3.4972462e+00     5.9164628e-01
 2151.0 2174.0     4.6084351e-01    3.4717578e+00     5.8554104e-01
 2174.0 2200.0     4.6234093e-01    3.4448178e+00     5.7903762e-01
 2200.0 2222.0     4.6381217e-01    3.4186157e+00     5.7266692e-01
 2222.0 2247.0     4.6525763e-01    3.3931668e+00     5.6642895e-01
 2247.0 2273.0     4.6683109e-01    3.3657620e+00     5.5966009e-01
 2273.0 2299.0     4.6844084e-01    3.3380454e+00     5.5275850e-01
 2299.0 2326.0     4.7008730e-01    3.3100330e+00     5.4572419e-01
 2326.0 2353.0     4.7177073e-01    3.2817315e+00     5.3855716e-01
 2353.0 2381.0     4.7349159e-01    3.2531569e+00     5.3125741e-01
 2381.0 2410.0     4.7528165e-01    3.2238058e+00     5.2369221e-01
 2410.0 2439.0     4.7711000e-01    3.1942092e+00     5.1599429e-01
 2439.0 2469.0     4.7897715e-01    3.1643834e+00     5.0816364e-01
 2469.0 2500.0     4.8091528e-01    3.1338394e+00     5.0006755e-01
 2500.0 2532.0     4.8303360e-01    3.0732354e+00     4.9189606e-01
 2532.0 2564.0     4.8530174e-01    2.9842318e+00     4.8378190e-01
 2564.0 2597.0     4.8761631e-01    2.8964954e+00     4.7554095e-01
 2597.0 2632.0     4.9004961e-01    2.8074892e+00     4.6691965e-01
 2632.0 2667.0     4.9256697e-01    2.7186811e+00     4.5804478e-01
 2667.0 2703.0     4.9513360e-01    2.6314933e+00     4.4904313e-01
 2703.0 2740.0     4.9778648e-01    2.5447640e+00     4.3978791e-01
 2740.0 2778.0     5.0052684e-01    2.4586346e+00     4.3027913e-01
 2778.0 2817.0     5.0335598e-01    2.3732403e+00     4.2051677e-01
 2817.0 2857.0     5.0627522e-01    2.2887095e+00     4.1050085e-01
 2857.0 2899.0     5.0932333e-01    2.2041708e+00     4.0010458e-01
 2899.0 2941.0     5.1246459e-01    2.1207694e+00     3.8945474e-01
 2941.0 2985.0     5.1570095e-01    2.0386876e+00     3.7855133e-01
 2985.0 3030.0     5.1888024e-01    1.9523517e+00     3.6893017e-01
 3030.0 3077.0     5.2189351e-01    1.8598837e+00     3.6153343e-01
 3077.0 3125.0     5.2492395e-01    1.7666645e+00     3.5475390e-01
 3125.0 3175.0     5.2806863e-01    1.6754190e+00     3.4776029e-01
 3175.0 3225.0     5.3129671e-01    1.5871210e+00     3.4062395e-01
 3225.0 3275.0     5.3454452e-01    1.5034764e+00     3.3348760e-01
 3275.0 3325.0     5.3781218e-01    1.4242402e+00     3.2635126e-01
 3325.0 3375.0     5.4109982e-01    1.3491798e+00     3.1921492e-01
 3375.0 3425.0     5.4440756e-01    1.2780752e+00     3.1207858e-01
 3425.0 3450.0     5.4689972e-01    1.2268799e+00     3.0672632e-01
 3450.0 3550.0     5.4561286e-01    1.1584912e+00     2.9913266e-01
 3550.0 3650.0     5.3606027e-01    1.0689719e+00     2.8884025e-01
 3650.0 3750.0     5.2290861e-01    9.8579884e-01     2.7992836e-01
 3750.0 3850.0     5.1547562e-01    8.9289016e-01     2.7143702e-01
 3850.0 3950.0     5.1257236e-01    8.0215484e-01     2.6364009e-01
 3950.0 4050.0     5.0866168e-01    7.1668475e-01     2.5632139e-01
 4050.0 4150.0     5.0630195e-01    6.3874110e-01     2.4951613e-01
 4150.0 4250.0     5.0802377e-01    5.7032313e-01     2.4328865e-01
 4250.0 4350.0     5.0441361e-01    5.1078380e-01     2.3738829e-01
 4350.0 4450.0     4.9374556e-01    4.6471089e-01     2.3188415e-01
 4450.0 4550.0     4.8727367e-01    4.2401170e-01     2.2677801e-01
 4550.0 4650.0     4.8455588e-01    3.8105977e-01     2.2181669e-01
 4650.0 4750.0     4.7936609e-01    3.4153063e-01     2.1701555e-01
 4750.0 4850.0     4.7513270e-01    3.0872473e-01     2.1252834e-01
 4850.0 4950.0     4.7022902e-01    2.8249387e-01     2.0832770e-01
 4950.0 5050.0     4.6194780e-01    2.6090858e-01     2.0430753e-01
 5050.0 5150.0     4.5950584e-01    2.3845098e-01     2.0042862e-01
 5150.0 5250.0     4.6143331e-01    2.1403894e-01     1.9661223e-01
 5250.0 5350.0     4.5959801e-01    1.9382567e-01     1.9293473e-01
 5350.0 5450.0     4.5509995e-01    1.7858541e-01     1.8945661e-01
 5450.0 5550.0     4.4898636e-01    1.6537725e-01     1.8609009e-01
 5550.0 5650.0     4.4366041e-01    1.5457079e-01     1.8288260e-01
 5650.0 5750.0     4.4019610e-01    1.4549355e-01     1.7982420e-01
 5750.0 5850.0     4.3450860e-01    1.3652432e-01     1.7679314e-01
 5850.0 5950.0     4.2522221e-01    1.2810640e-01     1.7378722e-01
 5950.0 6050.0     4.1761744e-01    1.2108122e-01     1.7090919e-01
 6050.0 6150.0     4.0878750e-01    1.1497238e-01     1.6810519e-01
 6150.0 6250.0     3.9621693e-01    1.0929545e-01     1.6531874e-01
 6250.0 6350.0     3.8808530e-01    1.0392213e-01     1.6264236e-01
 6350.0 6450.0     3.8428210e-01    9.8808916e-02     1.6007202e-01
 6450.0 6550.0     3.8078958e-01    9.3970363e-02     1.5755680e-01
 6550.0 6650.0     3.7760914e-01    8.9385820e-02     1.5509446e-01
 6650.0 6750.0     3.7310444e-01    8.5407212e-02     1.5268355e-01
 6750.0 6850.0     3.6726076e-01    8.1996364e-02     1.5032217e-01
 6850.0 6950.0     3.6328774e-01    7.8405319e-02     1.4800739e-01
 6950.0 7050.0     3.5949224e-01    7.4993553e-02     1.4573817e-01
 7050.0 7150.0     3.5428218e-01    7.2090953e-02     1.4351366e-01
 7150.0 7250.0     3.5100709e-01    6.8989786e-02     1.4133155e-01
 7250.0 7350.0     3.4716612e-01    6.5543084e-02     1.3915539e-01
 7350.0 7450.0     3.4117541e-01    6.2101913e-02     1.3698533e-01
 7450.0 7550.0     3.3617255e-01    5.9294980e-02     1.3489186e-01
 7550.0 7650.0     3.3021473e-01    5.7400464e-02     1.3287340e-01
 7650.0 7750.0     3.2445921e-01    5.5591479e-02     1.3089223e-01
 7750.0 7850.0     3.2068019e-01    5.3554551e-02     1.2894708e-01
 7850.0 7950.0     3.1707531e-01    5.1603757e-02     1.2703748e-01
 7950.0 8050.0     3.1559260e-01    4.9430000e-02     1.2516236e-01
 8050.0 8150.0     3.1425998e-01    4.7343280e-02     1.2332123e-01
 8150.0 8250.0     3.1121408e-01    4.5629041e-02     1.2151362e-01
 8250.0 8350.0     3.0833569e-01    4.3981893e-02     1.1973856e-01
 8350.0 8450.0     3.0796468e-01    4.2478989e-02     1.1802300e-01
 8450.0 8550.0     3.1011715e-01    4.1107844e-02     1.1636574e-01
