 1216.0 1216.0     3.9870100e-01    1.5235609e+01     8.8352135e-01
 1300.0 1350.0     4.0087598e-01    1.5468002e+01     8.7788535e-01
 1350.0 1400.0     4.0191928e-01    1.5525804e+01     8.7456899e-01
 1400.0 1450.0     4.0302030e-01    1.5518330e+01     8.7029075e-01
 1450.0 1500.0     4.0413757e-01    1.5495164e+01     8.6578166e-01
 1500.0 1550.0     4.0525794e-01    1.5472032e+01     8.6127257e-01
 1550.0 1600.0     4.0638141e-01    1.5448934e+01     8.5676348e-01
 1600.0 1650.0     4.0767646e-01    1.5415722e+01     8.5189547e-01
 1650.0 1700.0     4.0942031e-01    1.5355955e+01     8.4608291e-01
 1700.0 1750.0     4.1144796e-01    1.5279954e+01     8.3968474e-01
 1754.0 1770.0     4.1295376e-01    1.5223914e+01     8.3495010e-01
 1770.0 1786.0     4.1360711e-01    1.5199762e+01     8.3290268e-01
 1786.0 1802.0     4.1426149e-01    1.5175648e+01     8.3085527e-01
 1802.0 1818.0     4.1491691e-01    1.5151573e+01     8.2880785e-01
 1818.0 1835.0     4.1559391e-01    1.5126786e+01     8.2669645e-01
 1835.0 1852.0     4.1629257e-01    1.5101290e+01     8.2452108e-01
 1852.0 1869.0     4.1699240e-01    1.5075836e+01     8.2234570e-01
 1869.0 1887.0     4.1771406e-01    1.5049680e+01     8.2010634e-01
 1887.0 1905.0     4.1845763e-01    1.5022822e+01     8.1780300e-01
 1905.0 1923.0     4.1920251e-01    1.4996013e+01     8.1549965e-01
 1923.0 1942.0     4.1996950e-01    1.4968510e+01     8.1313233e-01
 1942.0 1961.0     4.2075865e-01    1.4940314e+01     8.1070103e-01
 1961.0 1980.0     4.2133649e-01    1.4912782e+01     8.0826754e-01
 1980.0 2000.0     4.2158142e-01    1.4885577e+01     8.0576644e-01
 2000.0 2020.0     4.2265524e-01    1.4836329e+01     8.0319151e-01
 2020.0 2041.0     4.2473464e-01    1.4763755e+01     8.0054358e-01
 2041.0 2062.0     4.2687525e-01    1.4689775e+01     7.9783107e-01
 2062.0 2083.0     4.2902664e-01    1.4616165e+01     7.9511856e-01
 2083.0 2105.0     4.3124062e-01    1.4541189e+01     7.9234146e-01
 2105.0 2128.0     4.3356982e-01    1.4463137e+01     7.8943520e-01
 2128.0 2151.0     4.3596363e-01    1.4383780e+01     7.8646435e-01
 2151.0 2174.0     4.3837067e-01    1.4304857e+01     7.8349351e-01
 2174.0 2200.0     4.4094976e-01    1.4221279e+01     7.8032891e-01
 2200.0 2222.0     4.4348987e-01    1.4139846e+01     7.7722890e-01
 2222.0 2247.0     4.4599228e-01    1.4060595e+01     7.7419347e-01
 2247.0 2273.0     4.4872332e-01    1.3975091e+01     7.7089971e-01
 2273.0 2299.0     4.5152495e-01    1.3888441e+01     7.6754136e-01
 2299.0 2326.0     4.5439864e-01    1.3800682e+01     7.6411843e-01
 2326.0 2353.0     4.5734518e-01    1.3711832e+01     7.6063091e-01
 2353.0 2381.0     4.6036611e-01    1.3621931e+01     7.5707881e-01
 2381.0 2410.0     4.6351795e-01    1.3529382e+01     7.5339755e-01
 2410.0 2439.0     4.6674704e-01    1.3435850e+01     7.4965170e-01
 2439.0 2469.0     4.7005509e-01    1.3341373e+01     7.4584127e-01
 2469.0 2500.0     4.7349992e-01    1.3244393e+01     7.4190167e-01
 2500.0 2532.0     4.7826099e-01    1.3064122e+01     7.3796896e-01
 2532.0 2564.0     4.8430723e-01    1.2804404e+01     7.3410772e-01
 2564.0 2597.0     4.9052680e-01    1.2545953e+01     7.3018615e-01
 2597.0 2632.0     4.9711958e-01    1.2281196e+01     7.2608358e-01
 2632.0 2667.0     5.0399747e-01    1.2014404e+01     7.2186035e-01
 2667.0 2703.0     5.1107153e-01    1.1749762e+01     7.1757679e-01
 2703.0 2740.0     5.1844840e-01    1.1483741e+01     7.1317256e-01
 2740.0 2778.0     5.2613829e-01    1.1216704e+01     7.0864767e-01
 2778.0 2817.0     5.3415192e-01    1.0949004e+01     7.0400212e-01
 2817.0 2857.0     5.4250056e-01    1.0680990e+01     6.9923590e-01
 2857.0 2899.0     5.5130516e-01    1.0409777e+01     6.9428868e-01
 2899.0 2941.0     5.6047087e-01    1.0139005e+01     6.8922081e-01
 2941.0 2985.0     5.7001459e-01    9.8691637e+00     6.8403227e-01
 2985.0 3030.0     5.7940420e-01    9.5893620e+00     6.7965547e-01
 3030.0 3077.0     5.8826169e-01    9.2962980e+00     6.7665297e-01
 3077.0 3125.0     5.9720523e-01    8.9989988e+00     6.7406512e-01
 3125.0 3175.0     6.0657445e-01    8.7023206e+00     6.7139554e-01
 3175.0 3225.0     6.1628486e-01    8.4095693e+00     6.6867149e-01
 3225.0 3275.0     6.2615072e-01    8.1266663e+00     6.6594744e-01
 3275.0 3325.0     6.3617452e-01    7.8532804e+00     6.6322339e-01
 3325.0 3375.0     6.4635878e-01    7.5890913e+00     6.6049933e-01
 3375.0 3425.0     6.5670608e-01    7.3337897e+00     6.5777528e-01
 3425.0 3450.0     6.6455940e-01    7.1471811e+00     6.5573224e-01
 3450.0 3550.0     6.7153138e-01    6.8808739e+00     6.5316974e-01
 3550.0 3650.0     6.7385963e-01    6.5101787e+00     6.5024933e-01
 3650.0 3750.0     6.7187261e-01    6.1373468e+00     6.4815972e-01
 3750.0 3850.0     6.7564979e-01    5.7132698e+00     6.4624414e-01
 3850.0 3950.0     6.8336131e-01    5.2894207e+00     6.4469734e-01
 3950.0 4050.0     6.8985761e-01    4.8626834e+00     6.4338808e-01
 4050.0 4150.0     6.9707671e-01    4.4595561e+00     6.4234403e-01
 4150.0 4250.0     7.0697155e-01    4.1021999e+00     6.4161971e-01
 4250.0 4350.0     7.1174981e-01    3.7618395e+00     6.4104670e-01
 4350.0 4450.0     7.0967313e-01    3.4716245e+00     6.4067551e-01
 4450.0 4550.0     7.1058540e-01    3.2181284e+00     6.4049138e-01
 4550.0 4650.0     7.1469487e-01    2.9491514e+00     6.4031225e-01
 4650.0 4750.0     7.1644420e-01    2.6864133e+00     6.4016116e-01
 4750.0 4850.0     7.1843995e-01    2.4656672e+00     6.4014770e-01
 4850.0 4950.0     7.1943862e-01    2.2856160e+00     6.4025357e-01
 4950.0 5050.0     7.1729859e-01    2.1277902e+00     6.4040616e-01
 5050.0 5150.0     7.1984258e-01    1.9710687e+00     6.4057431e-01
 5150.0 5250.0     7.2598291e-01    1.8024183e+00     6.4070553e-01
 5250.0 5350.0     7.2874941e-01    1.6545904e+00     6.4085895e-01
 5350.0 5450.0     7.2902167e-01    1.5388099e+00     6.4107765e-01
 5450.0 5550.0     7.2782193e-01    1.4346698e+00     6.4130099e-01
 5550.0 5650.0     7.2709707e-01    1.3502830e+00     6.4156166e-01
 5650.0 5750.0     7.2776285e-01    1.2820337e+00     6.4185366e-01
 5750.0 5850.0     7.2652184e-01    1.2098180e+00     6.4209691e-01
 5850.0 5950.0     7.2219980e-01    1.1359644e+00     6.4229219e-01
 5950.0 6050.0     7.1914467e-01    1.0759310e+00     6.4250870e-01
 6050.0 6150.0     7.1485932e-01    1.0217930e+00     6.4271234e-01
 6150.0 6250.0     7.0717951e-01    9.6597632e-01     6.4286737e-01
 6250.0 6350.0     7.0323208e-01    9.1826735e-01     6.4303480e-01
 6350.0 6450.0     7.0301967e-01    8.7788547e-01     6.4321312e-01
 6450.0 6550.0     7.0302380e-01    8.3964461e-01     6.4337078e-01
 6550.0 6650.0     7.0324988e-01    8.0339497e-01     6.4350758e-01
 6650.0 6750.0     7.0221578e-01    7.7054652e-01     6.4362404e-01
 6750.0 6850.0     6.9989338e-01    7.4089190e-01     6.4372009e-01
 6850.0 6950.0     6.9921948e-01    7.1126025e-01     6.4379454e-01
 6950.0 7050.0     6.9864841e-01    6.8310450e-01     6.4384809e-01
 7050.0 7150.0     6.9670306e-01    6.5776061e-01     6.4388156e-01
 7150.0 7250.0     6.9650984e-01    6.3222318e-01     6.4389406e-01
 7250.0 7350.0     6.9570007e-01    6.0264175e-01     6.4386360e-01
 7350.0 7450.0     6.9276475e-01    5.7073412e-01     6.4379171e-01
 7450.0 7550.0     6.9072095e-01    5.4542666e-01     6.4372413e-01
 7550.0 7650.0     6.8767652e-01    5.2757464e-01     6.4366086e-01
 7650.0 7750.0     6.8475600e-01    5.1053700e-01     6.4357869e-01
 7750.0 7850.0     6.8371969e-01    4.9296185e-01     6.4347748e-01
 7850.0 7950.0     6.8280642e-01    4.7615063e-01     6.4335795e-01
 7950.0 8050.0     6.8399181e-01    4.5877371e-01     6.4322025e-01
 8050.0 8150.0     6.8530150e-01    4.4211776e-01     6.4306508e-01
 8150.0 8250.0     6.8484038e-01    4.2737558e-01     6.4289320e-01
 8250.0 8350.0     6.8450911e-01    4.1323544e-01     6.4270465e-01
 8350.0 8450.0     6.8670966e-01    4.0216992e-01     6.4251688e-01
 8450.0 8550.0     6.9149113e-01    3.9399238e-01     6.4232990e-01
