 1216.0 1216.0     2.6703881e-01    4.0412871e+01     9.6287160e-01
 1300.0 1350.0     2.6599434e-01    4.0822430e+01     9.6207124e-01
 1350.0 1400.0     2.6591658e-01    4.0899316e+01     9.6141314e-01
 1400.0 1450.0     2.6636621e-01    4.0829021e+01     9.6037218e-01
 1450.0 1500.0     2.6694339e-01    4.0723565e+01     9.5923934e-01
 1500.0 1550.0     2.6752182e-01    4.0618381e+01     9.5810649e-01
 1550.0 1600.0     2.6810151e-01    4.0513469e+01     9.5697365e-01
 1600.0 1650.0     2.6887862e-01    4.0381201e+01     9.5574052e-01
 1650.0 1700.0     2.7017614e-01    4.0176938e+01     9.5424345e-01
 1700.0 1750.0     2.7180216e-01    3.9928940e+01     9.5258274e-01
 1754.0 1770.0     2.7301061e-01    3.9746237e+01     9.5135382e-01
 1770.0 1786.0     2.7353532e-01    3.9667564e+01     9.5082239e-01
 1786.0 1802.0     2.7406104e-01    3.9589046e+01     9.5029097e-01
 1802.0 1818.0     2.7458777e-01    3.9510683e+01     9.4975954e-01
 1818.0 1835.0     2.7513204e-01    3.9430036e+01     9.4921151e-01
 1835.0 1852.0     2.7569391e-01    3.9347116e+01     9.4864687e-01
 1852.0 1869.0     2.7625693e-01    3.9264369e+01     9.4808223e-01
 1869.0 1887.0     2.7683773e-01    3.9179374e+01     9.4750098e-01
 1887.0 1905.0     2.7743638e-01    3.9092139e+01     9.4690313e-01
 1905.0 1923.0     2.7803632e-01    3.9005098e+01     9.4630527e-01
 1923.0 1942.0     2.7865430e-01    3.8915844e+01     9.4569081e-01
 1942.0 1961.0     2.7929039e-01    3.8824388e+01     9.4505974e-01
 1961.0 1980.0     2.7981402e-01    3.8742671e+01     9.4443015e-01
 1980.0 2000.0     2.8016558e-01    3.8674599e+01     9.4378640e-01
 2000.0 2020.0     2.8118864e-01    3.8527818e+01     9.4313733e-01
 2020.0 2041.0     2.8299183e-01    3.8293307e+01     9.4248260e-01
 2041.0 2062.0     2.8485084e-01    3.8054539e+01     9.4181190e-01
 2062.0 2083.0     2.8672206e-01    3.7817260e+01     9.4114120e-01
 2083.0 2105.0     2.8865073e-01    3.7575882e+01     9.4045453e-01
 2105.0 2128.0     2.9068299e-01    3.7324927e+01     9.3973592e-01
 2128.0 2151.0     2.9277504e-01    3.7070108e+01     9.3900135e-01
 2151.0 2174.0     2.9488215e-01    3.6817029e+01     9.3826677e-01
 2174.0 2200.0     2.9714389e-01    3.6549405e+01     9.3748429e-01
 2200.0 2222.0     2.9937507e-01    3.6288993e+01     9.3671778e-01
 2222.0 2247.0     3.0157720e-01    3.6035936e+01     9.3596723e-01
 2247.0 2273.0     3.0398470e-01    3.5763298e+01     9.3515281e-01
 2273.0 2299.0     3.0645901e-01    3.5487417e+01     9.3432242e-01
 2299.0 2326.0     3.0900182e-01    3.5208441e+01     9.3347606e-01
 2326.0 2353.0     3.1161410e-01    3.4926436e+01     9.3261373e-01
 2353.0 2381.0     3.1429768e-01    3.4641551e+01     9.3173544e-01
 2381.0 2410.0     3.1710322e-01    3.4348759e+01     9.3082520e-01
 2410.0 2439.0     3.1998347e-01    3.4053349e+01     9.2989900e-01
 2439.0 2469.0     3.2294046e-01    3.3755473e+01     9.2895682e-01
 2469.0 2500.0     3.2602641e-01    3.3450240e+01     9.2798271e-01
 2500.0 2532.0     3.3103274e-01    3.2951833e+01     9.2703189e-01
 2532.0 2564.0     3.3796604e-01    3.2270976e+01     9.2612032e-01
 2564.0 2597.0     3.4515751e-01    3.1593988e+01     9.2519451e-01
 2597.0 2632.0     3.5284598e-01    3.0901062e+01     9.2422597e-01
 2632.0 2667.0     3.6093686e-01    3.0203402e+01     9.2322894e-01
 2667.0 2703.0     3.6933425e-01    2.9511975e+01     9.2221767e-01
 2703.0 2740.0     3.7817192e-01    2.8817572e+01     9.2117791e-01
 2740.0 2778.0     3.8747202e-01    2.8121156e+01     9.2010967e-01
 2778.0 2817.0     3.9725811e-01    2.7423675e+01     9.1901294e-01
 2817.0 2857.0     4.0755532e-01    2.6726053e+01     9.1788773e-01
 2857.0 2899.0     4.1852776e-01    2.6020816e+01     9.1671978e-01
 2899.0 2941.0     4.3007039e-01    2.5317444e+01     9.1552335e-01
 2941.0 2985.0     4.4222171e-01    2.4617243e+01     9.1429843e-01
 2985.0 3030.0     4.5471376e-01    2.3944092e+01     9.1332114e-01
 3030.0 3077.0     4.6731503e-01    2.3315119e+01     9.1275602e-01
 3077.0 3125.0     4.8045697e-01    2.2698582e+01     9.1232238e-01
 3125.0 3175.0     4.9440338e-01    2.2079740e+01     9.1187505e-01
 3175.0 3225.0     5.0904745e-01    2.1465486e+01     9.1141859e-01
 3225.0 3275.0     5.2412527e-01    2.0868321e+01     9.1096213e-01
 3275.0 3325.0     5.3964970e-01    2.0287769e+01     9.1050568e-01
 3325.0 3375.0     5.5563395e-01    1.9723367e+01     9.1004922e-01
 3375.0 3425.0     5.7209166e-01    1.9174667e+01     9.0959276e-01
 3425.0 3450.0     5.8470735e-01    1.8771782e+01     9.0925042e-01
 3450.0 3550.0     5.9929309e-01    1.8281255e+01     9.0890444e-01
 3550.0 3650.0     6.1283010e-01    1.7728655e+01     9.0866530e-01
 3650.0 3750.0     6.2248909e-01    1.7248448e+01     9.0863019e-01
 3750.0 3850.0     6.3939903e-01    1.6622343e+01     9.0861140e-01
 3850.0 3950.0     6.6046264e-01    1.5956349e+01     9.0866831e-01
 3950.0 4050.0     6.8103378e-01    1.5293076e+01     9.0876263e-01
 4050.0 4150.0     7.0187075e-01    1.4660755e+01     9.0890422e-01
 4150.0 4250.0     7.2378964e-01    1.4082858e+01     9.0910710e-01
 4250.0 4350.0     7.4106014e-01    1.3538539e+01     9.0931733e-01
 4350.0 4450.0     7.5101492e-01    1.3084296e+01     9.0955847e-01
 4450.0 4550.0     7.6216760e-01    1.2667382e+01     9.0983136e-01
 4550.0 4650.0     7.7673014e-01    1.2187963e+01     9.1007636e-01
 4650.0 4750.0     7.8939114e-01    1.1693766e+01     9.1029990e-01
 4750.0 4850.0     8.0063422e-01    1.1261894e+01     9.1054116e-01
 4850.0 4950.0     8.0970158e-01    1.0892960e+01     9.1079575e-01
 4950.0 5050.0     8.1570797e-01    1.0550217e+01     9.1104040e-01
 5050.0 5150.0     8.2475786e-01    1.0195202e+01     9.1126736e-01
 5150.0 5250.0     8.3674315e-01    9.7849109e+00     9.1143951e-01
 5250.0 5350.0     8.4564234e-01    9.4006273e+00     9.1159797e-01
 5350.0 5450.0     8.5155849e-01    9.0810900e+00     9.1180111e-01
 5450.0 5550.0     8.5613085e-01    8.7733281e+00     9.1198765e-01
 5550.0 5650.0     8.6014418e-01    8.5190630e+00     9.1214784e-01
 5650.0 5750.0     8.6426088e-01    8.3135655e+00     9.1225584e-01
 5750.0 5850.0     8.6751073e-01    8.0716409e+00     9.1233324e-01
 5850.0 5950.0     8.6919329e-01    7.7969936e+00     9.1247401e-01
 5950.0 6050.0     8.7097290e-01    7.5717175e+00     9.1260841e-01
 6050.0 6150.0     8.7195685e-01    7.3537423e+00     9.1268025e-01
 6150.0 6250.0     8.7132080e-01    7.1041219e+00     9.1272524e-01
 6250.0 6350.0     8.7226298e-01    6.8974193e+00     9.1276321e-01
 6350.0 6450.0     8.7478715e-01    6.7318974e+00     9.1279440e-01
 6450.0 6550.0     8.7730227e-01    6.5705978e+00     9.1280955e-01
 6550.0 6650.0     8.7981325e-01    6.4134423e+00     9.1280921e-01
 6650.0 6750.0     8.8155771e-01    6.2631322e+00     9.1279413e-01
 6750.0 6850.0     8.8253273e-01    6.1194707e+00     9.1276488e-01
 6850.0 6950.0     8.8427024e-01    5.9768050e+00     9.1272157e-01
 6950.0 7050.0     8.8599797e-01    5.8378714e+00     9.1266490e-01
 7050.0 7150.0     8.8695024e-01    5.7052523e+00     9.1259558e-01
 7150.0 7250.0     8.8868936e-01    5.5734203e+00     9.1251375e-01
 7250.0 7350.0     8.9035885e-01    5.4068085e+00     9.1241327e-01
 7350.0 7450.0     8.9122457e-01    5.2111231e+00     9.1222577e-01
 7450.0 7550.0     8.9217078e-01    5.0579235e+00     9.1203436e-01
 7550.0 7650.0     8.9228153e-01    4.9453769e+00     9.1197783e-01
 7650.0 7750.0     8.9239698e-01    4.8358470e+00     9.1191114e-01
 7750.0 7850.0     8.9337919e-01    4.7279019e+00     9.1176532e-01
 7850.0 7950.0     8.9437009e-01    4.6228357e+00     9.1161007e-01
 7950.0 8050.0     8.9624257e-01    4.5179191e+00     9.1144565e-01
 8050.0 8150.0     8.9812760e-01    4.4157754e+00     9.1127253e-01
 8150.0 8250.0     8.9916727e-01    4.3188809e+00     9.1109116e-01
 8250.0 8350.0     9.0022108e-01    4.2245442e+00     9.1090175e-01
 8350.0 8450.0     9.0211471e-01    4.1623550e+00     9.1070956e-01
 8450.0 8550.0     9.0486247e-01    4.1314883e+00     9.1051476e-01
