 1216.0 1216.0     3.1516417e-01    2.5416592e+01     9.4766729e-01
 1300.0 1350.0     3.1463202e-01    2.5690783e+01     9.4636017e-01
 1350.0 1400.0     3.1473113e-01    2.5745642e+01     9.4535647e-01
 1400.0 1450.0     3.1528218e-01    2.5706350e+01     9.4382105e-01
 1450.0 1500.0     3.1594283e-01    2.5644540e+01     9.4215801e-01
 1500.0 1550.0     3.1660487e-01    2.5582878e+01     9.4049498e-01
 1550.0 1600.0     3.1726829e-01    2.5521365e+01     9.3883194e-01
 1600.0 1650.0     3.1814118e-01    2.5443582e+01     9.3702519e-01
 1650.0 1700.0     3.1956593e-01    2.5322985e+01     9.3484025e-01
 1700.0 1750.0     3.2133868e-01    2.5176345e+01     9.3242082e-01
 1754.0 1770.0     3.2265573e-01    2.5068284e+01     9.3063044e-01
 1770.0 1786.0     3.2322741e-01    2.5021739e+01     9.2985622e-01
 1786.0 1802.0     3.2380011e-01    2.4975281e+01     9.2908201e-01
 1802.0 1818.0     3.2437383e-01    2.4928909e+01     9.2830779e-01
 1818.0 1835.0     3.2496655e-01    2.4881180e+01     9.2750938e-01
 1835.0 1852.0     3.2557835e-01    2.4832098e+01     9.2668677e-01
 1852.0 1869.0     3.2619130e-01    2.4783113e+01     9.2586417e-01
 1869.0 1887.0     3.2682350e-01    2.4732790e+01     9.2501737e-01
 1887.0 1905.0     3.2747503e-01    2.4681134e+01     9.2414638e-01
 1905.0 1923.0     3.2812785e-01    2.4629587e+01     9.2327538e-01
 1923.0 1942.0     3.2880019e-01    2.4576720e+01     9.2238019e-01
 1942.0 1961.0     3.2949211e-01    2.4522542e+01     9.2146081e-01
 1961.0 1980.0     3.3004659e-01    2.4473327e+01     9.2054159e-01
 1980.0 2000.0     3.3038881e-01    2.4430863e+01     9.1959845e-01
 2000.0 2020.0     3.3147495e-01    2.4343571e+01     9.1864268e-01
 2020.0 2041.0     3.3343261e-01    2.4206649e+01     9.1767477e-01
 2041.0 2062.0     3.3544986e-01    2.4067177e+01     9.1668326e-01
 2062.0 2083.0     3.3747932e-01    2.3928508e+01     9.1569174e-01
 2083.0 2105.0     3.3956997e-01    2.3787375e+01     9.1467662e-01
 2105.0 2128.0     3.4177172e-01    2.3640569e+01     9.1361428e-01
 2128.0 2151.0     3.4403700e-01    2.3491427e+01     9.1252834e-01
 2151.0 2174.0     3.4631729e-01    2.3343226e+01     9.1144239e-01
 2174.0 2200.0     3.4876346e-01    2.3186420e+01     9.1028563e-01
 2200.0 2222.0     3.5117523e-01    2.3033762e+01     9.0915247e-01
 2222.0 2247.0     3.5355412e-01    2.2885329e+01     9.0804292e-01
 2247.0 2273.0     3.5615333e-01    2.2725325e+01     9.0683893e-01
 2273.0 2299.0     3.5882298e-01    2.2563323e+01     9.0561134e-01
 2299.0 2326.0     3.6156477e-01    2.2399406e+01     9.0436015e-01
 2326.0 2353.0     3.6437963e-01    2.2233609e+01     9.0308534e-01
 2353.0 2381.0     3.6726936e-01    2.2066014e+01     9.0178693e-01
 2381.0 2410.0     3.7028835e-01    2.1893659e+01     9.0044130e-01
 2410.0 2439.0     3.7338556e-01    2.1719649e+01     8.9907207e-01
 2439.0 2469.0     3.7656297e-01    2.1544071e+01     8.9767923e-01
 2469.0 2500.0     3.7987653e-01    2.1364032e+01     8.9623917e-01
 2500.0 2532.0     3.8509079e-01    2.1067944e+01     8.9481789e-01
 2532.0 2564.0     3.9220197e-01    2.0661953e+01     8.9343901e-01
 2564.0 2597.0     3.9955975e-01    2.0257686e+01     8.9203858e-01
 2597.0 2632.0     4.0740602e-01    1.9843286e+01     8.9057352e-01
 2632.0 2667.0     4.1564167e-01    1.9425425e+01     8.8906537e-01
 2667.0 2703.0     4.2416628e-01    1.9010645e+01     8.8753567e-01
 2703.0 2740.0     4.3311335e-01    1.8593414e+01     8.8596288e-01
 2740.0 2778.0     4.4250214e-01    1.8174286e+01     8.8434700e-01
 2778.0 2817.0     4.5235307e-01    1.7753809e+01     8.8268803e-01
 2817.0 2857.0     4.6268782e-01    1.7332519e+01     8.8098597e-01
 2857.0 2899.0     4.7366644e-01    1.6905865e+01     8.7921928e-01
 2899.0 2941.0     4.8517965e-01    1.6479564e+01     8.7740950e-01
 2941.0 2985.0     4.9726046e-01    1.6054376e+01     8.7555662e-01
 2985.0 3030.0     5.0952560e-01    1.5644296e+01     8.7405079e-01
 3030.0 3077.0     5.2167108e-01    1.5259526e+01     8.7312529e-01
 3077.0 3125.0     5.3422320e-01    1.4881388e+01     8.7238217e-01
 3125.0 3175.0     5.4748993e-01    1.4501175e+01     8.7161558e-01
 3175.0 3225.0     5.6136357e-01    1.4123117e+01     8.7083335e-01
 3225.0 3275.0     5.7558878e-01    1.3754914e+01     8.7005112e-01
 3275.0 3325.0     5.9017446e-01    1.3396311e+01     8.6926888e-01
 3325.0 3375.0     6.0512975e-01    1.3047057e+01     8.6848665e-01
 3375.0 3425.0     6.2046401e-01    1.2706908e+01     8.6770441e-01
 3425.0 3450.0     6.3218206e-01    1.2456814e+01     8.6711774e-01
 3450.0 3550.0     6.4526545e-01    1.2135228e+01     8.6646276e-01
 3550.0 3650.0     6.5654119e-01    1.1742900e+01     8.6586672e-01
 3650.0 3750.0     6.6369872e-01    1.1376602e+01     8.6556715e-01
 3750.0 3850.0     6.7755993e-01    1.0922575e+01     8.6529763e-01
 3850.0 3950.0     6.9532802e-01    1.0447987e+01     8.6514297e-01
 3950.0 4050.0     7.1227369e-01    9.9604674e+00     8.6504397e-01
 4050.0 4150.0     7.2941712e-01    9.4902360e+00     8.6501880e-01
 4150.0 4250.0     7.4784150e-01    9.0626098e+00     8.6509614e-01
 4250.0 4350.0     7.6158648e-01    8.6393296e+00     8.6519064e-01
 4350.0 4450.0     7.6841677e-01    8.2660645e+00     8.6533055e-01
 4450.0 4550.0     7.7675969e-01    7.9284043e+00     8.6552064e-01
 4550.0 4650.0     7.8818050e-01    7.5471781e+00     8.6567587e-01
 4650.0 4750.0     7.9761425e-01    7.1494426e+00     8.6580534e-01
 4750.0 4850.0     8.0608424e-01    6.8023442e+00     8.6596471e-01
 4850.0 4950.0     8.1280217e-01    6.5066591e+00     8.6614732e-01
 4950.0 5050.0     8.1662808e-01    6.2305504e+00     8.6631970e-01
 5050.0 5150.0     8.2363356e-01    5.9507832e+00     8.6647020e-01
 5150.0 5250.0     8.3345456e-01    5.6346288e+00     8.6657590e-01
 5250.0 5350.0     8.4032940e-01    5.3396967e+00     8.6666502e-01
 5350.0 5450.0     8.4458677e-01    5.0966703e+00     8.6675973e-01
 5450.0 5550.0     8.4757021e-01    4.8658964e+00     8.6683312e-01
 5550.0 5650.0     8.5032372e-01    4.6773334e+00     8.6682868e-01
 5650.0 5750.0     8.5349586e-01    4.5260518e+00     8.6682174e-01
 5750.0 5850.0     8.5555621e-01    4.3508181e+00     8.6691852e-01
 5850.0 5950.0     8.5579864e-01    4.1565876e+00     8.6696704e-01
 5950.0 6050.0     8.5645255e-01    3.9992391e+00     8.6693490e-01
 6050.0 6150.0     8.5626158e-01    3.8500697e+00     8.6688440e-01
 6150.0 6250.0     8.5412278e-01    3.6830444e+00     8.6679623e-01
 6250.0 6350.0     8.5397444e-01    3.5454589e+00     8.6669901e-01
 6350.0 6450.0     8.5582371e-01    3.4355003e+00     8.6659288e-01
 6450.0 6550.0     8.5771492e-01    3.3294994e+00     8.6646427e-01
 6550.0 6650.0     8.5965191e-01    3.2272864e+00     8.6631385e-01
 6650.0 6750.0     8.6076478e-01    3.1308506e+00     8.6614257e-01
 6750.0 6850.0     8.6104616e-01    3.0399955e+00     8.6595111e-01
 6850.0 6950.0     8.6223589e-01    2.9503466e+00     8.6573948e-01
 6950.0 7050.0     8.6344176e-01    2.8639197e+00     8.6550859e-01
 7050.0 7150.0     8.6379117e-01    2.7825988e+00     8.6525936e-01
 7150.0 7250.0     8.6508903e-01    2.7021209e+00     8.6499192e-01
 7250.0 7350.0     8.6615934e-01    2.6029338e+00     8.6469722e-01
 7350.0 7450.0     8.6612549e-01    2.4882826e+00     8.6437637e-01
 7450.0 7550.0     8.6638886e-01    2.3986823e+00     8.6404966e-01
 7550.0 7650.0     8.6591207e-01    2.3346486e+00     8.6371754e-01
 7650.0 7750.0     8.6546550e-01    2.2728552e+00     8.6337019e-01
 7750.0 7850.0     8.6603848e-01    2.2112526e+00     8.6300793e-01
 7850.0 7950.0     8.6664495e-01    2.1517588e+00     8.6263147e-01
 7950.0 8050.0     8.6834980e-01    2.0923111e+00     8.6224110e-01
 8050.0 8150.0     8.7009167e-01    2.0348520e+00     8.6183745e-01
 8150.0 8250.0     8.7083335e-01    1.9811993e+00     8.6142111e-01
 8250.0 8350.0     8.7161374e-01    1.9293248e+00     8.6099234e-01
 8350.0 8450.0     8.7358676e-01    1.8939069e+00     8.6055887e-01
 8450.0 8550.0     8.7677351e-01    1.8743397e+00     8.6012089e-01
