 1216.0 1216.0     1.0902776e-04    6.5161762e-02     5.3467613e-04
 1300.0 1350.0     7.9305857e-05    5.0069115e-02     4.6442140e-04
 1350.0 1400.0     6.9221193e-05    4.5562084e-02     4.3473700e-04
 1400.0 1450.0     6.1420992e-05    4.3103716e-02     4.0839804e-04
 1450.0 1500.0     5.4720049e-05    4.1159695e-02     3.8286198e-04
 1500.0 1550.0     4.8750169e-05    3.9303351e-02     3.5732591e-04
 1550.0 1600.0     4.3431595e-05    3.7530730e-02     3.3178985e-04
 1600.0 1650.0     3.8953369e-05    3.5869153e-02     3.0850740e-04
 1650.0 1700.0     3.5589431e-05    3.4360911e-02     2.9115548e-04
 1700.0 1750.0     3.2911024e-05    3.2964806e-02     2.7748051e-04
 1754.0 1770.0     3.1038323e-05    3.1962167e-02     2.6736103e-04
 1770.0 1786.0     3.0270860e-05    3.1540727e-02     2.6298504e-04
 1786.0 1802.0     2.9522373e-05    3.1124843e-02     2.5860905e-04
 1802.0 1818.0     2.8792394e-05    3.0714443e-02     2.5423306e-04
 1818.0 1835.0     2.8058786e-05    3.0296970e-02     2.4972032e-04
 1835.0 1852.0     2.7322208e-05    2.9872694e-02     2.4507083e-04
 1852.0 1869.0     2.6604967e-05    2.9454360e-02     2.4042134e-04
 1869.0 1887.0     2.5886569e-05    2.9029927e-02     2.3563510e-04
 1887.0 1905.0     2.5167601e-05    2.8599658e-02     2.3071212e-04
 1905.0 1923.0     2.4468601e-05    2.8175767e-02     2.2578913e-04
 1923.0 1942.0     2.3770679e-05    2.7746736e-02     2.2072939e-04
 1942.0 1961.0     2.3074342e-05    2.7312819e-02     2.1553290e-04
 1961.0 1980.0     2.2405459e-05    2.6937755e-02     2.1072159e-04
 1980.0 2000.0     2.1750823e-05    2.6643423e-02     2.0641550e-04
 2000.0 2020.0     2.1173984e-05    2.6270704e-02     2.0289266e-04
 2020.0 2041.0     2.0671577e-05    2.5786997e-02     1.9996155e-04
 2041.0 2062.0     2.0169130e-05    2.5300616e-02     1.9695895e-04
 2062.0 2083.0     1.9678894e-05    2.4823409e-02     1.9395635e-04
 2083.0 2105.0     1.9189471e-05    2.4344271e-02     1.9088225e-04
 2105.0 2128.0     1.8690313e-05    2.3852748e-02     1.8766518e-04
 2128.0 2151.0     1.8193337e-05    2.3360448e-02     1.8437662e-04
 2151.0 2174.0     1.7709575e-05    2.2878308e-02     1.8108805e-04
 2174.0 2200.0     1.7208839e-05    2.2376003e-02     1.7758502e-04
 2200.0 2222.0     1.6731087e-05    2.1893888e-02     1.7415347e-04
 2222.0 2247.0     1.6277062e-05    2.1432608e-02     1.7079342e-04
 2247.0 2273.0     1.5798047e-05    2.0942839e-02     1.6714740e-04
 2273.0 2299.0     1.5324014e-05    2.0454879e-02     1.6342989e-04
 2299.0 2326.0     1.4855634e-05    1.9969342e-02     1.5964089e-04
 2326.0 2353.0     1.4393005e-05    1.9486387e-02     1.5578041e-04
 2353.0 2381.0     1.3936746e-05    1.9006600e-02     1.5184843e-04
 2381.0 2410.0     1.3479152e-05    1.8521828e-02     1.4777347e-04
 2410.0 2439.0     1.3028820e-05    1.8041134e-02     1.4362702e-04
 2439.0 2469.0     1.2586285e-05    1.7565056e-02     1.3940908e-04
 2469.0 2500.0     1.2144546e-05    1.7086045e-02     1.3504816e-04
 2500.0 2532.0     1.1773256e-05    1.6541967e-02     1.3151521e-04
 2532.0 2564.0     1.1475575e-05    1.5945020e-02     1.2888174e-04
 2564.0 2597.0     1.1181003e-05    1.5360956e-02     1.2620711e-04
 2597.0 2632.0     1.0880986e-05    1.4772986e-02     1.2340905e-04
 2632.0 2667.0     1.0580432e-05    1.4190894e-02     1.2052868e-04
 2667.0 2703.0     1.0284122e-05    1.3624072e-02     1.1760717e-04
 2703.0 2740.0     9.9881162e-06    1.3064879e-02     1.1460337e-04
 2740.0 2778.0     9.6928711e-06    1.2514261e-02     1.1151726e-04
 2778.0 2817.0     9.3988300e-06    1.1973093e-02     1.0834886e-04
 2817.0 2857.0     9.1064194e-06    1.1442182e-02     1.0509817e-04
 2857.0 2899.0     8.8125807e-06    1.0916142e-02     1.0172403e-04
 2899.0 2941.0     8.5212891e-06    1.0402050e-02     9.8267595e-05
 2941.0 2985.0     8.2331477e-06    9.9010722e-03     9.4728863e-05
 2985.0 3030.0     8.0084647e-06    9.4012947e-03     9.1574063e-05
 3030.0 3077.0     7.8799007e-06    8.9014395e-03     8.9090712e-05
 3077.0 3125.0     7.7818341e-06    8.4098143e-03     8.6788345e-05
 3125.0 3175.0     7.6819559e-06    7.9312385e-03     8.4413273e-05
 3175.0 3225.0     7.5813474e-06    7.4706912e-03     8.1989729e-05
 3225.0 3275.0     7.4820567e-06    7.0368867e-03     7.9566185e-05
 3275.0 3325.0     7.3840663e-06    6.6282721e-03     7.7142641e-05
 3325.0 3375.0     7.2873592e-06    6.2433848e-03     7.4719098e-05
 3375.0 3425.0     7.1919187e-06    5.8808469e-03     7.2295554e-05
 3425.0 3450.0     7.1210435e-06    5.6209410e-03     7.0477896e-05
 3450.0 3550.0     6.9081452e-06    5.3401349e-03     6.7773432e-05
 3550.0 3650.0     6.4500799e-06    5.0728847e-03     6.3901239e-05
 3650.0 3750.0     5.9739785e-06    4.8674039e-03     6.0394360e-05
 3750.0 3850.0     5.6640759e-06    4.5309676e-03     5.7100362e-05
 3850.0 3950.0     5.4809313e-06    4.1370166e-03     5.4100335e-05
 3950.0 4050.0     5.2983096e-06    3.7673551e-03     5.1264781e-05
 4050.0 4150.0     5.1618672e-06    3.4130408e-03     4.8631068e-05
 4150.0 4250.0     5.1170388e-06    3.0659330e-03     4.6245966e-05
 4250.0 4350.0     4.9807027e-06    2.7937523e-03     4.3973016e-05
 4350.0 4450.0     4.7209503e-06    2.6261796e-03     4.1846351e-05
 4450.0 4550.0     4.5479611e-06    2.4512257e-03     3.9914547e-05
 4550.0 4650.0     4.4533942e-06    2.2358948e-03     3.8068075e-05
 4650.0 4750.0     4.3234965e-06    2.0454348e-03     3.6294606e-05
 4750.0 4850.0     4.2130208e-06    1.8819336e-03     3.4674128e-05
 4850.0 4950.0     4.0961931e-06    1.7516084e-03     3.3195609e-05
 4950.0 5050.0     3.9302646e-06    1.6559726e-03     3.1805705e-05
 5050.0 5150.0     3.8595198e-06    1.5322538e-03     3.0499104e-05
 5150.0 5250.0     3.8606087e-06    1.3806266e-03     2.9236142e-05
 5250.0 5350.0     3.8053552e-06    1.2639622e-03     2.8042691e-05
 5350.0 5450.0     3.7107672e-06    1.1818598e-03     2.6949925e-05
 5450.0 5550.0     3.5957535e-06    1.1136565e-03     2.5917406e-05
 5550.0 5650.0     3.4937833e-06    1.0567602e-03     2.4969361e-05
 5650.0 5750.0     3.4197807e-06    1.0052497e-03     2.4101140e-05
 5750.0 5850.0     3.3200266e-06    9.5725255e-04     2.3250696e-05
 5850.0 5950.0     3.1775404e-06    9.1789770e-04     2.2415846e-05
 5950.0 6050.0     3.0596233e-06    8.8327517e-04     2.1648160e-05
 6050.0 6150.0     2.9333208e-06    8.5482249e-04     2.0920129e-05
 6150.0 6250.0     2.7682689e-06    8.3391406e-04     2.0202546e-05
 6250.0 6350.0     2.6583706e-06    8.0708788e-04     1.9542223e-05
 6350.0 6450.0     2.5997850e-06    7.7461050e-04     1.8936361e-05
 6450.0 6550.0     2.5460532e-06    7.4313266e-04     1.8358250e-05
 6550.0 6650.0     2.4969580e-06    7.1260891e-04     1.7806212e-05
 6650.0 6750.0     2.4355024e-06    6.8773687e-04     1.7278648e-05
 6750.0 6850.0     2.3618079e-06    6.6827356e-04     1.6774134e-05
 6850.0 6950.0     2.3085936e-06    6.4476955e-04     1.6291456e-05
 6950.0 7050.0     2.2588235e-06    6.2193632e-04     1.5829325e-05
 7050.0 7150.0     2.1964394e-06    6.0422260e-04     1.5386539e-05
 7150.0 7250.0     2.1537165e-06    5.8258469e-04     1.4962117e-05
 7250.0 7350.0     2.1077245e-06    5.5819078e-04     1.4538318e-05
 7350.0 7450.0     2.0434560e-06    5.3539993e-04     1.4114620e-05
 7450.0 7550.0     1.9890148e-06    5.1645306e-04     1.3724022e-05
 7550.0 7650.0     1.9273610e-06    5.0545093e-04     1.3365186e-05
 7650.0 7750.0     1.8686309e-06    4.9472002e-04     1.3020237e-05
 7750.0 7850.0     1.8281484e-06    4.8016754e-04     1.2688509e-05
 7850.0 7950.0     1.7899564e-06    4.6598329e-04     1.2369297e-05
 7950.0 8050.0     1.7697538e-06    4.4814153e-04     1.2062017e-05
 8050.0 8150.0     1.7513322e-06    4.3076155e-04     1.1766060e-05
 8150.0 8250.0     1.7193734e-06    4.1769874e-04     1.1480835e-05
 8250.0 8350.0     1.6893404e-06    4.0495121e-04     1.1205843e-05
 8350.0 8450.0     1.6791955e-06    3.9179805e-04     1.0953305e-05
 8450.0 8550.0     1.6886791e-06    3.7827592e-04     1.0722483e-05
