 1216.0 1216.0     6.7724964e-03    2.7218040e-01     8.4951611e-03
 1300.0 1350.0     4.9542418e-03    2.0715342e-01     7.3945163e-03
 1350.0 1400.0     4.3339143e-03    1.8782344e-01     6.9273351e-03
 1400.0 1450.0     3.8517142e-03    1.7726938e-01     6.5097615e-03
 1450.0 1500.0     3.4364691e-03    1.6892581e-01     6.1040937e-03
 1500.0 1550.0     3.0659907e-03    1.6097494e-01     5.6984259e-03
 1550.0 1600.0     2.7354528e-03    1.5339830e-01     5.2927581e-03
 1600.0 1650.0     2.4566320e-03    1.4633645e-01     4.9227782e-03
 1650.0 1700.0     2.2465954e-03    1.4000527e-01     4.6467142e-03
 1700.0 1750.0     2.0789556e-03    1.3419565e-01     4.4288781e-03
 1754.0 1770.0     1.9616851e-03    1.3002609e-01     4.2676794e-03
 1770.0 1786.0     1.9136028e-03    1.2827458e-01     4.1979719e-03
 1786.0 1802.0     1.8666990e-03    1.2654666e-01     4.1282643e-03
 1802.0 1818.0     1.8209449e-03    1.2484202e-01     4.0585568e-03
 1818.0 1835.0     1.7749529e-03    1.2310852e-01     3.9866708e-03
 1835.0 1852.0     1.7287641e-03    1.2134729e-01     3.9126066e-03
 1852.0 1869.0     1.6837773e-03    1.1961126e-01     3.8385423e-03
 1869.0 1887.0     1.6387071e-03    1.1785048e-01     3.7622997e-03
 1887.0 1905.0     1.5935902e-03    1.1606605e-01     3.6838787e-03
 1905.0 1923.0     1.5497155e-03    1.1430864e-01     3.6054577e-03
 1923.0 1942.0     1.5058972e-03    1.1253052e-01     3.5248583e-03
 1942.0 1961.0     1.4621673e-03    1.1073274e-01     3.4420806e-03
 1961.0 1980.0     1.4201246e-03    1.0917772e-01     3.3654174e-03
 1980.0 2000.0     1.3789244e-03    1.0795488e-01     3.2967667e-03
 2000.0 2020.0     1.3425870e-03    1.0642025e-01     3.2405837e-03
 2020.0 2041.0     1.3109179e-03    1.0444021e-01     3.1938303e-03
 2041.0 2062.0     1.2792418e-03    1.0244962e-01     3.1459366e-03
 2062.0 2083.0     1.2483311e-03    1.0049697e-01     3.0980428e-03
 2083.0 2105.0     1.2174669e-03    9.8536829e-02     3.0490088e-03
 2105.0 2128.0     1.1859840e-03    9.6526442e-02     2.9976941e-03
 2128.0 2151.0     1.1546338e-03    9.4513311e-02     2.9452391e-03
 2151.0 2174.0     1.1241123e-03    9.2542166e-02     2.8927840e-03
 2174.0 2200.0     1.0925144e-03    9.0489062e-02     2.8369080e-03
 2200.0 2222.0     1.0623622e-03    8.8518907e-02     2.7821723e-03
 2222.0 2247.0     1.0337024e-03    8.6634359e-02     2.7285770e-03
 2247.0 2273.0     1.0034600e-03    8.4633879e-02     2.6704203e-03
 2273.0 2299.0     9.7352688e-04    8.2641276e-02     2.6111233e-03
 2299.0 2326.0     9.4394525e-04    8.0659071e-02     2.5506860e-03
 2326.0 2353.0     9.1472139e-04    7.8687911e-02     2.4891083e-03
 2353.0 2381.0     8.8589447e-04    7.6730201e-02     2.4263904e-03
 2381.0 2410.0     8.5697754e-04    7.4752681e-02     2.3613917e-03
 2410.0 2439.0     8.2851385e-04    7.2792332e-02     2.2952528e-03
 2439.0 2469.0     8.0053720e-04    7.0851361e-02     2.2279735e-03
 2469.0 2500.0     7.7260509e-04    6.8898994e-02     2.1584136e-03
 2500.0 2532.0     7.4911218e-04    6.6689026e-02     2.1020372e-03
 2532.0 2564.0     7.3026056e-04    6.4270836e-02     2.0599847e-03
 2564.0 2597.0     7.1160357e-04    6.1905266e-02     2.0172751e-03
 2597.0 2632.0     6.9259918e-04    5.9524326e-02     1.9725943e-03
 2632.0 2667.0     6.7355837e-04    5.7167641e-02     1.9265994e-03
 2667.0 2703.0     6.5478391e-04    5.4873235e-02     1.8799474e-03
 2703.0 2740.0     6.3602607e-04    5.2610174e-02     1.8319813e-03
 2740.0 2778.0     6.1731382e-04    5.0382277e-02     1.7827010e-03
 2778.0 2817.0     5.9867516e-04    4.8193085e-02     1.7321066e-03
 2817.0 2857.0     5.8013711e-04    4.6045855e-02     1.6801981e-03
 2857.0 2899.0     5.6150564e-04    4.3918815e-02     1.6263183e-03
 2899.0 2941.0     5.4303277e-04    4.1840567e-02     1.5711244e-03
 2941.0 2985.0     5.2475668e-04    3.9815821e-02     1.5146164e-03
 2985.0 3030.0     5.1050937e-04    3.7798169e-02     1.4642298e-03
 3030.0 3077.0     5.0236709e-04    3.5783211e-02     1.4245508e-03
 3077.0 3125.0     4.9616214e-04    3.3802544e-02     1.3877563e-03
 3125.0 3175.0     4.8984194e-04    3.1874704e-02     1.3497998e-03
 3175.0 3225.0     4.8347492e-04    3.0019736e-02     1.3110687e-03
 3225.0 3275.0     4.7719066e-04    2.8272718e-02     1.2723376e-03
 3275.0 3325.0     4.7098808e-04    2.6627369e-02     1.2336065e-03
 3325.0 3375.0     4.6486613e-04    2.5077772e-02     1.1948754e-03
 3375.0 3425.0     4.5882374e-04    2.3618355e-02     1.1561443e-03
 3425.0 3450.0     4.5433626e-04    2.2572197e-02     1.1270960e-03
 3450.0 3550.0     4.4080329e-04    2.1441342e-02     1.0838709e-03
 3550.0 3650.0     4.1164619e-04    2.0363691e-02     1.0219750e-03
 3650.0 3750.0     3.8132362e-04    1.9534777e-02     9.6591293e-04
 3750.0 3850.0     3.6159552e-04    1.8180956e-02     9.1325295e-04
 3850.0 3950.0     3.4994780e-04    1.6597298e-02     8.6529030e-04
 3950.0 4050.0     3.3832827e-04    1.5111682e-02     8.1995552e-04
 4050.0 4150.0     3.2965197e-04    1.3688304e-02     7.7784612e-04
 4150.0 4250.0     3.2681975e-04    1.2294598e-02     7.3970967e-04
 4250.0 4350.0     3.1814195e-04    1.1201623e-02     7.0336553e-04
 4350.0 4450.0     3.0157956e-04    1.0528318e-02     6.6935934e-04
 4450.0 4550.0     2.9055350e-04    9.8258381e-03     6.3846770e-04
 4550.0 4650.0     2.8453352e-04    8.9617184e-03     6.0894019e-04
 4650.0 4750.0     2.7625500e-04    8.1974291e-03     5.8057968e-04
 4750.0 4850.0     2.6921448e-04    7.5414484e-03     5.5466478e-04
 4850.0 4950.0     2.6176548e-04    7.0186117e-03     5.3101928e-04
 4950.0 5050.0     2.5117760e-04    6.6348625e-03     5.0879046e-04
 5050.0 5150.0     2.4666980e-04    6.1387344e-03     4.8789348e-04
 5150.0 5250.0     2.4675108e-04    5.5308887e-03     4.6769434e-04
 5250.0 5350.0     2.4323128e-04    5.0631751e-03     4.4860662e-04
 5350.0 5450.0     2.3719648e-04    4.7340003e-03     4.3112869e-04
 5450.0 5550.0     2.2985521e-04    4.4605443e-03     4.1461410e-04
 5550.0 5650.0     2.2334622e-04    4.2324415e-03     3.9945026e-04
 5650.0 5750.0     2.1862353e-04    4.0259701e-03     3.8556281e-04
 5750.0 5850.0     2.1225433e-04    3.8335697e-03     3.7195978e-04
 5850.0 5950.0     2.0315311e-04    3.6757752e-03     3.5860614e-04
 5950.0 6050.0     1.9562129e-04    3.5369748e-03     3.4632651e-04
 6050.0 6150.0     1.8755246e-04    3.4228977e-03     3.3468119e-04
 6150.0 6250.0     1.7700585e-04    3.3390207e-03     3.2320303e-04
 6250.0 6350.0     1.6998426e-04    3.2314873e-03     3.1264040e-04
 6350.0 6450.0     1.6624246e-04    3.1013630e-03     3.0294865e-04
 6450.0 6550.0     1.6281065e-04    2.9752522e-03     2.9370074e-04
 6550.0 6650.0     1.5967495e-04    2.8529719e-03     2.8486998e-04
 6650.0 6750.0     1.5574862e-04    2.7533249e-03     2.7643075e-04
 6750.0 6850.0     1.5103943e-04    2.6753366e-03     2.6836018e-04
 6850.0 6950.0     1.4763949e-04    2.5811819e-03     2.6063881e-04
 6950.0 7050.0     1.4445950e-04    2.4897193e-03     2.5324607e-04
 7050.0 7150.0     1.4047267e-04    2.4187547e-03     2.4616271e-04
 7150.0 7250.0     1.3774288e-04    2.3320896e-03     2.3937317e-04
 7250.0 7350.0     1.3480392e-04    2.2343905e-03     2.3259374e-04
 7350.0 7450.0     1.3069609e-04    2.1431053e-03     2.2581585e-04
 7450.0 7550.0     1.2721641e-04    2.0672198e-03     2.1956722e-04
 7550.0 7650.0     1.2327517e-04    2.0231440e-03     2.1382673e-04
 7650.0 7750.0     1.1952074e-04    1.9801570e-03     2.0830844e-04
 7750.0 7850.0     1.1693314e-04    1.9218788e-03     2.0300163e-04
 7850.0 7950.0     1.1449191e-04    1.8650776e-03     1.9789510e-04
 7950.0 8050.0     1.1320112e-04    1.7936422e-03     1.9297934e-04
 8050.0 8150.0     1.1202414e-04    1.7240578e-03     1.8824453e-04
 8150.0 8250.0     1.0998127e-04    1.6717532e-03     1.8368140e-04
 8250.0 8350.0     1.0806148e-04    1.6207128e-03     1.7928221e-04
 8350.0 8450.0     1.0741362e-04    1.5680562e-03     1.7524213e-04
 8450.0 8550.0     1.0802111e-04    1.5139296e-03     1.7154915e-04
