 1216.0 1216.0     2.7877681e-01    3.5142882e+01     9.5971062e-01
 1300.0 1350.0     2.7782303e-01    3.5502660e+01     9.5882947e-01
 1350.0 1400.0     2.7777764e-01    3.5571066e+01     9.5810906e-01
 1400.0 1450.0     2.7824777e-01    3.5511302e+01     9.5697257e-01
 1450.0 1500.0     2.7884263e-01    3.5420913e+01     9.5573623e-01
 1500.0 1550.0     2.7943877e-01    3.5330754e+01     9.5449989e-01
 1550.0 1600.0     2.8003617e-01    3.5240824e+01     9.5326355e-01
 1600.0 1650.0     2.8083562e-01    3.5127490e+01     9.5191823e-01
 1650.0 1700.0     2.8216762e-01    3.4952559e+01     9.5028615e-01
 1700.0 1750.0     2.8383567e-01    3.4740199e+01     9.4847626e-01
 1754.0 1770.0     2.8507526e-01    3.4583739e+01     9.4713695e-01
 1770.0 1786.0     2.8561346e-01    3.4516361e+01     9.4655778e-01
 1786.0 1802.0     2.8615267e-01    3.4449115e+01     9.4597862e-01
 1802.0 1818.0     2.8669290e-01    3.4381999e+01     9.4539946e-01
 1818.0 1835.0     2.8725110e-01    3.4312926e+01     9.4480219e-01
 1835.0 1852.0     2.8782733e-01    3.4241902e+01     9.4418683e-01
 1852.0 1869.0     2.8840472e-01    3.4171025e+01     9.4357147e-01
 1869.0 1887.0     2.8900032e-01    3.4098219e+01     9.4293801e-01
 1887.0 1905.0     2.8961420e-01    3.4023492e+01     9.4228645e-01
 1905.0 1923.0     2.9022938e-01    3.3948930e+01     9.4163489e-01
 1923.0 1942.0     2.9086303e-01    3.3872468e+01     9.4096524e-01
 1942.0 1961.0     2.9151523e-01    3.3794117e+01     9.4027748e-01
 1961.0 1980.0     2.9225599e-01    3.3733762e+01     9.3987985e-01
 1980.0 2000.0     2.9316130e-01    3.3701157e+01     9.3994768e-01
 2000.0 2020.0     2.9453180e-01    3.3590616e+01     9.3968889e-01
 2020.0 2041.0     2.9634037e-01    3.3387965e+01     9.3890914e-01
 2041.0 2062.0     2.9820443e-01    3.3181622e+01     9.3811037e-01
 2062.0 2083.0     3.0008022e-01    3.2976555e+01     9.3731160e-01
 2083.0 2105.0     3.0201304e-01    3.2767934e+01     9.3649381e-01
 2105.0 2128.0     3.0404910e-01    3.2551022e+01     9.3563798e-01
 2128.0 2151.0     3.0614442e-01    3.2330758e+01     9.3476314e-01
 2151.0 2174.0     3.0825419e-01    3.2111985e+01     9.3388829e-01
 2174.0 2200.0     3.1051806e-01    3.1880623e+01     9.3295640e-01
 2200.0 2222.0     3.1275067e-01    3.1655483e+01     9.3204351e-01
 2222.0 2247.0     3.1495348e-01    3.1436686e+01     9.3114965e-01
 2247.0 2273.0     3.1736095e-01    3.1200945e+01     9.3017972e-01
 2273.0 2299.0     3.1983440e-01    3.0962384e+01     9.2919076e-01
 2299.0 2326.0     3.2237544e-01    3.0721129e+01     9.2818279e-01
 2326.0 2353.0     3.2498499e-01    3.0477238e+01     9.2715580e-01
 2353.0 2381.0     3.2766478e-01    3.0230839e+01     9.2610979e-01
 2381.0 2410.0     3.3046534e-01    2.9977582e+01     9.2502574e-01
 2410.0 2439.0     3.3333939e-01    2.9722040e+01     9.2392268e-01
 2439.0 2469.0     3.3628885e-01    2.9464346e+01     9.2280059e-01
 2469.0 2500.0     3.3936575e-01    2.9200266e+01     9.2164047e-01
 2500.0 2532.0     3.4440412e-01    2.8771921e+01     9.2055748e-01
 2532.0 2564.0     3.5141007e-01    2.8188427e+01     9.1957064e-01
 2564.0 2597.0     3.5867253e-01    2.7608019e+01     9.1856837e-01
 2597.0 2632.0     3.6643211e-01    2.7013704e+01     9.1751985e-01
 2632.0 2667.0     3.7459270e-01    2.6415081e+01     9.1644048e-01
 2667.0 2703.0     3.8305689e-01    2.5821549e+01     9.1534570e-01
 2703.0 2740.0     3.9195897e-01    2.5225201e+01     9.1422008e-01
 2740.0 2778.0     4.0132044e-01    2.4626854e+01     9.1306362e-01
 2778.0 2817.0     4.1116420e-01    2.4027315e+01     9.1187632e-01
 2817.0 2857.0     4.2151465e-01    2.3427369e+01     9.1065818e-01
 2857.0 2899.0     4.3253558e-01    2.2820575e+01     9.0939378e-01
 2899.0 2941.0     4.4412046e-01    2.2215084e+01     9.0809854e-01
 2941.0 2985.0     4.5630659e-01    2.1612006e+01     9.0677247e-01
 2985.0 3030.0     4.6880029e-01    2.1032731e+01     9.0570046e-01
 3030.0 3077.0     4.8135344e-01    2.0492444e+01     9.0505269e-01
 3077.0 3125.0     4.9441904e-01    1.9962972e+01     9.0453887e-01
 3125.0 3175.0     5.0827093e-01    1.9431184e+01     9.0400881e-01
 3175.0 3225.0     5.2280149e-01    1.8902999e+01     9.0346794e-01
 3225.0 3275.0     5.3774744e-01    1.8389172e+01     9.0292707e-01
 3275.0 3325.0     5.5312067e-01    1.7889312e+01     9.0238620e-01
 3325.0 3375.0     5.6893340e-01    1.7403039e+01     9.0184533e-01
 3375.0 3425.0     5.8519819e-01    1.6929984e+01     9.0130446e-01
 3425.0 3450.0     5.9765668e-01    1.6582470e+01     9.0089881e-01
 3450.0 3550.0     6.1195364e-01    1.6154246e+01     9.0047869e-01
 3550.0 3650.0     6.2502506e-01    1.5662987e+01     9.0016487e-01
 3650.0 3750.0     6.3414139e-01    1.5228756e+01     9.0008511e-01
 3750.0 3850.0     6.5037283e-01    1.4669404e+01     9.0015145e-01
 3850.0 3950.0     6.7069197e-01    1.4077191e+01     9.0030064e-01
 3950.0 4050.0     6.9045306e-01    1.3483559e+01     9.0023239e-01
 4050.0 4150.0     7.1044718e-01    1.2915919e+01     9.0021595e-01
 4150.0 4250.0     7.3153497e-01    1.2397412e+01     9.0040134e-01
 4250.0 4350.0     7.4796585e-01    1.1901521e+01     9.0059537e-01
 4350.0 4450.0     7.5719441e-01    1.1480605e+01     9.0081984e-01
 4450.0 4550.0     7.6768345e-01    1.1095898e+01     9.0107931e-01
 4550.0 4650.0     7.8148174e-01    1.0654994e+01     9.0130889e-01
 4650.0 4750.0     7.9335926e-01    1.0197637e+01     9.0151554e-01
 4750.0 4850.0     8.0392165e-01    9.7975253e+00     9.0174204e-01
 4850.0 4950.0     8.1240995e-01    9.4551558e+00     9.0198343e-01
 4950.0 5050.0     8.1788883e-01    9.1354797e+00     9.0221439e-01
 5050.0 5150.0     8.2641899e-01    8.8065070e+00     9.0242641e-01
 5150.0 5250.0     8.3783234e-01    8.4282048e+00     9.0260211e-01
 5250.0 5350.0     8.4621001e-01    8.0732576e+00     9.0276305e-01
 5350.0 5450.0     8.5171057e-01    7.7782267e+00     9.0292633e-01
 5450.0 5550.0     8.5589261e-01    7.4945801e+00     9.0307169e-01
 5550.0 5650.0     8.5959004e-01    7.2606104e+00     9.0321182e-01
 5650.0 5750.0     8.6345702e-01    7.0716554e+00     9.0334572e-01
 5750.0 5850.0     8.6641475e-01    6.8500251e+00     9.0344633e-01
 5850.0 5950.0     8.6777023e-01    6.5999638e+00     9.0351503e-01
 5950.0 6050.0     8.6929156e-01    6.3955060e+00     9.0357684e-01
 6050.0 6150.0     8.7000781e-01    6.1982517e+00     9.0362094e-01
 6150.0 6250.0     8.6904083e-01    5.9731657e+00     9.0363573e-01
 6250.0 6350.0     8.6973222e-01    5.7872180e+00     9.0364289e-01
 6350.0 6450.0     8.7208713e-01    5.6386549e+00     9.0364268e-01
 6450.0 6550.0     8.7444439e-01    5.4942533e+00     9.0362494e-01
 6550.0 6650.0     8.7680854e-01    5.3539030e+00     9.0359022e-01
 6650.0 6750.0     8.7840025e-01    5.2200335e+00     9.0353931e-01
 6750.0 6850.0     8.7921557e-01    5.0924566e+00     9.0347286e-01
 6850.0 6950.0     8.8081872e-01    4.9660278e+00     9.0339094e-01
 6950.0 7050.0     8.8241789e-01    4.8432102e+00     9.0329424e-01
 7050.0 7150.0     8.8323074e-01    4.7263232e+00     9.0318356e-01
 7150.0 7250.0     8.8485919e-01    4.6103283e+00     9.0305911e-01
 7250.0 7350.0     8.8638095e-01    4.4645354e+00     9.0291412e-01
 7350.0 7450.0     8.8701584e-01    4.2929645e+00     9.0274949e-01
 7450.0 7550.0     8.8778130e-01    4.1586114e+00     9.0258045e-01
 7550.0 7650.0     8.8778532e-01    4.0620856e+00     9.0240738e-01
 7650.0 7750.0     8.8779975e-01    3.9683536e+00     9.0222299e-01
 7750.0 7850.0     8.8868570e-01    3.8749548e+00     9.0202755e-01
 7850.0 7950.0     8.8958580e-01    3.7842303e+00     9.0182160e-01
 7950.0 8050.0     8.9140735e-01    3.6936833e+00     9.0160544e-01
 8050.0 8150.0     8.9324676e-01    3.6056965e+00     9.0137956e-01
 8150.0 8250.0     8.9421433e-01    3.5225120e+00     9.0114442e-01
 8250.0 8350.0     8.9520136e-01    3.4416714e+00     9.0090027e-01
 8350.0 8450.0     8.9710048e-01    3.3880382e+00     9.0065287e-01
 8450.0 8550.0     8.9992732e-01    3.3608398e+00     9.0040237e-01
