 1216.0 1216.0     8.6120990e-02    8.5158976e-01     5.2788850e-02
 1300.0 1350.0     6.5534882e-02    6.2220974e-01     4.5994672e-02
 1350.0 1400.0     5.8227974e-02    5.5499995e-01     4.3101254e-02
 1400.0 1450.0     5.2336577e-02    5.1757409e-01     4.0501490e-02
 1450.0 1500.0     4.7174496e-02    4.8785561e-01     3.7972202e-02
 1500.0 1550.0     4.2521563e-02    4.5984353e-01     3.5442915e-02
 1550.0 1600.0     3.8327560e-02    4.3343987e-01     3.2913627e-02
 1600.0 1650.0     3.4741795e-02    4.0944985e-01     3.0607525e-02
 1650.0 1700.0     3.1981255e-02    3.8908207e-01     2.8888753e-02
 1700.0 1750.0     2.9736881e-02    3.7112738e-01     2.7534126e-02
 1754.0 1770.0     2.8161348e-02    3.5828675e-01     2.6531702e-02
 1770.0 1786.0     2.7513219e-02    3.5291078e-01     2.6098222e-02
 1786.0 1802.0     2.6880007e-02    3.4761546e-01     2.5664741e-02
 1802.0 1818.0     2.6261369e-02    3.4239961e-01     2.5231260e-02
 1818.0 1835.0     2.5638530e-02    3.3710395e-01     2.4784234e-02
 1835.0 1852.0     2.5012039e-02    3.3173221e-01     2.4323661e-02
 1852.0 1869.0     2.4400856e-02    3.2644607e-01     2.3863087e-02
 1869.0 1887.0     2.3787514e-02    3.2109369e-01     2.3388968e-02
 1887.0 1905.0     2.3172507e-02    3.1567865e-01     2.2901302e-02
 1905.0 1923.0     2.2573401e-02    3.1035493e-01     2.2413637e-02
 1923.0 1942.0     2.1974005e-02    3.0497813e-01     2.1912425e-02
 1942.0 1961.0     2.1374757e-02    2.9955169e-01     2.1397667e-02
 1961.0 1980.0     2.0794994e-02    2.9483416e-01     2.0921138e-02
 1980.0 2000.0     2.0221625e-02    2.9107187e-01     2.0494778e-02
 2000.0 2020.0     1.9712279e-02    2.8655803e-01     2.0146119e-02
 2020.0 2041.0     1.9265988e-02    2.8091609e-01     1.9856149e-02
 2041.0 2062.0     1.8819162e-02    2.7525034e-01     1.9559106e-02
 2062.0 2083.0     1.8382700e-02    2.6969887e-01     1.9262063e-02
 2083.0 2105.0     1.7946451e-02    2.6413253e-01     1.8957947e-02
 2105.0 2128.0     1.7500994e-02    2.5843027e-01     1.8639687e-02
 2128.0 2151.0     1.7056941e-02    2.5272715e-01     1.8314354e-02
 2151.0 2174.0     1.6624156e-02    2.4714988e-01     1.7989022e-02
 2174.0 2200.0     1.6175588e-02    2.4134837e-01     1.7642471e-02
 2200.0 2222.0     1.5747087e-02    2.3578801e-01     1.7302994e-02
 2222.0 2247.0     1.5339301e-02    2.3047655e-01     1.6970589e-02
 2247.0 2273.0     1.4908511e-02    2.2484563e-01     1.6609894e-02
 2273.0 2299.0     1.4481610e-02    2.1924457e-01     1.6242126e-02
 2299.0 2326.0     1.4059192e-02    2.1368069e-01     1.5867286e-02
 2326.0 2353.0     1.3641360e-02    2.0815570e-01     1.5485374e-02
 2353.0 2381.0     1.3228666e-02    2.0267654e-01     1.5096389e-02
 2381.0 2410.0     1.2814135e-02    1.9715027e-01     1.4693259e-02
 2410.0 2439.0     1.2405550e-02    1.9168039e-01     1.4283057e-02
 2439.0 2469.0     1.2003395e-02    1.8627317e-01     1.3865783e-02
 2469.0 2500.0     1.1601310e-02    1.8084299e-01     1.3434363e-02
 2500.0 2532.0     1.1261402e-02    1.7480632e-01     1.3084583e-02
 2532.0 2564.0     1.0986802e-02    1.6829542e-01     1.2823516e-02
 2564.0 2597.0     1.0714815e-02    1.6193281e-01     1.2558369e-02
 2597.0 2632.0     1.0437531e-02    1.5553571e-01     1.2280985e-02
 2632.0 2667.0     1.0159480e-02    1.4921065e-01     1.1995442e-02
 2667.0 2703.0     9.8850743e-03    1.4305972e-01     1.1705821e-02
 2703.0 2740.0     9.6106647e-03    1.3699980e-01     1.1408041e-02
 2740.0 2778.0     9.3366687e-03    1.3104109e-01     1.1102102e-02
 2778.0 2817.0     9.0634907e-03    1.2519301e-01     1.0788005e-02
 2817.0 2857.0     8.7915220e-03    1.1946416e-01     1.0465750e-02
 2857.0 2899.0     8.5179057e-03    1.1379652e-01     1.0131257e-02
 2899.0 2941.0     8.2463404e-03    1.0826613e-01     9.7886061e-03
 2941.0 2985.0     7.9773786e-03    1.0288552e-01     9.4377967e-03
 2985.0 3030.0     7.7679680e-03    9.7557439e-02     9.1248457e-03
 3030.0 3077.0     7.6490611e-03    9.2281620e-02     8.8781412e-03
 3077.0 3125.0     7.5588964e-03    8.7112186e-02     8.6492571e-03
 3125.0 3175.0     7.4670037e-03    8.2084250e-02     8.4131451e-03
 3175.0 3225.0     7.3743756e-03    7.7249884e-02     8.1722144e-03
 3225.0 3275.0     7.2828966e-03    7.2700240e-02     7.9312838e-03
 3275.0 3325.0     7.1925524e-03    6.8418547e-02     7.6903532e-03
 3325.0 3375.0     7.1033288e-03    6.4389025e-02     7.4494226e-03
 3375.0 3425.0     7.0152121e-03    6.0596823e-02     7.2084919e-03
 3425.0 3450.0     6.9497412e-03    5.7879979e-02     7.0277940e-03
 3450.0 3550.0     6.7477249e-03    5.4931577e-02     6.7588474e-03
 3550.0 3650.0     6.3090049e-03    5.2095372e-02     6.3736364e-03
 3650.0 3750.0     5.8511394e-03    4.9905742e-02     6.0246522e-03
 3750.0 3850.0     5.5539334e-03    4.6390278e-02     5.6968024e-03
 3850.0 3950.0     5.3793333e-03    4.2305998e-02     5.3981304e-03
 3950.0 4050.0     5.2046879e-03    3.8480392e-02     5.1157914e-03
 4050.0 4150.0     5.0746952e-03    3.4824000e-02     4.8535002e-03
 4150.0 4250.0     5.0338252e-03    3.1255861e-02     4.6158996e-03
 4250.0 4350.0     4.9030678e-03    2.8454522e-02     4.3894519e-03
 4350.0 4450.0     4.6509934e-03    2.6720690e-02     4.1775525e-03
 4450.0 4550.0     4.4835082e-03    2.4920300e-02     3.9850195e-03
 4550.0 4650.0     4.3926895e-03    2.2714399e-02     3.8009744e-03
 4650.0 4750.0     4.2669782e-03    2.0763254e-02     3.6241966e-03
 4750.0 4850.0     4.1600771e-03    1.9090552e-02     3.4626349e-03
 4850.0 4950.0     4.0466348e-03    1.7757793e-02     3.3151954e-03
 4950.0 5050.0     3.8846716e-03    1.6777796e-02     3.1765780e-03
 5050.0 5150.0     3.8162633e-03    1.5516588e-02     3.0462526e-03
 5150.0 5250.0     3.8185178e-03    1.3975036e-02     2.9202752e-03
 5250.0 5350.0     3.7651735e-03    1.2788045e-02     2.8012222e-03
 5350.0 5450.0     3.6729069e-03    1.1952000e-02     2.6921932e-03
 5450.0 5550.0     3.5603684e-03    1.1257199e-02     2.5891663e-03
 5550.0 5650.0     3.4605571e-03    1.0677916e-02     2.4945530e-03
 5650.0 5750.0     3.3882211e-03    1.0154279e-02     2.4078905e-03
 5750.0 5850.0     3.2903853e-03    9.6660446e-03     2.3230051e-03
 5850.0 5950.0     3.1502554e-03    9.2648082e-03     2.2396787e-03
 5950.0 6050.0     3.0342834e-03    8.9122303e-03     2.1630440e-03
 6050.0 6150.0     2.9098936e-03    8.6221980e-03     2.0903636e-03
 6150.0 6250.0     2.7470922e-03    8.4079534e-03     2.0187291e-03
 6250.0 6350.0     2.6387596e-03    8.1349731e-03     1.9528000e-03
 6350.0 6450.0     2.5811360e-03    7.8059043e-03     1.8922986e-03
 6450.0 6550.0     2.5282797e-03    7.4871410e-03     1.8345659e-03
 6550.0 6650.0     2.4799806e-03    7.1782027e-03     1.7794355e-03
 6650.0 6750.0     2.4193979e-03    6.9262629e-03     1.7267479e-03
 6750.0 6850.0     2.3466501e-03    6.7288454e-03     1.6763604e-03
 6850.0 6950.0     2.2941701e-03    6.4910025e-03     1.6281516e-03
 6950.0 7050.0     2.2450720e-03    6.2600518e-03     1.5819932e-03
 7050.0 7150.0     2.1834379e-03    6.0806576e-03     1.5377655e-03
 7150.0 7250.0     2.1412816e-03    5.8619874e-03     1.4953711e-03
 7250.0 7350.0     2.0958650e-03    5.6155652e-03     1.4530417e-03
 7350.0 7450.0     2.0322993e-03    5.3851723e-03     1.4107235e-03
 7450.0 7550.0     1.9784523e-03    5.1936996e-03     1.3717063e-03
 7550.0 7650.0     1.9174086e-03    5.0822616e-03     1.3358583e-03
 7650.0 7750.0     1.8592481e-03    4.9736206e-03     1.3013972e-03
 7750.0 7850.0     1.8191888e-03    4.8267010e-03     1.2682561e-03
 7850.0 7950.0     1.7813900e-03    4.6835458e-03     1.2363650e-03
 7950.0 8050.0     1.7614522e-03    4.5037636e-03     1.2056647e-03
 8050.0 8150.0     1.7432733e-03    4.3286789e-03     1.1760939e-03
 8150.0 8250.0     1.7116348e-03    4.1969617e-03     1.1475950e-03
 8250.0 8350.0     1.6818997e-03    4.0684590e-03     1.1201195e-03
 8350.0 8450.0     1.6719188e-03    3.9360518e-03     1.0948846e-03
 8450.0 8550.0     1.6814386e-03    3.8000934e-03     1.0718157e-03
