 1216.0 1216.0     4.0372000e-01    1.2803211e+01     8.6822405e-01
 1300.0 1350.0     4.0671353e-01    1.3016907e+01     8.6117164e-01
 1350.0 1400.0     4.0808306e-01    1.3072966e+01     8.5715842e-01
 1400.0 1450.0     4.0944298e-01    1.3072726e+01     8.5212132e-01
 1450.0 1500.0     4.1080402e-01    1.3058930e+01     8.4683847e-01
 1500.0 1550.0     4.1216958e-01    1.3045148e+01     8.4155563e-01
 1550.0 1600.0     4.1353968e-01    1.3031381e+01     8.3627279e-01
 1600.0 1650.0     4.1506007e-01    1.3008669e+01     8.3057060e-01
 1650.0 1700.0     4.1697083e-01    1.2962484e+01     8.2376488e-01
 1700.0 1750.0     4.1912949e-01    1.2901923e+01     8.1627496e-01
 1754.0 1770.0     4.2073283e-01    1.2857258e+01     8.1073242e-01
 1770.0 1786.0     4.2142861e-01    1.2838005e+01     8.0833565e-01
 1786.0 1802.0     4.2212554e-01    1.2818780e+01     8.0593887e-01
 1802.0 1818.0     4.2282362e-01    1.2799585e+01     8.0354210e-01
 1818.0 1835.0     4.2354474e-01    1.2779820e+01     8.0107043e-01
 1835.0 1852.0     4.2428899e-01    1.2759488e+01     7.9852385e-01
 1852.0 1869.0     4.2503454e-01    1.2739188e+01     7.9597728e-01
 1869.0 1887.0     4.2580341e-01    1.2718326e+01     7.9335581e-01
 1887.0 1905.0     4.2659568e-01    1.2696902e+01     7.9065944e-01
 1905.0 1923.0     4.2738942e-01    1.2675515e+01     7.8796307e-01
 1923.0 1942.0     4.2820677e-01    1.2653571e+01     7.8519180e-01
 1942.0 1961.0     4.2904782e-01    1.2631074e+01     7.8234563e-01
 1961.0 1980.0     4.2966487e-01    1.2608802e+01     7.7949619e-01
 1980.0 2000.0     4.2992904e-01    1.2586291e+01     7.7656641e-01
 2000.0 2020.0     4.3102990e-01    1.2545720e+01     7.7354265e-01
 2020.0 2041.0     4.3315247e-01    1.2486225e+01     7.7042598e-01
 2041.0 2062.0     4.3533752e-01    1.2425568e+01     7.6723329e-01
 2062.0 2083.0     4.3753359e-01    1.2365205e+01     7.6404060e-01
 2083.0 2105.0     4.3979356e-01    1.2303712e+01     7.6077189e-01
 2105.0 2128.0     4.4217115e-01    1.2239687e+01     7.5735115e-01
 2128.0 2151.0     4.4461471e-01    1.2174580e+01     7.5385440e-01
 2151.0 2174.0     4.4707178e-01    1.2109819e+01     7.5035764e-01
 2174.0 2200.0     4.4970450e-01    1.2041225e+01     7.4663284e-01
 2200.0 2222.0     4.5229743e-01    1.1974381e+01     7.4298405e-01
 2222.0 2247.0     4.5485191e-01    1.1909315e+01     7.3941128e-01
 2247.0 2273.0     4.5763977e-01    1.1839103e+01     7.3553444e-01
 2273.0 2299.0     4.6049973e-01    1.1767937e+01     7.3158158e-01
 2299.0 2326.0     4.6343325e-01    1.1695847e+01     7.2755271e-01
 2326.0 2353.0     4.6644115e-01    1.1622846e+01     7.2344783e-01
 2353.0 2381.0     4.6952502e-01    1.1548966e+01     7.1926692e-01
 2381.0 2410.0     4.7274254e-01    1.1472895e+01     7.1493399e-01
 2410.0 2439.0     4.7603894e-01    1.1396000e+01     7.1052503e-01
 2439.0 2469.0     4.7941597e-01    1.1318312e+01     7.0604006e-01
 2469.0 2500.0     4.8293266e-01    1.1238547e+01     7.0140306e-01
 2500.0 2532.0     4.8760112e-01    1.1084181e+01     6.9676834e-01
 2532.0 2564.0     4.9338493e-01    1.0858559e+01     6.9221191e-01
 2564.0 2597.0     4.9932990e-01    1.0634148e+01     6.8758429e-01
 2597.0 2632.0     5.0562652e-01    1.0404378e+01     6.8274309e-01
 2632.0 2667.0     5.1219006e-01    1.0172961e+01     6.7775950e-01
 2667.0 2703.0     5.1893504e-01    9.9435329e+00     6.7270471e-01
 2703.0 2740.0     5.2596264e-01    9.7130353e+00     6.6750754e-01
 2740.0 2778.0     5.3328190e-01    9.4817862e+00     6.6216798e-01
 2778.0 2817.0     5.4090233e-01    9.2500970e+00     6.5668603e-01
 2817.0 2857.0     5.4883387e-01    9.0182725e+00     6.5106169e-01
 2857.0 2899.0     5.5719042e-01    8.7838249e+00     6.4522377e-01
 2899.0 2941.0     5.6588112e-01    8.5499033e+00     6.3924346e-01
 2941.0 2985.0     5.7492087e-01    8.3169383e+00     6.3312076e-01
 2985.0 3030.0     5.8371187e-01    8.0713030e+00     6.2792180e-01
 3030.0 3077.0     5.9184033e-01    7.8081341e+00     6.2429104e-01
 3077.0 3125.0     5.9997803e-01    7.5397705e+00     6.2112910e-01
 3125.0 3175.0     6.0849058e-01    7.2726422e+00     6.1786731e-01
 3175.0 3225.0     6.1730010e-01    7.0097206e+00     6.1453895e-01
 3225.0 3275.0     6.2623715e-01    6.7563043e+00     6.1121059e-01
 3275.0 3325.0     6.3530360e-01    6.5120495e+00     6.0788223e-01
 3325.0 3375.0     6.4450130e-01    6.2766251e+00     6.0455387e-01
 3375.0 3425.0     6.5383217e-01    6.0497117e+00     6.0122551e-01
 3425.0 3450.0     6.6090606e-01    5.8841786e+00     5.9872924e-01
 3450.0 3550.0     6.6659996e-01    5.6467005e+00     5.9553404e-01
 3550.0 3650.0     6.6697370e-01    5.3139530e+00     5.9177309e-01
 3650.0 3750.0     6.6298954e-01    4.9804002e+00     5.8897543e-01
 3750.0 3850.0     6.6468334e-01    4.6056055e+00     5.8639234e-01
 3850.0 3950.0     6.7037672e-01    4.2344414e+00     5.8423951e-01
 3950.0 4050.0     6.7478357e-01    3.8648707e+00     5.8238153e-01
 4050.0 4150.0     6.8002231e-01    3.5183644e+00     5.8084445e-01
 4150.0 4250.0     6.8824252e-01    3.2132124e+00     5.7967412e-01
 4250.0 4350.0     6.9125649e-01    2.9272181e+00     5.7868814e-01
 4350.0 4450.0     6.8736379e-01    2.6869172e+00     5.7794295e-01
 4450.0 4550.0     6.8674346e-01    2.4778332e+00     5.7742345e-01
 4550.0 4650.0     6.8939204e-01    2.2576711e+00     5.7693221e-01
 4650.0 4750.0     6.8960661e-01    2.0453662e+00     5.7649115e-01
 4750.0 4850.0     6.9027018e-01    1.8679773e+00     5.7621774e-01
 4850.0 4950.0     6.9003621e-01    1.7241489e+00     5.7609174e-01
 4950.0 5050.0     6.8657871e-01    1.5994944e+00     5.7603367e-01
 5050.0 5150.0     6.8813187e-01    1.4755882e+00     5.7600798e-01
 5150.0 5250.0     6.9348207e-01    1.3428417e+00     5.7595645e-01
 5250.0 5350.0     6.9534113e-01    1.2276999e+00     5.7594357e-01
 5350.0 5450.0     6.9468041e-01    1.1381712e+00     5.7601802e-01
 5450.0 5550.0     6.9249162e-01    1.0582577e+00     5.7611075e-01
 5550.0 5650.0     6.9088138e-01    9.9343885e-01     5.7625292e-01
 5650.0 5750.0     6.9083379e-01    9.4077732e-01     5.7644144e-01
 5750.0 5850.0     6.8873582e-01    8.8582985e-01     5.7658961e-01
 5850.0 5950.0     6.8332056e-01    8.3044859e-01     5.7669555e-01
 5950.0 6050.0     6.7932680e-01    7.8529927e-01     5.7683504e-01
 6050.0 6150.0     6.7403527e-01    7.4486568e-01     5.7696985e-01
 6150.0 6250.0     6.6509829e-01    7.0384337e-01     5.7705989e-01
 6250.0 6350.0     6.6021398e-01    6.6835794e-01     5.7717241e-01
 6350.0 6450.0     6.5937466e-01    6.3784711e-01     5.7730544e-01
 6450.0 6550.0     6.5878450e-01    6.0899805e-01     5.7742347e-01
 6550.0 6650.0     6.5844984e-01    5.8169135e-01     5.7752587e-01
 6650.0 6750.0     6.5677760e-01    5.5712232e-01     5.7761285e-01
 6750.0 6850.0     6.5373685e-01    5.3511788e-01     5.7768398e-01
 6850.0 6950.0     6.5247979e-01    5.1300803e-01     5.7773756e-01
 6950.0 7050.0     6.5134339e-01    4.9202512e-01     5.7777400e-01
 7050.0 7150.0     6.4874373e-01    4.7329961e-01     5.7779393e-01
 7150.0 7250.0     6.4804001e-01    4.5430430e-01     5.7779603e-01
 7250.0 7350.0     6.4666672e-01    4.3251459e-01     5.7775539e-01
 7350.0 7450.0     6.4300556e-01    4.0932427e-01     5.7767333e-01
 7450.0 7550.0     6.4033096e-01    3.9084698e-01     5.7759716e-01
 7550.0 7650.0     6.3660654e-01    3.7786102e-01     5.7753041e-01
 7650.0 7750.0     6.3302419e-01    3.6547636e-01     5.7745412e-01
 7750.0 7850.0     6.3147307e-01    3.5256454e-01     5.7736065e-01
 7850.0 7950.0     6.3006349e-01    3.4022312e-01     5.7724702e-01
 7950.0 8050.0     6.3091835e-01    3.2733879e-01     5.7711679e-01
 8050.0 8150.0     6.3191305e-01    3.1499537e-01     5.7697052e-01
 8150.0 8250.0     6.3101417e-01    3.0419522e-01     5.7680887e-01
 8250.0 8350.0     6.3026244e-01    2.9384102e-01     5.7663169e-01
 8350.0 8450.0     6.3225948e-01    2.8551346e-01     5.7645860e-01
 8450.0 8550.0     6.3705771e-01    2.7908021e-01     5.7628949e-01
