  J     P         ALT         T        CONVEC       DT          TOLD        FH20       FSAVE       TCOOL       THEAT
  1 1.0946E-04 5.4866E+01 2.0000E+02  0.00E+00   0.0000E+00  2.0000E+02  8.4764E-06  8.4764E-06  0.0000E+00  0.0000E+00
  2 1.3103E-04 5.3819E+01 2.0000E+02  0.00E+00   0.0000E+00  2.0000E+02  8.4764E-06  8.4764E-06  0.0000E+00  0.0000E+00
  3 1.5657E-04 5.2782E+01 2.0000E+02  0.00E+00   0.0000E+00  2.0000E+02  8.4764E-06  8.4764E-06  0.0000E+00  0.0000E+00
  4 1.8675E-04 5.1755E+01 2.0000E+02  0.00E+00   0.0000E+00  2.0000E+02  8.4764E-06  8.4764E-06  0.0000E+00  0.0000E+00
  5 2.2235E-04 5.0739E+01 2.0000E+02  0.00E+00   0.0000E+00  2.0000E+02  8.4764E-06  8.4764E-06  0.0000E+00  0.0000E+00
  6 2.6427E-04 4.9734E+01 2.0000E+02  0.00E+00   0.0000E+00  2.0000E+02  8.4764E-06  8.4764E-06  0.0000E+00  0.0000E+00
  7 3.1353E-04 4.8738E+01 2.0000E+02  0.00E+00   0.0000E+00  2.0000E+02  8.4764E-06  8.4764E-06  0.0000E+00  0.0000E+00
  8 3.7130E-04 4.7753E+01 2.0000E+02  0.00E+00   0.0000E+00  2.0000E+02  8.4764E-06  8.4764E-06  0.0000E+00  0.0000E+00
  9 4.3893E-04 4.6779E+01 2.0000E+02  0.00E+00   0.0000E+00  2.0000E+02  8.4764E-06  8.4764E-06  0.0000E+00  0.0000E+00
 10 5.1796E-04 4.5815E+01 2.0000E+02  0.00E+00   0.0000E+00  2.0000E+02  8.4764E-06  8.4764E-06  0.0000E+00  0.0000E+00
 11 6.1012E-04 4.4861E+01 2.0000E+02  0.00E+00   0.0000E+00  2.0000E+02  8.4764E-06  8.4764E-06  0.0000E+00  0.0000E+00
 12 7.1740E-04 4.3918E+01 2.0000E+02  0.00E+00   0.0000E+00  2.0000E+02  8.4764E-06  8.4764E-06  0.0000E+00  0.0000E+00
 13 8.4203E-04 4.2985E+01 2.0000E+02  0.00E+00   0.0000E+00  2.0000E+02  8.4764E-06  8.4764E-06  0.0000E+00  0.0000E+00
 14 9.8654E-04 4.2063E+01 2.0000E+02  0.00E+00   0.0000E+00  2.0000E+02  8.4764E-06  8.4764E-06  0.0000E+00  0.0000E+00
 15 1.1538E-03 4.1151E+01 2.0000E+02  0.00E+00   0.0000E+00  2.0000E+02  8.4764E-06  8.4764E-06  0.0000E+00  0.0000E+00
 16 1.3470E-03 4.0249E+01 2.0000E+02  0.00E+00   0.0000E+00  2.0000E+02  8.4764E-06  8.4764E-06  0.0000E+00  0.0000E+00
 17 1.5697E-03 3.9358E+01 2.0000E+02  0.00E+00   0.0000E+00  2.0000E+02  8.4764E-06  8.4764E-06  0.0000E+00  0.0000E+00
 18 1.8260E-03 3.8478E+01 2.0000E+02  0.00E+00   0.0000E+00  2.0000E+02  8.4764E-06  8.4764E-06  0.0000E+00  0.0000E+00
 19 2.1204E-03 3.7607E+01 2.0000E+02  0.00E+00   0.0000E+00  2.0000E+02  8.4764E-06  8.4764E-06  0.0000E+00  0.0000E+00
 20 2.4578E-03 3.6747E+01 2.0000E+02  0.00E+00   0.0000E+00  2.0000E+02  8.4764E-06  8.4764E-06  0.0000E+00  0.0000E+00
 21 2.8437E-03 3.5898E+01 2.0000E+02  0.00E+00   0.0000E+00  2.0000E+02  8.4764E-06  8.4764E-06  0.0000E+00  0.0000E+00
 22 3.2845E-03 3.5059E+01 2.0000E+02  0.00E+00   0.0000E+00  2.0000E+02  8.4764E-06  8.4764E-06  0.0000E+00  0.0000E+00
 23 3.7867E-03 3.4230E+01 2.0000E+02  0.00E+00   0.0000E+00  2.0000E+02  8.4764E-06  8.4764E-06  0.0000E+00  0.0000E+00
 24 4.3579E-03 3.3412E+01 2.0000E+02  0.00E+00   0.0000E+00  2.0000E+02  8.4764E-06  8.4764E-06  0.0000E+00  0.0000E+00
 25 5.0064E-03 3.2604E+01 2.0000E+02  0.00E+00   0.0000E+00  2.0000E+02  8.4764E-06  8.4764E-06  0.0000E+00  0.0000E+00
 26 5.7411E-03 3.1807E+01 2.0000E+02  0.00E+00   0.0000E+00  2.0000E+02  8.4764E-06  8.4764E-06  0.0000E+00  0.0000E+00
 27 6.5718E-03 3.1020E+01 2.0000E+02  0.00E+00   0.0000E+00  2.0000E+02  8.4764E-06  8.4764E-06  0.0000E+00  0.0000E+00
 28 7.5092E-03 3.0243E+01 2.0000E+02  0.00E+00   0.0000E+00  2.0000E+02  8.4764E-06  8.4764E-06  0.0000E+00  0.0000E+00
 29 8.5650E-03 2.9477E+01 2.0000E+02  0.00E+00   0.0000E+00  2.0000E+02  8.4764E-06  8.4764E-06  0.0000E+00  0.0000E+00
 30 9.7519E-03 2.8722E+01 2.0000E+02  0.00E+00   0.0000E+00  2.0000E+02  8.4764E-06  8.4764E-06  0.0000E+00  0.0000E+00
 31 1.1083E-02 2.7976E+01 2.0000E+02  0.00E+00   0.0000E+00  2.0000E+02  8.4764E-06  8.4764E-06  0.0000E+00  0.0000E+00
 32 1.2574E-02 2.7242E+01 2.0000E+02  0.00E+00   0.0000E+00  2.0000E+02  8.4764E-06  8.4764E-06  0.0000E+00  0.0000E+00
 33 1.4240E-02 2.6517E+01 2.0000E+02  0.00E+00   0.0000E+00  2.0000E+02  8.4764E-06  8.4764E-06  0.0000E+00  0.0000E+00
 34 1.6097E-02 2.5803E+01 2.0000E+02  0.00E+00   0.0000E+00  2.0000E+02  8.4764E-06  8.4764E-06  0.0000E+00  0.0000E+00
 35 1.8165E-02 2.5099E+01 2.0000E+02  0.00E+00   0.0000E+00  2.0000E+02  8.4764E-06  8.4764E-06  0.0000E+00  0.0000E+00
 36 2.0461E-02 2.4406E+01 2.0000E+02  0.00E+00   0.0000E+00  2.0000E+02  8.4764E-06  8.4764E-06  0.0000E+00  0.0000E+00
 37 2.3006E-02 2.3724E+01 2.0000E+02  0.00E+00   0.0000E+00  2.0000E+02  8.4764E-06  8.4764E-06  0.0000E+00  0.0000E+00
 38 2.5822E-02 2.3051E+01 2.0000E+02  0.00E+00   0.0000E+00  2.0000E+02  8.4764E-06  8.4764E-06  0.0000E+00  0.0000E+00
 39 2.8931E-02 2.2389E+01 2.0000E+02  0.00E+00   0.0000E+00  2.0000E+02  8.4764E-06  8.4764E-06  0.0000E+00  0.0000E+00
 40 3.2355E-02 2.1738E+01 2.0000E+02  0.00E+00   0.0000E+00  2.0000E+02  8.4764E-06  8.4764E-06  0.0000E+00  0.0000E+00
 41 3.6121E-02 2.1097E+01 2.0000E+02  0.00E+00   0.0000E+00  2.0000E+02  8.4764E-06  8.4764E-06  0.0000E+00  0.0000E+00
 42 4.0253E-02 2.0466E+01 2.0000E+02  0.00E+00   0.0000E+00  2.0000E+02  8.4764E-06  8.4764E-06  0.0000E+00  0.0000E+00
 43 4.4777E-02 1.9846E+01 2.0000E+02  0.00E+00   0.0000E+00  2.0000E+02  8.4764E-06  8.4764E-06  0.0000E+00  0.0000E+00
 44 4.9720E-02 1.9236E+01 2.0000E+02  0.00E+00   0.0000E+00  2.0000E+02  8.4764E-06  8.4764E-06  0.0000E+00  0.0000E+00
 45 5.5111E-02 1.8636E+01 2.0000E+02  0.00E+00   0.0000E+00  2.0000E+02  8.4764E-06  8.4764E-06  0.0000E+00  0.0000E+00
 46 6.0977E-02 1.8047E+01 2.0000E+02  0.00E+00   0.0000E+00  2.0000E+02  8.4764E-06  8.4764E-06  0.0000E+00  0.0000E+00
 47 6.7347E-02 1.7469E+01 2.0000E+02  0.00E+00   0.0000E+00  2.0000E+02  8.4764E-06  8.4764E-06  0.0000E+00  0.0000E+00
 48 7.4249E-02 1.6901E+01 2.0000E+02  0.00E+00   0.0000E+00  2.0000E+02  8.4764E-06  8.4764E-06  0.0000E+00  0.0000E+00
 49 8.1713E-02 1.6343E+01 2.0000E+02  0.00E+00   0.0000E+00  2.0000E+02  8.4764E-06  8.4764E-06  0.0000E+00  0.0000E+00
 50 8.9766E-02 1.5796E+01 2.0000E+02  0.00E+00   0.0000E+00  2.0000E+02  8.4764E-06  8.4764E-06  0.0000E+00  0.0000E+00
 51 9.8436E-02 1.5259E+01 2.0000E+02  0.00E+00   0.0000E+00  2.0000E+02  8.4764E-06  8.4764E-06  0.0000E+00  0.0000E+00
 52 1.0775E-01 1.4732E+01 2.0000E+02  0.00E+00   0.0000E+00  2.0000E+02  8.4764E-06  8.4764E-06  0.0000E+00  0.0000E+00
 53 1.1774E-01 1.4216E+01 2.0000E+02  0.00E+00   0.0000E+00  2.0000E+02  8.4764E-06  8.4764E-06  0.0000E+00  0.0000E+00
 54 1.2842E-01 1.3710E+01 2.0000E+02  0.00E+00   0.0000E+00  2.0000E+02  8.4764E-06  8.4764E-06  0.0000E+00  0.0000E+00
 55 1.3982E-01 1.3215E+01 2.0000E+02  0.00E+00   0.0000E+00  2.0000E+02  8.4764E-06  8.4764E-06  0.0000E+00  0.0000E+00
 56 1.5196E-01 1.2730E+01 2.0000E+02  0.00E+00   0.0000E+00  2.0000E+02  8.4764E-06  8.4764E-06  0.0000E+00  0.0000E+00
 57 1.6485E-01 1.2256E+01 2.0000E+02  0.00E+00   0.0000E+00  2.0000E+02  8.4764E-06  8.4764E-06  0.0000E+00  0.0000E+00
 58 1.7853E-01 1.1792E+01 2.0000E+02  0.00E+00   0.0000E+00  2.0000E+02  8.4764E-06  8.4764E-06  0.0000E+00  0.0000E+00
 59 1.9299E-01 1.1338E+01 2.0000E+02  0.00E+00   0.0000E+00  2.0000E+02  8.4764E-06  8.4764E-06  0.0000E+00  0.0000E+00
 60 2.0825E-01 1.0895E+01 2.0000E+02  0.00E+00   0.0000E+00  2.0000E+02  8.4764E-06  8.4764E-06  0.0000E+00  0.0000E+00
 61 2.2431E-01 1.0462E+01 2.0000E+02  0.00E+00   0.0000E+00  2.0000E+02  8.4764E-06  8.4764E-06  0.0000E+00  0.0000E+00
 62 2.4119E-01 1.0040E+01 2.0000E+02  0.00E+00   0.0000E+00  2.0000E+02  8.4764E-06  8.4764E-06  0.0000E+00  0.0000E+00
 63 2.5887E-01 9.6261E+00 2.0185E+02  1.00E+00   0.0000E+00  2.0185E+02  8.4764E-06  8.4764E-06  0.0000E+00  0.0000E+00
 64 2.7734E-01 9.2169E+00 2.0589E+02  1.00E+00   0.0000E+00  2.0589E+02  1.4367E-05  1.4367E-05  0.0000E+00  0.0000E+00
 65 2.9661E-01 8.8103E+00 2.0990E+02  1.00E+00   0.0000E+00  2.0990E+02  2.3728E-05  2.3728E-05  0.0000E+00  0.0000E+00
 66 3.1665E-01 8.4071E+00 2.1386E+02  1.00E+00   0.0000E+00  2.1386E+02  3.8211E-05  3.8211E-05  0.0000E+00  0.0000E+00
 67 3.3743E-01 8.0075E+00 2.1778E+02  1.00E+00   0.0000E+00  2.1778E+02  6.0041E-05  6.0041E-05  0.0000E+00  0.0000E+00
 68 3.5894E-01 7.6122E+00 2.2163E+02  1.00E+00   0.0000E+00  2.2163E+02  9.2095E-05  9.2095E-05  0.0000E+00  0.0000E+00
 69 3.8114E-01 7.2217E+00 2.2541E+02  1.00E+00   0.0000E+00  2.2541E+02  1.3795E-04  1.3795E-04  0.0000E+00  0.0000E+00
 70 4.0398E-01 6.8365E+00 2.2911E+02  1.00E+00   0.0000E+00  2.2911E+02  2.0181E-04  2.0181E-04  0.0000E+00  0.0000E+00
 71 4.2743E-01 6.4572E+00 2.3270E+02  1.00E+00   0.0000E+00  2.3270E+02  2.8842E-04  2.8842E-04  0.0000E+00  0.0000E+00
 72 4.5144E-01 6.0842E+00 2.3619E+02  1.00E+00   0.0000E+00  2.3619E+02  4.0271E-04  4.0271E-04  0.0000E+00  0.0000E+00
 73 4.7593E-01 5.7182E+00 2.3954E+02  1.00E+00   0.0000E+00  2.3954E+02  5.4944E-04  5.4944E-04  0.0000E+00  0.0000E+00
 74 5.0086E-01 5.3597E+00 2.4275E+02  1.00E+00   0.0000E+00  2.4275E+02  7.3270E-04  7.3270E-04  0.0000E+00  0.0000E+00
 75 5.2616E-01 5.0093E+00 2.4581E+02  1.00E+00   0.0000E+00  2.4581E+02  9.5547E-04  9.5547E-04  0.0000E+00  0.0000E+00
 76 5.5174E-01 4.6675E+00 2.4872E+02  1.00E+00   0.0000E+00  2.4872E+02  1.2192E-03  1.2192E-03  0.0000E+00  0.0000E+00
 77 5.7754E-01 4.3348E+00 2.5146E+02  1.00E+00   0.0000E+00  2.5146E+02  1.5238E-03  1.5238E-03  0.0000E+00  0.0000E+00
 78 6.0346E-01 4.0117E+00 2.5403E+02  1.00E+00   0.0000E+00  2.5403E+02  1.8674E-03  1.8674E-03  0.0000E+00  0.0000E+00
 79 6.2941E-01 3.6987E+00 2.5645E+02  1.00E+00   0.0000E+00  2.5645E+02  2.2467E-03  2.2467E-03  0.0000E+00  0.0000E+00
 80 6.5531E-01 3.3963E+00 2.5870E+02  1.00E+00   0.0000E+00  2.5870E+02  2.6572E-03  2.6572E-03  0.0000E+00  0.0000E+00
 81 6.8106E-01 3.1049E+00 2.6080E+02  1.00E+00   0.0000E+00  2.6080E+02  3.0936E-03  3.0936E-03  0.0000E+00  0.0000E+00
 82 7.0655E-01 2.8248E+00 2.6274E+02  1.00E+00   0.0000E+00  2.6274E+02  3.5501E-03  3.5501E-03  0.0000E+00  0.0000E+00
 83 7.3169E-01 2.5564E+00 2.6455E+02  1.00E+00   0.0000E+00  2.6455E+02  4.0208E-03  4.0208E-03  0.0000E+00  0.0000E+00
 84 7.5636E-01 2.3002E+00 2.6622E+02  1.00E+00   0.0000E+00  2.6622E+02  4.4997E-03  4.4997E-03  0.0000E+00  0.0000E+00
 85 7.8047E-01 2.0562E+00 2.6777E+02  1.00E+00   0.0000E+00  2.6777E+02  4.9813E-03  4.9813E-03  0.0000E+00  0.0000E+00
 86 8.0391E-01 1.8249E+00 2.6920E+02  1.00E+00   0.0000E+00  2.6920E+02  5.4602E-03  5.4602E-03  0.0000E+00  0.0000E+00
 87 8.2658E-01 1.6064E+00 2.7051E+02  1.00E+00   0.0000E+00  2.7051E+02  5.9315E-03  5.9315E-03  0.0000E+00  0.0000E+00
 88 8.4836E-01 1.4011E+00 2.7172E+02  1.00E+00   0.0000E+00  2.7172E+02  6.3907E-03  6.3907E-03  0.0000E+00  0.0000E+00
 89 8.6916E-01 1.2091E+00 2.7282E+02  1.00E+00   0.0000E+00  2.7282E+02  6.8336E-03  6.8336E-03  0.0000E+00  0.0000E+00
 90 8.8888E-01 1.0305E+00 2.7390E+02  1.00E+00   0.0000E+00  2.7390E+02  7.3164E-03  7.3164E-03  0.0000E+00  0.0000E+00
 91 9.0742E-01 8.6555E-01 2.7491E+02  1.00E+00   0.0000E+00  2.7491E+02  7.7493E-03  7.7493E-03  0.0000E+00  0.0000E+00
 92 9.2470E-01 7.1437E-01 2.7582E+02  1.00E+00   0.0000E+00  2.7582E+02  8.1206E-03  8.1206E-03  0.0000E+00  0.0000E+00
 93 9.4062E-01 5.7709E-01 2.7664E+02  1.00E+00   0.0000E+00  2.7664E+02  8.4383E-03  8.4383E-03  0.0000E+00  0.0000E+00
 94 9.5510E-01 4.5386E-01 2.7737E+02  1.00E+00   0.0000E+00  2.7737E+02  8.7089E-03  8.7089E-03  0.0000E+00  0.0000E+00
 95 9.6807E-01 3.4479E-01 2.7801E+02  1.00E+00   0.0000E+00  2.7801E+02  8.9376E-03  8.9376E-03  0.0000E+00  0.0000E+00
 96 9.7946E-01 2.4997E-01 2.7856E+02  1.00E+00   0.0000E+00  2.7856E+02  9.2086E-03  9.2086E-03  0.0000E+00  0.0000E+00
 97 9.8922E-01 1.6951E-01 2.7903E+02  1.00E+00   0.0000E+00  2.7903E+02  9.4525E-03  9.4525E-03  0.0000E+00  0.0000E+00
 98 9.9729E-01 1.0347E-01 2.7941E+02  1.00E+00   0.0000E+00  2.7941E+02  9.6467E-03  9.6467E-03  0.0000E+00  0.0000E+00
 99 1.0036E+00 5.1911E-02 2.7970E+02  1.00E+00   0.0000E+00  2.7970E+02  9.7947E-03  9.7947E-03  0.0000E+00  0.0000E+00
100 1.0082E+00 1.4880E-02 2.7992E+02  1.00E+00   0.0000E+00  2.7992E+02  9.8991E-03  9.8991E-03  0.0000E+00  0.0000E+00
101 1.0100E+00 0.0000E+00 2.8000E+02  1.00E+00   0.0000E+00  2.8000E+02  9.9406E-03  9.9406E-03  0.0000E+00  0.0000E+00

