.8706E+02
2.8711E+02
2.8717E+02
2.8726E+02
2.8738E+02
2.8805E+02
2.8888E+02
2.8997E+02
2.9079E+02
2.9134E+02
2.9172E+02
2.9198E+02
2.9215E+02
2.9226E+02
2.9232E+02
2.9235E+02
2.9235E+02
2.9233E+02
2.9231E+02
2.9227E+02
2.9222E+02
2.9218E+02
2.9212E+02
2.9207E+02
2.9201E+02
2.9196E+02
2.9190E+02
2.9184E+02
2.9178E+02
2.9173E+02
2.9167E+02
2.9161E+02
2.9155E+02
2.9150E+02
2.9144E+02
2.9139E+02
2.9133E+02
2.9128E+02
2.9123E+02
2.9117E+02
2.9112E+02
2.9107E+02
2.9102E+02
2.9097E+02
2.9092E+02
2.9087E+02
2.9082E+02
2.9077E+02
2.9072E+02
2.9067E+02
2.9063E+02
2.9058E+02
2.9053E+02
2.9049E+02
2.9045E+02
2.9040E+02
2.9036E+02
2.9032E+02
2.9028E+02
2.9024E+02
2.9020E+02
2.9016E+02
2.9013E+02
2.9009E+02
2.9005E+02
2.9001E+02
2.8998E+02
2.8994E+02
2.8991E+02
2.8987E+02
2.8984E+02
2.8980E+02
2.8977E+02
2.8974E+02
2.8971E+02
2.8968E+02
2.8964E+02
2.8961E+02
2.8959E+02
2.8956E+02
2.8953E+02
2.8950E+02
2.8948E+02
2.8945E+02
2.8942E+02
2.8940E+02
2.8937E+02
2.8935E+02
2.8933E+02
2.8930E+02
2.8928E+02
2.8925E+02
2.8923E+02
2.8920E+02
2.8918E+02
2.8916E+02
2.8913E+02
2.8911E+02
2.8909E+02
2.8906E+02
2.8904E+02
2.8902E+02
2.8900E+02
2.8898E+02
2.8896E+02
2.8894E+02
2.8892E+02
2.8890E+02
2.8888E+02
2.8887E+02
2.8885E+02
2.8883E+02
2.8881E+02
2.8879E+02
2.8877E+02
2.8876E+02
2.8874E+02
2.8872E+02
2.8870E+02
2.8868E+02
2.8867E+02
2.8865E+02
2.8864E+02
2.8862E+02
2.8860E+02
2.8859E+02
2.8857E+02
2.8856E+02
2.8854E+02
2.8852E+02
2.8851E+02
2.8850E+02
2.8848E+02
2.8847E+02
2.8845E+02
2.8844E+02
2.8842E+02
2.8841E+02
2.8839E+02
2.8838E+02
2.8837E+02
2.8835E+02
2.8834E+02
2.8833E+02
2.8832E+02
2.8831E+02
2.8829E+02
2.8828E+02
2.8827E+02
2.8826E+02
2.8825E+02
2.8824E+02
2.8822E+02
2.8821E+02
2.8820E+02
2.8819E+02
2.8818E+02
2.8817E+02
2.8816E+02
2.8815E+02
2.8814E+02
2.8813E+02
2.8812E+02
2.8811E+02
2.8810E+02
2.8809E+02
2.8808E+02
2.8807E+02
2.8806E+02
2.8805E+02
2.8804E+02
2.8804E+02
2.8803E+02
2.8802E+02
2.8801E+02
2.8801E+02
2.8800E+02
2.8799E+02
2.8798E+02
2.8798E+02
2.8797E+02
2.8796E+02
2.8795E+02
2.8794E+02
2.8794E+02
2.8793E+02
2.8792E+02
2.8791E+02
2.8791E+02
2.8790E+02
2.8789E+02
2.8788E+02
2.8788E+02
2.8787E+02
2.8786E+02
2.8785E+02
2.8785E+02
2.8784E+02
2.8784E+02
