  Int#    Range (A)      Flux       Ozone1     Ozone2     CH3CHO     CH3COCH3
=============================================================================
    1   1754.0-1770.0   1.74E+11    8.1E-19    8.1E-19    7.6E-21    3.8E-21
    2   1770.0-1786.0   2.10E+11    8.0E-19    8.0E-19    7.6E-21    3.8E-21
    3   1786.0-1802.0   2.38E+11    7.9E-19    7.9E-19    7.6E-21    3.8E-21
    4   1802.0-1818.0   3.04E+11    7.6E-19    7.6E-19    7.6E-21    3.8E-21
    5   1818.0-1835.0   3.19E+11    7.3E-19    7.3E-19    7.6E-21    3.8E-21
    6   1835.0-1852.0   2.93E+11    6.9E-19    6.9E-19    7.6E-21    3.8E-21
    7   1852.0-1869.0   3.62E+11    6.4E-19    6.4E-19    7.6E-21    3.8E-21
    8   1869.0-1887.0   4.73E+11    5.9E-19    5.9E-19    7.6E-21    3.8E-21
    9   1887.0-1905.0   5.61E+11    5.3E-19    5.3E-19    7.6E-21    3.8E-21
   10   1905.0-1923.0   6.63E+11    4.8E-19    4.8E-19    7.6E-21    3.8E-21
   11   1923.0-1942.0   6.90E+11    4.4E-19    4.4E-19    7.6E-21    3.8E-21
   12   1942.0-1961.0   9.56E+11    4.1E-19    4.1E-19    7.6E-21    3.8E-21
   13   1961.0-1980.0   1.15E+12    3.7E-19    3.7E-19    7.6E-21    3.8E-21
   14   1980.0-2000.0   1.27E+12    3.3E-19    3.3E-19    7.6E-21    3.8E-21
   15   2000.0-2020.0   1.52E+12    3.3E-19    3.3E-19    7.6E-21    3.8E-21
   16   2020.0-2041.0   1.78E+12    3.3E-19    3.3E-19    7.6E-21    3.8E-21
   17   2041.0-2062.0   2.20E+12    3.5E-19    3.5E-19    6.4E-21    2.8E-21
   18   2062.0-2083.0   2.69E+12    4.1E-19    4.1E-19    5.4E-21    2.1E-21
   19   2083.0-2105.0   4.54E+12    4.8E-19    4.8E-19    4.5E-21    1.9E-21
   20   2105.0-2128.0   7.14E+12    6.3E-19    6.3E-19    3.7E-21    1.9E-21
   21   2128.0-2151.0   8.35E+12    8.6E-19    8.6E-19    2.5E-21    1.9E-21
   22   2151.0-2174.0   8.39E+12    1.2E-18    1.2E-18    1.0E-21    1.9E-21
   23   2174.0-2200.0   1.08E+13    1.5E-18    1.5E-18    3.8E-22    2.4E-21
   24   2200.0-2222.0   1.18E+13    2.0E-18    2.0E-18    3.8E-22    3.1E-21
   25   2222.0-2247.0   1.60E+13    2.6E-18    2.6E-18    3.8E-22    3.9E-21
   26   2247.0-2273.0   1.34E+13    3.2E-18    3.2E-18    3.8E-22    5.0E-21
   27   2273.0-2299.0   1.41E+13    4.0E-18    4.0E-18    6.2E-22    6.3E-21
   28   2299.0-2326.0   1.57E+13    4.8E-18    4.8E-18    1.2E-21    7.6E-21
   29   2326.0-2353.0   1.38E+13    5.8E-18    5.8E-18    2.0E-21    9.5E-21
   30   2353.0-2381.0   1.60E+13    6.9E-18    6.9E-18    2.8E-21    1.2E-20
   31   2381.0-2410.0   1.45E+13    8.0E-18    8.0E-18    4.0E-21    1.4E-20
   32   2410.0-2439.0   2.20E+13    9.0E-18    9.0E-18    5.6E-21    1.7E-20
   33   2439.0-2469.0   1.99E+13    1.0E-17    1.0E-17    7.4E-21    2.1E-20
   34   2469.0-2500.0   1.97E+13    1.1E-17    1.1E-17    1.0E-20    2.4E-20
   35   2500.0-2532.0   1.94E+13    1.1E-17    1.1E-17    1.3E-20    2.8E-20
   36   2532.0-2564.0   2.91E+13    1.2E-17    1.2E-17    1.6E-20    3.2E-20
   37   2564.0-2597.0   4.95E+13    1.1E-17    1.1E-17    2.0E-20    3.6E-20
   38   2597.0-2632.0   4.53E+13    1.1E-17    1.1E-17    2.4E-20    4.1E-20
   39   2632.0-2667.0   1.07E+14    9.6E-18    9.7E-18    2.9E-20    4.4E-20
   40   2667.0-2703.0   1.20E+14    8.3E-18    8.3E-18    3.3E-20    4.8E-20
   41   2703.0-2740.0   1.10E+14    6.9E-18    6.9E-18    3.8E-20    5.0E-20
   42   2740.0-2778.0   1.04E+14    5.4E-18    5.4E-18    4.2E-20    5.2E-20
   43   2778.0-2817.0   8.24E+13    3.9E-18    4.0E-18    4.5E-20    5.2E-20
   44   2817.0-2857.0   1.52E+14    2.7E-18    2.8E-18    4.8E-20    5.0E-20
   45   2857.0-2899.0   2.15E+14    1.7E-18    1.8E-18    4.9E-20    4.4E-20
   46   2899.0-2941.0   3.48E+14    1.0E-18    1.1E-18    4.9E-20    4.0E-20
   47   2941.0-2985.0   3.40E+14    5.9E-19    6.2E-19    4.5E-20    3.4E-20
   48   2985.0-3030.0   3.22E+14    3.2E-19    3.4E-19    4.1E-20    2.9E-20
   49   3030.0-3077.0   4.23E+14    1.7E-19    1.9E-19    3.6E-20    2.1E-20
   50   3077.0-3125.0   4.95E+14    8.7E-20    9.8E-20    3.0E-20    1.5E-20
   51   3125.0-3175.0   5.44E+14    4.3E-20    5.0E-20    2.4E-20    8.2E-21
   52   3175.0-3225.0   5.93E+14    2.1E-20    2.5E-20    1.7E-20    4.0E-21
   53   3225.0-3275.0   6.95E+14    9.4E-21    1.2E-20    1.1E-20    2.7E-21
   54   3275.0-3325.0   8.15E+14    4.7E-21    6.2E-21    6.5E-21    1.9E-21
   55   3325.0-3375.0   7.81E+14    2.0E-21    2.7E-21    2.7E-21    1.2E-21
   56   3375.0-3425.0   8.35E+14    7.8E-22    1.2E-21    7.6E-22    7.6E-22
   57   3425.0-3450.0   4.07E+14    3.0E-22    8.0E-22    0.0        0.0    
   58   3450.0-3550.0   1.72E+15    0.0        2.7E-22    0.0        0.0    
   59   3550.0-3650.0   1.82E+15    0.0        5.5E-23    0.0        0.0    
   60   3650.0-3750.0   2.11E+15    0.0        0.0        0.0        0.0    
   61   3750.0-3850.0   2.06E+15    0.0        0.0        0.0        0.0    
   62   3850.0-3950.0   2.04E+15    0.0        0.0        0.0        0.0    
   63   3950.0-4050.0   3.00E+15    0.0        0.0        0.0        0.0    
   64   4050.0-4150.0   3.63E+15    2.9E-23    2.9E-23    0.0        0.0    
   65   4150.0-4250.0   3.79E+15    4.0E-23    4.0E-23    0.0        0.0    
   66   4250.0-4350.0   3.57E+15    6.8E-23    6.8E-23    0.0        0.0    
   67   4350.0-4450.0   4.10E+15    1.3E-22    1.3E-22    0.0        0.0    
   68   4450.0-4550.0   4.61E+15    1.7E-22    1.7E-22    0.0        0.0    
   69   4550.0-4650.0   4.74E+15    3.6E-22    3.6E-22    0.0        0.0    
   70   4650.0-4750.0   4.80E+15    4.1E-22    4.1E-22    0.0        0.0    
   71   4750.0-4850.0   4.88E+15    7.1E-22    7.1E-22    0.0        0.0    
   72   4850.0-4950.0   4.78E+15    8.3E-22    8.3E-22    0.0        0.0    
   73   4950.0-5050.0   4.87E+15    1.2E-21    1.2E-21    0.0        0.0    
   74   5050.0-5150.0   4.88E+15    1.6E-21    1.6E-21    0.0        0.0    
   75   5150.0-5250.0   4.76E+15    1.8E-21    1.8E-21    0.0        0.0    
   76   5250.0-5350.0   5.02E+15    2.6E-21    2.6E-21    0.0        0.0    
   77   5350.0-5450.0   5.02E+15    2.9E-21    2.9E-21    0.0        0.0    
   78   5450.0-5550.0   5.07E+15    3.2E-21    3.2E-21    0.0        0.0    
   79   5550.0-5650.0   5.06E+15    3.9E-21    3.9E-21    0.0        0.0    
   80   5650.0-5750.0   5.20E+15    4.7E-21    4.7E-21    0.0        0.0    
   81   5750.0-5850.0   5.36E+15    4.6E-21    4.6E-21    0.0        0.0    
   82   5850.0-5950.0   5.32E+15    4.4E-21    4.4E-21    0.0        0.0    
   83   5950.0-6050.0   5.32E+15    4.9E-21    4.9E-21    0.0        0.0    
   84   6050.0-6150.0   5.29E+15    4.5E-21    4.5E-21    0.0        0.0    
   85   6150.0-6250.0   5.29E+15    3.9E-21    3.9E-21    0.0        0.0    
   86   6250.0-6350.0   5.24E+15    3.4E-21    3.4E-21    0.0        0.0    
   87   6350.0-6450.0   5.24E+15    2.7E-21    2.7E-21    0.0        0.0    
   88   6450.0-6550.0   5.09E+15    2.4E-21    2.4E-21    0.0        0.0    
   89   6550.0-6650.0   5.12E+15    2.0E-21    2.0E-21    0.0        0.0    
   90   6650.0-6750.0   5.23E+15    1.7E-21    1.7E-21    0.0        0.0    
   91   6750.0-6850.0   5.22E+15    1.4E-21    1.4E-21    0.0        0.0    
   92   6850.0-6950.0   5.11E+15    1.1E-21    1.1E-21    0.0        0.0    
   93   6950.0-7050.0   5.14E+15    9.2E-22    9.2E-22    0.0        0.0    
   94   7050.0-7150.0   5.01E+15    7.7E-22    7.7E-22    0.0        0.0    
   95   7150.0-7250.0   4.93E+15    6.3E-22    6.3E-22    0.0        0.0    
   96   7250.0-7350.0   4.91E+15    5.3E-22    5.3E-22    0.0        0.0    
   97   7350.0-7450.0   4.81E+15    4.5E-22    4.5E-22    0.0        0.0    
   98   7450.0-7550.0   4.81E+15    3.8E-22    3.8E-22    0.0        0.0
   99   7550.0-7650.0   4.75E+15    3.0E-22    3.0E-22    0.0        0.0    
  100   7650.0-7750.0   4.64E+15    2.7E-22    2.7E-22    0.0        0.0    
  101   7750.0-7850.0   4.65E+15    2.9E-22    2.9E-22    0.0        0.0    
  102   7850.0-7950.0   4.61E+15    2.2E-22    2.2E-22    0.0        0.0    
  103   7950.0-8050.0   4.55E+15    1.6E-22    1.6E-22    0.0        0.0    
  104   8050.0-8150.0   4.44E+15    1.9E-22    1.9E-22    0.0        0.0    
  105   8150.0-8250.0   4.39E+15    1.7E-22    1.7E-22    0.0        0.0    
  106   8250.0-8350.0   4.31E+15    1.4E-22    1.4E-22    0.0        0.0    
  107   8350.0-8450.0   4.24E+15    1.4E-22    1.4E-22    0.0        0.0    
  108   8450.0-8550.0   4.10E+15    1.5E-22    1.5E-22    0.0        0.0    

        Ai coefficients (from Allen and Frederick, 1982) 
        ------------------------------------------------
 INT#       A1           A2            A3            A4             A5            A6            A7            A8            A9
=====================================================================================================================================
 1  9  -1.973602E+01 -8.092201E-02 -4.839265E-01 -1.041207E-01  3.939418E-01  2.984836E-01  9.159857E-02  1.333257E-02  7.600642E-04
 2  9  -2.052518E+01 -8.193594E-02 -2.809525E-01 -2.825028E-01  7.845485E-02  1.559252E-01  6.406164E-02  1.107629E-02  7.059213E-04
 3  7  -2.081294E+01 -1.974461E-01 -1.463684E-01 -3.650741E-02  5.925869E-02  2.323992E-02  2.260529E-03  0.0           0.0    
 4  8  -2.101413E+01 -3.395648E-01 -4.150888E-02  1.251500E-02  4.081477E-02  9.151056E-03 -6.115106E-04 -1.984326E-04  0.0    
 5  9  -2.129869E+01 -4.063352E-01 -2.178907E-02  5.974212E-02  5.151479E-02 -2.401913E-03 -8.343585E-03 -1.956058E-03 -1.390370E-04
 6  4  -2.153128E+01 -4.147369E-01  7.763767E-02  1.905438E-02  0.0           0.0           0.0           0.0           0.0    
 7  4  -2.158311E+01 -4.164652E-01  5.266362E-02  1.655877E-02  0.0           0.0           0.0           0.0           0.0    
 8  5  -2.184813E+01 -4.753880E-01  4.519945E-02  3.228313E-02  3.079373E-03  0.0           0.0           0.0           0.0    
 9  9  -2.200507E+01 -4.628729E-01 -5.022541E-02  2.545036E-02  5.791406E-02  1.179966E-02 -8.296877E-03 -3.238368E-03 -3.069686E-04
10  5  -2.205527E+01 -4.400848E-01 -5.687308E-03  3.712279E-02  6.025527E-03  0.0           0.0           0.0           0.0    
11  6  -2.205261E+01 -5.707936E-01 -3.330207E-02  5.959032E-02  1.510540E-02  1.000376E-03  0.0           0.0           0.0    
12  7  -2.228000E+01 -3.960759E-01 -2.995798E-02  4.918104E-02  9.269081E-03 -1.173411E-03 -2.599386E-04  0.0           0.0    
13  5  -2.256145E+01 -2.054719E-01 -1.094205E-02  2.079595E-02  3.769638E-03  0.0           0.0           0.0           0.0    
14  9  -2.275072E+01 -5.823677E-02 -1.007612E-01  2.404666E-02  4.761876E-02  4.169606E-03 -7.126663E-03 -2.263652E-03 -1.971653E-04
15  5  -2.483327E+01  3.411511E-02 -2.191960E-04  6.129866E-07 -6.227325E-10  0.0           0.0           0.0           0.0    
16  2  -2.292537E+01  1.177283E-04  0.0           0.0           0.0           0.0           0.0           0.0           0.0    
17  1  -2.291902E+01  0.0           0.0           0.0           0.0           0.0           0.0           0.0           0.0    
 
        Bi coefficients (from Allen and Frederick, 1982) 
        ------------------------------------------------
 INT#       B1           B2            B3            B4           B5
============================================================================
 1  5  -2.507818E+03  5.435242E+02 -4.434785E+01  1.613607E+00 -2.208047E-02
 2  5  -2.451485E+03  5.174617E+02 -4.096948E+01  1.441835E+00 -1.903091E-02
 3  5  -7.008892E+02  1.334594E+02 -9.549089E+00  3.048766E-01 -3.675314E-03
 4  5  -1.943757E+03  3.918616E+02 -2.966512E+01  9.995864E-01 -1.265243E-02
 5  5  -1.986572E+03  4.058984E+02 -3.112428E+01  1.061508E+00 -1.358757E-02
 6  5  -2.711900E+03  5.369941E+02 -3.988965E+01  1.317533E+00 -1.632895E-02
 7  5  -2.431640E+03  4.729722E+02 -3.452121E+01  1.120677E+00 -1.365618E-02
 8  3  -3.701955E+01  3.623290E+00 -8.929223E-02  0.0           0.0         
 9  5  -1.086239E+03  1.981847E+02 -1.359057E+01  4.155845E-01 -4.788462E-03
10  5  -1.213108E+03  2.277459E+02 -1.612207E+01  5.101389E-01 -6.090518E-03
11  3  -8.334575E+01  7.944254E+00 -1.898894E-01  0.0           0.0         
12  4  -2.139117E+02  2.612729E+01 -1.036749E+00  1.317695E-02  0.0         
13  4  -3.281301E+02  4.307004E+01 -1.870019E+00  2.674331E-02  0.0         
14  5   3.033416E+03 -5.978911E+02  4.370384E+01 -1.406715E+00  1.683967E-02
15  1  -2.535815E+00  0.0           0.0           0.0           0.0         
16  1  -4.474937E+00  0.0           0.0           0.0           0.0         
17  1  -2.996639E+00  0.0           0.0           0.0           0.0         

       Assorted cross sections 
       ------------------------
Int #    O2      H2O      CO2      HO2      N2O      HCl     CCl2F2   CHClF2   CH3Cl   CH3CCL3
==========================================================================================================================================
   1  4.6E-24  2.8E-18  4.5E-21  4.0E-18  1.3E-19  9.2E-19  1.9E-18  3.9E-20  2.5E-19  2.6E-18
   2  5.0E-24  2.0E-18  2.6E-21  4.0E-18  1.4E-19  7.5E-19  1.9E-18  2.9E-20  1.8E-19  2.6E-18
   3  5.5E-24  1.5E-18  1.7E-21  4.0E-18  1.5E-19  6.4E-19  1.8E-18  2.2E-20  1.4E-19  2.6E-18
   4  5.9E-24  1.0E-18  1.1E-21  4.0E-18  1.5E-19  5.2E-19  1.7E-18  1.6E-20  9.6E-20  2.6E-18
   5  6.3E-24  5.8E-19  6.8E-22  4.0E-18  1.5E-19  4.2E-19  1.5E-18  1.1E-20  7.6E-20  2.6E-18
   6  6.7E-24  2.7E-19  4.5E-22  4.0E-18  1.5E-19  3.4E-19  1.3E-18  8.0E-21  5.7E-20  2.6E-18
   7  7.0E-24  9.0E-20  2.6E-22  4.0E-18  1.4E-19  2.7E-19  1.1E-18  4.8E-21  4.0E-20  2.5E-18
   8  7.4E-24  2.3E-20  1.4E-22  4.0E-18  1.3E-19  2.1E-19  9.0E-19  3.5E-21  2.8E-20  2.2E-18
   9  7.6E-24  8.4E-21  8.2E-23  4.2E-18  1.2E-19  1.6E-19  7.0E-19  2.7E-21  2.0E-20  2.0E-18
  10  7.9E-24  3.1E-21  4.4E-23  4.4E-18  1.0E-19  1.2E-19  5.0E-19  1.8E-21  1.3E-20  1.7E-18
  11  8.0E-24  1.1E-21  2.5E-23  4.5E-18  8.6E-20  8.4E-20  3.5E-19  1.2E-21  8.6E-21  1.5E-18
  12  8.1E-24  6.4E-22  1.4E-23  4.7E-18  7.4E-20  6.1E-20  2.5E-19  7.8E-22  5.6E-21  1.3E-18
  13  8.2E-24  3.1E-22  6.0E-24  4.8E-18  5.9E-20  4.4E-20  1.7E-19  5.2E-22  3.5E-21  1.1E-18
  14  8.1E-24  1.1E-22  2.5E-24  4.8E-18  4.6E-20  3.1E-20  1.1E-19  3.3E-22  2.3E-21  8.8E-19
  15  8.0E-24  3.5E-23  7.0E-25  4.9E-18  3.1E-20  2.1E-20  7.0E-20  2.3E-22  1.4E-21  6.2E-19
  16  7.8E-24  7.0E-24  1.0E-25  4.9E-18  2.7E-20  1.5E-20  4.5E-20  1.8E-22  8.0E-22  5.7E-19
  17  7.6E-24  1.0E-24  2.0E-26  4.9E-18  2.0E-20  1.0E-20  2.7E-20  1.0E-22  4.7E-22  4.5E-19
  18  7.3E-24  1.0E-25  3.5E-27  4.9E-18  1.3E-20  6.2E-21  1.6E-20  0.0E-00  2.7E-22  3.3E-19
  19  7.0E-24  0.0E-00  0.0E-00  4.9E-18  8.5E-21  4.3E-21  9.6E-21  0.0E-00  0.0E-00  2.4E-19
  20  6.5E-24  0.0E-00  0.0E-00  4.9E-18  5.5E-21  2.9E-21  5.6E-21  0.0E-00  0.0E-00  1.7E-19
  21  5.8E-24  0.0E-00  0.0E-00  4.6E-18  3.4E-21  1.8E-21  3.0E-21  0.0E-00  0.0E-00  1.1E-19
  22  5.2E-24  0.0E-00  0.0E-00  4.4E-18  2.1E-21  1.1E-21  1.8E-21  0.0E-00  0.0E-00  6.8E-20
  23  4.7E-24  0.0E-00  0.0E-00  4.2E-18  1.3E-21  6.4E-22  1.0E-21  0.0E-00  0.0E-00  4.4E-20
  24  4.3E-24  0.0E-00  0.0E-00  3.8E-18  7.5E-22  4.0E-22  5.6E-22  0.0E-00  0.0E-00  2.9E-20
  25  3.8E-24  0.0E-00  0.0E-00  3.5E-18  4.4E-22  0.0E-00  3.2E-22  0.0E-00  0.0E-00  1.7E-20
  26  3.4E-24  0.0E-00  0.0E-00  3.2E-18  2.4E-22  0.0E-00  1.7E-22  0.0E-00  0.0E-00  1.0E-20
  27  2.9E-24  0.0E-00  0.0E-00  2.8E-18  1.3E-22  0.0E-00  8.4E-23  0.0E-00  0.0E-00  6.0E-21
  28  2.5E-24  0.0E-00  0.0E-00  2.4E-18  7.3E-23  0.0E-00  4.1E-23  0.0E-00  0.0E-00  3.5E-21
  29  2.1E-24  0.0E-00  0.0E-00  2.0E-18  4.0E-23  0.0E-00  2.0E-23  0.0E-00  0.0E-00  1.9E-21
  30  1.7E-24  0.0E-00  0.0E-00  1.6E-18  2.1E-23  0.0E-00  9.5E-24  0.0E-00  0.0E-00  1.0E-21
  31  1.3E-24  0.0E-00  0.0E-00  1.3E-18  1.1E-23  0.0E-00  3.5E-24  0.0E-00  0.0E-00  5.5E-22
  32  9.3E-25  0.0E-00  0.0E-00  1.0E-18  0.0E-00  0.0E-00  0.0E-00  0.0E-00  0.0E-00  0.0
  33  0.0E-00  0.0E-00  0.0E-00  7.7E-19  0.0E-00  0.0E-00  0.0E-00  0.0E-00  0.0E-00  0.0
  34  0.0E-00  0.0E-00  0.0E-00  5.8E-19  0.0E-00  0.0E-00  0.0E-00  0.0E-00  0.0E-00  0.0
  35  0.0E-00  0.0E-00  0.0E-00  4.5E-19  0.0E-00  0.0E-00  0.0E-00  0.0E-00  0.0E-00  0.0

  INT   H202    HN03    H02N02  PAN     PPN     CH3OOH  NO2     H2CO    1    2  
===============================================================================
   1   7.0E-19 1.6E-17 1.1E-17 3.0E-18 2.7E-18 3.8E-19 2.5E-19 0.0     0.   0. 
   2   7.0E-19 1.6E-17 1.1E-17 3.0E-18 2.7E-18 3.8E-19 2.5E-19 0.0     0.   0. 
   3   7.0E-19 1.6E-17 1.1E-17 3.0E-18 2.7E-18 3.8E-19 2.5E-19 0.0     0.   0. 
   4   7.0E-19 1.6E-17 1.1E-17 3.0E-18 2.7E-18 3.8E-19 2.5E-19 0.0     0.   0. 
   5   7.0E-19 1.6E-17 1.1E-17 3.0E-18 2.7E-18 3.8E-19 2.5E-19 0.0     0.   0. 
   6   7.0E-19 1.6E-17 1.1E-17 3.0E-18 2.7E-18 3.8E-19 2.5E-19 0.0     0.   0. 
   7   7.0E-19 1.6E-17 1.1E-17 3.0E-18 2.7E-18 3.8E-19 2.7E-19 0.0     0.   0. 
   8   7.0E-19 1.6E-17 1.1E-17 3.0E-18 2.7E-18 3.8E-19 2.9E-19 0.0     0.   0. 
   9   7.0E-19 1.6E-17 1.1E-17 3.0E-18 2.7E-18 3.8E-19 2.9E-19 0.0     0.   0. 
  10   6.5E-19 1.5E-17 1.0E-17 3.0E-18 2.7E-18 3.8E-19 2.9E-19 0.0     0.   0. 
  11   6.0E-19 1.3E-17 8.9E-18 3.0E-18 2.7E-18 3.8E-19 2.8E-19 0.0     0.   0. 
  12   5.6E-19 1.0E-17 8.0E-18 3.0E-18 2.7E-18 3.8E-19 2.4E-19 0.0     0.   0. 
  13   5.3E-19 8.8E-18 7.0E-18 3.0E-18 2.7E-18 3.8E-19 2.4E-19 0.0     0.   0. 
  14   4.9E-19 7.2E-18 6.0E-18 3.0E-18 2.7E-18 3.8E-19 2.5E-19 0.0     0.   0. 
  15   4.6E-19 5.7E-18 5.3E-18 3.0E-18 2.7E-18 3.8E-19 2.6E-19 0.0     0.   0. 
  16   4.3E-19 4.3E-18 4.3E-18 2.6E-18 2.3E-18 3.8E-19 3.2E-19 0.0     0.   0. 
  17   4.0E-19 3.1E-18 3.7E-18 2.3E-18 2.1E-18 3.8E-19 3.7E-19 0.0     0.   0. 
  18   3.8E-19 2.0E-18 3.1E-18 2.0E-18 1.8E-18 3.8E-19 3.8E-19 0.0     0.   0. 
  19   3.5E-19 1.3E-18 2.5E-18 1.7E-18 1.5E-18 3.8E-19 3.8E-19 0.0     0.   0. 
  20   3.3E-19 8.5E-19 2.2E-18 1.5E-18 1.3E-18 3.6E-19 3.9E-19 0.0     0.   0. 
  21   3.1E-19 5.2E-19 1.8E-18 1.2E-18 1.1E-18 3.1E-19 4.0E-19 0.0     0.   0. 
  22   2.9E-19 2.7E-19 1.5E-18 1.0E-18 9.0E-19 2.8E-19 4.0E-19 0.0     0.   0. 
  23   2.7E-19 1.8E-19 1.3E-18 8.7E-19 7.5E-19 2.5E-19 4.0E-19 0.0     0.   0. 
  24   2.5E-19 1.3E-19 1.1E-18 7.4E-19 6.3E-19 2.2E-19 3.9E-19 0.0     0.   0. 
  25   2.3E-19 1.0E-19 1.0E-18 6.3E-19 5.4E-19 1.9E-19 3.7E-19 0.0     0.   0. 
  26   2.2E-19 8.0E-20 9.3E-19 5.2E-19 4.4E-19 1.7E-19 3.1E-19 0.0     0.   0. 
  27   1.9E-19 6.0E-20 8.3E-19 4.4E-19 3.8E-19 1.5E-19 2.6E-19 0.0     0.   0. 
  28   1.7E-19 4.9E-20 7.6E-19 3.6E-19 3.2E-19 1.4E-19 2.2E-19 0.0     0.   0. 
  29   1.6E-19 3.8E-20 7.0E-19 3.1E-19 2.6E-19 1.2E-19 1.7E-19 0.0     0.   0. 
  30   1.4E-19 3.1E-20 6.4E-19 2.5E-19 2.2E-19 1.0E-19 1.2E-19 0.0     0.   0. 
  31   1.3E-19 2.6E-20 5.9E-19 2.2E-19 1.8E-19 9.0E-20 7.3E-20 3.0E-22 .21  .42
  32   1.1E-19 2.3E-20 5.4E-19 1.7E-19 1.5E-19 8.0E-20 5.3E-20 4.5E-22 .22  .43
  33   1.0E-19 2.1E-20 4.8E-19 1.4E-19 1.2E-19 7.0E-20 4.3E-20 6.8E-22 .23  .44
  34   9.0E-20 1.9E-20 4.3E-19 1.2E-19 9.6E-20 6.0E-20 3.3E-20 1.1E-21 .24  .45
  35   8.0E-20 1.9E-20 3.9E-19 9.6E-20 8.0E-20 5.4E-20 2.4E-20 1.6E-21 .25  .46
  36   6.8E-20 1.9E-20 3.4E-19 7.8E-20 6.4E-20 4.7E-20 1.5E-20 2.6E-21 .27  .47
  37   5.8E-20 1.9E-20 3.0E-19 6.4E-20 5.0E-20 4.0E-20 1.7E-20 4.0E-21 .29  .48
  38   5.0E-20 1.9E-20 2.6E-19 5.1E-20 4.1E-20 3.5E-20 1.9E-20 5.2E-21 .31  .48
  39   4.2E-20 1.8E-20 2.2E-19 4.0E-20 3.2E-20 3.0E-20 2.1E-20 6.7E-21 .35  .48
  40   3.5E-20 1.7E-20 1.9E-19 3.1E-20 2.5E-20 2.6E-20 2.6E-20 8.2E-21 .38  .47
  41   3.0E-20 1.5E-20 1.6E-19 2.3E-20 1.9E-20 2.2E-20 3.4E-20 1.0E-20 .42  .44
  42   2.5E-20 1.3E-20 1.2E-19 1.7E-20 1.4E-20 1.9E-20 4.2E-20 1.4E-20 .48  .40
  43   2.0E-20 1.1E-20 9.5E-20 1.2E-20 1.0E-20 1.5E-20 5.1E-20 1.8E-20 .54  .35
  44   1.7E-20 9.2E-21 7.2E-20 8.3E-21 6.8E-21 1.3E-20 6.3E-20 2.1E-20 .62  .32
  45   1.3E-20 7.0E-21 5.0E-20 5.4E-21 4.3E-21 1.0E-20 7.6E-20 2.4E-20 .68  .28
  46   1.0E-20 5.1E-21 3.4E-20 3.3E-21 2.5E-21 8.2E-21 8.6E-20 2.6E-20 .73  .25
  47   8.0E-21 3.4E-21 2.3E-20 1.9E-21 1.4E-21 6.6E-21 1.0E-19 2.6E-20 .78  .23
  48   6.7E-21 2.5E-21 1.7E-20 1.2E-21 9.3E-22 5.6E-21 1.2E-19 2.6E-20 .78  .22
  49   5.0E-21 1.4E-21 1.1E-20 5.0E-22 4.2E-22 4.3E-21 1.6E-19 2.5E-20 .79  .22
  50   3.7E-21 7.4E-22 6.9E-21 2.6E-22 2.2E-22 3.4E-21 1.7E-19 2.4E-20 .77  .23
  51   2.8E-21 3.2E-22 4.2E-21 1.3E-22 1.1E-22 2.5E-21 2.2E-19 2.1E-20 .71  .29
  52   2.0E-21 1.2E-22 3.0E-21 6.4E-23 5.2E-23 1.9E-21 2.5E-19 1.9E-20 .62  .38
  53   1.5E-21 5.0E-23 2.0E-21 3.1E-23 2.6E-23 1.4E-21 2.8E-19 1.8E-20 .48  .51
  54   1.2E-21 2.0E-23 1.0E-21 1.6E-23 1.3E-23 1.1E-21 3.0E-19 1.8E-20 .31  .69
  55   9.0E-22 0.0     0.0     7.5E-24 6.6E-24 8.0E-22 3.5E-19 1.5E-20 .00  .73
  56   7.0E-22 0.0     0.0     3.8E-24 3.4E-24 6.0E-22 3.9E-19 1.2E-20 .00  .69
  57   5.0E-22 0.0     0.0     0.0     0.0     4.7E-22 4.1E-19 7.7E-21 .00  .55
  58   3.0E-22 0.0     0.0     0.0     0.0     4.0E-22 4.1E-19 4.2E-21 .00  .40
  59   0.0     0.0     0.0     0.0     0.0     0.0     4.5E-19 6.0E-22 .00  .12
  60   0.0     0.0     0.0     0.0     0.0     0.0     5.4E-19 0.0     .00  .00
  61   0.0     0.0     0.0     0.0     0.0     0.0     6.0E-19 0.0     .00  .00
  62   0.0     0.0     0.0     0.0     0.0     0.0     6.0E-19 0.0     .00  .00
  63   0.0     0.0     0.0     0.0     0.0     0.0     6.8E-19 0.0     .00  .00
  64   0.0     0.0     0.0     0.0     0.0     0.0     5.8E-19 0.0     .00  .00
  65   0.0     0.0     0.0     0.0     0.0     0.0     0.0     0.0     .00  .00
  66   0.0     0.0     0.0     0.0     0.0     0.0     0.0     0.0     .00  .00
  67   0.0     0.0     0.0     0.0     0.0     0.0     0.0     0.0     .00  .00
  68   0.0     0.0     0.0     0.0     0.0     0.0     0.0     0.0     .00  .00

INT    CL2     HOCL    CLNO    CLONO   CLONO2  CCL4    CLO2    CLO3    CCL3F
===============================================================================
   1   0.0     0.0     0.0     0.0     0.0     1.0E-17 0.0     5.3E-18 3.3E-18
   2   0.0     0.0     0.0     0.0     0.0     1.0E-17 0.0     5.3E-18 3.2E-18
   3   0.0     0.0     0.0     0.0     0.0     9.0E-18 0.0     5.3E-18 3.1E-18
   4   0.0     0.0     0.0     0.0     0.0     6.8E-18 0.0     5.3E-18 3.0E-18
   5   0.0     0.0     0.0     0.0     0.0     5.2E-18 0.0     5.3E-18 2.7E-18
   6   0.0     0.0     0.0     0.0     0.0     4.0E-18 0.0     5.3E-18 2.5E-18
   7   0.0     0.0     0.0     0.0     0.0     3.2E-18 0.0     5.3E-18 2.3E-18
   8   0.0     0.0     0.0     0.0     0.0     2.3E-18 0.0     5.3E-18 2.1E-18
   9   0.0     0.0     5.0E-17 0.0     6.0E-18 1.6E-18 0.0     5.3E-18 1.8E-18
  10   0.0     0.0     5.5E-17 0.0     5.5E-18 1.1E-18 0.0     5.3E-18 1.6E-18
  11   0.0     0.0     6.0E-17 0.0     5.0E-18 8.0E-19 0.0     5.3E-18 1.3E-18
  12   0.0     0.0     6.3E-17 0.0     4.5E-18 7.0E-19 0.0     5.3E-18 1.1E-18
  13   0.0     0.0     6.6E-17 0.0     4.0E-18 6.6E-19 0.0     5.3E-18 9.0E-19
  14   0.0     5.0E-20 6.9E-17 0.0     3.5E-18 6.5E-19 0.0     5.3E-18 7.2E-19
  15   0.0     5.2E-20 6.8E-17 0.0     3.0E-18 6.3E-19 0.0     5.3E-18 5.8E-19
  16   0.0     5.4E-20 6.5E-17 0.0     2.9E-18 6.1E-19 0.0     5.3E-18 4.5E-19
  17   0.0     5.6E-20 5.7E-17 0.0     2.9E-18 5.8E-19 0.0     5.2E-18 3.2E-19
  18   0.0     5.8E-20 4.8E-17 0.0     3.0E-18 5.4E-19 0.0     5.1E-18 2.4E-19
  19   0.0     6.1E-20 3.6E-17 0.0     3.1E-18 4.8E-19 0.0     5.1E-18 1.8E-19
  20   0.0     6.4E-20 2.7E-17 0.0     3.4E-18 4.2E-19 0.0     5.0E-18 1.2E-19
  21   0.0     7.3E-20 2.0E-17 0.0     3.6E-18 3.4E-19 0.0     4.9E-18 8.2E-20
  22   0.0     8.4E-20 1.6E-17 0.0     3.6E-18 2.6E-19 0.0     4.9E-18 4.7E-20
  23   0.0     9.8E-20 1.2E-17 0.0     3.5E-18 2.0E-19 0.0     4.8E-18 3.2E-20
  24   0.0     1.2E-19 9.4E-18 0.0     3.4E-18 1.5E-19 0.0     4.7E-18 2.0E-20
  25   0.0     1.4E-19 7.7E-18 0.0     3.1E-18 1.1E-19 2.2E-18 4.6E-18 1.2E-20
  26   0.0     1.7E-19 5.4E-18 0.0     2.6E-18 7.0E-20 3.0E-18 4.5E-18 7.0E-21
  27   0.0     1.8E-19 4.3E-18 0.0     2.2E-18 4.7E-20 4.2E-18 4.4E-18 4.2E-21
  28   0.0     1.9E-19 3.3E-18 0.0     1.9E-18 3.3E-20 5.4E-18 4.2E-18 2.6E-21
  29   0.0     2.1E-19 2.3E-18 2.2E-18 1.5E-18 2.1E-20 7.0E-18 3.9E-18 1.5E-21
  30   0.0     2.2E-19 1.7E-18 2.0E-18 1.2E-18 1.4E-20 8.6E-18 3.7E-18 9.0E-22
  31   8.0E-22 2.2E-19 1.4E-18 1.8E-18 1.1E-18 9.0E-21 1.0E-17 3.5E-18 5.4E-22
  32   8.6E-22 2.2E-19 1.0E-18 1.6E-18 9.2E-19 5.4E-21 1.2E-17 3.5E-18 2.8E-22
  33   9.6E-22 2.1E-19 7.2E-19 1.4E-18 7.6E-19 3.6E-21 1.3E-17 3.5E-18 1.6E-22
  34   1.1E-21 1.9E-19 5.0E-19 1.1E-18 6.2E-19 2.2E-21 1.3E-17 3.6E-18 8.6E-23
  35   1.3E-21 1.7E-19 4.0E-19 9.4E-19 5.4E-19 1.6E-21 1.2E-17 3.8E-18 5.4E-23
  36   1.5E-21 1.4E-19 2.7E-19 6.7E-19 4.6E-19 1.0E-21 1.2E-17 4.0E-18 3.3E-23
  37   2.0E-21 1.2E-19 2.0E-19 6.4E-19 3.8E-19 4.0E-22 1.1E-17 4.2E-18 1.8E-23
  38   2.7E-21 9.8E-20 1.7E-19 6.6E-19 3.3E-19 2.0E-22 9.1E-18 4.3E-18 1.2E-23
  39   3.9E-21 8.4E-20 1.5E-19 7.2E-19 2.7E-19 1.2E-22 7.3E-18 4.4E-18 0.0    
  40   6.0E-21 7.0E-20 1.3E-19 8.4E-19 2.2E-19 7.0E-23 5.8E-18 4.5E-18 0.0    
  41   1.1E-20 6.0E-20 1.2E-19 1.0E-18 1.8E-19 4.0E-23 4.4E-18 4.5E-18 0.0    
  42   1.8E-20 5.0E-20 1.1E-19 1.2E-18 1.5E-19 2.1E-23 3.2E-18 4.6E-18 0.0    
  43   2.7E-20 4.8E-20 1.1E-19 1.3E-18 1.2E-19 0.0     2.3E-18 4.6E-18 0.0    
  44   3.9E-20 4.8E-20 1.0E-19 1.4E-18 9.3E-20 0.0     0.0     4.5E-18 0.0    
  45   5.6E-20 5.0E-20 9.8E-20 1.5E-18 7.2E-20 0.0     0.0     4.4E-18 0.0    
  46   7.7E-20 5.4E-20 9.6E-20 1.4E-18 5.4E-20 0.0     0.0     4.3E-18 0.0    
  47   1.0E-19 5.8E-20 9.4E-20 1.3E-18 4.3E-20 0.0     0.0     4.1E-18 0.0    
  48   1.2E-19 6.2E-20 9.5E-20 1.3E-18 3.3E-20 0.0     0.0     4.0E-18 0.0    
  49   1.5E-19 6.4E-20 1.0E-19 1.2E-18 2.3E-20 0.0     0.0     3.6E-18 0.0    
  50   1.8E-19 6.3E-20 1.1E-19 1.0E-18 1.7E-20 0.0     0.0     3.2E-18 0.0    
  51   2.1E-19 5.8E-20 1.2E-19 9.2E-19 1.2E-20 0.0     0.0     2.8E-18 0.0    
  52   2.3E-19 5.0E-20 1.2E-19 8.0E-19 9.0E-21 0.0     0.0     2.5E-18 0.0    
  53   2.5E-19 4.4E-20 1.3E-19 7.5E-19 6.6E-21 0.0     0.0     2.1E-18 0.0    
  54   2.6E-19 3.7E-20 1.3E-19 5.9E-19 5.1E-21 0.0     0.0     1.8E-18 0.0    
  55   2.5E-19 3.0E-20 1.4E-19 4.9E-19 4.0E-21 0.0     0.0     1.4E-18 0.0    
  56   2.4E-19 2.4E-20 1.4E-19 4.4E-19 3.2E-21 0.0     0.0     1.1E-18 0.0    
  57   2.1E-19 1.8E-20 1.3E-19 3.6E-19 2.9E-21 0.0     0.0     9.0E-19 0.0    
  58   1.9E-19 1.4E-20 1.3E-19 2.7E-19 2.5E-21 0.0     0.0     7.6E-19 0.0    
  59   1.3E-19 8.0E-21 1.2E-19 1.6E-19 2.1E-21 0.0     0.0     0.0     0.0    
  60   8.3E-20 4.5E-21 1.0E-19 9.0E-20 1.6E-21 0.0     0.0     0.0     0.0    
  61   4.9E-20 2.4E-21 8.3E-20 4.1E-20 1.2E-21 0.0     0.0     0.0     0.0    
  62   3.3E-20 1.5E-21 6.7E-20 2.2E-20 9.0E-22 0.0     0.0     0.0     0.0    
  63   1.9E-20 5.0E-22 5.1E-20 6.0E-21 6.4E-22 0.0     0.0     0.0     0.0    
  64   1.3E-20 4.0E-22 0.0     0.0     4.4E-22 0.0     0.0     0.0     0.0    
  65   9.9E-21 0.0     0.0     0.0     2.7E-22 0.0     0.0     0.0     0.0     
  66   7.3E-21 0.0     0.0     0.0     1.6E-22 0.0     0.0     0.0     0.0    
  67   5.3E-21 0.0     0.0     0.0     9.0E-23 0.0     0.0     0.0     0.0    
  68   3.4E-21 0.0     0.0     0.0     5.0E-23 0.0     0.0     0.0     0.0    


        Exponential sum coefficients for O2
        -----------------------------------
  L   N        A1           A2           A3           A4
            K1           K2           K3           K4
=============================================================
  1   3       0.26360      0.47208      0.26432      0.00000   
           2.1549E-20   1.0201E-19   5.0956E-19   0.0000E+00

  2   4       0.37394      0.32727      0.17924      0.11955   
           3.1815E-21   1.4877E-20   9.6350E-20   7.6965E-19

  3   4       0.54935      0.19950      0.16324      0.08790   
           1.8008E-21   8.6368E-21   5.0848E-20   3.0440E-19

  4   4       0.34674      0.29605      0.22814      0.12907     
           1.4823E-21   6.5329E-21   4.2558E-20   2.7521E-19

  5   3       0.51000      0.30872      0.18128      0.00000     
           8.1948E-22   7.0062E-21   1.1333E-19   0.0000E+00

  6   3       0.42433      0.41256      0.16311      0.00000     
           3.7925E-22   2.8431E-21   3.8916E-20   0.0000E+00

  7   4       0.33693      0.40358      0.19907      0.06042     
           2.3694E-22   1.0478E-21   6.5329E-21   6.6572E-20

  8   4       0.38154      0.39166      0.17958      0.04723     
           9.7031E-23   4.8461E-22   3.2138E-21   3.0968E-20

  9   4       0.60810      0.30851      0.05580      0.02759     
           7.6886E-23   6.0066E-22   6.0754E-21   2.1072E-20

 10   4       0.68739      0.22851      0.06887      0.01523     
           7.0630E-23   6.7364E-22   5.5949E-22   2.0992E-20

 11   3       0.41084      0.43140      0.15776      0.00000     
           4.3962E-23   2.5010E-22   2.0060E-21   0.0000E+00

 12   2       0.72673      0.27327      0.00000      0.00000     
           3.7391E-23   3.0696E-22   0.0000E+00   0.0000E+00

 13   2       0.86499      0.13501      0.00000      0.00000     
           2.6937E-23   1.6078E-22   0.0000E+00   0.0000E+00

 14   3       0.90156      0.08761      0.01082      0.00000     
           2.2109E-23   6.3908E-23   4.8883E-23   0.0000E+00

 15   2       0.68851      0.31149      0.00000      0.00000     
           2.0184E-23   2.6244E-23   0.0000E+00   0.0000E+00

 16   2       0.21803      0.78197      0.00000      0.00000     
           1.8368E-23   2.1153E-23   0.0000E+00   0.0000E+00

 17   1       1.00000      0.00000      0.00000      0.00000     
           1.9572E-23   0.0000E+00   0.0000E+00   0.0000E+00


               so2(so+0)    so2(1so2)    s02(3so2)    so           h2s           ocs          so3
=====================================================================================================
          1    1.460E-18    0.000E+00    0.000E+00    1.000E-18    3.300E-18    1.500E-20    1.000E-18
          2    1.940E-18    0.000E+00    0.000E+00    1.000E-18    4.100E-18    1.500E-20    1.000E-18
          3    2.420E-18    0.000E+00    0.000E+00    1.000E-18    5.000E-18    1.500E-20    1.000E-18
          4    2.800E-18    0.000E+00    0.000E+00    1.000E-18    6.000E-18    1.600E-20    1.000E-18
          5    3.130E-18    0.000E+00    0.000E+00    1.000E-18    7.000E-18    2.500E-20    1.000E-18
          6    3.470E-18    0.000E+00    0.000E+00    1.000E-18    8.000E-18    5.600E-20    1.000E-18
          7    3.852E-18    0.000E+00    0.000E+00    2.260E-18    9.000E-18    1.300E-19    1.000E-18
          8    4.272E-18    0.000E+00    0.000E+00    4.360E-18    1.000E-17    5.600E-20    1.000E-18
          9    4.704E-18    0.000E+00    0.000E+00    6.520E-18    1.050E-17    2.550E-20    1.050E-18
         10    5.136E-18    0.000E+00    0.000E+00    8.680E-18    1.100E-17    1.600E-20    1.000E-18
         11    5.580E-18    0.000E+00    0.000E+00    1.090E-17    1.150E-17    1.550E-20    1.050E-18
         12    5.997E-18    0.000E+00    0.000E+00    1.303E-17    1.200E-17    1.800E-20    8.000E-19
         13    5.959E-18    0.000E+00    0.000E+00    1.341E-17    1.100E-17    2.400E-20    7.800E-19
         14    5.920E-18    0.000E+00    0.000E+00    1.380E-17    1.030E-17    3.330E-20    7.530E-19
         15    5.780E-18    0.000E+00    0.000E+00    1.320E-17    9.000E-18    4.500E-20    7.100E-19
         16    5.534E-18    0.000E+00    0.000E+00    1.156E-17    7.200E-18    6.200E-20    6.700E-19
         17    5.249E-18    0.000E+00    0.000E+00    9.976E-18    6.000E-18    8.300E-20    6.200E-19
         18    4.535E-18    0.000E+00    0.000E+00    9.640E-18    4.400E-18    1.100E-19    5.600E-19
         19    3.804E-18    0.000E+00    0.000E+00    9.296E-18    3.800E-18    1.400E-19    4.800E-19
         20    2.973E-18    6.930E-19    0.000E+00    7.880E-18    3.100E-18    1.800E-19    4.100E-19
         21    2.099E-18    1.659E-18    0.000E+00    6.040E-18    2.300E-18    2.200E-19    3.400E-19
         22    1.275E-18    3.800E-18    0.000E+00    4.450E-18    1.900E-18    2.500E-19    2.800E-19
         23    4.420E-19    7.132E-18    0.000E+00    2.980E-18    1.400E-18    2.800E-19    2.200E-19
         24    0.000E+00    7.004E-18    0.000E+00    1.929E-18    1.100E-18    2.900E-19    1.700E-19
         25    0.000E+00    2.952E-18    0.000E+00    1.351E-18    9.500E-19    2.900E-19    1.300E-19
         26    0.000E+00    2.440E-19    0.000E+00    8.400E-19    6.500E-19    2.700E-19    1.100E-19
         27    0.000E+00    1.504E-19    0.000E+00    5.020E-19    4.500E-19    2.400E-19    8.900E-20
         28    0.000E+00    8.050E-20    0.000E+00    2.400E-19    3.100E-19    1.900E-19    7.000E-20
         29    0.000E+00    3.838E-20    0.000E+00    6.720E-20    2.000E-19    1.400E-19    5.600E-20
         30    0.000E+00    2.336E-20    0.000E+00    0.000E+00    1.300E-19    9.700E-20    4.500E-20
         31    0.000E+00    2.564E-20    0.000E+00    0.000E+00    9.000E-20    6.200E-20    4.000E-20
         32    0.000E+00    3.139E-20    0.000E+00    0.000E+00    5.200E-20    3.900E-20    3.200E-20
         33    0.000E+00    3.908E-20    0.000E+00    0.000E+00    3.200E-20    2.300E-20    2.600E-20
         34    0.000E+00    5.494E-20    0.000E+00    0.000E+00    2.000E-20    1.300E-20    2.000E-20
         35    0.000E+00    9.404E-20    0.000E+00    0.000E+00    1.100E-20    6.800E-21    1.600E-20
         36    0.000E+00    1.561E-19    0.000E+00    0.000E+00    6.100E-21    3.500E-21    1.300E-20
         37    0.000E+00    2.149E-19    0.000E+00    0.000E+00    3.300E-21    1.800E-21    1.000E-20
         38    0.000E+00    2.761E-19    0.000E+00    0.000E+00    2.000E-21    9.000E-22    8.000E-21
         39    0.000E+00    3.391E-19    0.000E+00    0.000E+00    1.000E-21    4.200E-22    6.200E-21
         40    0.000E+00    4.310E-19    0.000E+00    0.000E+00    4.800E-22    2.000E-22    4.500E-21
         41    0.000E+00    5.216E-19    0.000E+00    0.000E+00    0.000E+00    1.000E-22    3.600E-21
         42    0.000E+00    6.170E-19    0.000E+00    0.000E+00    0.000E+00    5.000E-23    2.700E-21
         43    0.000E+00    7.325E-19    0.000E+00    0.000E+00    0.000E+00    2.000E-23    2.000E-21
         44    0.000E+00    7.770E-19    0.000E+00    0.000E+00    0.000E+00    9.000E-24    1.500E-21
         45    0.000E+00    7.788E-19    0.000E+00    0.000E+00    0.000E+00    5.000E-24    1.100E-21
         46    0.000E+00    7.140E-19    0.000E+00    0.000E+00    0.000E+00    2.000E-24    7.700E-22
         47    0.000E+00    5.832E-19    0.000E+00    0.000E+00    0.000E+00    0.000E+00    5.700E-22    
         48    0.000E+00    4.410E-19    0.000E+00    0.000E+00    0.000E+00    0.000E+00    4.000E-22    
         49    0.000E+00    3.844E-19    0.000E+00    0.000E+00    0.000E+00    0.000E+00    2.800E-22    
         50    0.000E+00    3.068E-19    0.000E+00    0.000E+00    0.000E+00    0.000E+00    1.900E-22    
         51    0.000E+00    1.500E-19    0.000E+00    0.000E+00    0.000E+00    0.000E+00    1.300E-22    
         52    0.000E+00    4.000E-20    0.000E+00    0.000E+00    0.000E+00    0.000E+00    8.000E-23    
         53    0.000E+00    1.200E-20    0.000E+00    0.000E+00    0.000E+00    0.000E+00    5.500E-23    
         54    0.000E+00    4.000E-21    0.000E+00    0.000E+00    0.000E+00    0.000E+00    3.600E-23    
         55    0.000E+00    0.000E+00    0.000E+00    0.000E+00    0.000E+00    0.000E+00    2.500E-23    
         56    0.000E+00    0.000E+00    2.500E-23    0.000E+00    0.000E+00    0.000E+00    1.700E-23    
         57    0.000E+00    0.000E+00    3.250E-23    0.000E+00    0.000E+00    0.000E+00    1.000E-23     
         58    0.000E+00    0.000E+00    6.100E-23    0.000E+00    0.000E+00    0.000E+00    5.000E-24       
         59    0.000E+00    0.000E+00    1.400E-22    0.000E+00    0.000E+00    0.000E+00    0.000E+00        
         60    0.000E+00    0.000E+00    2.300E-22    0.000E+00    0.000E+00    0.000E+00    0.000E+00        
         61    0.000E+00    0.000E+00    1.000E-22    0.000E+00    0.000E+00    0.000E+00    0.000E+00        
         62    0.000E+00    0.000E+00    3.800E-23    0.000E+00    0.000E+00    0.000E+00    0.000E+00        
         63    0.000E+00    0.000E+00    0.000E+00    0.000E+00    0.000E+00    0.000E+00    0.000E+00        
         64    0.000E+00    0.000E+00    0.000E+00    0.000E+00    0.000E+00    0.000E+00    0.000E+00        
         65    0.000E+00    0.000E+00    0.000E+00    0.000E+00    0.000E+00    0.000E+00    0.000E+00        
         66    0.000E+00    0.000E+00    0.000E+00    0.000E+00    0.000E+00    0.000E+00    0.000E+00        
         67    0.000E+00    0.000E+00    0.000E+00    0.000E+00    0.000E+00    0.000E+00    0.000E+00        
         68    0.000E+00    0.000E+00    0.000E+00    0.000E+00    0.000E+00    0.000E+00    0.000E+00        

  Int    N2O5       Cl2O2
=============================================================================
   1   0.00E+00   0.00E+00
   2   0.00E+00   0.00E+00
   3   0.00E+00   0.00E+00
   4   0.00E+00   0.00E+00
   5   0.00E+00   0.00E+00
   6   0.00E+00   0.00E+00
   7   0.00E+00   0.00E+00
   8   0.00E+00   0.00E+00
   9   0.00E+00   0.00E+00
  10   0.00E+00   0.00E+00
  11   0.00E+00   0.00E+00
  12   0.00E+00   0.00E+00
  13   0.00E+00   0.00E+00
  14   0.00E+00   0.00E+00
  15   9.00E-18   3.68E-18
  16   8.60E-18   3.38E-18
  17   8.20E-18   3.12E-18
  18   7.20E-18   2.86E-18
  19   5.90E-18   2.58E-18
  20   5.00E-18   2.36E-18
  21   4.10E-18   2.17E-18
  22   3.35E-18   2.07E-18
  23   2.65E-18   2.08E-18
  24   2.00E-18   2.20E-18
  25   1.70E-18   2.38E-18
  26   1.35E-18   2.80E-18
  27   1.12E-18   3.35E-18
  28   9.40E-19   4.00E-18
  29   8.10E-19   4.67E-18
  30   7.20E-19   5.47E-18
  31   6.10E-19   5.90E-18
  32   5.70E-19   6.29E-18
  33   5.10E-19   6.41E-18
  34   4.30E-19   6.27E-18
  35   3.80E-19   5.86E-18
  36   3.20E-19   5.26E-18
  37   2.80E-19   4.63E-18
  38   2.50E-19   3.95E-18
  39   2.00E-19   3.34E-18
  40   1.70E-19   2.77E-18
  41   1.50E-19   2.38E-18
  42   1.30E-19   2.05E-18
  43   1.20E-19   1.74E-18
  44   0.00E+00   1.49E-18
  45   0.00E+00   1.26E-18
  46   0.00E+00   1.05E-18
  47   0.00E+00   8.60E-19
  48   0.00E+00   7.00E-19
  49   0.00E+00   5.60E-19
  50   0.00E+00   4.30E-19
  51   0.00E+00   3.20E-19
  52   0.00E+00   2.60E-19
  53   0.00E+00   2.00E-19
  54   0.00E+00   1.70E-19
  55   0.00E+00   1.40E-19
  56   0.00E+00   1.20E-19
  57   0.00E+00   1.10E-19
  58   0.00E+00   8.00E-20
  59   0.00E+00   6.00E-20
  60   0.00E+00   0.00E+00
  61   0.00E+00   0.00E+00
  62   0.00E+00   0.00E+00
  63   0.00E+00   0.00E+00
  64   0.00E+00   0.00E+00
  65   0.00E+00   0.00E+00
  66   0.00E+00   0.00E+00
  67   0.00E+00   0.00E+00
  68   0.00E+00   0.00E+00
