Models of:

          -Baraffe, Chabrier, Allard, Hauschildt, 1998, A&A, 337, 403
"Evolutionary models for solar metallicity low-mass stars: mass-magnitude
relationships and color-magnitude diagrams"

          -Baraffe, Chabrier, Allard, Hauschildt, 2001,  A&A, accepted
"Evolutionary models for low-mass stars and brown dwarfs: uncertainties and
limits at very young ages"

NOTE 1: the atmosphere models used are GRAINLESS and do not extend
      below Teff < 1700K


m: mass in Msun
g --> log g
log L ---> log L/Lsun
absolute magnitudes VRI in Cousins System of Bessell
                    JHK  in CIT-system
                    L' in Johnson-Glass - M in Johnson system


[M/H]=0    Y=0.275  L_mix = H_P


  log t (yr) = 9.6
--------------------------------------------------------------------------------
 m      Teff     g    log L   Mv     Mr     Mi     Mj     Mh     Mk     Ml'     Mm
--------------------------------------------------------------------------------
 0.072 1771.  5.415  -4.18  23.70  20.45  17.52  12.91  12.20  12.08  10.71  11.23
 0.075 2009.  5.392  -3.92  21.85  19.21  16.41  12.25  11.54  11.37  10.27  10.79
 0.080 2312.  5.350  -3.61  19.54  17.54  14.98  11.49  10.82  10.57   9.76  10.22
 0.090 2640.  5.292  -3.27  17.09  15.56  13.40  10.74  10.10   9.81   9.22   9.54
 0.100 2812.  5.251  -3.07  15.86  14.50  12.57  10.31   9.69   9.39   8.89   9.14
 0.110 2920.  5.218  -2.93  15.10  13.84  12.04  10.00   9.40   9.10   8.64   8.85
 0.130 3054.  5.169  -2.73  14.17  13.00  11.37   9.55   8.96   8.66   8.26   8.43
 0.150 3151.  5.134  -2.58  13.51  12.41  10.89   9.21   8.62   8.33   7.96   8.11
 0.175 3235.  5.098  -2.43  12.93  11.87  10.44   8.87   8.29   8.01   7.66   7.80
 0.200 3292.  5.068  -2.31  12.51  11.49  10.11   8.59   8.01   7.74   7.41   7.54
 0.250 3375.  5.017  -2.12  11.88  10.89   9.58   8.13   7.56   7.30   7.00   7.12
 0.300 3436.  4.972  -1.97  11.39  10.43   9.16   7.76   7.19   6.93   6.65   6.78
 0.350 3476.  4.935  -1.84  11.03  10.08   8.83   7.46   6.90   6.64   6.38   6.50
 0.400 3522.  4.891  -1.72  10.65   9.73   8.50   7.16   6.59   6.35   6.10   6.22
 0.450 3581.  4.849  -1.60  10.27   9.37   8.18   6.88   6.30   6.07   5.83   5.96
 0.500 3648.  4.799  -1.47   9.87   8.99   7.84   6.57   5.99   5.77   5.56   5.70
 0.570 3801.  4.730  -1.27   9.20   8.36   7.31   6.12   5.51   5.33   5.18   5.33
 0.600 3890.  4.704  -1.18   8.88   8.06   7.07   5.93   5.30   5.14   5.02   5.19
 0.620 3955.  4.687  -1.12   8.66   7.84   6.90   5.80   5.16   5.02   4.92   5.09
 0.700 4231.  4.622  -0.89   7.76   7.00   6.26   5.30   4.68   4.57   4.54   4.72
 0.750 4448.  4.592  -0.74   7.17   6.45   5.86   5.01   4.43   4.35   4.33   4.50
 0.800 4640.  4.553  -0.60   6.66   6.00   5.49   4.72   4.20   4.13   4.12   4.27
 0.850 4825.  4.511  -0.46   6.20   5.60   5.14   4.44   3.97   3.91   3.90   4.04
 0.900 5020.  4.470  -0.33   5.77   5.23   4.80   4.16   3.74   3.69   3.68   3.80
 0.950 5208.  4.424  -0.19   5.36   4.87   4.47   3.89   3.51   3.47   3.46   3.57
 1.000 5375.  4.369  -0.06   4.98   4.52   4.15   3.62   3.27   3.23   3.23   3.33
 1.050 5528.  4.307   0.07   4.62   4.19   3.84   3.34   3.03   2.99   2.99   3.09
 1.100 5674.  4.245   0.20   4.27   3.87   3.53   3.07   2.78   2.75   2.76   2.84
 1.150 5785.  4.180   0.31   3.96   3.57   3.25   2.82   2.54   2.51   2.52   2.60
 1.200 5683.  4.070   0.41   3.73   3.33   3.00   2.54   2.25   2.21   2.22   2.31
