#NUMBER OF AGES= 1 MAGS=10
#----------------------------------------------------       
#MIX-LEN  Y      Z          Zeff        [Fe/H] [a/Fe]
# 1.9380  0.2696 1.6115E-02 1.6115E-02   0.00   0.00 
#----------------------------------------------------       
#**PHOTOMETRIC SYSTEM**: Bessell UBV(RI)c + 2MASS JHKs + Kepler (Vega)
#----------------------------------------------------       
#AGE= 4.000 EEPS=271
#EEP   M/Mo    LogTeff  LogG   LogL/Lo U       B       V       R       I       J       H       Ks      Kp      D51
   8  0.115435  3.5068  5.2516 -2.7705 16.9149 15.3581 13.7441 12.6373 11.1870  9.7741  9.2318  8.9911 12.5914 14.4149
   9  0.134258  3.5069  5.1848 -2.6376 16.5308 15.0094 13.4089 12.3044 10.8573  9.4423  8.9017  8.6592 12.2596 14.0692
  10  0.166915  3.5095  5.1090 -2.4571 15.9584 14.4926 12.9167 11.8255 10.3997  8.9971  8.4569  8.2146 11.7889 13.5623
  11  0.211039  3.5168  5.0532 -2.2702 15.2829 13.8826 12.3444 11.2843  9.9108  8.5482  8.0045  7.7664 11.2680 12.9742
  12  0.243238  3.5218  5.0195 -2.1550 14.8703 13.5056 11.9906 10.9498  9.6098  8.2727  7.7256  7.4906 10.9462 12.6116
  13  0.272596  3.5259  4.9932 -2.0626 14.5442 13.2042 11.7075 10.6821  9.3684  8.0522  7.5013  7.2690 10.6879 12.3222
  14  0.293124  3.5287  4.9752 -2.0020 14.3344 13.0083 11.5233 10.5076  9.2107  7.9079  7.3540  7.1235 10.5194 12.1341
  15  0.303548  3.5301  4.9643 -1.9704 14.2267 12.9075 11.4284 10.4173  9.1285  7.8322  7.2766  7.0470 10.4320 12.0373
  16  0.309905  3.5309  4.9565 -1.9504 14.1603 12.8451 11.3695 10.3611  9.0770  7.7842  7.2276  6.9984 10.3774 11.9773
  17  0.314347  3.5314  4.9505 -1.9361 14.1131 12.8008 11.3277 10.3211  9.0401  7.7498  7.1924  6.9636 10.3385 11.9347
  18  0.317573  3.5318  4.9458 -1.9253 14.0782 12.7680 11.2968 10.2914  9.0125  7.7240  7.1661  6.9375 10.3095 11.9030
  19  0.320114  3.5321  4.9416 -1.9165 14.0497 12.7412 11.2715 10.2672  8.9900  7.7027  7.1442  6.9159 10.2858 11.8773
  20  0.322566  3.5324  4.9372 -1.9074 14.0201 12.7135 11.2455 10.2422  8.9669  7.6810  7.1220  6.8939 10.2614 11.8505
  21  0.324477  3.5326  4.9327 -1.8998 13.9971 12.6921 11.2251 10.2223  8.9477  7.6622  7.1029  6.8749 10.2418 11.8296
  22  0.326653  3.5329  4.9297 -1.8927 13.9738 12.6700 11.2044 10.2024  8.9294  7.6452  7.0855  6.8575 10.2225 11.8084
  23  0.329588  3.5333  4.9267 -1.8843 13.9460 12.6437 11.1795 10.1787  8.9078  7.6251  7.0650  6.8373 10.1994 11.7831
  24  0.327124  3.5328  4.9288 -1.8903 13.9670 12.6640 11.1979 10.1955  8.9240  7.6391  7.0808  6.8525 10.2160 11.8021
  25  0.337347  3.5341  4.9213 -1.8638 13.8736 12.5775 11.1162 10.1172  8.8562  7.5770  7.0185  6.7906 10.1409 11.7185
  26  0.458007  3.5554  4.8243 -1.5503 12.7921 11.5210 10.1150  9.1756  8.0315  6.8519  6.2584  6.0419  9.2395 10.7160
  27  0.475551  3.5597  4.8066 -1.4996 12.6187 11.3456  9.9461  9.0166  7.8980  6.7374  6.1373  5.9232  9.0890 10.5498
  28  0.490822  3.5637  4.7913 -1.4547 12.4639 11.1871  9.7930  8.8732  7.7811  6.6369  6.0305  5.8191  8.9542 10.3993
  29  0.504045  3.5674  4.7786 -1.4153 12.3267 11.0453  9.6553  8.7448  7.6786  6.5497  5.9373  5.7288  8.8342 10.2648
  30  0.514610  3.5706  4.7684 -1.3831 12.2142 10.9281  9.5413  8.6384  7.5951  6.4792  5.8619  5.6561  8.7351 10.1536
  31  0.524429  3.5738  4.7593 -1.3529 12.1089 10.8173  9.4332  8.5376  7.5163  6.4132  5.7911  5.5885  8.6412 10.0491
  32  0.535525  3.5776  4.7492 -1.3189 11.9904 10.6911  9.3100  8.4225  7.4273  6.3393  5.7115  5.5130  8.5342  9.9304
  33  0.549897  3.5825  4.7366 -1.2749 11.8375 10.5266  9.1483  8.2714  7.3123  6.2443  5.6090  5.4164  8.3942  9.7755
  34  0.567224  3.5889  4.7217 -1.2211 11.6475 10.3211  8.9455  8.0817  7.1718  6.1298  5.4848  5.3008  8.2194  9.5824
  35  0.585760  3.5962  4.7065 -1.1629 11.4475 10.0983  8.7304  7.8814  7.0203  6.0046  5.3497  5.1771  8.0327  9.3797
  36  0.603511  3.6035  4.6932 -1.1071 11.2557  9.8813  8.5261  7.6928  6.8754  5.8837  5.2206  5.0605  7.8548  9.1877
  37  0.622243  3.6118  4.6802 -1.0481 11.0379  9.6421  8.3009  7.4857  6.7225  5.7589  5.0899  4.9428  7.6605  8.9725
  38  0.636713  3.6186  4.6699 -0.9995 10.8890  9.4523  8.1236  7.3225  6.5997  5.6526  4.9724  4.8376  7.5066  8.8141
  39  0.663331  3.6316  4.6561 -0.9161 10.5263  9.0849  7.7966  7.0299  6.3817  5.4789  4.8072  4.6904  7.2260  8.4828
  40  0.699032  3.6494  4.6407 -0.8069  9.9403  8.5863  7.3704  6.6593  6.0924  5.2564  4.6213  4.5231  6.8608  8.0018
  41  0.775844  3.6866  4.6092 -0.5823  8.5736  7.5792  6.5432  5.9679  5.5029  4.8077  4.2852  4.2155  6.1510  6.9670
  42  0.803950  3.6986  4.5966 -0.5062  8.1452  7.2650  6.2834  5.7501  5.3097  4.6569  4.1716  4.1086  5.9248  6.6426
  43  0.819777  3.7052  4.5889 -0.4635  7.9005  7.0929  6.1414  5.6301  5.2029  4.5734  4.1077  4.0484  5.8001  6.4684
  44  0.834106  3.7111  4.5814 -0.4248  7.6826  6.9406  6.0160  5.5232  5.1075  4.4983  4.0493  3.9931  5.6891  6.3178
  45  0.847341  3.7166  4.5741 -0.3888  7.4840  6.8024  5.9025  5.4256  5.0197  4.4288  3.9951  3.9414  5.5878  6.1841
  46  0.859201  3.7214  4.5671 -0.3565  7.3092  6.6802  5.8026  5.3391  4.9417  4.3664  3.9457  3.8946  5.4981  6.0683
  47  0.870333  3.7257  4.5600 -0.3262  7.1492  6.5677  5.7107  5.2588  4.8690  4.3080  3.8992  3.8500  5.4148  5.9633
  48  0.881025  3.7298  4.5529 -0.2974  6.9988  6.4632  5.6249  5.1831  4.7998  4.2525  3.8551  3.8068  5.3365  5.8661
  49  0.891546  3.7337  4.5455 -0.2694  6.8559  6.3635  5.5430  5.1103  4.7329  4.1985  3.8119  3.7642  5.2612  5.7742
  50  0.901939  3.7374  4.5379 -0.2420  6.7209  6.2669  5.4637  5.0397  4.6681  4.1455  3.7682  3.7217  5.1882  5.6860
  51  0.912196  3.7409  4.5302 -0.2152  6.5923  6.1730  5.3867  4.9711  4.6052  4.0932  3.7246  3.6796  5.1172  5.6011
  52  0.919182  3.7433  4.5247 -0.1970  6.5072  6.1100  5.3350  4.9248  4.5627  4.0577  3.6945  3.6507  5.0694  5.5443
  53  0.926067  3.7455  4.5191 -0.1791  6.4247  6.0487  5.2844  4.8794  4.5209  4.0227  3.6649  3.6220  5.0226  5.4891
  54  0.932841  3.7477  4.5134 -0.1616  6.3451  5.9890  5.2353  4.8351  4.4801  3.9883  3.6355  3.5936  4.9768  5.4356
  55  0.939486  3.7498  4.5077 -0.1444  6.2684  5.9313  5.1874  4.7919  4.4401  3.9545  3.6065  3.5653  4.9321  5.3837
  56  0.945996  3.7518  4.5019 -0.1276  6.1942  5.8752  5.1407  4.7497  4.4010  3.9213  3.5778  3.5375  4.8887  5.3332
  57  0.952375  3.7537  4.4960 -0.1111  6.1229  5.8206  5.0954  4.7085  4.3628  3.8886  3.5495  3.5100  4.8461  5.2843
  58  0.958652  3.7556  4.4902 -0.0949  6.0536  5.7674  5.0511  4.6682  4.3253  3.8565  3.5214  3.4827  4.8045  5.2366
  59  0.964851  3.7573  4.4841 -0.0790  5.9861  5.7153  5.0075  4.6286  4.2884  3.8246  3.4936  3.4556  4.7636  5.1898
  60  0.971012  3.7591  4.4781 -0.0632  5.9201  5.6640  4.9645  4.5892  4.2518  3.7930  3.4658  3.4285  4.7233  5.1438
  61  0.977127  3.7608  4.4719 -0.0475  5.8556  5.6136  4.9222  4.5505  4.2157  3.7615  3.4381  3.4014  4.6833  5.0985
  62  0.983185  3.7625  4.4657 -0.0321  5.7927  5.5640  4.8805  4.5122  4.1799  3.7304  3.4105  3.3744  4.6439  5.0539
  63  0.989173  3.7640  4.4594 -0.0168  5.7315  5.5155  4.8394  4.4745  4.1447  3.6995  3.3831  3.3476  4.6052  5.0102
  64  0.995073  3.7656  4.4531 -0.0017  5.6719  5.4679  4.7991  4.4374  4.1100  3.6691  3.3560  3.3211  4.5671  4.9674
  65  1.000841  3.7671  4.4469  0.0130  5.6144  5.4216  4.7599  4.4013  4.0761  3.6392  3.3293  3.2949  4.5298  4.9257
  66  1.006396  3.7685  4.4407  0.0272  5.5597  5.3773  4.7221  4.3663  4.0433  3.6102  3.3033  3.2693  4.4940  4.8857
  67  1.011648  3.7698  4.4346  0.0408  5.5086  5.3355  4.6862  4.3331  4.0121  3.5825  3.2784  3.2449  4.4599  4.8481
  68  1.015515  3.7708  4.4301  0.0510  5.4712  5.3043  4.6595  4.3084  3.9888  3.5617  3.2597  3.2264  4.4344  4.8201
  69  1.018522  3.7716  4.4265  0.0591  5.4414  5.2795  4.6384  4.2887  3.9703  3.5453  3.2452  3.2121  4.4143  4.7979
  70  1.023125  3.7728  4.4210  0.0712  5.3967  5.2426  4.6066  4.2592  3.9426  3.5206  3.2228  3.1900  4.3839  4.7645
  71  1.028084  3.7739  4.4151  0.0839  5.3499  5.2036  4.5730  4.2279  3.9132  3.4942  3.1989  3.1666  4.3520  4.7292
  72  1.033102  3.7750  4.4090  0.0968  5.3034  5.1648  4.5393  4.1967  3.8836  3.4677  3.1748  3.1429  4.3199  4.6939
  73  1.038004  3.7762  4.4030  0.1093  5.2585  5.1270  4.5066  4.1661  3.8548  3.4418  3.1512  3.1196  4.2886  4.6596
  74  1.042616  3.7773  4.3973  0.1210  5.2162  5.0913  4.4755  4.1371  3.8274  3.4170  3.1286  3.0974  4.2589  4.6270
  75  1.046597  3.7782  4.3921  0.1317  5.1784  5.0592  4.4477  4.1113  3.8030  3.3950  3.1086  3.0776  4.2323  4.5979
  76  1.046129  3.7788  4.3927  0.1336  5.1664  5.0508  4.4422  4.1068  3.7996  3.3933  3.1080  3.0773  4.2275  4.5916
  77  1.049145  3.7796  4.3886  0.1425  5.1340  5.0236  4.4191  4.0855  3.7795  3.3754  3.0920  3.0615  4.2055  4.5674
  78  1.052746  3.7805  4.3840  0.1524  5.0979  4.9932  4.3936  4.0617  3.7573  3.3554  3.0739  3.0438  4.1811  4.5405
  79  1.056264  3.7814  4.3795  0.1620  5.0616  4.9625  4.3686  4.0387  3.7358  3.3364  3.0566  3.0269  4.1574  4.5141
  80  1.059446  3.7824  4.3754  0.1709  5.0273  4.9337  4.3455  4.0175  3.7160  3.3189  3.0409  3.0115  4.1353  4.4895
  81  1.062372  3.7832  4.3719  0.1793  4.9943  4.9062  4.3238  3.9977  3.6977  3.3029  3.0267  2.9977  4.1149  4.4665
  82  1.064781  3.7839  4.3688  0.1859  4.9692  4.8849  4.3069  3.9821  3.6831  3.2899  3.0150  2.9862  4.0987  4.4485
  83  1.067244  3.7845  4.3656  0.1926  4.9440  4.8636  4.2897  3.9663  3.6683  3.2767  3.0031  2.9745  4.0822  4.4305
  84  1.069789  3.7852  4.3624  0.1994  4.9184  4.8420  4.2723  3.9501  3.6531  3.2631  2.9908  2.9625  4.0655  4.4120
  85  1.072403  3.7858  4.3590  0.2063  4.8927  4.8203  4.2545  3.9336  3.6375  3.2492  2.9783  2.9501  4.0486  4.3933
  86  1.074911  3.7864  4.3559  0.2130  4.8680  4.7993  4.2376  3.9179  3.6228  3.2361  2.9664  2.9384  4.0323  4.3754
  87  1.077278  3.7870  4.3531  0.2193  4.8442  4.7793  4.2215  3.9030  3.6088  3.2236  2.9552  2.9273  4.0169  4.3584
  88  1.079509  3.7875  4.3504  0.2252  4.8214  4.7602  4.2061  3.8887  3.5954  3.2118  2.9446  2.9169  4.0022  4.3421
  89  1.081604  3.7882  4.3478  0.2310  4.7995  4.7420  4.1914  3.8751  3.5827  3.2005  2.9345  2.9070  3.9881  4.3266
  90  1.083578  3.7888  4.3454  0.2365  4.7787  4.7246  4.1772  3.8620  3.5703  3.1896  2.9249  2.8974  3.9745  4.3116
  91  1.085450  3.7893  4.3431  0.2418  4.7593  4.7084  4.1636  3.8492  3.5582  3.1789  2.9152  2.8878  3.9615  4.2973
  92  1.087223  3.7898  4.3408  0.2469  4.7415  4.6937  4.1503  3.8366  3.5461  3.1681  2.9056  2.8781  3.9486  4.2835
  93  1.088918  3.7903  4.3386  0.2518  4.7245  4.6794  4.1374  3.8243  3.5343  3.1576  2.8961  2.8685  3.9361  4.2701
  94  1.090556  3.7908  4.3362  0.2568  4.7081  4.6656  4.1247  3.8123  3.5228  3.1471  2.8867  2.8590  3.9239  4.2570
  95  1.092156  3.7913  4.3340  0.2616  4.6919  4.6521  4.1123  3.8004  3.5113  3.1369  2.8775  2.8497  3.9118  4.2440
  96  1.093747  3.7917  4.3317  0.2663  4.6762  4.6387  4.1000  3.7886  3.4999  3.1266  2.8682  2.8404  3.8999  4.2314
  97  1.095362  3.7921  4.3294  0.2711  4.6606  4.6254  4.0876  3.7768  3.4887  3.1163  2.8588  2.8309  3.8880  4.2186
  98  1.097067  3.7927  4.3270  0.2759  4.6450  4.6120  4.0750  3.7647  3.4770  3.1057  2.8492  2.8212  3.8758  4.2056
  99  1.098934  3.7931  4.3245  0.2810  4.6288  4.5981  4.0619  3.7523  3.4649  3.0947  2.8392  2.8111  3.8630  4.1920
 100  1.101051  3.7935  4.3218  0.2862  4.6120  4.5835  4.0480  3.7389  3.4520  3.0828  2.8283  2.8002  3.8496  4.1778
 101  1.103568  3.7940  4.3189  0.2921  4.5939  4.5677  4.0328  3.7242  3.4378  3.0698  2.8162  2.7880  3.8348  4.1622
 102  1.106721  3.7944  4.3153  0.2989  4.5736  4.5496  4.0153  3.7073  3.4213  3.0544  2.8020  2.7736  3.8177  4.1443
 103  1.111074  3.7950  4.3106  0.3075  4.5488  4.5271  3.9931  3.6857  3.4003  3.0347  2.7834  2.7549  3.7960  4.1218
 104  1.119111  3.7956  4.3010  0.3223  4.5081  4.4886  3.9553  3.6487  3.3639  2.9995  2.7494  2.7208  3.7588  4.0834
 105  1.207201  3.7932  4.1563  0.4899  4.0879  4.0589  3.5406  3.2347  2.9494  2.5794  2.3254  2.2976  3.3435  3.6672
 106  1.208691  3.7936  4.1531  0.4948  4.0741  4.0459  3.5275  3.2221  2.9372  2.5679  2.3146  2.2868  3.3308  3.6541
 107  1.210084  3.7940  4.1503  0.4997  4.0603  4.0331  3.5144  3.2095  2.9251  2.5568  2.3044  2.2766  3.3182  3.6406
 108  1.211263  3.7942  4.1473  0.5043  4.0480  4.0215  3.5024  3.1980  2.9140  2.5463  2.2945  2.2666  3.3066  3.6285
 109  1.212265  3.7946  4.1450  0.5086  4.0358  4.0102  3.4906  3.1867  2.9032  2.5365  2.2855  2.2577  3.2952  3.6164
 110  1.213223  3.7950  4.1425  0.5129  4.0240  3.9992  3.4790  3.1756  2.8927  2.5270  2.2768  2.2489  3.2841  3.6046
 111  1.214122  3.7954  4.1403  0.5172  4.0124  3.9883  3.4675  3.1647  2.8823  2.5176  2.2682  2.2403  3.2731  3.5929
 112  1.215316  3.7961  4.1370  0.5236  3.9945  3.9720  3.4500  3.1483  2.8668  2.5036  2.2557  2.2277  3.2565  3.5751
 113  1.216309  3.7968  4.1339  0.5297  3.9771  3.9560  3.4330  3.1321  2.8516  2.4900  2.2435  2.2155  3.2403  3.5577
 114  1.217202  3.7975  4.1310  0.5359  3.9595  3.9399  3.4160  3.1162  2.8367  2.4767  2.2318  2.2038  3.2242  3.5403
 115  1.217992  3.7982  4.1281  0.5419  3.9399  3.9224  3.3999  3.1012  2.8229  2.4646  2.2211  2.1932  3.2090  3.5235
 116  1.218673  3.7989  4.1252  0.5478  3.9196  3.9046  3.3842  3.0868  2.8096  2.4531  2.2110  2.1831  3.1941  3.5071
 117  1.219295  3.7996  4.1223  0.5537  3.8994  3.8867  3.3686  3.0727  2.7966  2.4418  2.2011  2.1734  3.1796  3.4909
 118  1.219883  3.8003  4.1195  0.5594  3.8792  3.8689  3.3534  3.0588  2.7838  2.4306  2.1913  2.1639  3.1652  3.4750
 119  1.220416  3.8009  4.1167  0.5651  3.8593  3.8512  3.3385  3.0451  2.7713  2.4196  2.1818  2.1544  3.1510  3.4593
 120  1.220889  3.8016  4.1137  0.5707  3.8398  3.8338  3.3239  3.0317  2.7590  2.4089  2.1723  2.1451  3.1372  3.4439
 121  1.221318  3.8022  4.1108  0.5762  3.8206  3.8167  3.3096  3.0185  2.7468  2.3982  2.1628  2.1358  3.1237  3.4289
 122  1.221707  3.8027  4.1076  0.5816  3.8023  3.8001  3.2955  3.0056  2.7349  2.3876  2.1534  2.1264  3.1103  3.4143
 123  1.222080  3.8033  4.1045  0.5870  3.7842  3.7835  3.2816  2.9927  2.7230  2.3769  2.1438  2.1169  3.0971  3.3997
 124  1.222438  3.8037  4.1012  0.5923  3.7667  3.7674  3.2679  2.9800  2.7111  2.3663  2.1341  2.1073  3.0839  3.3855
 125  1.222795  3.8042  4.0978  0.5976  3.7496  3.7515  3.2543  2.9674  2.6992  2.3555  2.1242  2.0975  3.0709  3.3714
 126  1.223169  3.8046  4.0943  0.6030  3.7331  3.7360  3.2408  2.9547  2.6872  2.3443  2.1139  2.0873  3.0579  3.3573
 127  1.223616  3.8048  4.0901  0.6083  3.7180  3.7212  3.2271  2.9416  2.6747  2.3325  2.1026  2.0762  3.0446  3.3434
 128  1.224324  3.8046  4.0842  0.6139  3.7057  3.7076  3.2132  2.9275  2.6605  2.3179  2.0878  2.0613  3.0306  3.3296
 129  1.226008  3.8039  4.0750  0.6203  3.6974  3.6953  3.1977  2.9108  2.6426  2.2980  2.0662  2.0396  3.0143  3.3149
 130  1.229198  3.8032  4.0666  0.6273  3.6867  3.6812  3.1808  2.8928  2.6237  2.2774  2.0444  2.0178  2.9967  3.2986
 131  1.232642  3.8027  4.0585  0.6346  3.6734  3.6651  3.1629  2.8741  2.6044  2.2569  2.0230  1.9962  2.9783  3.2811
 132  1.235984  3.8024  4.0511  0.6420  3.6580  3.6479  3.1445  2.8554  2.5855  2.2371  2.0026  1.9758  2.9597  3.2631
 133  1.239100  3.8022  4.0441  0.6492  3.6421  3.6305  3.1265  2.8373  2.5672  2.2184  1.9835  1.9567  2.9417  3.2453
 134  1.241977  3.8017  4.0377  0.6547  3.6327  3.6187  3.1129  2.8230  2.5523  2.2023  1.9666  1.9398  2.9276  3.2321
 135  1.244627  3.8006  4.0289  0.6600  3.6303  3.6111  3.1007  2.8090  2.5367  2.1839  1.9461  1.9190  2.9143  3.2212
 136  1.247052  3.7997  4.0199  0.6661  3.6233  3.5997  3.0861  2.7928  2.5192  2.1641  1.9245  1.8973  2.8987  3.2073
 137  1.249587  3.7987  4.0111  0.6721  3.6169  3.5890  3.0721  2.7772  2.5022  2.1448  1.9033  1.8759  2.8836  3.1942
 138  1.252128  3.7979  4.0028  0.6778  3.6103  3.5785  3.0589  2.7626  2.4864  2.1267  1.8835  1.8559  2.8695  3.1818
 139  1.254551  3.7971  3.9945  0.6838  3.6016  3.5664  3.0448  2.7473  2.4700  2.1083  1.8637  1.8359  2.8546  3.1685
 140  1.256846  3.7964  3.9865  0.6897  3.5924  3.5540  3.0310  2.7323  2.4539  2.0905  1.8445  1.8165  2.8400  3.1552
 141  1.259018  3.7957  3.9784  0.6959  3.5797  3.5393  3.0173  2.7177  2.4381  2.0730  1.8257  1.7976  2.8254  3.1418
 142  1.261078  3.7950  3.9701  0.7022  3.5659  3.5238  3.0030  2.7024  2.4220  2.0552  1.8068  1.7785  2.8103  3.1278
 143  1.263026  3.7945  3.9614  0.7093  3.5497  3.5061  2.9868  2.6856  2.4042  2.0359  1.7864  1.7581  2.7934  3.1119
 144  1.264864  3.7940  3.9545  0.7149  3.5362  3.4917  2.9737  2.6718  2.3897  2.0203  1.7700  1.7415  2.7797  3.0989
 145  1.266598  3.7935  3.9482  0.7197  3.5250  3.4795  2.9630  2.6603  2.3775  2.0068  1.7555  1.7270  2.7682  3.0883
 146  1.268221  3.7930  3.9422  0.7246  3.5129  3.4670  2.9521  2.6489  2.3653  1.9936  1.7415  1.7128  2.7568  3.0774
 147  1.269769  3.7925  3.9359  0.7290  3.5027  3.4558  2.9422  2.6382  2.3538  1.9807  1.7275  1.6986  2.7461  3.0677
 148  1.271249  3.7921  3.9307  0.7330  3.4926  3.4454  2.9335  2.6290  2.3438  1.9696  1.7155  1.6867  2.7369  3.0591
 149  1.272671  3.7915  3.9257  0.7362  3.4856  3.4378  2.9269  2.6215  2.3353  1.9597  1.7047  1.6756  2.7295  3.0528
 150  1.274041  3.7909  3.9207  0.7393  3.4796  3.4307  2.9203  2.6140  2.3268  1.9499  1.6936  1.6644  2.7222  3.0465
 151  1.275360  3.7902  3.9155  0.7424  3.4746  3.4245  2.9139  2.6065  2.3183  1.9399  1.6823  1.6530  2.7150  3.0404
 152  1.276638  3.7895  3.9100  0.7454  3.4742  3.4210  2.9068  2.5981  2.3088  1.9285  1.6695  1.6400  2.7070  3.0341
 153  1.277882  3.7886  3.9044  0.7483  3.4779  3.4202  2.8996  2.5894  2.2988  1.9164  1.6557  1.6259  2.6991  3.0280
 154  1.279092  3.7878  3.8984  0.7509  3.4846  3.4214  2.8929  2.5809  2.2888  1.9039  1.6414  1.6114  2.6915  3.0227
 155  1.280279  3.7868  3.8929  0.7534  3.4916  3.4229  2.8865  2.5728  2.2793  1.8922  1.6278  1.5975  2.6843  3.0176
 156  1.281442  3.7860  3.8874  0.7556  3.4995  3.4252  2.8807  2.5652  2.2704  1.8808  1.6146  1.5840  2.6776  3.0132
 157  1.282583  3.7850  3.8818  0.7576  3.5094  3.4289  2.8754  2.5579  2.2615  1.8694  1.6012  1.5702  2.6714  3.0094
 158  1.283711  3.7840  3.8763  0.7595  3.5202  3.4332  2.8707  2.5511  2.2532  1.8584  1.5880  1.5566  2.6657  3.0062
 159  1.284828  3.7829  3.8708  0.7612  3.5317  3.4382  2.8666  2.5448  2.2452  1.8476  1.5751  1.5434  2.6604  3.0036
 160  1.285934  3.7818  3.8651  0.7627  3.5430  3.4431  2.8633  2.5394  2.2380  1.8373  1.5626  1.5305  2.6560  3.0020
 161  1.287025  3.7805  3.8591  0.7640  3.5537  3.4476  2.8614  2.5351  2.2316  1.8277  1.5501  1.5178  2.6525  3.0015
 162  1.289969  3.7772  3.8444  0.7666  3.5826  3.4595  2.8594  2.5270  2.2184  1.8058  1.5216  1.4880  2.6465  3.0033
 163  1.292768  3.7738  3.8310  0.7670  3.6192  3.4778  2.8641  2.5251  2.2108  1.7889  1.4975  1.4628  2.6467  3.0120
 164  1.295422  3.7700  3.8186  0.7651  3.6677  3.5050  2.8748  2.5284  2.2080  1.7761  1.4766  1.4408  2.6526  3.0272
 165  1.297822  3.7659  3.8077  0.7605  3.7289  3.5417  2.8931  2.5388  2.2118  1.7687  1.4603  1.4232  2.6655  3.0507
 166  1.299911  3.7616  3.7985  0.7534  3.8009  3.5866  2.9187  2.5560  2.2220  1.7671  1.4492  1.4106  2.6855  3.0819
 167  1.301710  3.7573  3.7910  0.7442  3.8821  3.6370  2.9497  2.5785  2.2378  1.7706  1.4429  1.4032  2.7106  3.1187
 168  1.303277  3.7531  3.7850  0.7337  3.9695  3.6905  2.9841  2.6049  2.2576  1.7781  1.4408  1.4000  2.7395  3.1591
 169  1.304683  3.7490  3.7801  0.7225  4.0585  3.7471  3.0215  2.6339  2.2800  1.7880  1.4410  1.3989  2.7711  3.2026
 170  1.305990  3.7448  3.7758  0.7107  4.1490  3.8063  3.0608  2.6644  2.3037  1.7995  1.4425  1.3990  2.8042  3.2482
 171  1.307259  3.7407  3.7715  0.6988  4.2430  3.8670  3.1013  2.6960  2.3284  1.8116  1.4443  1.3993  2.8384  3.2956
 172  1.308558  3.7364  3.7668  0.6867  4.3416  3.9297  3.1432  2.7284  2.3537  1.8237  1.4459  1.3990  2.8735  3.3448
 173  1.310002  3.7318  3.7605  0.6751  4.4473  3.9952  3.1859  2.7607  2.3782  1.8339  1.4446  1.3957  2.9087  3.3958
 174  1.311698  3.7268  3.7493  0.6668  4.5543  4.0569  3.2227  2.7860  2.3949  1.8346  1.4324  1.3812  2.9370  3.4420
 175  1.313478  3.7219  3.7330  0.6642  4.6463  4.1035  3.2455  2.7975  2.3980  1.8217  1.4068  1.3533  2.9514  3.4742
 176  1.315302  3.7172  3.7128  0.6664  4.7244  4.1373  3.2567  2.7979  2.3903  1.7985  1.3712  1.3154  2.9545  3.4951
 177  1.317065  3.7134  3.6908  0.6737  4.7755  4.1513  3.2525  2.7848  2.3703  1.7655  1.3281  1.2703  2.9436  3.4989
 178  1.318628  3.7105  3.6692  0.6844  4.8005  4.1486  3.2365  2.7621  2.3425  1.7280  1.2830  1.2238  2.9223  3.4889
 179  1.320014  3.7084  3.6488  0.6968  4.8091  4.1354  3.2136  2.7344  2.3110  1.6891  1.2386  1.1782  2.8957  3.4703
 180  1.321272  3.7069  3.6297  0.7100  4.8058  4.1159  3.1869  2.7041  2.2779  1.6504  1.1958  1.1346  2.8663  3.4470
 181  1.322447  3.7055  3.6113  0.7235  4.7971  4.0935  3.1585  2.6728  2.2442  1.6120  1.1537  1.0918  2.8356  3.4214
 182  1.323687  3.7044  3.5920  0.7387  4.7809  4.0656  3.1256  2.6373  2.2065  1.5701  1.1088  1.0463  2.8006  3.3907
 183  1.324908  3.7033  3.5723  0.7544  4.7609  4.0352  3.0906  2.5999  2.1673  1.5269  1.0627  0.9997  2.7638  3.3577
 184  1.326109  3.7023  3.5524  0.7708  4.7375  4.0025  3.0537  2.5609  2.1264  1.4825  1.0157  0.9522  2.7252  3.3225
 185  1.327289  3.7015  3.5324  0.7878  4.7095  3.9673  3.0149  2.5203  2.0842  1.4373  0.9678  0.9042  2.6848  3.2853
 186  1.328451  3.7006  3.5119  0.8052  4.6799  3.9310  2.9750  2.4785  2.0407  1.3909  0.9190  0.8549  2.6435  3.2468
 187  1.329592  3.6999  3.4913  0.8230  4.6479  3.8932  2.9337  2.4356  1.9962  1.3435  0.8692  0.8050  2.6008  3.2068
 188  1.330712  3.6991  3.4702  0.8414  4.6152  3.8544  2.8915  2.3915  1.9506  1.2949  0.8183  0.7539  2.5570  3.1658
 189  1.331808  3.6982  3.4486  0.8601  4.5809  3.8143  2.8479  2.3462  1.9038  1.2454  0.7663  0.7016  2.5122  3.1237
 190  1.332880  3.6974  3.4265  0.8794  4.5452  3.7730  2.8032  2.2998  1.8558  1.1946  0.7132  0.6483  2.4660  3.0802
 191  1.333926  3.6967  3.4040  0.8992  4.5083  3.7304  2.7572  2.2520  1.8065  1.1426  0.6588  0.5936  2.4186  3.0355
 192  1.334948  3.6959  3.3808  0.9195  4.4707  3.6870  2.7101  2.2031  1.7560  1.0892  0.6030  0.5375  2.3700  2.9897
 193  1.335949  3.6951  3.3572  0.9403  4.4318  3.6421  2.6616  2.1528  1.7041  1.0344  0.5459  0.4801  2.3201  2.9425
 194  1.336927  3.6943  3.3330  0.9617  4.3916  3.5958  2.6118  2.1012  1.6508  0.9783  0.4875  0.4213  2.2687  2.8939
 195  1.337879  3.6936  3.3082  0.9836  4.3503  3.5482  2.5606  2.0482  1.5962  0.9209  0.4276  0.3611  2.2161  2.8439
 196  1.338806  3.6927  3.2825  1.0061  4.3099  3.5000  2.5082  1.9939  1.5402  0.8617  0.3660  0.2991  2.1621  2.7930
 197  1.339705  3.6918  3.2562  1.0292  4.2685  3.4505  2.4545  1.9382  1.4827  0.8010  0.3030  0.2354  2.1068  2.7407
 198  1.340578  3.6909  3.2294  1.0529  4.2260  3.3997  2.3994  1.8812  1.4240  0.7389  0.2386  0.1704  2.0502  2.6871
 199  1.341420  3.6901  3.2017  1.0771  4.1836  3.3482  2.3433  1.8230  1.3638  0.6753  0.1725  0.1036  1.9923  2.6325
 200  1.342237  3.6890  3.1734  1.1018  4.1420  3.2963  2.2865  1.7638  1.3025  0.6101  0.1047  0.0351  1.9335  2.5775
 201  1.343021  3.6881  3.1445  1.1271  4.0971  3.2420  2.2275  1.7027  1.2396  0.5436  0.0358 -0.0345  1.8729  2.5201
 202  1.343776  3.6871  3.1150  1.1529  4.0533  3.1877  2.1681  1.6409  1.1757  0.4758 -0.0347 -0.1059  1.8115  2.4623
 203  1.344503  3.6860  3.0849  1.1791  4.0093  3.1325  2.1076  1.5780  1.1105  0.4068 -0.1066 -0.1787  1.7490  2.4038
 204  1.345204  3.6849  3.0536  1.2057  3.9684  3.0783  2.0473  1.5147  1.0447  0.3362 -0.1804 -0.2535  1.6862  2.3458
 205  1.345876  3.6837  3.0224  1.2327  3.9248  3.0224  1.9855  1.4502  0.9779  0.2649 -0.2548 -0.3288  1.6222  2.2862
 206  1.346520  3.6825  2.9903  1.2601  3.8823  2.9662  1.9232  1.3850  0.9100  0.1923 -0.3308 -0.4056  1.5573  2.2264
 207  1.347137  3.6813  2.9580  1.2879  3.8387  2.9091  1.8599  1.3188  0.8412  0.1191 -0.4075 -0.4832  1.4917  2.1656
 208  1.347728  3.6800  2.9247  1.3160  3.7973  2.8527  1.7968  1.2521  0.7719  0.0445 -0.4858 -0.5625  1.4256  2.1053
 209  1.348287  3.6788  2.8917  1.3445  3.7522  2.7937  1.7317  1.1840  0.7013 -0.0308 -0.5643 -0.6420  1.3581  2.0426
 210  1.348822  3.6774  2.8577  1.3733  3.7097  2.7358  1.6667  1.1158  0.6301 -0.1071 -0.6444 -0.7232  1.2903  1.9806
 211  1.349332  3.6758  2.8226  1.4023  3.6728  2.6802  1.6030  1.0479  0.5588 -0.1846 -0.7263 -0.8064  1.2231  1.9207
 212  1.349820  3.6744  2.7877  1.4315  3.6327  2.6228  1.5379  0.9792  0.4868 -0.2623 -0.8081 -0.8894  1.1549  1.8591
 213  1.350285  3.6729  2.7524  1.4610  3.5928  2.5654  1.4729  0.9101  0.4145 -0.3405 -0.8904 -0.9730  1.0865  1.7975
 214  1.350729  3.6715  2.7171  1.4904  3.5534  2.5081  1.4078  0.8411  0.3422 -0.4188 -0.9727 -1.0566  1.0181  1.7360
 215  1.351153  3.6699  2.6813  1.5200  3.5153  2.4511  1.3427  0.7720  0.2694 -0.4978 -1.0559 -1.1412  0.9495  1.6748
 216  1.351558  3.6683  2.6446  1.5505  3.4767  2.3929  1.2762  0.7012  0.1949 -0.5787 -1.1412 -1.2279  0.8792  1.6123
 217  1.351620  3.6680  2.6390  1.5551  3.4711  2.3841  1.2662  0.6904  0.1836 -0.5909 -1.1541 -1.2411  0.8686  1.6029
 218  1.351682  3.6677  2.6335  1.5597  3.4654  2.3754  1.2562  0.6798  0.1724 -0.6032 -1.1670 -1.2542  0.8580  1.5936
 219  1.351744  3.6675  2.6279  1.5643  3.4598  2.3668  1.2462  0.6691  0.1612 -0.6155 -1.1800 -1.2674  0.8474  1.5843
 220  1.351806  3.6672  2.6223  1.5689  3.4541  2.3580  1.2362  0.6584  0.1499 -0.6277 -1.1929 -1.2806  0.8368  1.5749
 221  1.351866  3.6670  2.6167  1.5735  3.4486  2.3493  1.2263  0.6478  0.1387 -0.6400 -1.2059 -1.2938  0.8263  1.5655
 222  1.351927  3.6668  2.6112  1.5781  3.4430  2.3406  1.2163  0.6371  0.1274 -0.6522 -1.2188 -1.3069  0.8156  1.5562
 223  1.351987  3.6665  2.6056  1.5827  3.4375  2.3320  1.2064  0.6264  0.1162 -0.6644 -1.2317 -1.3201  0.8052  1.5469
 224  1.352047  3.6663  2.5999  1.5873  3.4322  2.3234  1.1965  0.6158  0.1049 -0.6767 -1.2447 -1.3333  0.7947  1.5378
 225  1.352106  3.6660  2.5944  1.5919  3.4268  2.3149  1.1865  0.6052  0.0937 -0.6890 -1.2576 -1.3465  0.7841  1.5286
 226  1.352165  3.6657  2.5886  1.5965  3.4216  2.3063  1.1766  0.5946  0.0824 -0.7013 -1.2708 -1.3599  0.7735  1.5193
 227  1.352739  3.6634  2.5380  1.6383  3.3728  2.2286  1.0869  0.4985 -0.0194 -0.8124 -1.3882 -1.4795  0.6780  1.4359
 228  1.353262  3.6631  2.5265  1.6487  3.3540  2.2060  1.0625  0.4733 -0.0454 -0.8397 -1.4163 -1.5078  0.6530  1.4119
 229  1.353817  3.6649  2.5603  1.6218  3.3785  2.2528  1.1181  0.5339  0.0197 -0.7676 -1.3396 -1.4294  0.7132  1.4622
 230  1.354467  3.6638  2.5312  1.6470  3.3406  2.2012  1.0607  0.4739 -0.0424 -0.8339 -1.4085 -1.4993  0.6536  1.4070
 231  1.355082  3.6602  2.4586  1.7056  3.2832  2.0965  0.9371  0.3398 -0.1848 -0.9909 -1.5758 -1.6698  0.5209  1.2937
 232  1.355623  3.6569  2.3892  1.7615  3.2312  1.9984  0.8202  0.2127 -0.3203 -1.1404 -1.7357 -1.8330  0.3950  1.1876
 233  1.356103  3.6535  2.3228  1.8149  3.1851  1.9068  0.7102  0.0924 -0.4490 -1.2831 -1.8882 -1.9890  0.2759  1.0886
 234  1.356523  3.6506  2.2649  1.8611  3.1481  1.8293  0.6164 -0.0109 -0.5600 -1.4066 -2.0205 -2.1245  0.1735  1.0052
 235  1.356914  3.6476  2.2060  1.9080  3.1143  1.7527  0.5229 -0.1143 -0.6719 -1.5315 -2.1546 -2.2623  0.0709  0.9230
 236  1.357258  3.6441  2.1393  1.9609  3.0762  1.6661  0.4170 -0.2313 -0.7986 -1.6732 -2.3069 -2.4185 -0.0452  0.8293
 237  1.357566  3.6406  2.0736  2.0127  3.0421  1.5833  0.3149 -0.3447 -0.9222 -1.8117 -2.4560 -2.5717 -0.1578  0.7396
 238  1.357840  3.6371  2.0086  2.0637  3.0117  1.5036  0.2158 -0.4551 -1.0434 -1.9483 -2.6029 -2.7231 -0.2677  0.6534
 239  1.358086  3.6335  1.9441  2.1140  2.9858  1.4271  0.1199 -0.5622 -1.1626 -2.0829 -2.7481 -2.8730 -0.3748  0.5711
 240  1.358304  3.6299  1.8797  2.1640  2.9616  1.3526  0.0262 -0.6674 -1.2806 -2.2168 -2.8924 -3.0222 -0.4801  0.4905
 241  1.358499  3.6263  1.8176  2.2120  2.9400  1.2824 -0.0623 -0.7671 -1.3937 -2.3457 -3.0312 -3.1659 -0.5803  0.4145
 242  1.358674  3.6228  1.7576  2.2581  2.9212  1.2169 -0.1451 -0.8607 -1.5017 -2.4693 -3.1646 -3.3042 -0.6749  0.3437
 243  1.358832  3.6194  1.6985  2.3035  2.9034  1.1542 -0.2246 -0.9511 -1.6075 -2.5910 -3.2962 -3.4406 -0.7666  0.2758
 244  1.358973  3.6160  1.6410  2.3476  2.8868  1.0949 -0.3001 -1.0368 -1.7098 -2.7092 -3.4245 -3.5736 -0.8542  0.2113
 245  1.359103  3.6127  1.5841  2.3911  2.8699  1.0376 -0.3730 -1.1198 -1.8107 -2.8260 -3.5512 -3.7051 -0.9396  0.1482
 246  1.359219  3.6093  1.5288  2.4333  2.8540  0.9837 -0.4413 -1.1979 -1.9080 -2.9392 -3.6740 -3.8327 -1.0206  0.0887
 247  1.359324  3.6061  1.4742  2.4746  2.8405  0.9338 -0.5053 -1.2715 -2.0029 -3.0507 -3.7949 -3.9585 -1.0981  0.0332
 248  1.359420  3.6028  1.4210  2.5149  2.8290  0.8880 -0.5645 -1.3396 -2.0950 -3.1595 -3.9131 -4.0813 -1.1710 -0.0178
 249  1.359508  3.5996  1.3686  2.5543  2.8170  0.8450 -0.6205 -1.4045 -2.1848 -3.2662 -4.0290 -4.2023 -1.2411 -0.0664
 250  1.359590  3.5964  1.3173  2.5929  2.8035  0.8044 -0.6737 -1.4664 -2.2721 -3.3704 -4.1426 -4.3206 -1.3088 -0.1132
 251  1.359663  3.5933  1.2674  2.6304  2.7879  0.7661 -0.7243 -1.5257 -2.3565 -3.4712 -4.2527 -4.4355 -1.3736 -0.1585
 252  1.359731  3.5902  1.2182  2.6672  2.7716  0.7306 -0.7717 -1.5813 -2.4390 -3.5703 -4.3610 -4.5487 -1.4357 -0.2012
 253  1.359793  3.5871  1.1700  2.7032  2.7559  0.6981 -0.8144 -1.6321 -2.5187 -3.6671 -4.4667 -4.6593 -1.4941 -0.2406
 254  1.359850  3.5841  1.1230  2.7382  2.7408  0.6688 -0.8525 -1.6782 -2.5961 -3.7618 -4.5699 -4.7671 -1.5489 -0.2768
 255  1.359903  3.5811  1.0767  2.7726  2.7262  0.6416 -0.8868 -1.7198 -2.6717 -3.8549 -4.6708 -4.8728 -1.6006 -0.3109
 256  1.359953  3.5782  1.0316  2.8060  2.7121  0.6179 -0.9161 -1.7566 -2.7447 -3.9457 -4.7692 -4.9760 -1.6486 -0.3417
 257  1.359998  3.5753  0.9872  2.8386  2.6979  0.5980 -0.9402 -1.7886 -2.8152 -4.0347 -4.8656 -5.0771 -1.6932 -0.3695
 258  1.360041  3.5724  0.9437  2.8706  2.6846  0.5826 -0.9588 -1.8155 -2.8834 -4.1217 -4.9601 -5.1761 -1.7341 -0.3939
 259  1.360079  3.5695  0.9013  2.9017  2.6714  0.5713 -0.9720 -1.8369 -2.9492 -4.2067 -5.0524 -5.2729 -1.7713 -0.4154
 260  1.360116  3.5667  0.8596  2.9321  2.6592  0.5639 -0.9807 -1.8545 -3.0124 -4.2899 -5.1428 -5.3677 -1.8053 -0.4340
 261  1.360151  3.5640  0.8188  2.9618  2.6491  0.5614 -0.9840 -1.8679 -3.0724 -4.3715 -5.2314 -5.4606 -1.8360 -0.4487
 262  1.360183  3.5612  0.7788  2.9909  2.6400  0.5635 -0.9811 -1.8770 -3.1292 -4.4512 -5.3180 -5.5514 -1.8632 -0.4596
 263  1.360213  3.5585  0.7394  3.0193  2.6357  0.5716 -0.9732 -1.8829 -3.1830 -4.5296 -5.4031 -5.6406 -1.8876 -0.4676
 264  1.360241  3.5558  0.7010  3.0470  2.6314  0.5852 -0.9571 -1.8831 -3.2329 -4.6060 -5.4861 -5.7277 -1.9078 -0.4708
 265  1.360267  3.5532  0.6633  3.0742  2.6257  0.6043 -0.9319 -1.8762 -3.2801 -4.6809 -5.5676 -5.8134 -1.9238 -0.4692
 266  1.360291  3.5506  0.6266  3.1005  2.6170  0.6277 -0.8979 -1.8629 -3.3235 -4.7539 -5.6468 -5.8966 -1.9358 -0.4625
 267  1.360315  3.5480  0.5904  3.1265  2.6039  0.6653 -0.8397 -1.8314 -3.3609 -4.8265 -5.7255 -5.9792 -1.9369 -0.4414
 268  1.360336  3.5454  0.5550  3.1517  2.5805  0.7074 -0.7660 -1.7884 -3.3931 -4.8968 -5.8022 -6.0598 -1.9315 -0.4132
 269  1.360358  3.5430  0.5204  3.1764  2.5547  0.7557 -0.6806 -1.7384 -3.4200 -4.9659 -5.8776 -6.1390 -1.9210 -0.3772
 270  1.360377  3.5405  0.4864  3.2005  2.5275  0.8227 -0.5621 -1.6688 -3.4351 -5.0357 -5.9521 -6.2171 -1.8962 -0.3193
 271  1.360395  3.5381  0.4531  3.2241  2.5003  0.8960 -0.4317 -1.5944 -3.4433 -5.1050 -6.0252 -6.2934 -1.8664 -0.2523
 272  1.360414  3.5357  0.4207  3.2470  2.4763  0.9756 -0.2899 -1.5182 -3.4425 -5.1735 -6.0966 -6.3681 -1.8315 -0.1735
 273  1.360430  3.5334  0.3888  3.2696  2.4577  1.0587 -0.1424 -1.4461 -3.4328 -5.2411 -6.1670 -6.4418 -1.7943 -0.0835
 274  1.360447  3.5311  0.3575  3.2916  2.4417  1.1393 -0.0014 -1.3805 -3.4205 -5.3065 -6.2355 -6.5136 -1.7587  0.0070
 275  1.360461  3.5288  0.3270  3.3130  2.4288  1.2148  0.1277 -1.3238 -3.4076 -5.3694 -6.3019 -6.5837 -1.7267  0.0947
 276  1.360476  3.5266  0.2972  3.3340  2.4186  1.2841  0.2421 -1.2767 -3.3950 -5.4294 -6.3663 -6.6515 -1.6990  0.1777
 277  1.360489  3.5244  0.2683  3.3543  2.4117  1.3473  0.3408 -1.2387 -3.3828 -5.4865 -6.4283 -6.7172 -1.6756  0.2553
 278  1.360503  3.5221  0.2399  3.3737  2.4123  1.4041  0.4142 -1.2126 -3.3724 -5.5396 -6.4875 -6.7800 -1.6577  0.3248
