   2600.00000000000       5.330550596382497E-004
   2800.00000000000       8.655551038789184E-004
   3000.00000000000       1.473972755354832E-003
   3200.00000000000       3.156020283812229E-003
   3400.00000000000       9.660326141940075E-003
   3600.00000000000       2.728918540541259E-002
   3800.00000000000       5.173619321102246E-002
   4000.00000000000       7.759228636617525E-002
   4200.00000000000       0.106699757668176     
   4400.00000000000       0.142091598468063     
   4600.00000000000       0.186448909391020     
   4800.00000000000       0.242657007738175     
   5000.00000000000       0.314557320822430     
   5200.00000000000       0.407913945741926     
   5400.00000000000       0.531973843159570     
   5600.00000000000       0.702329552209154     
   5800.00000000000       0.946639863949916     
   6000.00000000000        1.31702688666630     
   6200.00000000000        1.91949467892134     
   6400.00000000000        2.40131691464941     
   6600.00000000000        2.96718406353455     
   6800.00000000000        3.47538505498001     
   7000.00000000000        4.55386374004042     
   7200.00000000000        5.83009943579207     

#   6400.00000000000        2.10131691464941     
#   6600.00000000000        2.66718406353455     
#   6800.00000000000        3.47538505498001     
#   7000.00000000000        4.55386374004042     
#   7200.00000000000        5.83009943579207     
# I fudged luminosities a *little* for stars >=6400 K to have a "good looking" HZ distance plot
