   2.60000E+03   8.82645E-02   5.33055E-04   2.66172E-02   4.97906E-02   5.32508E+00   1.36240E+01   7.52400E-01   2.15019E-01	   2600.00000000000        1.31725594239525       0.186432666538993     
   2.80000E+03   9.92329E-02   8.65555E-04   3.38142E-02   6.26671E-02   7.19115E+00   1.81430E+01   7.57000E-01   2.20402E-01	   2800.00000000000        1.32530934129878       0.191100007769207     
   3.00000E+03   1.20296E-01   1.47397E-03   4.39380E-02   8.07865E-02   9.67412E+00   2.41190E+01   7.63500E-01   2.25846E-01	   3000.00000000000        1.33668914409726       0.195820239174982     
   3.20000E+03   1.64318E-01   3.15602E-03   6.39466E-02   1.16658E-01   1.45332E+01   3.58099E+01   7.71800E-01   2.31907E-01	   3200.00000000000        1.35122027690146       0.201075441700772     
   3.40000E+03   2.69306E-01   9.66033E-03   1.11281E-01   2.01812E-01   2.60606E+01   6.36466E+01   7.80100E-01   2.37190E-01	   3400.00000000000        1.36575140970566       0.205656077725149     
   3.60000E+03   4.66634E-01   2.72892E-02   1.85941E-01   3.35219E-01   4.27612E+01   1.03510E+02   7.89300E-01   2.42847E-01	   3600.00000000000        1.38185820751272       0.210560991219357     
   3.80000E+03   5.37596E-01   5.17362E-02   2.54367E-01   4.55805E-01   6.37441E+01   1.52904E+02   7.99600E-01   2.49021E-01	   3800.00000000000        1.39989081810107       0.215914170627743     
   4.00000E+03   5.98774E-01   7.75923E-02   3.09504E-01   5.51694E-01   8.10673E+01   1.92927E+02   8.10000E-01   2.54931E-01	   4000.00000000000        1.41809850257862       0.221038448292719     
   4.20000E+03   6.49007E-01   1.06700E-01   3.60350E-01   6.38959E-01   9.78228E+01   2.30973E+02   8.21700E-01   2.61347E-01	   4200.00000000000        1.43858214761587       0.226601454299231     
   4.40000E+03   6.87109E-01   1.42092E-01   4.11802E-01   7.25627E-01   1.16144E+02   2.71665E+02   8.37900E-01   2.69862E-01	   4400.00000000000        1.46694411766744       0.233984402576264     
   4.60000E+03   7.23675E-01   1.86449E-01   4.66107E-01   8.15386E-01   1.36280E+02   3.15319E+02   8.58200E-01   2.80436E-01	   4600.00000000000        1.50248411717651       0.243152611041485     
   4.80000E+03   7.63176E-01   2.42657E-01   5.25026E-01   9.12900E-01   1.58649E+02   3.63747E+02   8.80300E-01   2.91170E-01	   4800.00000000000        1.54117544669131       0.252459547836046     
   5.00000E+03   8.04575E-01   3.14557E-01   5.90177E-01   1.02192E+00   1.84148E+02   4.19587E+02   9.03100E-01   3.01205E-01	   5000.00000000000        1.58109229343056       0.261160415241804     
   5.20000E+03   8.46077E-01   4.07914E-01   6.63138E-01   1.14391E+00   2.13884E+02   4.84573E+02   9.27600E-01   3.11735E-01	   5200.00000000000        1.62398539628633       0.270290473416457     
   5.40000E+03   8.88273E-01   5.31974E-01   7.47448E-01   1.28528E+00   2.49790E+02   5.63246E+02   9.52200E-01   3.22031E-01	   5400.00000000000        1.66705357303131       0.279217641409450     
   5.60000E+03   9.34157E-01   7.02330E-01   8.46171E-01   1.45086E+00   2.93396E+02   6.58727E+02   9.80900E-01   3.33649E-01	   5600.00000000000        1.71729977923379       0.289291052223611     
   5.80000E+03   9.86900E-01   9.46640E-01   9.69134E-01   1.65792E+00   3.49877E+02   7.82862E+02   1.00790E+00   3.44396E-01	   5800.00000000000        1.76456972931974       0.298609260694930     
   6.00000E+03   1.04486E+00   1.31703E+00   1.12490E+00   1.92096E+00   4.25225E+02   9.48912E+02   1.04080E+00   3.56909E-01	   6000.00000000000        1.82216903886892       0.309458683101333     
   6.20000E+03   1.09598E+00   1.91949E+00   1.33850E+00   2.28326E+00   5.38892E+02   1.20063E+03   1.07140E+00   3.68192E-01	   6200.00000000000        1.87574164896634       0.319241631475939     
   6.40000E+03   1.19894E+00   2.40132E+00   1.47549E+00   2.51464E+00   5.96325E+02   1.32675E+03   1.10300E+00   3.79751E-01	   6400.00000000000        1.93106499795582       0.329263886218656     
   6.60000E+03   1.26606E+00   2.96718E+00   1.61715E+00   2.75403E+00   6.65848E+02   1.47979E+03   1.13460E+00   3.91208E-01	   6600.00000000000        1.98638834694531       0.339197701651419     
   6.80000E+03   1.33492E+00   3.47539E+00   1.72681E+00   2.93982E+00   7.15512E+02   1.58939E+03   1.16550E+00   4.02125E-01	   6800.00000000000        2.04048617871035       0.348663308972661     
   7.00000E+03   1.40530E+00   4.55386E+00   1.95498E+00   3.32781E+00   8.40052E+02   1.86565E+03   1.19150E+00   4.11210E-01	   7000.00000000000        2.08600538990423       0.356540476922967     
   7.20000E+03   1.47703E+00   5.83010E+00   2.18730E+00   3.72335E+00   9.69714E+02   2.15369E+03   1.21860E+00   4.20542E-01	   7200.00000000000        2.13345041387939       0.364631806731690     
