 1754.0 1770.0  0.5030  2.3787  0.9101
 1770.0 1786.0  0.5026  2.3812  0.9099
 1786.0 1802.0  0.5022  2.3837  0.9097
 1802.0 1818.0  0.5018  2.3861  0.9095
 1818.0 1835.0  0.5014  2.3886  0.9093
 1835.0 1852.0  0.5010  2.3912  0.9090
 1852.0 1869.0  0.5005  2.3938  0.9088
 1869.0 1887.0  0.5001  2.3965  0.9086
 1887.0 1905.0  0.4996  2.3992  0.9084
 1905.0 1923.0  0.4992  2.4020  0.9081
 1923.0 1942.0  0.4987  2.4048  0.9079
 1942.0 1961.0  0.4983  2.4077  0.9076
 1961.0 1980.0  0.4978  2.4106  0.9074
 1980.0 2000.0  0.4974  2.4139  0.9071
 2000.0 2020.0  0.4972  2.4176  0.9068
 2020.0 2041.0  0.4969  2.4213  0.9066
 2041.0 2062.0  0.4966  2.4252  0.9063
 2062.0 2083.0  0.4964  2.4291  0.9060
 2083.0 2105.0  0.4961  2.4330  0.9057
 2105.0 2128.0  0.4958  2.4371  0.9054
 2128.0 2151.0  0.4955  2.4414  0.9050
 2151.0 2174.0  0.4952  2.4456  0.9047
 2174.0 2200.0  0.4949  2.4499  0.9044
 2200.0 2222.0  0.4945  2.4547  0.9040
 2222.0 2247.0  0.4942  2.4588  0.9037
 2247.0 2273.0  0.4939  2.4634  0.9033
 2273.0 2299.0  0.4936  2.4682  0.9030
 2299.0 2326.0  0.4932  2.4730  0.9026
 2326.0 2353.0  0.4929  2.4781  0.9022
 2353.0 2381.0  0.4925  2.4831  0.9018
 2381.0 2410.0  0.4921  2.4882  0.9014
 2410.0 2439.0  0.4913  2.4917  0.9008
 2439.0 2469.0  0.4905  2.4950  0.9001
 2469.0 2500.0  0.4896  2.4984  0.8994
 2500.0 2532.0  0.4887  2.5019  0.8987
 2532.0 2564.0  0.4877  2.5055  0.8979
 2564.0 2597.0  0.4868  2.5091  0.8971
 2597.0 2632.0  0.4858  2.5129  0.8964
 2632.0 2667.0  0.4848  2.5168  0.8955
 2667.0 2703.0  0.4824  2.5125  0.8926
 2703.0 2740.0  0.4797  2.5063  0.8891
 2740.0 2778.0  0.4770  2.5000  0.8856
 2778.0 2817.0  0.4741  2.4934  0.8819
 2817.0 2857.0  0.4712  2.4867  0.8782
 2857.0 2899.0  0.4682  2.4798  0.8743
 2899.0 2941.0  0.4651  2.4726  0.8703
 2941.0 2985.0  0.4619  2.4654  0.8663
 2985.0 3030.0  0.4609  2.4605  0.8596
 3030.0 3077.0  0.4606  2.4564  0.8520
 3077.0 3125.0  0.4603  2.4521  0.8440
 3125.0 3175.0  0.4600  2.4477  0.8358
 3175.0 3225.0  0.4597  2.4431  0.8273
 3225.0 3275.0  0.4593  2.4386  0.8189
 3275.0 3325.0  0.4604  2.4391  0.8105
 3325.0 3375.0  0.4660  2.4556  0.8026
 3375.0 3425.0  0.4715  2.4722  0.7947
 3425.0 3450.0  0.4770  2.4887  0.7867
 3450.0 3550.0  0.4798  2.4970  0.7828
 3550.0 3650.0  0.4915  2.5306  0.7671
 3650.0 3750.0  0.5097  2.5711  0.7530
 3750.0 3850.0  0.5280  2.6115  0.7389
 3850.0 3950.0  0.5463  2.6519  0.7248
 3950.0 4050.0  0.5587  2.6894  0.7078
 4050.0 4150.0  0.5691  2.7260  0.6899
 4150.0 4250.0  0.5820  2.7547  0.6721
 4250.0 4350.0  0.6068  2.7447  0.6552
 4350.0 4450.0  0.6316  2.7346  0.6382
 4450.0 4550.0  0.6556  2.7538  0.6261
 4550.0 4650.0  0.6768  2.8763  0.6312
 4650.0 4750.0  0.6979  2.9988  0.6362
 4750.0 4850.0  0.7190  3.1213  0.6413
 4850.0 4950.0  0.7401  3.2439  0.6463
 4950.0 5050.0  0.7612  3.3664  0.6514
 5050.0 5150.0  0.7824  3.4889  0.6564
 5150.0 5250.0  0.8035  3.6114  0.6615
 5250.0 5350.0  0.8246  3.7340  0.6665
 5350.0 5450.0  0.8457  3.8565  0.6716
 5450.0 5550.0  0.8668  3.9790  0.6767
 5550.0 5650.0  0.8879  4.1016  0.6817
 5650.0 5750.0  0.9067  4.2048  0.6857
 5750.0 5850.0  0.9118  4.1986  0.6840
 5850.0 5950.0  0.9169  4.1925  0.6822
 5950.0 6050.0  0.9220  4.1863  0.6805
 6050.0 6150.0  0.9271  4.1801  0.6787
 6150.0 6250.0  0.9322  4.1740  0.6770
 6250.0 6350.0  0.9373  4.1678  0.6752
 6350.0 6450.0  0.9424  4.1616  0.6734
 6450.0 6550.0  0.9475  4.1555  0.6717
 6550.0 6650.0  0.9526  4.1493  0.6699
 6650.0 6750.0  0.9577  4.1432  0.6682
 6750.0 6850.0  0.9629  4.1370  0.6664
 6850.0 6950.0  0.9680  4.1308  0.6647
 6950.0 7050.0  0.9706  4.0897  0.6615
 7050.0 7150.0  0.9718  4.0270  0.6574
 7150.0 7250.0  0.9730  3.9644  0.6533
 7250.0 7350.0  0.9742  3.9017  0.6492
 7350.0 7450.0  0.9753  3.8391  0.6451
 7450.0 7550.0  0.9765  3.7764  0.6411
 7550.0 7650.0  0.9777  3.7138  0.6370
 7650.0 7750.0  0.9789  3.6512  0.6329
 7750.0 7850.0  0.9800  3.5885  0.6288
 7850.0 7950.0  0.9812  3.5259  0.6247
 7950.0 8050.0  0.9824  3.4632  0.6207
 8050.0 8150.0  0.9836  3.4006  0.6166
 8150.0 8250.0  0.9848  3.3380  0.6125
 8250.0 8350.0  0.9859  3.2753  0.6084
 8350.0 8450.0  0.9871  3.2127  0.6043
 8450.0 8550.0  0.9883  3.1500  0.6003
