 1754.0 1770.0  0.4820  2.7149  0.8364
 1770.0 1786.0  0.4839  2.7271  0.8350
 1786.0 1802.0  0.4859  2.7392  0.8337
 1802.0 1818.0  0.4878  2.7514  0.8323
 1818.0 1835.0  0.4897  2.7636  0.8310
 1835.0 1852.0  0.4918  2.7765  0.8295
 1852.0 1869.0  0.4938  2.7894  0.8281
 1869.0 1887.0  0.4959  2.8024  0.8267
 1887.0 1905.0  0.4980  2.8161  0.8252
 1905.0 1923.0  0.5002  2.8298  0.8236
 1923.0 1942.0  0.5024  2.8435  0.8221
 1942.0 1961.0  0.5047  2.8579  0.8205
 1961.0 1980.0  0.5070  2.8724  0.8189
 1980.0 2000.0  0.5093  2.8857  0.8175
 2000.0 2020.0  0.5117  2.8992  0.8162
 2020.0 2041.0  0.5142  2.9126  0.8149
 2041.0 2062.0  0.5168  2.9266  0.8135
 2062.0 2083.0  0.5193  2.9407  0.8122
 2083.0 2105.0  0.5219  2.9548  0.8108
 2105.0 2128.0  0.5246  2.9695  0.8094
 2128.0 2151.0  0.5275  2.9850  0.8079
 2151.0 2174.0  0.5303  3.0004  0.8064
 2174.0 2200.0  0.5331  3.0158  0.8049
 2200.0 2222.0  0.5363  3.0332  0.8032
 2222.0 2247.0  0.5390  3.0480  0.8018
 2247.0 2273.0  0.5421  3.0648  0.8001
 2273.0 2299.0  0.5453  3.0822  0.7984
 2299.0 2326.0  0.5485  3.0996  0.7967
 2326.0 2353.0  0.5518  3.1177  0.7950
 2353.0 2381.0  0.5551  3.1358  0.7932
 2381.0 2410.0  0.5585  3.1546  0.7914
 2410.0 2439.0  0.5633  3.1822  0.7895
 2439.0 2469.0  0.5683  3.2108  0.7875
 2469.0 2500.0  0.5734  3.2404  0.7855
 2500.0 2532.0  0.5787  3.2710  0.7835
 2532.0 2564.0  0.5841  3.3026  0.7814
 2564.0 2597.0  0.5896  3.3341  0.7792
 2597.0 2632.0  0.5952  3.3667  0.7770
 2632.0 2667.0  0.6012  3.4012  0.7747
 2667.0 2703.0  0.6074  3.4045  0.7716
 2703.0 2740.0  0.6140  3.4012  0.7682
 2740.0 2778.0  0.6207  3.3978  0.7647
 2778.0 2817.0  0.6275  3.3944  0.7611
 2817.0 2857.0  0.6346  3.3909  0.7574
 2857.0 2899.0  0.6418  3.3872  0.7536
 2899.0 2941.0  0.6494  3.3834  0.7496
 2941.0 2985.0  0.6570  3.3796  0.7456
 2985.0 3030.0  0.6616  3.3748  0.7441
 3030.0 3077.0  0.6652  3.3697  0.7435
 3077.0 3125.0  0.6689  3.3644  0.7429
 3125.0 3175.0  0.6727  3.3589  0.7422
 3175.0 3225.0  0.6767  3.3532  0.7415
 3225.0 3275.0  0.6807  3.3475  0.7408
 3275.0 3325.0  0.6848  3.3310  0.7386
 3325.0 3375.0  0.6893  3.2802  0.7317
 3375.0 3425.0  0.6939  3.2295  0.7247
 3425.0 3450.0  0.6984  3.1787  0.7178
 3450.0 3550.0  0.7007  3.1533  0.7143
 3550.0 3650.0  0.7103  3.0553  0.6999
 3650.0 3750.0  0.7249  2.9976  0.6804
 3750.0 3850.0  0.7395  2.9400  0.6608
 3850.0 3950.0  0.7541  2.8823  0.6412
 3950.0 4050.0  0.7695  2.8598  0.6247
 4050.0 4150.0  0.7852  2.8485  0.6093
 4150.0 4250.0  0.8004  2.8411  0.5950
 4250.0 4350.0  0.8133  2.8531  0.5866
 4350.0 4450.0  0.8262  2.8652  0.5782
 4450.0 4550.0  0.8374  2.8499  0.5711
 4550.0 4650.0  0.8427  2.7375  0.5684
 4650.0 4750.0  0.8481  2.6252  0.5656
 4750.0 4850.0  0.8534  2.5129  0.5629
 4850.0 4950.0  0.8588  2.4005  0.5602
 4950.0 5050.0  0.8641  2.2882  0.5575
 5050.0 5150.0  0.8695  2.1758  0.5547
 5150.0 5250.0  0.8748  2.0635  0.5520
 5250.0 5350.0  0.8802  1.9511  0.5493
 5350.0 5450.0  0.8855  1.8388  0.5466
 5450.0 5550.0  0.8909  1.7264  0.5438
 5550.0 5650.0  0.8963  1.6141  0.5411
 5650.0 5750.0  0.9014  1.5091  0.5363
 5750.0 5850.0  0.9055  1.4457  0.5197
 5850.0 5950.0  0.9095  1.3824  0.5031
 5950.0 6050.0  0.9136  1.3190  0.4865
 6050.0 6150.0  0.9176  1.2557  0.4699
 6150.0 6250.0  0.9217  1.1923  0.4533
 6250.0 6350.0  0.9257  1.1289  0.4367
 6350.0 6450.0  0.9298  1.0656  0.4201
 6450.0 6550.0  0.9338  1.0022  0.4034
 6550.0 6650.0  0.9379  0.9389  0.3868
 6650.0 6750.0  0.9420  0.8755  0.3702
 6750.0 6850.0  0.9460  0.8121  0.3536
 6850.0 6950.0  0.9501  0.7488  0.3370
 6950.0 7050.0  0.9525  0.7102  0.3259
 7050.0 7150.0  0.9540  0.6869  0.3181
 7150.0 7250.0  0.9554  0.6635  0.3103
 7250.0 7350.0  0.9569  0.6401  0.3026
 7350.0 7450.0  0.9584  0.6168  0.2948
 7450.0 7550.0  0.9598  0.5934  0.2870
 7550.0 7650.0  0.9613  0.5700  0.2793
 7650.0 7750.0  0.9628  0.5467  0.2715
 7750.0 7850.0  0.9642  0.5233  0.2637
 7850.0 7950.0  0.9657  0.4999  0.2560
 7950.0 8050.0  0.9672  0.4766  0.2482
 8050.0 8150.0  0.9686  0.4532  0.2404
 8150.0 8250.0  0.9701  0.4298  0.2326
 8250.0 8350.0  0.9716  0.4065  0.2249
 8350.0 8450.0  0.9730  0.3831  0.2171
 8450.0 8550.0  0.9745  0.3598  0.2093
