 1216.0 1216.0  0.0010489  0.0490841  0.0022528
 1300.0 1350.0  0.0008473  0.0441549  0.0019382
 1350.0 1400.0  0.0007630  0.0420563  0.0018051
 1400.0 1450.0  0.0006847  0.0400595  0.0016797
 1450.0 1500.0  0.0006127  0.0381624  0.0015624
 1500.0 1550.0  0.0005477  0.0363637  0.0014538
 1550.0 1600.0  0.0004903  0.0346627  0.0013544
 1600.0 1650.0  0.0004411  0.0330596  0.0012649
 1650.0 1700.0  0.0004004  0.0315549  0.0011854
 1700.0 1750.0  0.0003674  0.0301488  0.0011153
 1754.0 1770.0  0.0003465  0.0291609  0.0010679
 1770.0 1786.0  0.0003387  0.0287553  0.0010491
 1786.0 1802.0  0.0003315  0.0283601  0.0010309
 1802.0 1818.0  0.0003246  0.0279752  0.0010133
 1818.0 1835.0  0.0003180  0.0275893  0.0009959
 1835.0 1852.0  0.0003116  0.0272031  0.0009786
 1852.0 1869.0  0.0003056  0.0268289  0.0009618
 1869.0 1887.0  0.0002997  0.0264565  0.0009452
 1887.0 1905.0  0.0002939  0.0260866  0.0009286
 1905.0 1923.0  0.0002883  0.0257305  0.0009125
 1923.0 1942.0  0.0002828  0.0253793  0.0008965
 1942.0 1961.0  0.0002772  0.0250339  0.0008804
 1961.0 1980.0  0.0002717  0.0247045  0.0008648
 1980.0 2000.0  0.0002661  0.0243829  0.0008491
 2000.0 2020.0  0.0002603  0.0240688  0.0008333
 2020.0 2041.0  0.0002543  0.0237620  0.0008175
 2041.0 2062.0  0.0002483  0.0234616  0.0008018
 2062.0 2083.0  0.0002422  0.0231736  0.0007863
 2083.0 2105.0  0.0002362  0.0228897  0.0007709
 2105.0 2128.0  0.0002299  0.0226023  0.0007552
 2128.0 2151.0  0.0002235  0.0223165  0.0007396
 2151.0 2174.0  0.0002173  0.0220364  0.0007243
 2174.0 2200.0  0.0002109  0.0217418  0.0007085
 2200.0 2222.0  0.0002048  0.0214543  0.0006935
 2222.0 2247.0  0.0001990  0.0211711  0.0006792
 2247.0 2273.0  0.0001930  0.0208592  0.0006641
 2273.0 2299.0  0.0001872  0.0205331  0.0006492
 2299.0 2326.0  0.0001816  0.0201885  0.0006344
 2326.0 2353.0  0.0001763  0.0198215  0.0006200
 2353.0 2381.0  0.0001714  0.0194266  0.0006057
 2381.0 2410.0  0.0001668  0.0189916  0.0005915
 2410.0 2439.0  0.0001627  0.0185228  0.0005776
 2439.0 2469.0  0.0001590  0.0180241  0.0005639
 2469.0 2500.0  0.0001555  0.0174932  0.0005504
 2500.0 2532.0  0.0001523  0.0169370  0.0005369
 2532.0 2564.0  0.0001494  0.0163723  0.0005236
 2564.0 2597.0  0.0001465  0.0158085  0.0005107
 2597.0 2632.0  0.0001436  0.0152397  0.0004975
 2632.0 2667.0  0.0001406  0.0146866  0.0004844
 2667.0 2703.0  0.0001373  0.0141653  0.0004715
 2703.0 2740.0  0.0001339  0.0136694  0.0004587
 2740.0 2778.0  0.0001303  0.0131982  0.0004459
 2778.0 2817.0  0.0001266  0.0127510  0.0004333
 2817.0 2857.0  0.0001227  0.0123264  0.0004208
 2857.0 2899.0  0.0001188  0.0119182  0.0004083
 2899.0 2941.0  0.0001148  0.0115293  0.0003960
 2941.0 2985.0  0.0001108  0.0111576  0.0003840
 2985.0 3030.0  0.0001069  0.0107960  0.0003722
 3030.0 3077.0  0.0001031  0.0104423  0.0003606
 3077.0 3125.0  0.0000994  0.0100933  0.0003491
 3125.0 3175.0  0.0000958  0.0097455  0.0003379
 3175.0 3225.0  0.0000924  0.0093974  0.0003270
 3225.0 3275.0  0.0000894  0.0090508  0.0003166
 3275.0 3325.0  0.0000867  0.0087012  0.0003067
 3325.0 3375.0  0.0000843  0.0083490  0.0002972
 3375.0 3425.0  0.0000823  0.0079980  0.0002882
 3425.0 3450.0  0.0000810  0.0077372  0.0002818
 3450.0 3550.0  0.0000794  0.0073209  0.0002719
 3550.0 3650.0  0.0000778  0.0066905  0.0002574
 3650.0 3750.0  0.0000774  0.0061150  0.0002446
 3750.0 3850.0  0.0000780  0.0055810  0.0002331
 3850.0 3950.0  0.0000794  0.0050737  0.0002227
 3950.0 4050.0  0.0000813  0.0045871  0.0002130
 4050.0 4150.0  0.0000839  0.0041258  0.0002039
 4150.0 4250.0  0.0000871  0.0036974  0.0001954
 4250.0 4350.0  0.0000906  0.0033068  0.0001874
 4350.0 4450.0  0.0000941  0.0029563  0.0001799
 4450.0 4550.0  0.0000970  0.0026476  0.0001727
 4550.0 4650.0  0.0000995  0.0023779  0.0001658
 4650.0 4750.0  0.0001014  0.0021415  0.0001592
 4750.0 4850.0  0.0001029  0.0019333  0.0001528
 4850.0 4950.0  0.0001042  0.0017490  0.0001466
 4950.0 5050.0  0.0001053  0.0015852  0.0001407
 5050.0 5150.0  0.0001063  0.0014388  0.0001350
 5150.0 5250.0  0.0001072  0.0013077  0.0001295
 5250.0 5350.0  0.0001082  0.0011900  0.0001243
 5350.0 5450.0  0.0001093  0.0010841  0.0001193
 5450.0 5550.0  0.0001105  0.0009891  0.0001146
 5550.0 5650.0  0.0001121  0.0009042  0.0001102
 5650.0 5750.0  0.0001140  0.0008287  0.0001062
 5750.0 5850.0  0.0001162  0.0007618  0.0001025
 5850.0 5950.0  0.0001188  0.0007018  0.0000991
 5950.0 6050.0  0.0001216  0.0006476  0.0000959
 6050.0 6150.0  0.0001246  0.0005980  0.0000929
 6150.0 6250.0  0.0001278  0.0005521  0.0000900
 6250.0 6350.0  0.0001310  0.0005091  0.0000873
 6350.0 6450.0  0.0001344  0.0004683  0.0000846
 6450.0 6550.0  0.0001379  0.0004289  0.0000820
 6550.0 6650.0  0.0001414  0.0003903  0.0000795
 6650.0 6750.0  0.0001449  0.0003519  0.0000769
 6750.0 6850.0  0.0001484  0.0003132  0.0000744
 6850.0 6950.0  0.0001520  0.0002735  0.0000717
 6950.0 7050.0  0.0001554  0.0002325  0.0000691
 7050.0 7150.0  0.0001589  0.0001908  0.0000664
 7150.0 7250.0  0.0001624  0.0001487  0.0000637
 7250.0 7350.0  0.0001660  0.0001069  0.0000610
 7350.0 7450.0  0.0001696  0.0000661  0.0000583
 7450.0 7550.0  0.0001734  0.0000267  0.0000557
 7550.0 7650.0  0.0001774  0.0000105  0.0000532
 7650.0 7750.0  0.0001815  0.0000448  0.0000508
 7750.0 7850.0  0.0001860  0.0000754  0.0000486
 7850.0 7950.0  0.0001907  0.0001014  0.0000465
 7950.0 8050.0  0.0001959  0.0001216  0.0000447
 8050.0 8150.0  0.0002015  0.0001348  0.0000431
 8150.0 8250.0  0.0002077  0.0001396  0.0000419
 8250.0 8350.0  0.0002147  0.0001341  0.0000411
 8350.0 8450.0  0.0002224  0.0001164  0.0000408
 8450.0 8550.0  0.0002312  0.0000839  0.0000410
