 1216.0 1216.0  0.2167877 80.2707977  0.9799851
 1300.0 1350.0  0.2347178 75.0806351  0.9759234
 1350.0 1400.0  0.2425068 72.8689117  0.9741644
 1400.0 1450.0  0.2499360 70.7923126  0.9724988
 1450.0 1500.0  0.2569448 68.8708267  0.9709465
 1500.0 1550.0  0.2634696 67.1256256  0.9695283
 1550.0 1600.0  0.2694431 65.5792542  0.9682662
 1600.0 1650.0  0.2747945 64.2554398  0.9671830
 1650.0 1700.0  0.2794980 63.1629448  0.9662869
 1700.0 1750.0  0.2836376 62.2736244  0.9655507
 1754.0 1770.0  0.2864600 61.7037964  0.9650717
 1770.0 1786.0  0.2876060 61.4854355  0.9648839
 1786.0 1802.0  0.2887262 61.2771606  0.9647020
 1802.0 1818.0  0.2898256 61.0773239  0.9645246
 1818.0 1835.0  0.2909426 60.8784294  0.9643445
 1835.0 1852.0  0.2920817 60.6790657  0.9641602
 1852.0 1869.0  0.2932143 60.4835167  0.9639752
 1869.0 1887.0  0.2943799 60.2841415  0.9637821
 1887.0 1905.0  0.2955850 60.0788612  0.9635785
 1905.0 1923.0  0.2968031 59.8711052  0.9633675
 1923.0 1942.0  0.2980766 59.6524582  0.9631405
 1942.0 1961.0  0.2994142 59.4200516  0.9628943
 1961.0 1980.0  0.3007905 59.1769485  0.9626321
 1980.0 2000.0  0.3022520 58.9142265  0.9623444
 2000.0 2020.0  0.3038088 58.6306534  0.9620305
 2020.0 2041.0  0.3054749 58.3247910  0.9616895
 2041.0 2062.0  0.3072623 57.9959183  0.9613215
 2062.0 2083.0  0.3091412 57.6511116  0.9609354
 2083.0 2105.0  0.3111706 57.2813644  0.9605222
 2105.0 2128.0  0.3134184 56.8764458  0.9600719
 2128.0 2151.0  0.3158578 56.4436493  0.9595942
 2151.0 2174.0  0.3184544 55.9914322  0.9590999
 2174.0 2200.0  0.3214141 55.4874954  0.9585561
 2200.0 2222.0  0.3245012 54.9736557  0.9580091
 2222.0 2247.0  0.3277484 54.4478531  0.9574591
 2247.0 2273.0  0.3315191 53.8538208  0.9568491
 2273.0 2299.0  0.3356504 53.2223015  0.9562143
 2299.0 2326.0  0.3401870 52.5507736  0.9555557
 2326.0 2353.0  0.3451645 51.8376160  0.9548745
 2353.0 2381.0  0.3506363 51.0799332  0.9541718
 2381.0 2410.0  0.3567552 50.2613983  0.9534363
 2410.0 2439.0  0.3634343 49.3973846  0.9526830
 2439.0 2469.0  0.3706509 48.4935570  0.9519148
 2469.0 2500.0  0.3784870 47.5424957  0.9511225
 2500.0 2532.0  0.3869060 46.5529327  0.9503101
 2532.0 2564.0  0.3957181 45.5510101  0.9494952
 2564.0 2597.0  0.4048575 44.5487289  0.9486831
 2597.0 2632.0  0.4145314 43.5299721  0.9478556
 2632.0 2667.0  0.4245148 42.5255814  0.9470322
 2667.0 2703.0  0.4345939 41.5611877  0.9462312
 2703.0 2740.0  0.4448633 40.6253815  0.9454455
 2740.0 2778.0  0.4552774 39.7192535  0.9446800
 2778.0 2817.0  0.4657842 38.8436890  0.9439399
 2817.0 2857.0  0.4763233 37.9993591  0.9432316
 2857.0 2899.0  0.4869512 37.1773682  0.9425541
 2899.0 2941.0  0.4974587 36.3880539  0.9419236
 2941.0 2985.0  0.5077510 35.6326103  0.9413499
 2985.0 3030.0  0.5179248 34.9006805  0.9408313
 3030.0 3077.0  0.5280380 34.1906281  0.9403706
 3077.0 3125.0  0.5382128 33.4981461  0.9399657
 3125.0 3175.0  0.5485936 32.8186111  0.9396156
 3175.0 3225.0  0.5592493 32.1518402  0.9393193
 3225.0 3275.0  0.5701571 31.5029087  0.9390764
 3275.0 3325.0  0.5814550 30.8650055  0.9388798
 3325.0 3375.0  0.5931200 30.2389565  0.9387255
 3375.0 3425.0  0.6050098 29.6313171  0.9386120
 3425.0 3450.0  0.6139863 29.1891174  0.9385495
 3450.0 3550.0  0.6287618 28.5159645  0.9385194
 3550.0 3650.0  0.6517394 27.5426807  0.9385644
 3650.0 3750.0  0.6737369 26.7207737  0.9387363
 3750.0 3850.0  0.6952404 26.0060997  0.9389932
 3850.0 3950.0  0.7168028 25.3519535  0.9392939
 3950.0 4050.0  0.7385948 24.7329712  0.9396110
 4050.0 4150.0  0.7602789 24.1509571  0.9399348
 4150.0 4250.0  0.7813600 23.6145992  0.9402609
 4250.0 4350.0  0.8013867 23.1236839  0.9405830
 4350.0 4450.0  0.8199276 22.6709747  0.9408936
 4450.0 4550.0  0.8366408 22.2495575  0.9411862
 4550.0 4650.0  0.8515259 21.8542023  0.9414591
 4650.0 4750.0  0.8648307 21.4810524  0.9417137
 4750.0 4850.0  0.8767878 21.1269932  0.9419516
 4850.0 4950.0  0.8875878 20.7895088  0.9421738
 4950.0 5050.0  0.8973852 20.4666061  0.9423807
 5050.0 5150.0  0.9063032 20.1567440  0.9425721
 5150.0 5250.0  0.9144375 19.8587818  0.9427477
 5250.0 5350.0  0.9218595 19.5719566  0.9429063
 5350.0 5450.0  0.9286183 19.2958527  0.9430464
 5450.0 5550.0  0.9347421 19.0303879  0.9431660
 5550.0 5650.0  0.9402397 18.7758102  0.9432621
 5650.0 5750.0  0.9451188 18.5323219  0.9433327
 5750.0 5850.0  0.9494342 18.2990761  0.9433787
 5850.0 5950.0  0.9532788 18.0743904  0.9434044
 5950.0 6050.0  0.9567380 17.8566933  0.9434134
 6050.0 6150.0  0.9598855 17.6446247  0.9434092
 6150.0 6250.0  0.9627851 17.4370079  0.9433947
 6250.0 6350.0  0.9654931 17.2328014  0.9433724
 6350.0 6450.0  0.9680595 17.0310688  0.9433447
 6450.0 6550.0  0.9705300 16.8309517  0.9433137
 6550.0 6650.0  0.9729475 16.6316452  0.9432817
 6650.0 6750.0  0.9753529 16.4323654  0.9432505
 6750.0 6850.0  0.9777871 16.2323341  0.9432224
 6850.0 6950.0  0.9802898 16.0307751  0.9431993
 6950.0 7050.0  0.9828777 15.8273306  0.9431825
 7050.0 7150.0  0.9855286 15.6223326  0.9431716
 7150.0 7250.0  0.9882046 15.4163857  0.9431654
 7250.0 7350.0  0.9908684 15.2100735  0.9431630
 7350.0 7450.0  0.9934820 15.0039654  0.9431639
 7450.0 7550.0  0.9960060 14.7986412  0.9431673
 7550.0 7650.0  0.9983982 14.5947037  0.9431726
 7650.0 7750.0  1.0000000 14.3927956  0.9431793
 7750.0 7850.0  1.0000000 14.1936283  0.9431869
 7850.0 7950.0  1.0000000 13.9979944  0.9431949
 7950.0 8050.0  1.0000000 13.8067989  0.9432030
 8050.0 8150.0  1.0000000 13.6210852  0.9432106
 8150.0 8250.0  1.0000000 13.4420662  0.9432173
 8250.0 8350.0  1.0000000 13.2711658  0.9432228
 8350.0 8450.0  1.0000000 13.1100616  0.9432262
 8450.0 8550.0  1.0000000 12.9607344  0.9432273
