 1216.0 1216.0  0.3304020 29.6132660  0.9586616
 1300.0 1350.0  0.3528369 27.9732037  0.9504095
 1350.0 1400.0  0.3625453 27.2744293  0.9468189
 1400.0 1450.0  0.3717880 26.6190243  0.9434049
 1450.0 1500.0  0.3804960 26.0137596  0.9402059
 1500.0 1550.0  0.3885964 25.4657860  0.9372628
 1550.0 1600.0  0.3960114 24.9827042  0.9346179
 1600.0 1650.0  0.4026593 24.5724945  0.9323153
 1650.0 1700.0  0.4085099 24.2380943  0.9303712
 1700.0 1750.0  0.4136603 23.9700298  0.9287326
 1754.0 1770.0  0.4171673 23.8002815  0.9276456
 1770.0 1786.0  0.4185871 23.7358685  0.9272118
 1786.0 1802.0  0.4199722 23.6746368  0.9267890
 1802.0 1818.0  0.4213282 23.6160316  0.9263745
 1818.0 1835.0  0.4227018 23.5577888  0.9259522
 1835.0 1852.0  0.4240978 23.4994125  0.9255190
 1852.0 1869.0  0.4254807 23.4420776  0.9250840
 1869.0 1887.0  0.4268976 23.3834381  0.9246304
 1887.0 1905.0  0.4283558 23.3227806  0.9241537
 1905.0 1923.0  0.4298224 23.2610054  0.9236619
 1923.0 1942.0  0.4313474 23.1954918  0.9231361
 1942.0 1961.0  0.4329407 23.1252460  0.9225701
 1961.0 1980.0  0.4345710 23.0510769  0.9219723
 1980.0 2000.0  0.4362924 22.9701767  0.9213221
 2000.0 2020.0  0.4381160 22.8821716  0.9206178
 2020.0 2041.0  0.4400562 22.7866325  0.9198574
 2041.0 2062.0  0.4421260 22.6833763  0.9190409
 2062.0 2083.0  0.4442897 22.5746861  0.9181877
 2083.0 2105.0  0.4466140 22.4577942  0.9172778
 2105.0 2128.0  0.4491751 22.3295326  0.9162889
 2128.0 2151.0  0.4519404 22.1922894  0.9152417
 2151.0 2174.0  0.4548697 22.0488510  0.9141597
 2174.0 2200.0  0.4581931 21.8890915  0.9129702
 2200.0 2222.0  0.4616458 21.7263794  0.9117742
 2222.0 2247.0  0.4652627 21.5602036  0.9105712
 2247.0 2273.0  0.4694480 21.3729210  0.9092358
 2273.0 2299.0  0.4740181 21.1744461  0.9078448
 2299.0 2326.0  0.4790205 20.9641953  0.9063985
 2326.0 2353.0  0.4844939 20.7418556  0.9048991
 2353.0 2381.0  0.4904948 20.5067940  0.9033476
 2381.0 2410.0  0.4971885 20.2541733  0.9017179
 2410.0 2439.0  0.5044701 19.9886837  0.9000427
 2439.0 2469.0  0.5122963 19.7116337  0.8983293
 2469.0 2500.0  0.5207318 19.4201546  0.8965573
 2500.0 2532.0  0.5297074 19.1162338  0.8947375
 2532.0 2564.0  0.5389888 18.8071194  0.8929104
 2564.0 2597.0  0.5484700 18.4956055  0.8910893
 2597.0 2632.0  0.5583173 18.1755104  0.8892350
 2632.0 2667.0  0.5682486 17.8552151  0.8873932
 2667.0 2703.0  0.5780172 17.5420017  0.8856052
 2703.0 2740.0  0.5877197 17.2321968  0.8838533
 2740.0 2778.0  0.5973234 16.9263268  0.8821460
 2778.0 2817.0  0.6067923 16.6249237  0.8804923
 2817.0 2857.0  0.6160867 16.3285313  0.8789023
 2857.0 2899.0  0.6252688 16.0342827  0.8773700
 2899.0 2941.0  0.6341771 15.7463570  0.8759266
 2941.0 2985.0  0.6427485 15.4656439  0.8745888
 2985.0 3030.0  0.6510779 15.1887741  0.8733488
 3030.0 3077.0  0.6592109 14.9151840  0.8722122
 3077.0 3125.0  0.6672462 14.6433992  0.8711762
 3125.0 3175.0  0.6752983 14.3717756  0.8702400
 3175.0 3225.0  0.6834309 14.1007395  0.8694057
 3225.0 3275.0  0.6916423 13.8330364  0.8686795
 3275.0 3325.0  0.7000618 13.5669250  0.8680487
 3325.0 3375.0  0.7087038 13.3042831  0.8675069
 3375.0 3425.0  0.7174982 13.0496902  0.8670526
 3425.0 3450.0  0.7241454 12.8654213  0.8667607
 3450.0 3550.0  0.7352021 12.5931549  0.8664383
 3550.0 3650.0  0.7526398 12.2164955  0.8661328
 3650.0 3750.0  0.7696542 11.9247665  0.8661152
 3750.0 3850.0  0.7863731 11.6889982  0.8662905
 3850.0 3950.0  0.8029510 11.4781055  0.8665643
 3950.0 4050.0  0.8193674 11.2745438  0.8668773
 4050.0 4150.0  0.8353688 11.0781155  0.8672135
 4150.0 4250.0  0.8506289 10.8920565  0.8675685
 4250.0 4350.0  0.8648580 10.7112694  0.8679296
 4350.0 4450.0  0.8777837 10.5237598  0.8682759
 4450.0 4550.0  0.8891941 10.3191528  0.8685898
 4550.0 4650.0  0.8991247 10.0950232  0.8688661
 4650.0 4750.0  0.9077896  9.8548260  0.8691089
 4750.0 4850.0  0.9153892  9.6022463  0.8693225
 4850.0 4950.0  0.9220902  9.3405800  0.8695104
 4950.0 5050.0  0.9280315  9.0728397  0.8696749
 5050.0 5150.0  0.9333282  8.8018494  0.8698181
 5150.0 5250.0  0.9380753  8.5303326  0.8699409
 5250.0 5350.0  0.9423508  8.2609940  0.8700441
 5350.0 5450.0  0.9462178  7.9966068  0.8701273
 5450.0 5550.0  0.9497267  7.7400999  0.8701901
 5550.0 5650.0  0.9529167  7.4946470  0.8702310
 5650.0 5750.0  0.9558212  7.2629042  0.8702490
 5750.0 5850.0  0.9584780  7.0448952  0.8702452
 5850.0 5950.0  0.9609288  6.8385162  0.8702230
 5950.0 6050.0  0.9632107  6.6416769  0.8701859
 6050.0 6150.0  0.9653553  6.4525852  0.8701361
 6150.0 6250.0  0.9673899  6.2696915  0.8700762
 6250.0 6350.0  0.9693385  6.0916386  0.8700080
 6350.0 6450.0  0.9712223  5.9172192  0.8699332
 6450.0 6550.0  0.9730606  5.7453423  0.8698534
 6550.0 6650.0  0.9748712  5.5749941  0.8697698
 6650.0 6750.0  0.9766709  5.4052095  0.8696836
 6750.0 6850.0  0.9784764  5.2350392  0.8695962
 6850.0 6950.0  0.9803037  5.0635672  0.8695084
 6950.0 7050.0  0.9821584  4.8904657  0.8694203
 7050.0 7150.0  0.9840286  4.7163792  0.8693302
 7150.0 7250.0  0.9858956  4.5423574  0.8692358
 7250.0 7350.0  0.9877400  4.3694639  0.8691347
 7350.0 7450.0  0.9895419  4.1987987  0.8690239
 7450.0 7550.0  0.9912798  4.0315289  0.8689007
 7550.0 7650.0  0.9929306  3.8689291  0.8687614
 7650.0 7750.0  0.9944683  3.7124186  0.8686023
 7750.0 7850.0  0.9958634  3.5636077  0.8684186
 7850.0 7950.0  0.9970818  3.4243464  0.8682052
 7950.0 8050.0  0.9980839  3.2967825  0.8679559
 8050.0 8150.0  0.9988236  3.1834292  0.8676633
 8150.0 8250.0  0.9992466  3.0872433  0.8673185
 8250.0 8350.0  0.9992883  3.0117168  0.8669115
 8350.0 8450.0  0.9988727  2.9609861  0.8664299
 8450.0 8550.0  0.9979092  2.9399624  0.8658590
