 1216.0 1216.0  0.3002153 32.8249626  0.9661204
 1300.0 1350.0  0.3217550 30.9265518  0.9593256
 1350.0 1400.0  0.3310847 30.1176720  0.9563742
 1400.0 1450.0  0.3399709 29.3587532  0.9535725
 1450.0 1500.0  0.3483462 28.6574516  0.9509531
 1500.0 1550.0  0.3561392 28.0218792  0.9485499
 1550.0 1600.0  0.3632738 27.4606590  0.9463986
 1600.0 1650.0  0.3696702 26.9828453  0.9445366
 1650.0 1700.0  0.3752990 26.5917740  0.9429771
 1700.0 1750.0  0.3802550 26.2766953  0.9416758
 1754.0 1770.0  0.3836313 26.0763969  0.9408191
 1770.0 1786.0  0.3849993 26.0001411  0.9404794
 1786.0 1802.0  0.3863345 25.9275723  0.9401491
 1802.0 1818.0  0.3876424 25.8580627  0.9398258
 1818.0 1835.0  0.3889683 25.7889442  0.9394969
 1835.0 1852.0  0.3903169 25.7196712  0.9391598
 1852.0 1869.0  0.3916540 25.6516609  0.9388212
 1869.0 1887.0  0.3930254 25.5821838  0.9384679
 1887.0 1905.0  0.3944381 25.5104256  0.9380962
 1905.0 1923.0  0.3958607 25.4375038  0.9377120
 1923.0 1942.0  0.3973418 25.3603592  0.9373001
 1942.0 1961.0  0.3988909 25.2778893  0.9368554
 1961.0 1980.0  0.4004780 25.1910839  0.9363841
 1980.0 2000.0  0.4021561 25.0966873  0.9358698
 2000.0 2020.0  0.4039360 24.9942646  0.9353110
 2020.0 2041.0  0.4058326 24.8833141  0.9347061
 2041.0 2062.0  0.4078590 24.7636185  0.9340550
 2062.0 2083.0  0.4099806 24.6378021  0.9333735
 2083.0 2105.0  0.4122634 24.5026436  0.9326455
 2105.0 2128.0  0.4147828 24.3544598  0.9318531
 2128.0 2151.0  0.4175075 24.1959877  0.9310129
 2151.0 2174.0  0.4203985 24.0304165  0.9301440
 2174.0 2200.0  0.4236838 23.8460312  0.9291880
 2200.0 2222.0  0.4271018 23.6582184  0.9282261
 2222.0 2247.0  0.4306878 23.4663525  0.9272580
 2247.0 2273.0  0.4348430 23.2500172  0.9261832
 2273.0 2299.0  0.4393862 23.0206013  0.9250631
 2299.0 2326.0  0.4443658 22.7773724  0.9238986
 2326.0 2353.0  0.4498206 22.5199127  0.9226913
 2353.0 2381.0  0.4558082 22.2473984  0.9214424
 2381.0 2410.0  0.4624941 21.9541683  0.9201309
 2410.0 2439.0  0.4697764 21.6456947  0.9187835
 2439.0 2469.0  0.4776157 21.3236713  0.9174058
 2469.0 2500.0  0.4860821 20.9850044  0.9159821
 2500.0 2532.0  0.4951128 20.6322823  0.9145207
 2532.0 2564.0  0.5044793 20.2742233  0.9130545
 2564.0 2597.0  0.5140828 19.9144268  0.9115941
 2597.0 2632.0  0.5241032 19.5462151  0.9101085
 2632.0 2667.0  0.5342660 19.1797523  0.9086344
 2667.0 2703.0  0.5443271 18.8237286  0.9072052
 2703.0 2740.0  0.5543859 18.4739952  0.9058069
 2740.0 2778.0  0.5644065 18.1311340  0.9044464
 2778.0 2817.0  0.5743490 17.7957153  0.9031309
 2817.0 2857.0  0.5841695 17.4682961  0.9018689
 2857.0 2899.0  0.5939317 17.1457119  0.9006561
 2899.0 2941.0  0.6034603 16.8324661  0.8995172
 2941.0 2985.0  0.6126850 16.5294838  0.8984661
 2985.0 3030.0  0.6217036 16.2330055  0.8974969
 3030.0 3077.0  0.6305635 15.9423809  0.8966138
 3077.0 3125.0  0.6393670 15.6558704  0.8958148
 3125.0 3175.0  0.6482334 15.3715649  0.8950987
 3175.0 3225.0  0.6572224 15.0895796  0.8944668
 3225.0 3275.0  0.6663201 14.8123627  0.8939227
 3275.0 3325.0  0.6756557 14.5376348  0.8934561
 3325.0 3375.0  0.6852335 14.2668972  0.8930614
 3375.0 3425.0  0.6949654 14.0044823  0.8927375
 3425.0 3450.0  0.7023084 13.8143978  0.8925341
 3450.0 3550.0  0.7144530 13.5320158  0.8923279
 3550.0 3650.0  0.7334867 13.1380415  0.8921680
 3650.0 3750.0  0.7518900 12.8276196  0.8922397
 3750.0 3850.0  0.7698795 12.5731392  0.8924642
 3850.0 3950.0  0.7877064 12.3450499  0.8927633
 3950.0 4050.0  0.8053989 12.1268578  0.8930878
 4050.0 4150.0  0.8226882 11.9187870  0.8934249
 4150.0 4250.0  0.8392146 11.7245007  0.8937715
 4250.0 4350.0  0.8546641 11.5399361  0.8941174
 4350.0 4450.0  0.8687466 11.3546848  0.8944454
 4450.0 4550.0  0.8812366 11.1596375  0.8947409
 4550.0 4650.0  0.8921685 10.9521484  0.8950002
 4650.0 4750.0  0.9017649 10.7343550  0.8952274
 4750.0 4850.0  0.9102331 10.5086498  0.8954265
 4850.0 4950.0  0.9177454 10.2771835  0.8956008
 4950.0 5050.0  0.9244441 10.0419254  0.8957528
 5050.0 5150.0  0.9304463  9.8047256  0.8958842
 5150.0 5250.0  0.9358470  9.5673752  0.8959960
 5250.0 5350.0  0.9407230  9.3316612  0.8960890
 5350.0 5450.0  0.9451343  9.0994186  0.8961629
 5450.0 5550.0  0.9491264  8.8725929  0.8962170
 5550.0 5650.0  0.9527320  8.6532955  0.8962502
 5650.0 5750.0  0.9559786  8.4433002  0.8962613
 5750.0 5850.0  0.9589080  8.2426071  0.8962516
 5850.0 5950.0  0.9615733  8.0497999  0.8962243
 5950.0 6050.0  0.9640220  7.8634658  0.8961825
 6050.0 6150.0  0.9662953  7.6823978  0.8961288
 6150.0 6250.0  0.9684285  7.5055542  0.8960654
 6250.0 6350.0  0.9704527  7.3320222  0.8959941
 6350.0 6450.0  0.9723955  7.1609941  0.8959166
 6450.0 6550.0  0.9742821  6.9917402  0.8958344
 6550.0 6650.0  0.9761360  6.8235865  0.8957489
 6650.0 6750.0  0.9779794  6.6558919  0.8956611
 6750.0 6850.0  0.9798343  6.4880314  0.8955723
 6850.0 6950.0  0.9817222  6.3194027  0.8954835
 6950.0 7050.0  0.9836514  6.1498079  0.8953947
 7050.0 7150.0  0.9856080  5.9797115  0.8953046
 7150.0 7250.0  0.9875690  5.8098593  0.8952109
 7250.0 7350.0  0.9895117  5.6410141  0.8951113
 7350.0 7450.0  0.9914124  5.4739676  0.8950036
 7450.0 7550.0  0.9932464  5.3095675  0.8948846
 7550.0 7650.0  0.9949869  5.1487460  0.8947515
 7650.0 7750.0  0.9966037  4.9925461  0.8946009
 7750.0 7850.0  0.9980635  4.8421545  0.8944284
 7850.0 7950.0  0.9993275  4.6989398  0.8942293
 7950.0 8050.0  1.0000000  4.5644946  0.8939983
 8050.0 8150.0  1.0000000  4.4406843  0.8937285
 8150.0 8250.0  1.0000000  4.3297071  0.8934123
 8250.0 8350.0  1.0000000  4.2341604  0.8930403
 8350.0 8450.0  1.0000000  4.1571245  0.8926017
 8450.0 8550.0  0.9996728  4.1022568  0.8920834
