 1216.0 1216.0  0.4663582  7.6693583  0.8521718
 1300.0 1350.0  0.4957740  7.4089646  0.8254232
 1350.0 1400.0  0.5083375  7.2968321  0.8135438
 1400.0 1450.0  0.5202147  7.1916285  0.8020742
 1450.0 1500.0  0.5313389  7.0950427  0.7911352
 1500.0 1550.0  0.5416381  7.0088305  0.7808515
 1550.0 1600.0  0.5510334  6.9348292  0.7713529
 1600.0 1650.0  0.5594404  6.8749413  0.7627734
 1650.0 1700.0  0.5668271  6.8298521  0.7551608
 1700.0 1750.0  0.5732926  6.7972870  0.7483548
 1754.0 1770.0  0.5776572  6.7782536  0.7436348
 1770.0 1786.0  0.5794010  6.7714400  0.7416769
 1786.0 1802.0  0.5810881  6.7650409  0.7397403
 1802.0 1818.0  0.5827243  6.7589207  0.7378154
 1818.0 1835.0  0.5843637  6.7527604  0.7358326
 1835.0 1852.0  0.5860097  6.7464166  0.7337811
 1852.0 1869.0  0.5876180  6.7399187  0.7317096
 1869.0 1887.0  0.5892408  6.7328920  0.7295436
 1887.0 1905.0  0.5908837  6.7251358  0.7272682
 1905.0 1923.0  0.5925074  6.7166467  0.7249306
 1923.0 1942.0  0.5941645  6.7069407  0.7224479
 1942.0 1961.0  0.5958629  6.6957474  0.7197999
 1961.0 1980.0  0.5975667  6.6830773  0.7170355
 1980.0 2000.0  0.5993301  6.6683674  0.7140661
 2000.0 2020.0  0.6011612  6.6515179  0.7108858
 2020.0 2041.0  0.6030698  6.6323977  0.7074869
 2041.0 2062.0  0.6050655  6.6109672  0.7038689
 2062.0 2083.0  0.6071107  6.5876961  0.7001179
 2083.0 2105.0  0.6092658  6.5619946  0.6961449
 2105.0 2128.0  0.6115966  6.5331402  0.6918522
 2128.0 2151.0  0.6140685  6.5016508  0.6873304
 2151.0 2174.0  0.6166433  6.4681759  0.6826792
 2174.0 2200.0  0.6195165  6.4303250  0.6775869
 2200.0 2222.0  0.6224605  6.3913202  0.6724819
 2222.0 2247.0  0.6255012  6.3510423  0.6673620
 2247.0 2273.0  0.6289777  6.3052564  0.6616914
 2273.0 2299.0  0.6327310  6.2563696  0.6557936
 2299.0 2326.0  0.6367966  6.2042589  0.6496693
 2326.0 2353.0  0.6412042  6.1488857  0.6433241
 2353.0 2381.0  0.6459968  6.0901241  0.6367604
 2381.0 2410.0  0.6513017  6.0267692  0.6298639
 2410.0 2439.0  0.6570207  5.9597473  0.6227703
 2439.0 2469.0  0.6630886  5.8888092  0.6155083
 2469.0 2500.0  0.6695163  5.8124681  0.6079907
 2500.0 2532.0  0.6762009  5.7303104  0.6002591
 2532.0 2564.0  0.6829147  5.6432981  0.5924833
 2564.0 2597.0  0.6895186  5.5510535  0.5847170
 2597.0 2632.0  0.6960437  5.4501901  0.5767889
 2632.0 2667.0  0.7022092  5.3416438  0.5688883
 2667.0 2703.0  0.7077957  5.2267742  0.5611863
 2703.0 2740.0  0.7128581  5.1044407  0.5535973
 2740.0 2778.0  0.7173847  4.9752378  0.5461459
 2778.0 2817.0  0.7213665  4.8398914  0.5388582
 2817.0 2857.0  0.7247975  4.6992683  0.5317625
 2857.0 2899.0  0.7277018  4.5526037  0.5248102
 2899.0 2941.0  0.7300432  4.4028945  0.5181205
 2941.0 2985.0  0.7318115  4.2515368  0.5117403
 2985.0 3030.0  0.7330600  4.0977907  0.5056165
 3030.0 3077.0  0.7338380  3.9421639  0.4997653
 3077.0 3125.0  0.7342364  3.7848761  0.4941797
 3125.0 3175.0  0.7343592  3.6262383  0.4888578
 3175.0 3225.0  0.7343413  3.4680593  0.4838302
 3225.0 3275.0  0.7343347  3.3136485  0.4791645
 3275.0 3325.0  0.7344859  3.1632843  0.4748192
 3325.0 3375.0  0.7349000  3.0180287  0.4707718
 3375.0 3425.0  0.7356534  2.8795447  0.4670149
 3425.0 3450.0  0.7364420  2.7802620  0.4643589
 3450.0 3550.0  0.7386986  2.6346669  0.4604667
 3550.0 3650.0  0.7437543  2.4323583  0.4549249
 3650.0 3750.0  0.7509248  2.2732913  0.4503514
 3750.0 3850.0  0.7596641  2.1423144  0.4465016
 3850.0 3950.0  0.7693958  2.0235331  0.4431396
 3950.0 4050.0  0.7796962  1.9077740  0.4401121
 4050.0 4150.0  0.7903227  1.7944605  0.4373658
 4150.0 4250.0  0.8010449  1.6854942  0.4348785
 4250.0 4350.0  0.8114564  1.5813725  0.4326072
 4350.0 4450.0  0.8209956  1.4814744  0.4304923
 4450.0 4550.0  0.8291962  1.3851875  0.4284822
 4550.0 4650.0  0.8359879  1.2921400  0.4265484
 4650.0 4750.0  0.8415912  1.2021585  0.4246800
 4750.0 4850.0  0.8462269  1.1151762  0.4228697
 4850.0 4950.0  0.8500857  1.0312202  0.4211119
 4950.0 5050.0  0.8533341  0.9504119  0.4194028
 5050.0 5150.0  0.8561193  0.8729707  0.4177402
 5150.0 5250.0  0.8585744  0.7992213  0.4161231
 5250.0 5350.0  0.8608222  0.7296035  0.4145522
 5350.0 5450.0  0.8629787  0.6646862  0.4130293
 5450.0 5550.0  0.8651572  0.6051847  0.4115581
 5550.0 5650.0  0.8674719  0.5519825  0.4101435
 5650.0 5750.0  0.8700179  0.5058159  0.4087899
 5750.0 5850.0  0.8728166  0.4664136  0.4074939
 5850.0 5950.0  0.8758292  0.4326923  0.4062459
 5950.0 6050.0  0.8790141  0.4036060  0.4050372
 6050.0 6150.0  0.8823353  0.3782535  0.4038597
 6150.0 6250.0  0.8857611  0.3558500  0.4027068
 6250.0 6350.0  0.8892630  0.3357029  0.4015724
 6350.0 6450.0  0.8928148  0.3171897  0.4004511
 6450.0 6550.0  0.8963917  0.2997391  0.3993376
 6550.0 6650.0  0.8999704  0.2828130  0.3982274
 6650.0 6750.0  0.9035267  0.2658894  0.3971155
 6750.0 6850.0  0.9070363  0.2484467  0.3959974
 6850.0 6950.0  0.9104739  0.2299676  0.3948681
 6950.0 7050.0  0.9138238  0.2102098  0.3937252
 7050.0 7150.0  0.9170859  0.1893874  0.3925699
 7150.0 7250.0  0.9202651  0.1678949  0.3914048
 7250.0 7350.0  0.9233642  0.1461110  0.3902323
 7350.0 7450.0  0.9263834  0.1244052  0.3890547
 7450.0 7550.0  0.9293202  0.1031496  0.3878737
 7550.0 7650.0  0.9321700  0.0827299  0.3866915
 7650.0 7750.0  0.9349251  0.0635584  0.3855098
 7750.0 7850.0  0.9375748  0.0460860  0.3843306
 7850.0 7950.0  0.9401055  0.0308167  0.3831556
 7950.0 8050.0  0.9424995  0.0183234  0.3819871
 8050.0 8150.0  0.9447351  0.0092655  0.3808273
 8150.0 8250.0  0.9467854  0.0044095  0.3796787
 8250.0 8350.0  0.9486181  0.0046532  0.3785444
 8350.0 8450.0  0.9501936  0.0110533  0.3774275
 8450.0 8550.0  0.9514648  0.0248589  0.3763320
