 1216.0 1216.0  0.0265687  0.1598950  0.0201608
 1300.0 1350.0  0.0215792  0.1423793  0.0173534
 1350.0 1400.0  0.0194902  0.1349475  0.0161650
 1400.0 1450.0  0.0175459  0.1279034  0.0150454
 1450.0 1500.0  0.0157588  0.1212465  0.0139987
 1500.0 1550.0  0.0141422  0.1149790  0.0130290
 1550.0 1600.0  0.0127110  0.1091066  0.0121414
 1600.0 1650.0  0.0114812  0.1036376  0.0113414
 1650.0 1700.0  0.0104589  0.0985765  0.0106312
 1700.0 1750.0  0.0096255  0.0939150  0.0100044
 1754.0 1770.0  0.0090959  0.0906717  0.0095804
 1770.0 1786.0  0.0088972  0.0893516  0.0094116
 1786.0 1802.0  0.0087108  0.0880693  0.0092489
 1802.0 1818.0  0.0085355  0.0868246  0.0090920
 1818.0 1835.0  0.0083654  0.0855806  0.0089359
 1835.0 1852.0  0.0082000  0.0843393  0.0087807
 1852.0 1869.0  0.0080434  0.0831394  0.0086308
 1869.0 1887.0  0.0078904  0.0819477  0.0084816
 1887.0 1905.0  0.0077398  0.0807664  0.0083330
 1905.0 1923.0  0.0075949  0.0796307  0.0081890
 1923.0 1942.0  0.0074503  0.0785114  0.0080453
 1942.0 1961.0  0.0073047  0.0774108  0.0079016
 1961.0 1980.0  0.0071604  0.0763604  0.0077614
 1980.0 2000.0  0.0070125  0.0753335  0.0076207
 2000.0 2020.0  0.0068610  0.0743290  0.0074796
 2020.0 2041.0  0.0067062  0.0733468  0.0073383
 2041.0 2062.0  0.0065484  0.0723838  0.0071968
 2062.0 2083.0  0.0063919  0.0714595  0.0070587
 2083.0 2105.0  0.0062333  0.0705478  0.0069207
 2105.0 2128.0  0.0060697  0.0696245  0.0067799
 2128.0 2151.0  0.0059054  0.0687060  0.0066396
 2151.0 2174.0  0.0057444  0.0678066  0.0065030
 2174.0 2200.0  0.0055775  0.0668616  0.0063615
 2200.0 2222.0  0.0054187  0.0659405  0.0062266
 2222.0 2247.0  0.0052689  0.0650354  0.0060983
 2247.0 2273.0  0.0051129  0.0640409  0.0059631
 2273.0 2299.0  0.0049618  0.0630042  0.0058295
 2299.0 2326.0  0.0048169  0.0619129  0.0056977
 2326.0 2353.0  0.0046796  0.0607544  0.0055678
 2353.0 2381.0  0.0045515  0.0595133  0.0054402
 2381.0 2410.0  0.0044322  0.0581511  0.0053128
 2410.0 2439.0  0.0043245  0.0566881  0.0051880
 2439.0 2469.0  0.0042273  0.0551365  0.0050657
 2469.0 2500.0  0.0041378  0.0534886  0.0049440
 2500.0 2532.0  0.0040544  0.0517648  0.0048229
 2532.0 2564.0  0.0039764  0.0500173  0.0047042
 2564.0 2597.0  0.0039016  0.0482744  0.0045878
 2597.0 2632.0  0.0038250  0.0465173  0.0044700
 2632.0 2667.0  0.0037447  0.0448091  0.0043524
 2667.0 2703.0  0.0036602  0.0431996  0.0042368
 2703.0 2740.0  0.0035702  0.0416681  0.0041217
 2740.0 2778.0  0.0034756  0.0402133  0.0040073
 2778.0 2817.0  0.0033770  0.0388326  0.0038938
 2817.0 2857.0  0.0032754  0.0375220  0.0037815
 2857.0 2899.0  0.0031707  0.0362625  0.0036695
 2899.0 2941.0  0.0030654  0.0350628  0.0035594
 2941.0 2985.0  0.0029611  0.0339170  0.0034518
 2985.0 3030.0  0.0028577  0.0328031  0.0033456
 3030.0 3077.0  0.0027564  0.0317144  0.0032412
 3077.0 3125.0  0.0026578  0.0306414  0.0031385
 3125.0 3175.0  0.0025630  0.0295731  0.0030376
 3175.0 3225.0  0.0024739  0.0285056  0.0029396
 3225.0 3275.0  0.0023931  0.0274438  0.0028462
 3275.0 3325.0  0.0023211  0.0263747  0.0027572
 3325.0 3375.0  0.0022582  0.0252991  0.0026723
 3375.0 3425.0  0.0022043  0.0242281  0.0025916
 3425.0 3450.0  0.0021690  0.0234329  0.0025335
 3450.0 3550.0  0.0021277  0.0221653  0.0024449
 3550.0 3650.0  0.0020847  0.0202483  0.0023142
 3650.0 3750.0  0.0020753  0.0185008  0.0021992
 3750.0 3850.0  0.0020924  0.0168816  0.0020966
 3850.0 3950.0  0.0021292  0.0153448  0.0020028
 3950.0 4050.0  0.0021820  0.0138712  0.0019154
 4050.0 4150.0  0.0022511  0.0124745  0.0018338
 4150.0 4250.0  0.0023365  0.0111782  0.0017574
 4250.0 4350.0  0.0024315  0.0099963  0.0016856
 4350.0 4450.0  0.0025242  0.0089361  0.0016178
 4450.0 4550.0  0.0026045  0.0080023  0.0015531
 4550.0 4650.0  0.0026693  0.0071865  0.0014912
 4650.0 4750.0  0.0027213  0.0064714  0.0014316
 4750.0 4850.0  0.0027634  0.0058417  0.0013743
 4850.0 4950.0  0.0027979  0.0052843  0.0013191
 4950.0 5050.0  0.0028273  0.0047886  0.0012659
 5050.0 5150.0  0.0028537  0.0043460  0.0012146
 5150.0 5250.0  0.0028790  0.0039494  0.0011654
 5250.0 5350.0  0.0029053  0.0035932  0.0011183
 5350.0 5450.0  0.0029346  0.0032730  0.0010735
 5450.0 5550.0  0.0029691  0.0029856  0.0010312
 5550.0 5650.0  0.0030109  0.0027289  0.0009918
 5650.0 5750.0  0.0030621  0.0025009  0.0009555
 5750.0 5850.0  0.0031227  0.0022985  0.0009223
 5850.0 5950.0  0.0031912  0.0021174  0.0008915
 5950.0 6050.0  0.0032664  0.0019536  0.0008628
 6050.0 6150.0  0.0033468  0.0018040  0.0008358
 6150.0 6250.0  0.0034317  0.0016656  0.0008101
 6250.0 6350.0  0.0035199  0.0015360  0.0007855
 6350.0 6450.0  0.0036107  0.0014127  0.0007616
 6450.0 6550.0  0.0037035  0.0012939  0.0007382
 6550.0 6650.0  0.0037975  0.0011776  0.0007151
 6650.0 6750.0  0.0038921  0.0010619  0.0006921
 6750.0 6850.0  0.0039867  0.0009450  0.0006690
 6850.0 6950.0  0.0040809  0.0008252  0.0006455
 6950.0 7050.0  0.0041743  0.0007018  0.0006216
 7050.0 7150.0  0.0042675  0.0005757  0.0005974
 7150.0 7250.0  0.0043614  0.0004488  0.0005731
 7250.0 7350.0  0.0044569  0.0003227  0.0005488
 7350.0 7450.0  0.0045547  0.0001994  0.0005249
 7450.0 7550.0  0.0046560  0.0000805  0.0005016
 7550.0 7650.0  0.0047617  0.0000318  0.0004790
 7650.0 7750.0  0.0048732  0.0001354  0.0004574
 7750.0 7850.0  0.0049917  0.0002278  0.0004372
 7850.0 7950.0  0.0051190  0.0003061  0.0004186
 7950.0 8050.0  0.0052568  0.0003671  0.0004021
 8050.0 8150.0  0.0054075  0.0004070  0.0003881
 8150.0 8250.0  0.0055737  0.0004214  0.0003771
 8250.0 8350.0  0.0057585  0.0004049  0.0003698
 8350.0 8450.0  0.0059656  0.0003514  0.0003669
 8450.0 8550.0  0.0061992  0.0002534  0.0003692
