 1216.0 1216.0  0.2791684 40.5884743  0.9701900
 1300.0 1350.0  0.2999645 38.1717606  0.9641893
 1350.0 1400.0  0.3089779 37.1419907  0.9615857
 1400.0 1450.0  0.3175651 36.1755981  0.9591159
 1450.0 1500.0  0.3256597 35.2821960  0.9568088
 1500.0 1550.0  0.3331914 34.4719467  0.9546944
 1550.0 1600.0  0.3400857 33.7556839  0.9528041
 1600.0 1650.0  0.3462641 33.1447678  0.9511709
 1650.0 1700.0  0.3516977 32.6433983  0.9498067
 1700.0 1750.0  0.3564798 32.2380791  0.9486723
 1754.0 1770.0  0.3597373 31.9797363  0.9479275
 1770.0 1786.0  0.3610576 31.8811684  0.9476329
 1786.0 1802.0  0.3623466 31.7872925  0.9473469
 1802.0 1818.0  0.3636099 31.6973228  0.9470673
 1818.0 1835.0  0.3648911 31.6078339  0.9467830
 1835.0 1852.0  0.3661950 31.5181370  0.9464918
 1852.0 1869.0  0.3674887 31.4301071  0.9461997
 1869.0 1887.0  0.3688166 31.3402348  0.9458948
 1887.0 1905.0  0.3701859 31.2475090  0.9455742
 1905.0 1923.0  0.3715660 31.1534042  0.9452428
 1923.0 1942.0  0.3730044 31.0540276  0.9448873
 1942.0 1961.0  0.3745106 30.9479866  0.9445034
 1961.0 1980.0  0.3760556 30.8366013  0.9440963
 1980.0 2000.0  0.3776911 30.7157249  0.9436517
 2000.0 2020.0  0.3794280 30.5848045  0.9431683
 2020.0 2041.0  0.3812813 30.4431953  0.9426447
 2041.0 2062.0  0.3832639 30.2906017  0.9420810
 2062.0 2083.0  0.3853424 30.1303635  0.9414907
 2083.0 2105.0  0.3875818 29.9583549  0.9408599
 2105.0 2128.0  0.3900564 29.7698822  0.9401730
 2128.0 2151.0  0.3927361 29.5684090  0.9394447
 2151.0 2174.0  0.3955827 29.3579540  0.9386911
 2174.0 2200.0  0.3988215 29.1236038  0.9378620
 2200.0 2222.0  0.4021946 28.8848877  0.9370276
 2222.0 2247.0  0.4057373 28.6409683  0.9361877
 2247.0 2273.0  0.4098462 28.3658600  0.9352553
 2273.0 2299.0  0.4143431 28.0739937  0.9342835
 2299.0 2326.0  0.4192760 27.7643814  0.9332731
 2326.0 2353.0  0.4246840 27.4364357  0.9322255
 2353.0 2381.0  0.4306247 27.0890484  0.9311419
 2381.0 2410.0  0.4372629 26.7149353  0.9300041
 2410.0 2439.0  0.4444987 26.3210907  0.9288352
 2439.0 2469.0  0.4522955 25.9097824  0.9276401
 2469.0 2500.0  0.4607265 25.4771881  0.9264053
 2500.0 2532.0  0.4697328 25.0267677  0.9251381
 2532.0 2564.0  0.4790909 24.5698509  0.9238670
 2564.0 2597.0  0.4887072 24.1112347  0.9226013
 2597.0 2632.0  0.4987684 23.6426773  0.9213142
 2632.0 2667.0  0.5090065 23.1774139  0.9200376
 2667.0 2703.0  0.5191808 22.7266979  0.9188007
 2703.0 2740.0  0.5293918 22.2853127  0.9175913
 2740.0 2778.0  0.5396025 21.8540211  0.9164156
 2778.0 2817.0  0.5497721 21.4335518  0.9152803
 2817.0 2857.0  0.5598543 21.0246162  0.9141929
 2857.0 2899.0  0.5699147 20.6233101  0.9131499
 2899.0 2941.0  0.5797716 20.2352448  0.9121732
 2941.0 2985.0  0.5893519 19.8615990  0.9112748
 2985.0 3030.0  0.5987556 19.4977016  0.9104504
 3030.0 3077.0  0.6080316 19.1427078  0.9097035
 3077.0 3125.0  0.6172844 18.7943649  0.9090321
 3125.0 3175.0  0.6266363 18.4501915  0.9084353
 3175.0 3225.0  0.6361443 18.1100578  0.9079136
 3225.0 3275.0  0.6457863 17.7765903  0.9074694
 3275.0 3325.0  0.6556907 17.4466591  0.9070932
 3325.0 3375.0  0.6658552 17.1216927  0.9067803
 3375.0 3425.0  0.6761804 16.8065414  0.9065296
 3425.0 3450.0  0.6839671 16.5779953  0.9063765
 3450.0 3550.0  0.6968170 16.2366695  0.9062376
 3550.0 3650.0  0.7169040 15.7567673  0.9061647
 3650.0 3750.0  0.7362561 15.3727150  0.9062948
 3750.0 3850.0  0.7551458 15.0534725  0.9065583
 3850.0 3950.0  0.7738867 14.7658730  0.9068860
 3950.0 4050.0  0.7925370 14.4915638  0.9072345
 4050.0 4150.0  0.8108156 14.2311516  0.9075928
 4150.0 4250.0  0.8283378 13.9893379  0.9079588
 4250.0 4350.0  0.8447661 13.7626505  0.9083234
 4350.0 4450.0  0.8597877 13.5409374  0.9086716
 4450.0 4550.0  0.8731589 13.3152142  0.9089905
 4550.0 4650.0  0.8849101 13.0823641  0.9092767
 4650.0 4750.0  0.8952701 12.8436260  0.9095341
 4750.0 4850.0  0.9044522 12.6005726  0.9097664
 4850.0 4950.0  0.9126332 12.3546400  0.9099764
 4950.0 5050.0  0.9199584 12.1071758  0.9101664
 5050.0 5150.0  0.9265465 11.8594770  0.9103380
 5150.0 5250.0  0.9324931 11.6128378  0.9104925
 5250.0 5350.0  0.9378740 11.3685818  0.9106302
 5350.0 5450.0  0.9427472 11.1281090  0.9107510
 5450.0 5550.0  0.9471548 10.8929367  0.9108545
 5550.0 5650.0  0.9511247 10.6647453  0.9109396
 5650.0 5750.0  0.9546801 10.4449463  0.9110053
 5750.0 5850.0  0.9578660 10.2334576  0.9110529
 5850.0 5950.0  0.9607437 10.0290012  0.9110853
 5950.0 6050.0  0.9633690  9.8303204  0.9111050
 6050.0 6150.0  0.9657899  9.6363354  0.9111142
 6150.0 6250.0  0.9680479  9.4461136  0.9111149
 6250.0 6350.0  0.9701794  9.2588425  0.9111089
 6350.0 6450.0  0.9722168  9.0738001  0.9110975
 6450.0 6550.0  0.9741899  8.8903322  0.9110820
 6550.0 6650.0  0.9761261  8.7078352  0.9110637
 6650.0 6750.0  0.9780517  8.5257359  0.9110434
 6750.0 6850.0  0.9799928  8.3434734  0.9110223
 6850.0 6950.0  0.9819750  8.1605072  0.9110013
 6950.0 7050.0  0.9840081  7.9766583  0.9109805
 7050.0 7150.0  0.9860768  7.7923350  0.9109586
 7150.0 7250.0  0.9881552  7.6081991  0.9109339
 7250.0 7350.0  0.9902173  7.4249229  0.9109041
 7350.0 7450.0  0.9922368  7.2432060  0.9108673
 7450.0 7550.0  0.9941859  7.0637960  0.9108212
 7550.0 7650.0  0.9960346  6.8875141  0.9107630
 7650.0 7750.0  0.9977499  6.7152777  0.9106898
 7750.0 7850.0  0.9992946  6.5481305  0.9105982
 7850.0 7950.0  1.0000000  6.3872757  0.9104838
 7950.0 8050.0  1.0000000  6.2341127  0.9103422
 8050.0 8150.0  1.0000000  6.0902805  0.9101675
 8150.0 8250.0  1.0000000  5.9577093  0.9099532
 8250.0 8350.0  1.0000000  5.8386803  0.9096916
 8350.0 8450.0  1.0000000  5.7358980  0.9093729
 8450.0 8550.0  1.0000000  5.6525745  0.9089864
