 1216.0 1216.0  0.4610227  9.9311771  0.8639460
 1300.0 1350.0  0.4897616  9.5746746  0.8390324
 1350.0 1400.0  0.5020571  9.4216099  0.8279923
 1400.0 1450.0  0.5136926  9.2781363  0.8173466
 1450.0 1500.0  0.5246010  9.1464233  0.8072054
 1500.0 1550.0  0.5347093  9.0287342  0.7976825
 1550.0 1600.0  0.5439383  8.9274368  0.7888968
 1600.0 1650.0  0.5522035  8.8449917  0.7809708
 1650.0 1700.0  0.5594728  8.7822886  0.7739484
 1700.0 1750.0  0.5658458  8.7363882  0.7676830
 1754.0 1770.0  0.5701554  8.7092972  0.7633463
 1770.0 1786.0  0.5718811  8.6995487  0.7615511
 1786.0 1802.0  0.5735528  8.6904001  0.7597774
 1802.0 1818.0  0.5751762  8.6816769  0.7580164
 1818.0 1835.0  0.5768054  8.6729450  0.7562044
 1835.0 1852.0  0.5784440  8.6640253  0.7543318
 1852.0 1869.0  0.5800481  8.6549807  0.7524431
 1869.0 1887.0  0.5816700  8.6453123  0.7504706
 1887.0 1905.0  0.5833157  8.6347675  0.7484008
 1905.0 1923.0  0.5849459  8.6233616  0.7462767
 1923.0 1942.0  0.5866137  8.6104641  0.7440227
 1942.0 1961.0  0.5883274  8.5957298  0.7416210
 1961.0 1980.0  0.5900512  8.5791874  0.7391159
 1980.0 2000.0  0.5918397  8.5601091  0.7364267
 2000.0 2020.0  0.5937015  8.5383730  0.7335483
 2020.0 2041.0  0.5956470  8.5138187  0.7304735
 2041.0 2062.0  0.5976861  8.4863987  0.7272020
 2062.0 2083.0  0.5997805  8.4567213  0.7238112
 2083.0 2105.0  0.6019920  8.4240351  0.7202206
 2105.0 2128.0  0.6043885  8.3874321  0.7163417
 2128.0 2151.0  0.6069348  8.3475790  0.7122561
 2151.0 2174.0  0.6095912  8.3052998  0.7080538
 2174.0 2200.0  0.6125600  8.2575912  0.7034527
 2200.0 2222.0  0.6156055  8.2085114  0.6988397
 2222.0 2247.0  0.6187544  8.1579189  0.6942124
 2247.0 2273.0  0.6223576  8.1005001  0.6890860
 2273.0 2299.0  0.6262504  8.0392885  0.6837528
 2299.0 2326.0  0.6304696  7.9741416  0.6782126
 2326.0 2353.0  0.6350455  7.9050202  0.6724701
 2353.0 2381.0  0.6400224  7.8317795  0.6665265
 2381.0 2410.0  0.6455324  7.7529325  0.6602777
 2410.0 2439.0  0.6514750  7.6696596  0.6538466
 2439.0 2469.0  0.6577866  7.5816908  0.6472596
 2469.0 2500.0  0.6644838  7.4872303  0.6404383
 2500.0 2532.0  0.6714656  7.3858271  0.6334213
 2532.0 2564.0  0.6785016  7.2787261  0.6263636
 2564.0 2597.0  0.6854547  7.1655273  0.6193149
 2597.0 2632.0  0.6923695  7.0421600  0.6121211
 2632.0 2667.0  0.6989625  6.9098520  0.6049556
 2667.0 2703.0  0.7050098  6.7702885  0.5979748
 2703.0 2740.0  0.7105717  6.6220245  0.5911025
 2740.0 2778.0  0.7156352  6.4656973  0.5843621
 2778.0 2817.0  0.7201896  6.3020878  0.5777788
 2817.0 2857.0  0.7242267  6.1321316  0.5713800
 2857.0 2899.0  0.7277762  5.9547672  0.5651244
 2899.0 2941.0  0.7307908  5.7734613  0.5591214
 2941.0 2985.0  0.7332571  5.5897174  0.5534167
 2985.0 3030.0  0.7352332  5.4024906  0.5479645
 3030.0 3077.0  0.7367672  5.2122936  0.5427805
 3077.0 3125.0  0.7379482  5.0193233  0.5378587
 3125.0 3175.0  0.7388787  4.8238621  0.5331976
 3175.0 3225.0  0.7396833  4.6280613  0.5288230
 3225.0 3275.0  0.7404954  4.4359503  0.5247918
 3275.0 3325.0  0.7414578  4.2478867  0.5210652
 3325.0 3375.0  0.7426673  4.0653496  0.5176223
 3375.0 3425.0  0.7441888  3.8906713  0.5144560
 3425.0 3450.0  0.7455328  3.7651627  0.5122353
 3450.0 3550.0  0.7486147  3.5807233  0.5090431
 3550.0 3650.0  0.7548239  3.3245194  0.5045887
 3650.0 3750.0  0.7628945  3.1233284  0.5010552
 3750.0 3850.0  0.7723323  2.9576735  0.4982074
 3850.0 3950.0  0.7826166  2.8070083  0.4958182
 3950.0 4050.0  0.7933562  2.6594586  0.4937393
 4050.0 4150.0  0.8043112  2.5142529  0.4919193
 4150.0 4250.0  0.8152518  2.3737843  0.4903361
 4250.0 4350.0  0.8257997  2.2385421  0.4889483
 4350.0 4450.0  0.8354446  2.1074882  0.4876993
 4450.0 4550.0  0.8437643  1.9796472  0.4865399
 4550.0 4650.0  0.8507041  1.8546070  0.4854437
 4650.0 4750.0  0.8564783  1.7323983  0.4844012
 4750.0 4850.0  0.8613001  1.6131803  0.4834061
 4850.0 4950.0  0.8653529  1.4972053  0.4824536
 4950.0 5050.0  0.8687961  1.3848264  0.4815405
 5050.0 5150.0  0.8717701  1.2765095  0.4806646
 5150.0 5250.0  0.8744009  1.1728472  0.4798249
 5250.0 5350.0  0.8768033  1.0745767  0.4790215
 5350.0 5450.0  0.8790852  0.9826043  0.4782556
 5450.0 5550.0  0.8813509  0.8980321  0.4775298
 5550.0 5650.0  0.8837040  0.8221924  0.4768478
 5650.0 5750.0  0.8862313  0.7561958  0.4762124
 5750.0 5850.0  0.8889550  0.6996981  0.4756211
 5850.0 5950.0  0.8918452  0.6511819  0.4750665
 5950.0 6050.0  0.8948694  0.6091784  0.4745417
 6050.0 6150.0  0.8979991  0.5724218  0.4740406
 6150.0 6250.0  0.9012091  0.5398101  0.4735579
 6250.0 6350.0  0.9044769  0.5103706  0.4730889
 6350.0 6450.0  0.9077812  0.4832295  0.4726291
 6450.0 6550.0  0.9111028  0.4575850  0.4721747
 6550.0 6650.0  0.9144222  0.4326817  0.4717218
 6650.0 6750.0  0.9177203  0.4077875  0.4712665
 6750.0 6850.0  0.9209771  0.3821706  0.4708050
 6850.0 6950.0  0.9241720  0.3551054  0.4703334
 6950.0 7050.0  0.9272915  0.3262534  0.4698492
 7050.0 7150.0  0.9303340  0.2959171  0.4693531
 7150.0 7250.0  0.9333017  0.2646534  0.4688466
 7250.0 7350.0  0.9361945  0.2329971  0.4683309
 7350.0 7450.0  0.9390103  0.2014706  0.4678069
 7450.0 7550.0  0.9417442  0.1706006  0.4672754
 7550.0 7650.0  0.9443890  0.1409339  0.4667367
 7650.0 7750.0  0.9469346  0.1130551  0.4661911
 7750.0 7850.0  0.9493680  0.0876046  0.4656387
 7850.0 7950.0  0.9516725  0.0652986  0.4650791
 7950.0 8050.0  0.9538273  0.0469511  0.4645120
 8050.0 8150.0  0.9558072  0.0335001  0.4639366
 8150.0 8250.0  0.9575815  0.0260359  0.4633521
 8250.0 8350.0  0.9591127  0.0258360  0.4627573
 8350.0 8450.0  0.9603563  0.0344044  0.4621508
 8450.0 8550.0  0.9612584  0.0535186  0.4615304
