 1216.0 1216.0  0.4561791 13.3183575  0.8799293
 1300.0 1350.0  0.4834283 12.7953854  0.8575310
 1350.0 1400.0  0.4950983 12.5711164  0.8476331
 1400.0 1450.0  0.5061476 12.3607597  0.8381068
 1450.0 1500.0  0.5165107 12.1672459  0.8290503
 1500.0 1550.0  0.5261163 11.9936352  0.8205656
 1550.0 1600.0  0.5348877 11.8431454  0.8127589
 1600.0 1650.0  0.5427427 11.7191200  0.8057404
 1650.0 1700.0  0.5496504 11.6227694  0.7995493
 1700.0 1750.0  0.5557075 11.5501051  0.7940544
 1754.0 1770.0  0.5598055 11.5061302  0.7902659
 1770.0 1786.0  0.5614479 11.4899740  0.7887034
 1786.0 1802.0  0.5630400 11.4747210  0.7871619
 1802.0 1818.0  0.5645874 11.4601364  0.7856337
 1818.0 1835.0  0.5661414 11.4455481  0.7840632
 1835.0 1852.0  0.5677060 11.4307194  0.7824421
 1852.0 1869.0  0.5692395 11.4158249  0.7808086
 1869.0 1887.0  0.5707921 11.4001179  0.7791039
 1887.0 1905.0  0.5723697 11.3832579  0.7773162
 1905.0 1923.0  0.5739349 11.3653479  0.7754822
 1923.0 1942.0  0.5755390 11.3454676  0.7735362
 1942.0 1961.0  0.5771903 11.3231621  0.7714624
 1961.0 1980.0  0.5788544 11.2985363  0.7692988
 1980.0 2000.0  0.5805846 11.2705555  0.7669752
 2000.0 2020.0  0.5823898 11.2390594  0.7644871
 2020.0 2041.0  0.5842811 11.2038479  0.7618284
 2041.0 2062.0  0.5862687 11.1648636  0.7589985
 2062.0 2083.0  0.5883164 11.1229811  0.7560647
 2083.0 2105.0  0.5904856 11.0771561  0.7529571
 2105.0 2128.0  0.5928438 11.0261383  0.7495991
 2128.0 2151.0  0.5953580 10.9708805  0.7460616
 2151.0 2174.0  0.5979899 10.9125404  0.7424222
 2174.0 2200.0  0.6009420 10.8470078  0.7384368
 2200.0 2222.0  0.6039802 10.7798491  0.7344404
 2222.0 2247.0  0.6071325 10.7108955  0.7304311
 2247.0 2273.0  0.6107513 10.6329107  0.7259889
 2273.0 2299.0  0.6146734 10.5500622  0.7213669
 2299.0 2326.0  0.6189377 10.4621849  0.7165651
 2326.0 2353.0  0.6235763 10.3692455  0.7115875
 2353.0 2381.0  0.6286356 10.2710829  0.7064353
 2381.0 2410.0  0.6342522 10.1657410  0.7010182
 2410.0 2439.0  0.6403258 10.0548792  0.6954429
 2439.0 2469.0  0.6467952  9.9382744  0.6897317
 2469.0 2500.0  0.6536817  9.8137093  0.6838167
 2500.0 2532.0  0.6608881  9.6807919  0.6777309
 2532.0 2564.0  0.6681830  9.5413580  0.6716084
 2564.0 2597.0  0.6754322  9.3951111  0.6654922
 2597.0 2632.0  0.6826940  9.2370796  0.6592476
 2632.0 2667.0  0.6896840  9.0691309  0.6530250
 2667.0 2703.0  0.6961757  8.8935719  0.6469601
 2703.0 2740.0  0.7022343  8.7085123  0.6409885
 2740.0 2778.0  0.7078453  8.5146503  0.6351319
 2778.0 2817.0  0.7129965  8.3128376  0.6294147
 2817.0 2857.0  0.7176773  8.1040859  0.6238631
 2857.0 2899.0  0.7219232  7.8869452  0.6184443
 2899.0 2941.0  0.7256752  7.6654720  0.6132568
 2941.0 2985.0  0.7289159  7.4412928  0.6083442
 2985.0 3030.0  0.7317097  7.2129264  0.6036698
 3030.0 3077.0  0.7341041  6.9808245  0.5992485
 3077.0 3125.0  0.7361882  6.7450418  0.5950752
 3125.0 3175.0  0.7380645  6.5056953  0.5911487
 3175.0 3225.0  0.7398475  6.2651768  0.5874896
 3225.0 3275.0  0.7416502  6.0281806  0.5841439
 3275.0 3325.0  0.7436112  5.7950096  0.5810763
 3325.0 3375.0  0.7458163  5.5676188  0.5782685
 3375.0 3425.0  0.7483131  5.3492184  0.5757148
 3425.0 3450.0  0.7503693  5.1919584  0.5739409
 3450.0 3550.0  0.7545289  4.9604321  0.5714541
 3550.0 3650.0  0.7622676  4.6390142  0.5680787
 3650.0 3750.0  0.7715708  4.3870883  0.5655525
 3750.0 3850.0  0.7820114  4.1798210  0.5636528
 3850.0 3950.0  0.7931418  3.9908705  0.5621636
 3950.0 4050.0  0.8046094  3.8049655  0.5609447
 4050.0 4150.0  0.8161715  3.6210101  0.5599478
 4150.0 4250.0  0.8275895  3.4418738  0.5591527
 4250.0 4350.0  0.8385109  3.2677760  0.5585212
 4350.0 4450.0  0.8484794  3.0967906  0.5579998
 4450.0 4550.0  0.8571199  2.9271879  0.5575428
 4550.0 4650.0  0.8643947  2.7585113  0.5571265
 4650.0 4750.0  0.8705139  2.5912752  0.5567443
 4750.0 4850.0  0.8756841  2.4261446  0.5563920
 4850.0 4950.0  0.8800821  2.2638497  0.5560667
 4950.0 5050.0  0.8838608  2.1052091  0.5557661
 5050.0 5150.0  0.8871536  1.9511559  0.5554887
 5150.0 5250.0  0.8900788  1.8027658  0.5552340
 5250.0 5350.0  0.8927431  1.6612922  0.5550017
 5350.0 5450.0  0.8952454  1.5282032  0.5547926
 5450.0 5550.0  0.8976792  1.4052291  0.5546083
 5550.0 5650.0  0.9001359  1.2944142  0.5544508
 5650.0 5750.0  0.9026923  1.1974635  0.5543219
 5750.0 5850.0  0.9053725  1.1139547  0.5542199
 5850.0 5950.0  0.9081583  1.0417482  0.5541402
 5950.0 6050.0  0.9110283  0.9787657  0.5540783
 6050.0 6150.0  0.9139639  0.9232168  0.5540307
 6150.0 6250.0  0.9169484  0.8735429  0.5539936
 6250.0 6350.0  0.9199669  0.8283688  0.5539643
 6350.0 6450.0  0.9230053  0.7864596  0.5539397
 6450.0 6550.0  0.9260502  0.7466823  0.5539173
 6550.0 6650.0  0.9290884  0.7079706  0.5538945
 6650.0 6750.0  0.9321063  0.6692913  0.5538688
 6750.0 6850.0  0.9350902  0.6296122  0.5538372
 6850.0 6950.0  0.9380251  0.5879111  0.5537972
 6950.0 7050.0  0.9409004  0.5437142  0.5537468
 7050.0 7150.0  0.9437128  0.4974572  0.5536857
 7150.0 7250.0  0.9464608  0.4499373  0.5536141
 7250.0 7350.0  0.9491409  0.4019218  0.5535320
 7350.0 7450.0  0.9517477  0.3541625  0.5534389
 7450.0 7550.0  0.9542733  0.3074192  0.5533341
 7550.0 7650.0  0.9567074  0.2624835  0.5532166
 7650.0 7750.0  0.9590366  0.2202033  0.5530847
 7750.0 7850.0  0.9612448  0.1815093  0.5529365
 7850.0 7950.0  0.9633116  0.1474442  0.5527695
 7950.0 8050.0  0.9652122  0.1191951  0.5525807
 8050.0 8150.0  0.9669170  0.0981308  0.5523663
 8150.0 8250.0  0.9683899  0.0858438  0.5521218
 8250.0 8350.0  0.9695877  0.0842010  0.5518417
 8350.0 8450.0  0.9704587  0.0954010  0.5515194
 8450.0 8550.0  0.9709409  0.1220435  0.5511470
