 1216.0 1216.0  0.4998669  2.4677966  0.6122937
 1300.0 1350.0  0.4768860  2.0874383  0.5221753
 1350.0 1400.0  0.4664679  1.9271996  0.4840566
 1400.0 1450.0  0.4562277  1.7768528  0.4481153
 1450.0 1500.0  0.4462402  1.6369464  0.4144298
 1500.0 1550.0  0.4365824  1.5081098  0.3830963
 1550.0 1600.0  0.4273335  1.3910584  0.3542291
 1600.0 1650.0  0.4185749  1.2865872  0.3279596
 1650.0 1700.0  0.4103355  1.1950128  0.3043424
 1700.0 1750.0  0.4025173  1.1154168  0.2832284
 1754.0 1770.0  0.3968875  1.0622351  0.2688287
 1770.0 1786.0  0.3944884  1.0413202  0.2630615
 1786.0 1802.0  0.3920950  1.0212852  0.2574946
 1802.0 1818.0  0.3897016  1.0020785  0.2521198
 1818.0 1835.0  0.3872269  0.9830972  0.2467725
 1835.0 1852.0  0.3846639  0.9643340  0.2414557
 1852.0 1869.0  0.3820805  0.9463302  0.2363282
 1869.0 1887.0  0.3793917  0.9285378  0.2312407
 1887.0 1905.0  0.3765879  0.9109337  0.2261941
 1905.0 1923.0  0.3737367  0.8939793  0.2213288
 1923.0 1942.0  0.3707471  0.8771669  0.2165090
 1942.0 1961.0  0.3676062  0.8604548  0.2117332
 1961.0 1980.0  0.3643837  0.8442367  0.2071251
 1980.0 2000.0  0.3609872  0.8280472  0.2025620
 2000.0 2020.0  0.3574211  0.8118712  0.1980445
 2020.0 2041.0  0.3536915  0.7957233  0.1935823
 2041.0 2062.0  0.3498102  0.7795945  0.1891762
 2062.0 2083.0  0.3458828  0.7638583  0.1849319
 2083.0 2105.0  0.3418307  0.7481265  0.1807484
 2105.0 2128.0  0.3375755  0.7320337  0.1765355
 2128.0 2151.0  0.3332303  0.7159344  0.1723933
 2151.0 2174.0  0.3289106  0.7001567  0.1684107
 2174.0 2200.0  0.3243634  0.6836699  0.1643394
 2200.0 2222.0  0.3199792  0.6677696  0.1604969
 2222.0 2247.0  0.3157896  0.6524346  0.1568869
 2247.0 2273.0  0.3113766  0.6359868  0.1531155
 2273.0 2299.0  0.3070500  0.6193771  0.1494185
 2299.0 2326.0  0.3028564  0.6025643  0.1457967
 2326.0 2353.0  0.2988386  0.5854972  0.1422447
 2353.0 2381.0  0.2950540  0.5681207  0.1387618
 2381.0 2410.0  0.2914914  0.5500649  0.1352826
 2410.0 2439.0  0.2882318  0.5316526  0.1318683
 2439.0 2469.0  0.2852425  0.5129688  0.1285206
 2469.0 2500.0  0.2824187  0.4938157  0.1251850
 2500.0 2532.0  0.2797051  0.4743363  0.1218673
 2532.0 2564.0  0.2770718  0.4549930  0.1186218
 2564.0 2597.0  0.2744347  0.4359602  0.1154497
 2597.0 2632.0  0.2716125  0.4168758  0.1122580
 2632.0 2667.0  0.2685393  0.3982594  0.1090981
 2667.0 2703.0  0.2651906  0.3805459  0.1060193
 2703.0 2740.0  0.2615207  0.3635083  0.1029796
 2740.0 2778.0  0.2575482  0.3471617  0.0999834
 2778.0 2817.0  0.2532967  0.3315151  0.0970356
 2817.0 2857.0  0.2487948  0.3165719  0.0941406
 2857.0 2899.0  0.2440175  0.3021671  0.0912695
 2899.0 2941.0  0.2390639  0.2884679  0.0884623
 2941.0 2985.0  0.2339815  0.2754827  0.0857269
 2985.0 3030.0  0.2287639  0.2630227  0.0830341
 3030.0 3077.0  0.2234706  0.2510643  0.0803899
 3077.0 3125.0  0.2181684  0.2395390  0.0777956
 3125.0 3175.0  0.2129409  0.2283755  0.0752545
 3175.0 3225.0  0.2079277  0.2175693  0.0727901
 3225.0 3275.0  0.2033181  0.2071963  0.0704466
 3275.0 3325.0  0.1991818  0.1971288  0.0682159
 3325.0 3375.0  0.1955615  0.1873476  0.0660940
 3375.0 3425.0  0.1924802  0.1779148  0.0640808
 3425.0 3450.0  0.1904831  0.1710678  0.0626322
 3450.0 3550.0  0.1882744  0.1606064  0.0604270
 3550.0 3650.0  0.1862836  0.1453117  0.0571744
 3650.0 3750.0  0.1865577  0.1321023  0.0543187
 3750.0 3850.0  0.1886458  0.1203829  0.0517711
 3850.0 3950.0  0.1921099  0.1095385  0.0494455
 3950.0 4050.0  0.1966985  0.0992450  0.0472850
 4050.0 4150.0  0.2023874  0.0895492  0.0452677
 4150.0 4250.0  0.2091230  0.0806036  0.0433832
 4250.0 4350.0  0.2164450  0.0724773  0.0416157
 4350.0 4450.0  0.2235547  0.0651773  0.0399450
 4450.0 4550.0  0.2297691  0.0586969  0.0383540
 4550.0 4650.0  0.2348985  0.0529698  0.0368308
 4650.0 4750.0  0.2391184  0.0478871  0.0353680
 4750.0 4850.0  0.2426206  0.0433530  0.0339600
 4850.0 4950.0  0.2455744  0.0392885  0.0326034
 4950.0 5050.0  0.2481321  0.0356297  0.0312960
 5050.0 5150.0  0.2504336  0.0323248  0.0300372
 5150.0 5250.0  0.2526108  0.0293336  0.0288281
 5250.0 5350.0  0.2547917  0.0266252  0.0276712
 5350.0 5450.0  0.2571045  0.0241779  0.0265707
 5450.0 5550.0  0.2596814  0.0219779  0.0255324
 5550.0 5650.0  0.2626629  0.0200192  0.0245643
 5650.0 5750.0  0.2661666  0.0182966  0.0236730
 5750.0 5850.0  0.2701998  0.0167882  0.0228547
 5850.0 5950.0  0.2746810  0.0154584  0.0220981
 5950.0 6050.0  0.2795283  0.0142747  0.0213917
 6050.0 6150.0  0.2846710  0.0132090  0.0207262
 6150.0 6250.0  0.2900479  0.0122370  0.0200931
 6250.0 6350.0  0.2956049  0.0113374  0.0194852
 6350.0 6450.0  0.3012936  0.0104908  0.0188960
 6450.0 6550.0  0.3070698  0.0096798  0.0183195
 6550.0 6650.0  0.3128917  0.0088881  0.0177503
 6650.0 6750.0  0.3187194  0.0080997  0.0171829
 6750.0 6850.0  0.3245128  0.0072990  0.0166122
 6850.0 6950.0  0.3302326  0.0064705  0.0160330
 6950.0 7050.0  0.3358613  0.0056077  0.0154433
 7050.0 7150.0  0.3414177  0.0047185  0.0148461
 7150.0 7250.0  0.3469356  0.0038167  0.0142465
 7250.0 7350.0  0.3524474  0.0029159  0.0136496
 7350.0 7450.0  0.3579858  0.0020299  0.0130604
 7450.0 7550.0  0.3635840  0.0011727  0.0124845
 7550.0 7650.0  0.3692774  0.0003592  0.0119275
 7650.0 7750.0  0.3751040  0.0003940  0.0113960
 7750.0 7850.0  0.3811062  0.0010688  0.0108971
 7850.0 7950.0  0.3873319  0.0016444  0.0104390
 7950.0 8050.0  0.3938357  0.0020971  0.0100312
 8050.0 8150.0  0.4006813  0.0023992  0.0096848
 8150.0 8250.0  0.4079426  0.0025185  0.0094127
 8250.0 8350.0  0.4157068  0.0024168  0.0092302
 8350.0 8450.0  0.4240768  0.0020493  0.0091555
 8450.0 8550.0  0.4331742  0.0013627  0.0092099
