 1216.0 1216.0  0.4630371  8.7951193  0.8584263
 1300.0 1350.0  0.4921917  8.4885864  0.8326635
 1350.0 1400.0  0.5046568  8.3568373  0.8212353
 1400.0 1450.0  0.5164481  8.2333183  0.8102082
 1450.0 1500.0  0.5274984  8.1199512  0.7996969
 1500.0 1550.0  0.5377343  8.0187359  0.7898200
 1550.0 1600.0  0.5470762  7.9317679  0.7807009
 1600.0 1650.0  0.5554391  7.8612180  0.7724672
 1650.0 1700.0  0.5627908  7.8078699  0.7651644
 1700.0 1750.0  0.5692314  7.7691288  0.7586399
 1754.0 1770.0  0.5735834  7.7464085  0.7541186
 1770.0 1786.0  0.5753245  7.7382693  0.7522451
 1786.0 1802.0  0.5770103  7.7306356  0.7503928
 1802.0 1818.0  0.5786467  7.7233534  0.7485529
 1818.0 1835.0  0.5802877  7.7160501  0.7466587
 1835.0 1852.0  0.5819372  7.7085662  0.7447003
 1852.0 1869.0  0.5835508  7.7009439  0.7427242
 1869.0 1887.0  0.5851810  7.6927519  0.7406593
 1887.0 1905.0  0.5868339  7.6837635  0.7384917
 1905.0 1923.0  0.5884699  7.6739841  0.7362665
 1923.0 1942.0  0.5901421  7.6628585  0.7339046
 1942.0 1961.0  0.5918589  7.6500826  0.7313873
 1961.0 1980.0  0.5935841  7.6356721  0.7287610
 1980.0 2000.0  0.5953724  7.6189880  0.7259414
 2000.0 2020.0  0.5972325  7.5999193  0.7229229
 2020.0 2041.0  0.5991744  7.5783205  0.7196983
 2041.0 2062.0  0.6012077  7.5541487  0.7162672
 2062.0 2083.0  0.6032943  7.5279360  0.7127109
 2083.0 2105.0  0.6054956  7.4990201  0.7089448
 2105.0 2128.0  0.6078787  7.4665914  0.7048762
 2128.0 2151.0  0.6104087  7.4312353  0.7005910
 2151.0 2174.0  0.6130459  7.3936834  0.6961836
 2174.0 2200.0  0.6159907  7.3512578  0.6913580
 2200.0 2222.0  0.6190095  7.3075705  0.6865202
 2222.0 2247.0  0.6221284  7.2624912  0.6816677
 2247.0 2273.0  0.6256952  7.2112837  0.6762926
 2273.0 2299.0  0.6295463  7.1566453  0.6707011
 2299.0 2326.0  0.6337180  7.0984440  0.6648935
 2326.0 2353.0  0.6382403  7.0366387  0.6588746
 2353.0 2381.0  0.6431566  6.9710951  0.6526462
 2381.0 2410.0  0.6485974  6.9004755  0.6460992
 2410.0 2439.0  0.6544623  6.8258209  0.6393626
 2439.0 2469.0  0.6606874  6.7468653  0.6324636
 2469.0 2500.0  0.6672865  6.6619658  0.6253202
 2500.0 2532.0  0.6741579  6.5706792  0.6179725
 2532.0 2564.0  0.6810716  6.4740896  0.6105824
 2564.0 2597.0  0.6878895  6.3717947  0.6032019
 2597.0 2632.0  0.6946504  6.2600622  0.5956690
 2632.0 2667.0  0.7010714  6.1399488  0.5881649
 2667.0 2703.0  0.7069302  6.0129604  0.5808527
 2703.0 2740.0  0.7122849  5.8778048  0.5736524
 2740.0 2778.0  0.7171229  5.7350984  0.5665874
 2778.0 2817.0  0.7214346  5.5855923  0.5596838
 2817.0 2857.0  0.7252126  5.4301863  0.5529692
 2857.0 2899.0  0.7284843  5.2679658  0.5463988
 2899.0 2941.0  0.7312073  5.1021643  0.5400867
 2941.0 2985.0  0.7333696  4.9342318  0.5340790
 2985.0 3030.0  0.7350276  4.7632732  0.5283265
 3030.0 3077.0  0.7362294  4.5898056  0.5228451
 3077.0 3125.0  0.7370648  4.4140444  0.5176284
 3125.0 3175.0  0.7376368  4.2362957  0.5126746
 3175.0 3225.0  0.7380742  4.0585604  0.5080113
 3225.0 3275.0  0.7385186  3.8845387  0.5037003
 3275.0 3325.0  0.7391142  3.7145646  0.4997011
 3325.0 3375.0  0.7399621  3.5499225  0.4959921
 3375.0 3425.0  0.7411325  3.3926227  0.4925661
 3425.0 3450.0  0.7422218  3.2797089  0.4901541
 3450.0 3550.0  0.7449228  3.1139302  0.4866549
 3550.0 3650.0  0.7505970  2.8836222  0.4817244
 3650.0 3750.0  0.7582451  2.7026749  0.4777369
 3750.0 3850.0  0.7673486  2.5536823  0.4744534
 3850.0 3950.0  0.7773606  2.4183273  0.4716431
 3950.0 4050.0  0.7878749  2.2860353  0.4691554
 4050.0 4150.0  0.7986523  2.1561420  0.4669376
 4150.0 4250.0  0.8094648  2.0308216  0.4649668
 4250.0 4350.0  0.8199227  1.9105847  0.4632007
 4350.0 4450.0  0.8294933  1.7946112  0.4615817
 4450.0 4550.0  0.8377352  1.6821139  0.4600597
 4550.0 4650.0  0.8445864  1.5726986  0.4586074
 4650.0 4750.0  0.8502637  1.4662855  0.4572146
 4750.0 4850.0  0.8549836  1.3629131  0.4558743
 4850.0 4950.0  0.8589323  1.2627146  0.4545816
 4950.0 5050.0  0.8622724  1.1659224  0.4533327
 5050.0 5150.0  0.8651472  1.0728750  0.4521254
 5150.0 5250.0  0.8676856  0.9840280  0.4509586
 5250.0 5350.0  0.8700060  0.8999676  0.4498327
 5350.0 5450.0  0.8722199  0.8214297  0.4487491
 5450.0 5550.0  0.8744356  0.7493225  0.4477109
 5550.0 5650.0  0.8767614  0.6847542  0.4467222
 5650.0 5750.0  0.8792878  0.6286477  0.4457866
 5750.0 5850.0  0.8820367  0.5806935  0.4449010
 5850.0 5950.0  0.8849739  0.5395879  0.4440573
 5950.0 6050.0  0.8880628  0.5040700  0.4432476
 6050.0 6150.0  0.8912716  0.4730537  0.4424649
 6150.0 6250.0  0.8945719  0.4455931  0.4417033
 6250.0 6350.0  0.8979383  0.4208533  0.4409575
 6350.0 6450.0  0.9013475  0.3980843  0.4402227
 6450.0 6550.0  0.9047777  0.3765977  0.4394944
 6550.0 6650.0  0.9082075  0.3557449  0.4387683
 6650.0 6750.0  0.9116156  0.3348973  0.4380402
 6750.0 6850.0  0.9149798  0.3134263  0.4373057
 6850.0 6950.0  0.9182777  0.2907089  0.4365605
 6950.0 7050.0  0.9214945  0.2664536  0.4358023
 7050.0 7150.0  0.9246293  0.2409191  0.4350319
 7150.0 7250.0  0.9276856  0.2145822  0.4342512
 7250.0 7350.0  0.9306649  0.1879002  0.4334621
 7350.0 7450.0  0.9335659  0.1613198  0.4326658
 7450.0 7550.0  0.9363849  0.1352910  0.4318638
 7550.0 7650.0  0.9391159  0.1102809  0.4310571
 7650.0 7750.0  0.9417502  0.0867881  0.4302465
 7750.0 7850.0  0.9442756  0.0653590  0.4294329
 7850.0 7950.0  0.9466770  0.0466042  0.4286169
 7950.0 8050.0  0.9489352  0.0312177  0.4277992
 8050.0 8150.0  0.9510266  0.0199986  0.4269803
 8150.0 8250.0  0.9529222  0.0138761  0.4261608
 8250.0 8350.0  0.9545871  0.0139384  0.4253412
 8350.0 8450.0  0.9559793  0.0214667  0.4245219
 8450.0 8550.0  0.9570482  0.0379752  0.4237036
