 1216.0 1216.0  0.4270323 19.2367039  0.9162095
 1300.0 1350.0  0.4518378 18.3491173  0.9000008
 1350.0 1400.0  0.4625041 17.9698887  0.8928858
 1400.0 1450.0  0.4726237 17.6141853  0.8860712
 1450.0 1500.0  0.4821296 17.2862282  0.8796285
 1500.0 1550.0  0.4909502 16.9904518  0.8736325
 1550.0 1600.0  0.4990082 16.7315464  0.8681610
 1600.0 1650.0  0.5062222 16.5144081  0.8632951
 1650.0 1700.0  0.5125615 16.3408241  0.8590638
 1700.0 1750.0  0.5181227 16.2049694  0.8553706
 1754.0 1770.0  0.5218922 16.1204071  0.8528559
 1770.0 1786.0  0.5234083 16.0886974  0.8518300
 1786.0 1802.0  0.5248814 16.0586281  0.8508222
 1802.0 1818.0  0.5263172 16.0298595  0.8498268
 1818.0 1835.0  0.5277642 16.0011978  0.8488075
 1835.0 1852.0  0.5292268 15.9723215  0.8477579
 1852.0 1869.0  0.5306666 15.9437180  0.8467026
 1869.0 1887.0  0.5321319 15.9141197  0.8456025
 1887.0 1905.0  0.5336291 15.8830585  0.8444493
 1905.0 1923.0  0.5351236 15.8508902  0.8432658
 1923.0 1942.0  0.5366654 15.8161325  0.8420085
 1942.0 1961.0  0.5382634 15.7781506  0.8406660
 1961.0 1980.0  0.5398856 15.7372684  0.8392617
 1980.0 2000.0  0.5415847 15.6918726  0.8377491
 2000.0 2020.0  0.5433706 15.6417389  0.8361251
 2020.0 2041.0  0.5452558 15.5866041  0.8343855
 2041.0 2062.0  0.5472517 15.5263882  0.8325300
 2062.0 2083.0  0.5493228 15.4624481  0.8306026
 2083.0 2105.0  0.5515323 15.3931904  0.8285576
 2105.0 2128.0  0.5539508 15.3167591  0.8263445
 2128.0 2151.0  0.5565460 15.2346067  0.8240099
 2151.0 2174.0  0.5592793 15.1484489  0.8216052
 2174.0 2200.0  0.5623633 15.0522556  0.8189690
 2200.0 2222.0  0.5655528 14.9541521  0.8163233
 2222.0 2247.0  0.5688789 14.8539000  0.8136669
 2247.0 2273.0  0.5727132 14.7409458  0.8107218
 2273.0 2299.0  0.5768853 14.6213627  0.8076557
 2299.0 2326.0  0.5814378 14.4949131  0.8044689
 2326.0 2353.0  0.5864055 14.3615274  0.8011642
 2353.0 2381.0  0.5918390 14.2209625  0.7977428
 2381.0 2410.0  0.5978862 14.0704393  0.7941452
 2410.0 2439.0  0.6044447 13.9125423  0.7904420
 2439.0 2469.0  0.6114595 13.7474327  0.7866485
 2469.0 2500.0  0.6189678 13.5725803  0.7827193
 2500.0 2532.0  0.6268818 13.3881836  0.7786764
 2532.0 2564.0  0.6349672 13.1975594  0.7746090
 2564.0 2597.0  0.6430990 13.0011692  0.7705455
 2597.0 2632.0  0.6513755 12.7934532  0.7663965
 2632.0 2667.0  0.6595110 12.5780296  0.7622621
 2667.0 2703.0  0.6672697 12.3585415  0.7582331
 2703.0 2740.0  0.6747299 12.1324501  0.7542677
 2740.0 2778.0  0.6818714 11.9003296  0.7503828
 2778.0 2817.0  0.6886743 11.6628532  0.7465966
 2817.0 2857.0  0.6951187 11.4208040  0.7429289
 2857.0 2899.0  0.7012525 11.1720896  0.7393614
 2899.0 2941.0  0.7069798 10.9207973  0.7359626
 2941.0 2985.0  0.7122686 10.6681833  0.7327657
 2985.0 3030.0  0.7171962 10.4119587  0.7297494
 3030.0 3077.0  0.7218083 10.1521320  0.7269250
 3077.0 3125.0  0.7261954  9.8881931  0.7242888
 3125.0 3175.0  0.7304615  9.6195850  0.7218405
 3175.0 3225.0  0.7346976  9.3482161  0.7195914
 3225.0 3275.0  0.7389690  9.0785589  0.7175671
 3275.0 3325.0  0.7434077  8.8104439  0.7157429
 3325.0 3375.0  0.7480718  8.5463848  0.7141062
 3375.0 3425.0  0.7529653  8.2909184  0.7126534
 3425.0 3450.0  0.7567642  8.1062508  0.7116666
 3450.0 3550.0  0.7635288  7.8338871  0.7103649
 3550.0 3650.0  0.7749122  7.4573374  0.7087235
 3650.0 3750.0  0.7870725  7.1652584  0.7076970
 3750.0 3850.0  0.7997752  6.9271727  0.7071086
 3850.0 3950.0  0.8127809  6.7103977  0.7067851
 3950.0 4050.0  0.8258519  6.4958382  0.7066153
 4050.0 4150.0  0.8387428  6.2817979  0.7065648
 4150.0 4250.0  0.8511918  6.0710039  0.7066212
 4250.0 4350.0  0.8629001  5.8614721  0.7067565
 4350.0 4450.0  0.8735272  5.6473174  0.7069298
 4450.0 4550.0  0.8827993  5.4235039  0.7071056
 4550.0 4650.0  0.8907188  5.1893520  0.7072691
 4650.0 4750.0  0.8974893  4.9474206  0.7074204
 4750.0 4850.0  0.9033061  4.7004256  0.7075611
 4850.0 4950.0  0.9083345  4.4509249  0.7076924
 4950.0 5050.0  0.9127153  4.2013979  0.7078154
 5050.0 5150.0  0.9165692  3.9543233  0.7079307
 5150.0 5250.0  0.9200002  3.7122569  0.7080388
 5250.0 5350.0  0.9230993  3.4779098  0.7081399
 5350.0 5450.0  0.9259472  3.2542348  0.7082341
 5450.0 5550.0  0.9286165  3.0445170  0.7083210
 5550.0 5650.0  0.9311744  2.8524749  0.7084004
 5650.0 5750.0  0.9336774  2.6812162  0.7084718
 5750.0 5850.0  0.9361540  2.5303504  0.7085356
 5850.0 5950.0  0.9386100  2.3966670  0.7085928
 5950.0 6050.0  0.9410479  2.2770181  0.7086443
 6050.0 6150.0  0.9434692  2.1686950  0.7086907
 6150.0 6250.0  0.9458754  2.0693417  0.7087327
 6250.0 6350.0  0.9482671  1.9768820  0.7087706
 6350.0 6450.0  0.9506446  1.8894550  0.7088047
 6450.0 6550.0  0.9530078  1.8053570  0.7088353
 6550.0 6650.0  0.9553562  1.7229879  0.7088624
 6650.0 6750.0  0.9576887  1.6408015  0.7088859
 6750.0 6850.0  0.9600036  1.5572578  0.7089056
 6850.0 6950.0  0.9622989  1.4708364  0.7089212
 6950.0 7050.0  0.9645705  1.3808577  0.7089320
 7050.0 7150.0  0.9668120  1.2880332  0.7089365
 7150.0 7250.0  0.9690149  1.1936330  0.7089324
 7250.0 7350.0  0.9711695  1.0988926  0.7089176
 7350.0 7450.0  0.9732649  1.0050370  0.7088895
 7450.0 7550.0  0.9752880  0.9133185  0.7088449
 7550.0 7650.0  0.9772236  0.8250567  0.7087804
 7650.0 7750.0  0.9790539  0.7416784  0.7086917
 7750.0 7850.0  0.9807575  0.6647631  0.7085740
 7850.0 7950.0  0.9823093  0.5960919  0.7084213
 7950.0 8050.0  0.9836795  0.5377033  0.7082269
 8050.0 8150.0  0.9848323  0.4919562  0.7079823
 8150.0 8250.0  0.9857255  0.4616046  0.7076778
 8250.0 8350.0  0.9863086  0.4498823  0.7073019
 8350.0 8450.0  0.9865214  0.4606047  0.7068405
 8450.0 8550.0  0.9862921  0.4982875  0.7062770
