 1216.0 1216.0  0.3813522 22.9022331  0.9417302
 1300.0 1350.0  0.4050180 21.7345085  0.9302402
 1350.0 1400.0  0.4152336 21.2366867  0.9252195
 1400.0 1450.0  0.4249455 20.7698898  0.9204294
 1450.0 1500.0  0.4340844 20.3391953  0.9159229
 1500.0 1550.0  0.4425762 19.9499493  0.9117554
 1550.0 1600.0  0.4503422 19.6078281  0.9079847
 1600.0 1650.0  0.4572990 19.3187809  0.9046707
 1650.0 1700.0  0.4634159 19.0849895  0.9018352
 1700.0 1750.0  0.4687913 18.8993855  0.8994066
 1754.0 1770.0  0.4724442 18.7826996  0.8977754
 1770.0 1786.0  0.4739192 18.7386646  0.8971172
 1786.0 1802.0  0.4753557 18.6968727  0.8964733
 1802.0 1818.0  0.4767597 18.6569061  0.8958395
 1818.0 1835.0  0.4781790 18.6171799  0.8951919
 1835.0 1852.0  0.4796187 18.5773220  0.8945262
 1852.0 1869.0  0.4810414 18.5380840  0.8938570
 1869.0 1887.0  0.4824955 18.4978161  0.8931590
 1887.0 1905.0  0.4839881 18.4559727  0.8924260
 1905.0 1923.0  0.4854854 18.4131184  0.8916714
 1923.0 1942.0  0.4870380 18.3673725  0.8908666
 1942.0 1961.0  0.4886555 18.3179874  0.8900033
 1961.0 1980.0  0.4903061 18.2654724  0.8890953
 1980.0 2000.0  0.4920442 18.2078037  0.8881119
 2000.0 2020.0  0.4938802 18.1447067  0.8870507
 2020.0 2041.0  0.4958280 18.0758705  0.8859092
 2041.0 2062.0  0.4978999 18.0011826  0.8846872
 2062.0 2083.0  0.5000596 17.9223118  0.8834138
 2083.0 2105.0  0.5023728 17.8372688  0.8820593
 2105.0 2128.0  0.5049145 17.7437668  0.8805903
 2128.0 2151.0  0.5076512 17.6435699  0.8790380
 2151.0 2174.0  0.5105426 17.5387421  0.8774371
 2174.0 2200.0  0.5138143 17.4219246  0.8756803
 2200.0 2222.0  0.5172055 17.3029251  0.8739163
 2222.0 2247.0  0.5207496 17.1814270  0.8721447
 2247.0 2273.0  0.5248423 17.0445728  0.8701807
 2273.0 2299.0  0.5293021 16.8996754  0.8681371
 2299.0 2326.0  0.5341746 16.7463799  0.8660147
 2326.0 2353.0  0.5394965 16.5845280  0.8638163
 2353.0 2381.0  0.5453222 16.4137421  0.8615439
 2381.0 2410.0  0.5518101 16.2305870  0.8591589
 2410.0 2439.0  0.5588551 16.0383720  0.8567089
 2439.0 2469.0  0.5664073 15.8377552  0.8542035
 2469.0 2500.0  0.5745198 15.6262646  0.8516126
 2500.0 2532.0  0.5831136 15.4048729  0.8489501
 2532.0 2564.0  0.5919516 15.1783457  0.8462744
 2564.0 2597.0  0.6009176 14.9481297  0.8436034
 2597.0 2632.0  0.6101480 14.7088699  0.8408777
 2632.0 2667.0  0.6193557 14.4659672  0.8381623
 2667.0 2703.0  0.6282961 14.2243328  0.8355167
 2703.0 2740.0  0.6370589 13.9811153  0.8329145
 2740.0 2778.0  0.6456171 13.7367725  0.8303677
 2778.0 2817.0  0.6539423 13.4918003  0.8278897
 2817.0 2857.0  0.6620041 13.2467461  0.8254954
 2857.0 2899.0  0.6698593 12.9992790  0.8231747
 2899.0 2941.0  0.6773762 12.7530899  0.8209746
 2941.0 2985.0  0.6845061 12.5090599  0.8189195
 2985.0 3030.0  0.6913364 12.2645197  0.8169973
 3030.0 3077.0  0.6979121 12.0191345  0.8152156
 3077.0 3125.0  0.7043265 11.7719269  0.8135712
 3125.0 3175.0  0.7106875 11.5217962  0.8120630
 3175.0 3225.0  0.7170695 11.2697735  0.8106959
 3225.0 3275.0  0.7234989 11.0191765  0.8094829
 3275.0 3325.0  0.7301053 10.7691727  0.8084059
 3325.0 3375.0  0.7369230 10.5220242  0.8074560
 3375.0 3425.0  0.7439162 10.2823257  0.8066313
 3425.0 3450.0  0.7492414 10.1088772  0.8060829
 3450.0 3550.0  0.7582816  9.8533649  0.8054043
 3550.0 3650.0  0.7728378  9.5016699  0.8046217
 3650.0 3750.0  0.7874750  9.2318983  0.8042575
 3750.0 3850.0  0.8021526  9.0150242  0.8041808
 3850.0 3950.0  0.8168405  8.8198090  0.8042628
 3950.0 4050.0  0.8314185  8.6281338  0.8044212
 4050.0 4150.0  0.8456408  8.4386873  0.8046330
 4150.0 4250.0  0.8592195  8.2537899  0.8048915
 4250.0 4350.0  0.8718792  8.0689716  0.8051776
 4350.0 4450.0  0.8833435  7.8740959  0.8054620
 4450.0 4550.0  0.8933953  7.6605072  0.8057193
 4550.0 4650.0  0.9020622  7.4267836  0.8059409
 4650.0 4750.0  0.9095490  7.1768522  0.8061305
 4750.0 4850.0  0.9160485  6.9148059  0.8062919
 4850.0 4950.0  0.9217227  6.6443596  0.8064287
 4950.0 5050.0  0.9267078  6.3689661  0.8065429
 5050.0 5150.0  0.9311187  6.0919237  0.8066366
 5150.0 5250.0  0.9350520  5.8164787  0.8067106
 5250.0 5350.0  0.9385899  5.5459290  0.8067657
 5350.0 5450.0  0.9418020  5.2837234  0.8068014
 5450.0 5550.0  0.9447475  5.0335722  0.8068174
 5550.0 5650.0  0.9474776  4.7995577  0.8068120
 5650.0 5750.0  0.9500355  4.5850983  0.8067842
 5750.0 5850.0  0.9524537  4.3900499  0.8067353
 5850.0 5950.0  0.9547564  4.2113967  0.8066686
 5950.0 6050.0  0.9569640  4.0461578  0.8065870
 6050.0 6150.0  0.9590933  3.8917723  0.8064929
 6150.0 6250.0  0.9611592  3.7460172  0.8063886
 6250.0 6350.0  0.9631742  3.6069393  0.8062760
 6350.0 6450.0  0.9651497  3.4727933  0.8061566
 6450.0 6550.0  0.9670954  3.3419881  0.8060316
 6550.0 6650.0  0.9690202  3.2130368  0.8059025
 6650.0 6750.0  0.9709326  3.0845103  0.8057700
 6750.0 6850.0  0.9728403  2.9549923  0.8056354
 6850.0 6950.0  0.9747508  2.8230960  0.8054993
 6950.0 7050.0  0.9766653  2.6882493  0.8053615
 7050.0 7150.0  0.9785746  2.5512223  0.8052201
 7150.0 7250.0  0.9804655  2.4133363  0.8050727
 7250.0 7350.0  0.9823238  2.2758994  0.8049161
 7350.0 7450.0  0.9841343  2.1402340  0.8047473
 7450.0 7550.0  0.9858805  2.0077178  0.8045629
 7550.0 7650.0  0.9875436  1.8798265  0.8043588
 7650.0 7750.0  0.9891024  1.7581804  0.8041305
 7750.0 7850.0  0.9905323  1.6445941  0.8038723
 7850.0 7950.0  0.9918051  1.5411344  0.8035781
 7950.0 8050.0  0.9928871  1.4501836  0.8032407
 8050.0 8150.0  0.9937391  1.3745146  0.8028508
 8150.0 8250.0  0.9943145  1.3173769  0.8023983
 8250.0 8350.0  0.9945580  1.2825983  0.8018709
 8350.0 8450.0  0.9944043  1.2747045  0.8012537
 8450.0 8550.0  0.9937752  1.2990599  0.8005292
