 1216.0 1216.0  0.4186737 20.0430355  0.9221678
 1300.0 1350.0  0.4432111 19.0970154  0.9070363
 1350.0 1400.0  0.4537715 18.6930695  0.9004017
 1400.0 1450.0  0.4637952 18.3142281  0.8940527
 1450.0 1500.0  0.4732148 17.9648838  0.8880566
 1500.0 1550.0  0.4819579 17.6496696  0.8824836
 1550.0 1600.0  0.4899470 17.3734779  0.8774070
 1600.0 1650.0  0.4971001 17.1414223  0.8729025
 1650.0 1700.0  0.5033864 16.9553795  0.8689979
 1700.0 1750.0  0.5089030 16.8092537  0.8656023
 1754.0 1770.0  0.5126444 16.7180786  0.8632965
 1770.0 1786.0  0.5141506 16.6838379  0.8623579
 1786.0 1802.0  0.5156148 16.6513672  0.8614366
 1802.0 1818.0  0.5170428 16.6203041  0.8605274
 1818.0 1835.0  0.5184831 16.5893822  0.8595969
 1835.0 1852.0  0.5199400 16.5582619  0.8586392
 1852.0 1869.0  0.5213755 16.5274906  0.8576765
 1869.0 1887.0  0.5228379 16.4957199  0.8566731
 1887.0 1905.0  0.5243338 16.4624672  0.8556210
 1905.0 1923.0  0.5258288 16.4281273  0.8545408
 1923.0 1942.0  0.5273730 16.3911381  0.8533926
 1942.0 1961.0  0.5289756 16.3508415  0.8521659
 1961.0 1980.0  0.5306044 16.3075981  0.8508815
 1980.0 2000.0  0.5323126 16.2597122  0.8494970
 2000.0 2020.0  0.5341103 16.2069473  0.8480093
 2020.0 2041.0  0.5360103 16.1490345  0.8464144
 2041.0 2062.0  0.5380242 16.0858879  0.8447123
 2062.0 2083.0  0.5401163 16.0189304  0.8429433
 2083.0 2105.0  0.5423503 15.9464874  0.8410655
 2105.0 2128.0  0.5447979 15.8666172  0.8390324
 2128.0 2151.0  0.5474264 15.7808399  0.8368870
 2151.0 2174.0  0.5501969 15.6909437  0.8346766
 2174.0 2200.0  0.5533249 15.5906334  0.8322527
 2200.0 2222.0  0.5565618 15.4883709  0.8298196
 2222.0 2247.0  0.5599389 15.3839073  0.8273763
 2247.0 2273.0  0.5638335 15.2662354  0.8246672
 2273.0 2299.0  0.5680727 15.1416759  0.8218466
 2299.0 2326.0  0.5726995 15.0099726  0.8189150
 2326.0 2353.0  0.5777493 14.8710432  0.8158751
 2353.0 2381.0  0.5832735 14.7246218  0.8127279
 2381.0 2410.0  0.5894223 14.5678082  0.8094189
 2410.0 2439.0  0.5960928 14.4033279  0.8060135
 2439.0 2469.0  0.6032307 14.2314377  0.8025253
 2469.0 2500.0  0.6108767 14.0496178  0.7989129
 2500.0 2532.0  0.6189448 13.8582163  0.7951964
 2532.0 2564.0  0.6271997 13.6608238  0.7914579
 2564.0 2597.0  0.6355181 13.4580879  0.7877235
 2597.0 2632.0  0.6440066 13.2444935  0.7839112
 2632.0 2667.0  0.6523787 13.0239925  0.7801129
 2667.0 2703.0  0.6603965 12.8004627  0.7764120
 2703.0 2740.0  0.6681408 12.5713024  0.7727706
 2740.0 2778.0  0.6755900 12.3370495  0.7692044
 2778.0 2817.0  0.6827228 12.0983276  0.7657301
 2817.0 2857.0  0.6895170 11.8558578  0.7623668
 2857.0 2899.0  0.6960226 11.6074848  0.7590980
 2899.0 2941.0  0.7021362 11.3571978  0.7559868
 2941.0 2985.0  0.7078227 11.1061506  0.7530643
 2985.0 3030.0  0.7131615 10.8519592  0.7503116
 3030.0 3077.0  0.7181981 10.5945435  0.7477390
 3077.0 3125.0  0.7230231 10.3332844  0.7453431
 3125.0 3175.0  0.7277412 10.0674934  0.7431233
 3175.0 3225.0  0.7324396  9.7988977  0.7410893
 3225.0 3275.0  0.7371744  9.5317459  0.7392640
 3275.0 3325.0  0.7420770  9.2657433  0.7376242
 3325.0 3375.0  0.7472006  9.0034065  0.7361580
 3375.0 3425.0  0.7525407  8.7493687  0.7348624
 3425.0 3450.0  0.7566635  8.5656548  0.7339860
 3450.0 3550.0  0.7639092  8.2947445  0.7328440
 3550.0 3650.0  0.7759610  7.9206462  0.7314267
 3650.0 3750.0  0.7886378  7.6312952  0.7305795
 3750.0 3850.0  0.8017445  7.3961387  0.7301353
 3850.0 3950.0  0.8150845  7.1823668  0.7299306
 3950.0 4050.0  0.8284440  6.9708128  0.7298605
 4050.0 4150.0  0.8415781  6.7597780  0.7298931
 4150.0 4250.0  0.8542214  6.5518789  0.7300173
 4250.0 4350.0  0.8660827  6.3445563  0.7302071
 4350.0 4450.0  0.8768392  6.1309547  0.7304242
 4450.0 4550.0  0.8862328  5.9052219  0.7306353
 4550.0 4650.0  0.8942722  5.6665688  0.7308271
 4650.0 4750.0  0.9011607  5.4179611  0.7310009
 4750.0 4850.0  0.9070919  5.1625218  0.7311589
 4850.0 4950.0  0.9122300  4.9031615  0.7313027
 4950.0 5050.0  0.9167141  4.6426673  0.7314342
 5050.0 5150.0  0.9206632  4.3837910  0.7315540
 5150.0 5250.0  0.9241793  4.1293344  0.7316629
 5250.0 5350.0  0.9273510  3.8822393  0.7317611
 5350.0 5450.0  0.9302564  3.6456757  0.7318487
 5450.0 5550.0  0.9329647  3.4231415  0.7319252
 5550.0 5650.0  0.9355395  3.2185707  0.7319901
 5650.0 5750.0  0.9380342  3.0352521  0.7320426
 5750.0 5850.0  0.9404778  2.8728364  0.7320833
 5850.0 5950.0  0.9428804  2.7280402  0.7321141
 5950.0 6050.0  0.9452481  2.5976400  0.7321364
 6050.0 6150.0  0.9475862  2.4788613  0.7321513
 6150.0 6250.0  0.9498985  2.3692927  0.7321599
 6250.0 6350.0  0.9521885  2.2668099  0.7321632
 6350.0 6450.0  0.9544589  2.1695094  0.7321618
 6450.0 6550.0  0.9567116  2.0756495  0.7321561
 6550.0 6650.0  0.9589483  1.9835966  0.7321466
 6650.0 6750.0  0.9611699  1.8917725  0.7321336
 6750.0 6850.0  0.9633769  1.7986068  0.7321172
 6850.0 6950.0  0.9655691  1.7025509  0.7320975
 6950.0 7050.0  0.9677439  1.6029208  0.7320737
 7050.0 7150.0  0.9698941  1.5004611  0.7320442
 7150.0 7250.0  0.9720101  1.3964922  0.7320068
 7250.0 7350.0  0.9740816  1.2923026  0.7319590
 7350.0 7450.0  0.9760966  1.1891737  0.7318978
 7450.0 7550.0  0.9780414  1.0884204  0.7318202
 7550.0 7650.0  0.9799001  0.9914315  0.7317222
 7650.0 7750.0  0.9816542  0.8997130  0.7315996
 7750.0 7850.0  0.9832817  0.8149354  0.7314472
 7850.0 7950.0  0.9847569  0.7389863  0.7312589
 7950.0 8050.0  0.9860494  0.6740280  0.7310275
 8050.0 8150.0  0.9871227  0.6225666  0.7307444
 8150.0 8250.0  0.9879339  0.5875285  0.7303994
 8250.0 8350.0  0.9884317  0.5723531  0.7299803
 8350.0 8450.0  0.9885551  0.5810995  0.7294731
 8450.0 8550.0  0.9882314  0.6185731  0.7288603
