 1216.0 1216.0  0.5100816  4.4991179  0.8135651
 1300.0 1350.0  0.5348313  4.3244977  0.7803195
 1350.0 1400.0  0.5451665  4.2471852  0.7654741
 1400.0 1450.0  0.5547967  4.1731830  0.7511179
 1450.0 1500.0  0.5636842  4.1036448  0.7374250
 1500.0 1550.0  0.5717856  4.0397596  0.7245747
 1550.0 1600.0  0.5790515  3.9827602  0.7127528
 1600.0 1650.0  0.5854267  3.9339135  0.7021502
 1650.0 1700.0  0.5908892  3.8936698  0.6928347
 1700.0 1750.0  0.5955026  3.8605089  0.6845772
 1754.0 1770.0  0.5985100  3.8386717  0.6788688
 1770.0 1786.0  0.5996619  3.8298945  0.6764987
 1786.0 1802.0  0.6007510  3.8212614  0.6741492
 1802.0 1818.0  0.6017808  3.8126819  0.6718069
 1818.0 1835.0  0.6027833  3.8037927  0.6693840
 1835.0 1852.0  0.6037591  3.7944887  0.6668648
 1852.0 1869.0  0.6046799  3.7849288  0.6643058
 1869.0 1887.0  0.6055741  3.7746985  0.6616118
 1887.0 1905.0  0.6064429  3.7636528  0.6587607
 1905.0 1923.0  0.6072643  3.7519417  0.6558080
 1923.0 1942.0  0.6080630  3.7390614  0.6526447
 1942.0 1961.0  0.6088421  3.7248187  0.6492417
 1961.0 1980.0  0.6095840  3.7093859  0.6456579
 1980.0 2000.0  0.6103131  3.6921959  0.6417756
 2000.0 2020.0  0.6110362  3.6731830  0.6375875
 2020.0 2041.0  0.6117609  3.6522546  0.6330835
 2041.0 2062.0  0.6124969  3.6293926  0.6282645
 2062.0 2083.0  0.6132371  3.6051233  0.6232469
 2083.0 2105.0  0.6140113  3.5788546  0.6179139
 2105.0 2128.0  0.6148518  3.5498977  0.6121361
 2128.0 2151.0  0.6157565  3.5188208  0.6060377
 2151.0 2174.0  0.6167222  3.4862926  0.5997566
 2174.0 2200.0  0.6178377  3.4500625  0.5928749
 2200.0 2222.0  0.6190235  3.4132042  0.5859754
 2222.0 2247.0  0.6203059  3.3756566  0.5790596
 2247.0 2273.0  0.6218408  3.3334875  0.5714086
 2273.0 2299.0  0.6235816  3.2890096  0.5634652
 2299.0 2326.0  0.6255658  3.2421727  0.5552373
 2326.0 2353.0  0.6278261  3.1929865  0.5467389
 2353.0 2381.0  0.6304082  3.1414084  0.5379816
 2381.0 2410.0  0.6334021  3.0864639  0.5288216
 2410.0 2439.0  0.6367527  3.0290952  0.5194428
 2439.0 2469.0  0.6403966  2.9693022  0.5098788
 2469.0 2500.0  0.6443052  2.9060836  0.5000083
 2500.0 2532.0  0.6483773  2.8394156  0.4898794
 2532.0 2564.0  0.6524292  2.7703860  0.4797062
 2564.0 2597.0  0.6563244  2.6990347  0.4695492
 2597.0 2632.0  0.6600139  2.6231837  0.4591726
 2632.0 2667.0  0.6632621  2.5439911  0.4488121
 2667.0 2703.0  0.6658967  2.4627709  0.4386814
 2703.0 2740.0  0.6679369  2.3787806  0.4286638
 2740.0 2778.0  0.6693786  2.2925091  0.4187869
 2778.0 2817.0  0.6702219  2.2045321  0.4090806
 2817.0 2857.0  0.6704705  2.1155210  0.3995770
 2857.0 2899.0  0.6701213  2.0251803  0.3902027
 2899.0 2941.0  0.6691914  1.9355166  0.3811107
 2941.0 2985.0  0.6676869  1.8476149  0.3723544
 2985.0 3030.0  0.6656368  1.7611272  0.3638554
 3030.0 3077.0  0.6631042  1.6763444  0.3556331
 3077.0 3125.0  0.6601907  1.5932169  0.3476805
 3125.0 3175.0  0.6570157  1.5117444  0.3399963
 3175.0 3225.0  0.6537597  1.4325521  0.3326327
 3225.0 3275.0  0.6506505  1.3569294  0.3256996
 3275.0 3325.0  0.6478434  1.2845802  0.3191491
 3325.0 3375.0  0.6454601  1.2156458  0.3129556
 3375.0 3425.0  0.6435995  1.1506009  0.3071101
 3425.0 3450.0  0.6425412  1.1042377  0.3029195
 3450.0 3550.0  0.6421636  1.0364662  0.2965758
 3550.0 3650.0  0.6436609  0.9418180  0.2872486
 3650.0 3750.0  0.6482596  0.8664965  0.2790887
 3750.0 3850.0  0.6552397  0.8039908  0.2718137
 3850.0 3950.0  0.6638511  0.7476076  0.2651519
 3950.0 4050.0  0.6735789  0.6935356  0.2589262
 4050.0 4150.0  0.6841882  0.6416463  0.2530736
 4150.0 4250.0  0.6954511  0.5928727  0.2475677
 4250.0 4350.0  0.7068052  0.5475023  0.2423617
 4350.0 4450.0  0.7174031  0.5053164  0.2373925
 4450.0 4550.0  0.7265313  0.4660720  0.2326062
 4550.0 4650.0  0.7340339  0.4294797  0.2279690
 4650.0 4750.0  0.7401659  0.3952271  0.2234634
 4750.0 4850.0  0.7451913  0.3630628  0.2190770
 4850.0 4950.0  0.7493393  0.3328007  0.2148013
 4950.0 5050.0  0.7528120  0.3043142  0.2106311
 5050.0 5150.0  0.7557903  0.2775317  0.2065645
 5150.0 5250.0  0.7584398  0.2524352  0.2026031
 5250.0 5350.0  0.7609156  0.2290590  0.1987514
 5350.0 5450.0  0.7633677  0.2074912  0.1950176
 5450.0 5550.0  0.7659452  0.1878764  0.1914135
 5550.0 5650.0  0.7688009  0.1704198  0.1879548
 5650.0 5750.0  0.7720628  0.1552917  0.1846548
 5750.0 5850.0  0.7757515  0.1423707  0.1815060
 5850.0 5950.0  0.7798005  0.1313001  0.1784845
 5950.0 6050.0  0.7841413  0.1217397  0.1755674
 6050.0 6150.0  0.7887143  0.1133962  0.1727351
 6150.0 6250.0  0.7934669  0.1060143  0.1699704
 6250.0 6350.0  0.7983522  0.0993686  0.1672585
 6350.0 6450.0  0.8033279  0.0932570  0.1645861
 6450.0 6550.0  0.8083541  0.0874938  0.1619413
 6550.0 6650.0  0.8133925  0.0819042  0.1593128
 6650.0 6750.0  0.8184052  0.0763189  0.1566900
 6750.0 6850.0  0.8233534  0.0705687  0.1540625
 6850.0 6950.0  0.8281980  0.0644859  0.1514200
 6950.0 7050.0  0.8329155  0.0579926  0.1487589
 7050.0 7150.0  0.8375102  0.0511599  0.1460860
 7150.0 7250.0  0.8419959  0.0441178  0.1434126
 7250.0 7350.0  0.8463830  0.0369914  0.1407502
 7350.0 7450.0  0.8506793  0.0299031  0.1381104
 7450.0 7550.0  0.8548895  0.0229766  0.1355058
 7550.0 7650.0  0.8590156  0.0163406  0.1329498
 7650.0 7750.0  0.8630570  0.0101329  0.1304575
 7750.0 7850.0  0.8670107  0.0045046  0.1280460
 7850.0 7950.0  0.8708705  0.0003750  0.1257349
 7950.0 8050.0  0.8746277  0.0043135  0.1235468
 8050.0 8150.0  0.8782702  0.0070888  0.1215084
 8150.0 8250.0  0.8817823  0.0084428  0.1196507
 8250.0 8350.0  0.8851444  0.0080728  0.1180107
 8350.0 8450.0  0.8883319  0.0056225  0.1166320
 8450.0 8550.0  0.8913151  0.0006706  0.1155665
