 1216.0 1216.0  0.0974466  0.4120712  0.0578971
 1300.0 1350.0  0.0838424  0.2979782  0.0483168
 1350.0 1400.0  0.0792361  0.2596449  0.0447296
 1400.0 1450.0  0.0715444  0.2428623  0.0414567
 1450.0 1500.0  0.0647194  0.2277782  0.0385217
 1500.0 1550.0  0.0586576  0.2141207  0.0358795
 1550.0 1600.0  0.0532618  0.2016983  0.0334921
 1600.0 1650.0  0.0484534  0.1903245  0.0313279
 1650.0 1700.0  0.0450568  0.1805912  0.0294981
 1700.0 1750.0  0.0419494  0.1718172  0.0278245
 1754.0 1770.0  0.0398408  0.1657485  0.0266766
 1770.0 1786.0  0.0389758  0.1632239  0.0262023
 1786.0 1802.0  0.0381375  0.1607576  0.0257405
 1802.0 1818.0  0.0383533  0.1574474  0.0254149
 1818.0 1835.0  0.0375491  0.1550788  0.0249750
 1835.0 1852.0  0.0367174  0.1526404  0.0245200
 1852.0 1869.0  0.0359120  0.1502590  0.0240774
 1869.0 1887.0  0.0350833  0.1478162  0.0236218
 1887.0 1905.0  0.0342856  0.1454136  0.0231790
 1905.0 1923.0  0.0335139  0.1430683  0.0227486
 1923.0 1942.0  0.0327223  0.1406767  0.0223072
 1942.0 1961.0  0.0320079  0.1384060  0.0219010
 1961.0 1980.0  0.0312622  0.1361571  0.0214839
 1980.0 2000.0  0.0304379  0.1342175  0.0210568
 2000.0 2020.0  0.0296437  0.1323210  0.0206424
 2020.0 2041.0  0.0288782  0.1304659  0.0202401
 2041.0 2062.0  0.0281026  0.1285697  0.0198302
 2062.0 2083.0  0.0281177  0.1259322  0.0195285
 2083.0 2105.0  0.0273419  0.1240604  0.0191228
 2105.0 2128.0  0.0265967  0.1222262  0.0187297
 2128.0 2151.0  0.0258455  0.1203667  0.0183315
 2151.0 2174.0  0.0251239  0.1185508  0.0179459
 2174.0 2200.0  0.0243678  0.1166456  0.0175404
 2200.0 2222.0  0.0236729  0.1148543  0.0171640
 2222.0 2247.0  0.0230333  0.1131745  0.0168146
 2247.0 2273.0  0.0223356  0.1113432  0.0164322
 2273.0 2299.0  0.0222727  0.1088316  0.0161424
 2299.0 2326.0  0.0216161  0.1070923  0.0157836
 2326.0 2353.0  0.0209610  0.1053427  0.0154235
 2353.0 2381.0  0.0203091  0.1035858  0.0150629
 2381.0 2410.0  0.0197684  0.1013514  0.0147160
 2410.0 2439.0  0.0193520  0.0983576  0.0143707
 2439.0 2469.0  0.0189407  0.0953680  0.0140261
 2469.0 2500.0  0.0185603  0.0924105  0.0136939
 2500.0 2532.0  0.0181690  0.0893981  0.0133523
 2532.0 2564.0  0.0178056  0.0864448  0.0130234
 2564.0 2597.0  0.0174693  0.0835479  0.0127065
 2597.0 2632.0  0.0171301  0.0805875  0.0123823
 2632.0 2667.0  0.0167673  0.0777016  0.0120522
 2667.0 2703.0  0.0164075  0.0751394  0.0117435
 2703.0 2740.0  0.0156066  0.0730904  0.0113817
 2740.0 2778.0  0.0152643  0.0704952  0.0110737
 2778.0 2817.0  0.0149525  0.0679378  0.0107780
 2817.0 2857.0  0.0146397  0.0653691  0.0104794
 2857.0 2899.0  0.0139320  0.0632422  0.0101359
 2899.0 2941.0  0.0136631  0.0606741  0.0098493
 2941.0 2985.0  0.0133848  0.0582562  0.0095682
 2985.0 3030.0  0.0130437  0.0562379  0.0092925
 3030.0 3077.0  0.0123193  0.0545765  0.0089665
 3077.0 3125.0  0.0120100  0.0525482  0.0086988
 3125.0 3175.0  0.0117078  0.0505147  0.0084323
 3175.0 3225.0  0.0110770  0.0488573  0.0081327
 3225.0 3275.0  0.0108195  0.0469073  0.0078862
 3275.0 3325.0  0.0106031  0.0449234  0.0076509
 3325.0 3375.0  0.0104138  0.0429688  0.0074259
 3375.0 3425.0  0.0102428  0.0410792  0.0072107
 3425.0 3450.0  0.0098089  0.0399812  0.0070188
 3450.0 3550.0  0.0096471  0.0377425  0.0067741
 3550.0 3650.0  0.0096704  0.0343406  0.0064369
 3650.0 3750.0  0.0093945  0.0315799  0.0060957
 3750.0 3850.0  0.0094701  0.0287581  0.0058093
 3850.0 3950.0  0.0095998  0.0261109  0.0055441
 3950.0 4050.0  0.0097940  0.0236132  0.0052979
 4050.0 4150.0  0.0103622  0.0211095  0.0050941
 4150.0 4250.0  0.0106758  0.0189848  0.0048797
 4250.0 4350.0  0.0110617  0.0170129  0.0046796
 4350.0 4450.0  0.0115507  0.0151579  0.0044925
 4450.0 4550.0  0.0114905  0.0139125  0.0042957
 4550.0 4650.0  0.0113575  0.0128796  0.0041115
 4650.0 4750.0  0.0112789  0.0118907  0.0039389
 4750.0 4850.0  0.0109315  0.0110300  0.0037582
 4850.0 4950.0  0.0109658  0.0101176  0.0036068
 4950.0 5050.0  0.0110611  0.0092454  0.0034643
 5050.0 5150.0  0.0112312  0.0084065  0.0033301
 5150.0 5250.0  0.0114860  0.0076012  0.0032036
 5250.0 5350.0  0.0118398  0.0068293  0.0030841
 5350.0 5450.0  0.0119670  0.0061310  0.0029564
 5450.0 5550.0  0.0125936  0.0054111  0.0028501
 5550.0 5650.0  0.0134399  0.0047158  0.0027494
 5650.0 5750.0  0.0137773  0.0042847  0.0026539
 5750.0 5850.0  0.0137779  0.0039958  0.0025633
 5850.0 5950.0  0.0138295  0.0037171  0.0024773
 5950.0 6050.0  0.0135345  0.0034722  0.0023836
 6050.0 6150.0  0.0136997  0.0032103  0.0023062
 6150.0 6250.0  0.0139337  0.0029572  0.0022325
 6250.0 6350.0  0.0142566  0.0027106  0.0021623
 6350.0 6450.0  0.0146663  0.0024737  0.0020953
 6450.0 6550.0  0.0151915  0.0022443  0.0020314
 6550.0 6650.0  0.0154015  0.0020354  0.0019606
 6650.0 6750.0  0.0162318  0.0018183  0.0019026
 6750.0 6850.0  0.0172991  0.0016078  0.0018471
 6850.0 6950.0  0.0185026  0.0014178  0.0017940
 6950.0 7050.0  0.0184613  0.0013415  0.0017431
 7050.0 7150.0  0.0184624  0.0012673  0.0016944
 7150.0 7250.0  0.0184850  0.0011968  0.0016477
 7250.0 7350.0  0.0185780  0.0011268  0.0016029
 7350.0 7450.0  0.0181602  0.0010666  0.0015522
 7450.0 7550.0  0.0183567  0.0010000  0.0015111
 7550.0 7650.0  0.0185865  0.0009366  0.0014716
 7650.0 7750.0  0.0189130  0.0008735  0.0014337
 7750.0 7850.0  0.0193196  0.0008121  0.0013972
 7850.0 7950.0  0.0197826  0.0007536  0.0013621
 7950.0 8050.0  0.0203886  0.0006953  0.0013282
 8050.0 8150.0  0.0211262  0.0006385  0.0012957
 8150.0 8250.0  0.0220249  0.0005831  0.0012643
 8250.0 8350.0  0.0223664  0.0005342  0.0012279
 8350.0 8450.0  0.0236743  0.0004811  0.0011989
 8450.0 8550.0  0.0253068  0.0004292  0.0011708
