 1216.0 1216.0  0.5442680  3.4513421  0.7795863
 1300.0 1350.0  0.5489606  3.1849949  0.7390012
 1350.0 1400.0  0.5503578  3.0692048  0.7209038
 1400.0 1450.0  0.5512496  2.9586189  0.7034822
 1450.0 1500.0  0.5516218  2.8540668  0.6869965
 1500.0 1550.0  0.5514560  2.7564254  0.6717137
 1550.0 1600.0  0.5507296  2.6666253  0.6579106
 1600.0 1650.0  0.5494165  2.5856431  0.6458709
 1650.0 1700.0  0.5475053  2.5138373  0.6356952
 1700.0 1750.0  0.5450255  2.4500484  0.6270428
 1754.0 1770.0  0.5429094  2.4062934  0.6212114
 1770.0 1786.0  0.5418875  2.3884504  0.6188248
 1786.0 1802.0  0.5408186  2.3709865  0.6164639
 1802.0 1818.0  0.5397041  2.3538337  0.6141084
 1818.0 1835.0  0.5385081  2.3364017  0.6116627
 1835.0 1852.0  0.5372295  2.3186297  0.6091030
 1852.0 1869.0  0.5359049  2.3009727  0.6064782
 1869.0 1887.0  0.5344945  2.2828307  0.6036808
 1887.0 1905.0  0.5329975  2.2641149  0.6006777
 1905.0 1923.0  0.5314547  2.2452483  0.5975166
 1923.0 1942.0  0.5298228  2.2255948  0.5940689
 1942.0 1961.0  0.5281016  2.2050328  0.5902910
 1961.0 1980.0  0.5263362  2.1839745  0.5862362
 1980.0 2000.0  0.5244830  2.1617672  0.5817634
 2000.0 2020.0  0.5225500  2.1383803  0.5768638
 2020.0 2041.0  0.5205472  2.1137834  0.5715246
 2041.0 2062.0  0.5184871  2.0879798  0.5657504
 2062.0 2083.0  0.5164327  2.0615888  0.5596849
 2083.0 2105.0  0.5143509  2.0339901  0.5531912
 2105.0 2128.0  0.5122123  2.0045261  0.5461152
 2128.0 2151.0  0.5100859  1.9738388  0.5386132
 2151.0 2174.0  0.5080395  1.9426115  0.5308614
 2174.0 2200.0  0.5059736  1.9087834  0.5223505
 2200.0 2222.0  0.5040722  1.8751786  0.5138105
 2222.0 2247.0  0.5023695  1.8418019  0.5052518
 2247.0 2273.0  0.5007101  1.8051516  0.4957950
 2273.0 2299.0  0.4992489  1.7673635  0.4860002
 2299.0 2326.0  0.4980350  1.7284606  0.4758907
 2326.0 2353.0  0.4971114  1.6884849  0.4654983
 2353.0 2381.0  0.4965379  1.6474717  0.4548549
 2381.0 2410.0  0.4963627  1.6047221  0.4438044
 2410.0 2439.0  0.4965992  1.5610645  0.4325771
 2439.0 2469.0  0.4971947  1.5166185  0.4212098
 2469.0 2500.0  0.4980792  1.4707778  0.4095501
 2500.0 2532.0  0.4991670  1.4237163  0.3976479
 2532.0 2564.0  0.5003338  1.3763714  0.3857439
 2564.0 2597.0  0.5014565  1.3289601  0.3738971
 2597.0 2632.0  0.5024208  1.2802992  0.3618193
 2632.0 2667.0  0.5030518  1.2314050  0.3497705
 2667.0 2703.0  0.5032285  1.1832396  0.3379897
 2703.0 2740.0  0.5029355  1.1352766  0.3263388
 2740.0 2778.0  0.5021695  1.0876966  0.3148507
 2778.0 2817.0  0.5009301  1.0406994  0.3035607
 2817.0 2857.0  0.4992201  0.9945077  0.2925066
 2857.0 2899.0  0.4970129  0.9488418  0.2816038
 2899.0 2941.0  0.4943441  0.9045398  0.2710313
 2941.0 2985.0  0.4912190  0.8619651  0.2608522
 2985.0 3030.0  0.4876436  0.8207794  0.2509768
 3030.0 3077.0  0.4836874  0.7810255  0.2414302
 3077.0 3125.0  0.4794562  0.7425647  0.2322069
 3125.0 3175.0  0.4750764  0.7052642  0.2233091
 3175.0 3225.0  0.4707411  0.6692349  0.2148004
 3225.0 3275.0  0.4666979  0.6348661  0.2068112
 3275.0 3325.0  0.4630914  0.6018460  0.1992885
 3325.0 3375.0  0.4600226  0.5701585  0.1922031
 3375.0 3425.0  0.4575617  0.5400102  0.1855447
 3425.0 3450.0  0.4560888  0.5183692  0.1807883
 3450.0 3550.0  0.4550685  0.4861737  0.1736472
 3550.0 3650.0  0.4555299  0.4403552  0.1632324
 3650.0 3750.0  0.4591136  0.4025939  0.1542567
 3750.0 3850.0  0.4652252  0.3703077  0.1463815
 3850.0 3950.0  0.4732653  0.3408400  0.1392823
 3950.0 4050.0  0.4828395  0.3127183  0.1327463
 4050.0 4150.0  0.4937948  0.2859820  0.1266956
 4150.0 4250.0  0.5059367  0.2611032  0.1210967
 4250.0 4350.0  0.5185955  0.2382569  0.1158959
 4350.0 4450.0  0.5307010  0.2173899  0.1110236
 4450.0 4550.0  0.5413454  0.1984239  0.1064199
 4550.0 4650.0  0.5502940  0.1811882  0.1020430
 4650.0 4750.0  0.5578097  0.1654505  0.0978656
 4750.0 4850.0  0.5641721  0.1510122  0.0938675
 4850.0 4950.0  0.5696251  0.1377151  0.0900338
 4950.0 5050.0  0.5743841  0.1254366  0.0863551
 5050.0 5150.0  0.5786430  0.1140860  0.0828267
 5150.0 5250.0  0.5825797  0.1036016  0.0794486
 5250.0 5350.0  0.5863626  0.0939485  0.0762254
 5350.0 5450.0  0.5901549  0.0851181  0.0731666
 5450.0 5550.0  0.5941203  0.0771270  0.0702868
 5550.0 5650.0  0.5984277  0.0700183  0.0676063
 5650.0 5750.0  0.6032183  0.0638273  0.0651418
 5750.0 5850.0  0.6085123  0.0584924  0.0628827
 5850.0 5950.0  0.6142313  0.0538742  0.0607962
 5950.0 6050.0  0.6202950  0.0498410  0.0588510
 6050.0 6150.0  0.6266338  0.0462799  0.0570202
 6150.0 6250.0  0.6331865  0.0430922  0.0552805
 6250.0 6350.0  0.6398987  0.0401913  0.0536113
 6350.0 6450.0  0.6467209  0.0374991  0.0519943
 6450.0 6550.0  0.6536071  0.0349445  0.0504130
 6550.0 6650.0  0.6605135  0.0324603  0.0488517
 6650.0 6750.0  0.6673964  0.0299816  0.0472956
 6750.0 6850.0  0.6742119  0.0274438  0.0457299
 6850.0 6950.0  0.6809152  0.0247830  0.0441401
 6950.0 7050.0  0.6874812  0.0219702  0.0425204
 7050.0 7150.0  0.6939170  0.0190342  0.0408792
 7150.0 7250.0  0.7002421  0.0160272  0.0392307
 7250.0 7350.0  0.7064725  0.0129997  0.0375890
 7350.0 7450.0  0.7126216  0.0100014  0.0359684
 7450.0 7550.0  0.7186999  0.0070831  0.0343840
 7550.0 7650.0  0.7247158  0.0042980  0.0328517
 7650.0 7750.0  0.7306761  0.0017036  0.0313895
 7750.0 7850.0  0.7365851  0.0006370  0.0300172
 7850.0 7950.0  0.7424465  0.0026523  0.0287576
 7950.0 8050.0  0.7482617  0.0042610  0.0276368
 8050.0 8150.0  0.7540310  0.0053690  0.0266856
 8150.0 8250.0  0.7597532  0.0058665  0.0259398
 8250.0 8350.0  0.7654257  0.0056249  0.0254416
 8350.0 8450.0  0.7710443  0.0044923  0.0252410
 8450.0 8550.0  0.7766029  0.0022890  0.0253975
