 1216.0 1216.0     3.1117533e-01    2.6738448e+01     9.6691394e-01
 1300.0 1350.0     3.2301028e-01    2.6901426e+01     9.6423049e-01
 1350.0 1400.0     3.2822142e-01    2.6872108e+01     9.6300381e-01
 1400.0 1450.0     3.3303940e-01    2.6706188e+01     9.6178272e-01
 1450.0 1500.0     3.3781234e-01    2.6508695e+01     9.6056297e-01
 1500.0 1550.0     3.4265368e-01    2.6312662e+01     9.5934323e-01
 1550.0 1600.0     3.4756441e-01    2.6118080e+01     9.5812348e-01
 1600.0 1650.0     3.5224183e-01    2.5936964e+01     9.5691532e-01
 1650.0 1700.0     3.5617817e-01    2.5788659e+01     9.5573765e-01
 1700.0 1750.0     3.5965860e-01    2.5660738e+01     9.5457888e-01
 1754.0 1770.0     3.6225215e-01    2.5566415e+01     9.5372139e-01
 1770.0 1786.0     3.6338113e-01    2.5525764e+01     9.5335058e-01
 1786.0 1802.0     3.6451364e-01    2.5485178e+01     9.5297977e-01
 1802.0 1818.0     3.6564967e-01    2.5444657e+01     9.5260897e-01
 1818.0 1835.0     3.6682497e-01    2.5402938e+01     9.5222657e-01
 1835.0 1852.0     3.6803978e-01    2.5360025e+01     9.5183259e-01
 1852.0 1869.0     3.6925862e-01    2.5317185e+01     9.5143861e-01
 1869.0 1887.0     3.7051757e-01    2.5273161e+01     9.5103304e-01
 1887.0 1905.0     3.7181692e-01    2.5227959e+01     9.5061588e-01
 1905.0 1923.0     3.7312082e-01    2.5182837e+01     9.5019872e-01
 1923.0 1942.0     3.7446576e-01    2.5136547e+01     9.4976998e-01
 1942.0 1961.0     3.7585204e-01    2.5089093e+01     9.4932964e-01
 1961.0 1980.0     3.7733330e-01    2.5024830e+01     9.4879870e-01
 1980.0 2000.0     3.7900737e-01    2.4931390e+01     9.4810514e-01
 2000.0 2020.0     3.8078601e-01    2.4825851e+01     9.4733958e-01
 2020.0 2041.0     3.8261788e-01    2.4718143e+01     9.4655489e-01
 2041.0 2062.0     3.8450346e-01    2.4608286e+01     9.4575105e-01
 2062.0 2083.0     3.8639833e-01    2.4498918e+01     9.4494722e-01
 2083.0 2105.0     3.8834810e-01    2.4387455e+01     9.4412425e-01
 2105.0 2128.0     3.9039910e-01    2.4271351e+01     9.4326300e-01
 2128.0 2151.0     3.9250675e-01    2.4153232e+01     9.4238261e-01
 2151.0 2174.0     3.9462578e-01    2.4035688e+01     9.4150222e-01
 2174.0 2200.0     3.9689599e-01    2.3911127e+01     9.4056441e-01
 2200.0 2222.0     3.9913162e-01    2.3789689e+01     9.3964575e-01
 2222.0 2247.0     4.0133377e-01    2.3671422e+01     9.3874622e-01
 2247.0 2273.0     4.0373681e-01    2.3543741e+01     9.3777014e-01
 2273.0 2299.0     4.0620163e-01    2.3414259e+01     9.3677491e-01
 2299.0 2326.0     4.0872949e-01    2.3283027e+01     9.3576055e-01
 2326.0 2353.0     4.1132107e-01    2.3150068e+01     9.3472705e-01
 2353.0 2381.0     4.1397770e-01    2.3015435e+01     9.3367441e-01
 2381.0 2410.0     4.1708064e-01    2.2877658e+01     9.3289835e-01
 2410.0 2439.0     4.2062636e-01    2.2739320e+01     9.3245433e-01
 2439.0 2469.0     4.2430371e-01    2.2599571e+01     9.3203961e-01
 2469.0 2500.0     4.2813952e-01    2.2455987e+01     9.3161084e-01
 2500.0 2532.0     4.3213750e-01    2.2308654e+01     9.3116800e-01
 2532.0 2564.0     4.3623686e-01    2.2159963e+01     9.3071814e-01
 2564.0 2597.0     4.4044039e-01    2.2009972e+01     9.3026124e-01
 2597.0 2632.0     4.4488162e-01    2.1854152e+01     9.2978326e-01
 2632.0 2667.0     4.5035626e-01    2.1644173e+01     9.2922931e-01
 2667.0 2703.0     4.5703476e-01    2.1371341e+01     9.2859148e-01
 2703.0 2740.0     4.6419013e-01    2.1083792e+01     9.2792250e-01
 2740.0 2778.0     4.7165823e-01    2.0792395e+01     9.2723520e-01
 2778.0 2817.0     4.7945049e-01    2.0497416e+01     9.2652957e-01
 2817.0 2857.0     4.8757897e-01    2.0199124e+01     9.2580561e-01
 2857.0 2899.0     4.9616283e-01    1.9894124e+01     9.2505416e-01
 2899.0 2941.0     5.0511085e-01    1.9586402e+01     9.2428438e-01
 2941.0 2985.0     5.1448238e-01    1.9257042e+01     9.2307630e-01
 2985.0 3030.0     5.2441798e-01    1.8896504e+01     9.2126802e-01
 3030.0 3077.0     5.3490587e-01    1.8524436e+01     9.1925407e-01
 3077.0 3125.0     5.4595471e-01    1.8147882e+01     9.1717445e-01
 3125.0 3175.0     5.5759293e-01    1.7767496e+01     9.1502916e-01
 3175.0 3225.0     5.6972180e-01    1.7387483e+01     9.1284009e-01
 3225.0 3275.0     5.8200080e-01    1.7019480e+01     9.1064673e-01
 3275.0 3325.0     5.9406329e-01    1.6675195e+01     9.0843551e-01
 3325.0 3375.0     6.0600855e-01    1.6349930e+01     9.0621071e-01
 3375.0 3425.0     6.1819401e-01    1.6031010e+01     9.0398591e-01
 3425.0 3450.0     6.2747031e-01    1.5795334e+01     9.0231730e-01
 3450.0 3550.0     6.4316492e-01    1.5423382e+01     8.9960897e-01
 3550.0 3650.0     6.6600464e-01    1.4951262e+01     8.9614038e-01
 3650.0 3750.0     6.8686231e-01    1.4599540e+01     8.9350747e-01
 3750.0 3850.0     7.0837320e-01    1.4256091e+01     8.9087456e-01
 3850.0 3950.0     7.2968268e-01    1.3944385e+01     8.8864293e-01
 3950.0 4050.0     7.5047530e-01    1.3670538e+01     8.8693929e-01
 4050.0 4150.0     7.7128499e-01    1.3412240e+01     8.8541394e-01
 4150.0 4250.0     7.9092048e-01    1.3175223e+01     8.8419196e-01
 4250.0 4350.0     8.0959887e-01    1.2955978e+01     8.8322177e-01
 4350.0 4450.0     8.2753497e-01    1.2740456e+01     8.8232387e-01
 4450.0 4550.0     8.4043157e-01    1.2528848e+01     8.8175448e-01
 4550.0 4650.0     8.4929543e-01    1.2321011e+01     8.8144135e-01
 4650.0 4750.0     8.5825277e-01    1.2116622e+01     8.8112822e-01
 4750.0 4850.0     8.6730458e-01    1.1915623e+01     8.8081508e-01
 4850.0 4950.0     8.7645186e-01    1.1717959e+01     8.8050195e-01
 4950.0 5050.0     8.8569561e-01    1.1523573e+01     8.8018881e-01
 5050.0 5150.0     8.9503686e-01    1.1332412e+01     8.7987568e-01
 5150.0 5250.0     9.0447662e-01    1.1144423e+01     8.7956255e-01
 5250.0 5350.0     9.1401595e-01    1.0959551e+01     8.7924941e-01
 5350.0 5450.0     9.2365588e-01    1.0777747e+01     8.7893628e-01
 5450.0 5550.0     9.3339748e-01    1.0598958e+01     8.7862314e-01
 5550.0 5650.0     9.4269930e-01    1.0423006e+01     8.7834364e-01
 5650.0 5750.0     9.4846024e-01    1.0249121e+01     8.7828832e-01
 5750.0 5850.0     9.5117507e-01    1.0077413e+01     8.7842357e-01
 5850.0 5950.0     9.5389767e-01    9.9085814e+00     8.7855881e-01
 5950.0 6050.0     9.5662806e-01    9.7425786e+00     8.7869406e-01
 6050.0 6150.0     9.5936627e-01    9.5793570e+00     8.7882930e-01
 6150.0 6250.0     9.6211232e-01    9.4188699e+00     8.7896455e-01
 6250.0 6350.0     9.6486623e-01    9.2610715e+00     8.7909979e-01
 6350.0 6450.0     9.6762802e-01    9.1059168e+00     8.7923504e-01
 6450.0 6550.0     9.7039771e-01    8.9533615e+00     8.7937028e-01
 6550.0 6650.0     9.7317533e-01    8.8033620e+00     8.7950553e-01
 6650.0 6750.0     9.7596091e-01    8.6558754e+00     8.7964077e-01
 6750.0 6850.0     9.7875445e-01    8.5108598e+00     8.7977602e-01
 6850.0 6950.0     9.8091066e-01    8.3622838e+00     8.7987784e-01
 6950.0 7050.0     9.8203098e-01    8.2067154e+00     8.7992575e-01
 7050.0 7150.0     9.8275701e-01    8.0504424e+00     8.7995319e-01
 7150.0 7250.0     9.8348359e-01    7.8971452e+00     8.7998062e-01
 7250.0 7350.0     9.8421070e-01    7.7467671e+00     8.8000805e-01
 7350.0 7450.0     9.8493835e-01    7.5992525e+00     8.8003548e-01
 7450.0 7550.0     9.8566654e-01    7.4545469e+00     8.8006291e-01
 7550.0 7650.0     9.8639527e-01    7.3125968e+00     8.8009035e-01
 7650.0 7750.0     9.8712453e-01    7.1733497e+00     8.8011778e-01
 7750.0 7850.0     9.8785434e-01    7.0367541e+00     8.8014521e-01
 7850.0 7950.0     9.8858468e-01    6.9027597e+00     8.8017264e-01
 7950.0 8050.0     9.8931556e-01    6.7713167e+00     8.8020007e-01
 8050.0 8150.0     9.9004699e-01    6.6423767e+00     8.8022750e-01
 8150.0 8250.0     9.9077895e-01    6.5158920e+00     8.8025494e-01
 8250.0 8350.0     9.9151146e-01    6.3918158e+00     8.8028237e-01
 8350.0 8450.0     9.9224451e-01    6.2701023e+00     8.8030980e-01
 8450.0 8550.0     9.9297810e-01    6.1507065e+00     8.8033723e-01
