 1216.0 1216.0     3.9928351e-01    1.6563808e+01     9.2811792e-01
 1300.0 1350.0     4.2109829e-01    1.7002285e+01     9.2069027e-01
 1350.0 1400.0     4.3015438e-01    1.7119028e+01     9.1744773e-01
 1400.0 1450.0     4.3765213e-01    1.7121218e+01     9.1442182e-01
 1450.0 1500.0     4.4485467e-01    1.7095765e+01     9.1144791e-01
 1500.0 1550.0     4.5217575e-01    1.7070350e+01     9.0847399e-01
 1550.0 1600.0     4.5961731e-01    1.7044973e+01     9.0550008e-01
 1600.0 1650.0     4.6666791e-01    1.7022550e+01     9.0252863e-01
 1650.0 1700.0     4.7246660e-01    1.7007830e+01     8.9956368e-01
 1700.0 1750.0     4.7749166e-01    1.6997880e+01     8.9660276e-01
 1754.0 1770.0     4.8123853e-01    1.6990520e+01     8.9441168e-01
 1770.0 1786.0     4.8287052e-01    1.6987339e+01     8.9346419e-01
 1786.0 1802.0     4.8450804e-01    1.6984158e+01     8.9251669e-01
 1802.0 1818.0     4.8615111e-01    1.6980978e+01     8.9156920e-01
 1818.0 1835.0     4.8785146e-01    1.6977699e+01     8.9059210e-01
 1835.0 1852.0     4.8960946e-01    1.6974322e+01     8.8958538e-01
 1852.0 1869.0     4.9137379e-01    1.6970945e+01     8.8857867e-01
 1869.0 1887.0     4.9319675e-01    1.6967469e+01     8.8754235e-01
 1887.0 1905.0     4.9507876e-01    1.6963895e+01     8.8647642e-01
 1905.0 1923.0     4.9696794e-01    1.6960322e+01     8.8541049e-01
 1923.0 1942.0     4.9891722e-01    1.6956650e+01     8.8431495e-01
 1942.0 1961.0     5.0092704e-01    1.6952879e+01     8.8318980e-01
 1961.0 1980.0     5.0289090e-01    1.6934789e+01     8.8187859e-01
 1980.0 2000.0     5.0482578e-01    1.6892796e+01     8.8022769e-01
 2000.0 2020.0     5.0678545e-01    1.6841298e+01     8.7842314e-01
 2020.0 2041.0     5.0880210e-01    1.6788678e+01     8.7657348e-01
 2041.0 2062.0     5.1087616e-01    1.6734943e+01     8.7467871e-01
 2062.0 2083.0     5.1295867e-01    1.6681380e+01     8.7278393e-01
 2083.0 2105.0     5.1509967e-01    1.6626721e+01     8.7084404e-01
 2105.0 2128.0     5.1734981e-01    1.6569711e+01     8.6881393e-01
 2128.0 2151.0     5.1966001e-01    1.6511635e+01     8.6673870e-01
 2151.0 2174.0     5.2198053e-01    1.6453762e+01     8.6466347e-01
 2174.0 2200.0     5.2446414e-01    1.6392345e+01     8.6245290e-01
 2200.0 2222.0     5.2690769e-01    1.6332387e+01     8.6028744e-01
 2222.0 2247.0     5.2931219e-01    1.6273907e+01     8.5816710e-01
 2247.0 2273.0     5.3193348e-01    1.6210682e+01     8.5586630e-01
 2273.0 2299.0     5.3461941e-01    1.6146468e+01     8.5352038e-01
 2299.0 2326.0     5.3737107e-01    1.6081282e+01     8.5112936e-01
 2326.0 2353.0     5.4018909e-01    1.6015136e+01     8.4869322e-01
 2353.0 2381.0     5.4307462e-01    1.5948046e+01     8.4621197e-01
 2381.0 2410.0     5.4653563e-01    1.5889462e+01     8.4426769e-01
 2410.0 2439.0     5.5057933e-01    1.5841765e+01     8.4297787e-01
 2439.0 2469.0     5.5477749e-01    1.5794640e+01     8.4173942e-01
 2469.0 2500.0     5.5915161e-01    1.5746066e+01     8.4045900e-01
 2500.0 2532.0     5.6370536e-01    1.5696055e+01     8.3913659e-01
 2532.0 2564.0     5.6836906e-01    1.5645412e+01     8.3779319e-01
 2564.0 2597.0     5.7314544e-01    1.5594146e+01     8.3642881e-01
 2597.0 2632.0     5.7818555e-01    1.5540696e+01     8.3500145e-01
 2632.0 2667.0     5.8397259e-01    1.5451844e+01     8.3340099e-01
 2667.0 2703.0     5.9058270e-01    1.5320663e+01     8.3161679e-01
 2703.0 2740.0     5.9757620e-01    1.5179795e+01     8.2975443e-01
 2740.0 2778.0     6.0484757e-01    1.5036416e+01     8.2784105e-01
 2778.0 2817.0     6.1240490e-01    1.4890623e+01     8.2587664e-01
 2817.0 2857.0     6.2025667e-01    1.4742512e+01     8.2386122e-01
 2857.0 2899.0     6.2851377e-01    1.4590344e+01     8.2176925e-01
 2899.0 2941.0     6.3708486e-01    1.4436074e+01     8.1962627e-01
 2941.0 2985.0     6.4555398e-01    1.4251882e+01     8.1648129e-01
 2985.0 3030.0     6.5386524e-01    1.4026811e+01     8.1196301e-01
 3030.0 3077.0     6.6242023e-01    1.3788462e+01     8.0696475e-01
 3077.0 3125.0     6.7137103e-01    1.3546567e+01     8.0180351e-01
 3125.0 3175.0     6.8073190e-01    1.3301502e+01     7.9647928e-01
 3175.0 3225.0     6.9041699e-01    1.3055960e+01     7.9104640e-01
 3225.0 3275.0     7.0010564e-01    1.2815146e+01     7.8559573e-01
 3275.0 3325.0     7.0936540e-01    1.2579578e+01     7.8007096e-01
 3325.0 3375.0     7.1831728e-01    1.2348948e+01     7.7448987e-01
 3375.0 3425.0     7.2738212e-01    1.2122547e+01     7.6890878e-01
 3425.0 3450.0     7.3424492e-01    1.1955090e+01     7.6472297e-01
 3450.0 3550.0     7.4577008e-01    1.1692236e+01     7.5790375e-01
 3550.0 3650.0     7.6291418e-01    1.1380904e+01     7.4886301e-01
 3650.0 3750.0     7.7892221e-01    1.1175219e+01     7.4162941e-01
 3750.0 3850.0     7.9526613e-01    1.0973251e+01     7.3439581e-01
 3850.0 3950.0     8.1126805e-01    1.0791788e+01     7.2807252e-01
 3950.0 4050.0     8.2668734e-01    1.0635462e+01     7.2294700e-01
 4050.0 4150.0     8.4192475e-01    1.0484707e+01     7.1823466e-01
 4150.0 4250.0     8.5592400e-01    1.0324772e+01     7.1426187e-01
 4250.0 4350.0     8.6889360e-01    1.0157915e+01     7.1090289e-01
 4350.0 4450.0     8.8116485e-01    9.9669860e+00     7.0775079e-01
 4450.0 4550.0     8.8951583e-01    9.6612162e+00     7.0553900e-01
 4550.0 4650.0     8.9475780e-01    9.2739567e+00     7.0406065e-01
 4650.0 4750.0     9.0003067e-01    8.9022202e+00     7.0258230e-01
 4750.0 4850.0     9.0533461e-01    8.5453843e+00     7.0110395e-01
 4850.0 4950.0     9.1066980e-01    8.2028518e+00     6.9962560e-01
 4950.0 5050.0     9.1603644e-01    7.8740493e+00     6.9814725e-01
 5050.0 5150.0     9.2143470e-01    7.5584266e+00     6.9666891e-01
 5150.0 5250.0     9.2686478e-01    7.2554552e+00     6.9519056e-01
 5250.0 5350.0     9.3232685e-01    6.9646281e+00     6.9371221e-01
 5350.0 5450.0     9.3782111e-01    6.6854585e+00     6.9223386e-01
 5450.0 5550.0     9.4334775e-01    6.4174791e+00     6.9075551e-01
 5550.0 5650.0     9.4863108e-01    6.1579954e+00     6.8938685e-01
 5650.0 5750.0     9.5209961e-01    5.8945803e+00     6.8874946e-01
 5750.0 5850.0     9.5401482e-01    5.6302803e+00     6.8873363e-01
 5850.0 5950.0     9.5593387e-01    5.3778309e+00     6.8871780e-01
 5950.0 6050.0     9.5785679e-01    5.1367008e+00     6.8870198e-01
 6050.0 6150.0     9.5978358e-01    4.9063824e+00     6.8868615e-01
 6150.0 6250.0     9.6171424e-01    4.6863910e+00     6.8867033e-01
 6250.0 6350.0     9.6364879e-01    4.4762635e+00     6.8865450e-01
 6350.0 6450.0     9.6558723e-01    4.2755577e+00     6.8863867e-01
 6450.0 6550.0     9.6752957e-01    4.0838511e+00     6.8862285e-01
 6550.0 6650.0     9.6947581e-01    3.9007402e+00     6.8860702e-01
 6650.0 6750.0     9.7142597e-01    3.7258395e+00     6.8859119e-01
 6750.0 6850.0     9.7338005e-01    3.5587811e+00     6.8857537e-01
 6850.0 6950.0     9.7497309e-01    3.4052528e+00     6.8860576e-01
 6950.0 7050.0     9.7598004e-01    3.2679573e+00     6.8871068e-01
 7050.0 7150.0     9.7676425e-01    3.1397603e+00     6.8884393e-01
 7150.0 7250.0     9.7754909e-01    3.0165922e+00     6.8897719e-01
 7250.0 7350.0     9.7833455e-01    2.8982558e+00     6.8911044e-01
 7350.0 7450.0     9.7912065e-01    2.7845616e+00     6.8924369e-01
 7450.0 7550.0     9.7990738e-01    2.6753274e+00     6.8937694e-01
 7550.0 7650.0     9.8069474e-01    2.5703783e+00     6.8951019e-01
 7650.0 7750.0     9.8148274e-01    2.4695463e+00     6.8964344e-01
 7750.0 7850.0     9.8227136e-01    2.3726697e+00     6.8977670e-01
 7850.0 7950.0     9.8306063e-01    2.2795934e+00     6.8990995e-01
 7950.0 8050.0     9.8385052e-01    2.1901684e+00     6.9004320e-01
 8050.0 8150.0     9.8464105e-01    2.1042514e+00     6.9017645e-01
 8150.0 8250.0     9.8543222e-01    2.0217048e+00     6.9030970e-01
 8250.0 8350.0     9.8622402e-01    1.9423963e+00     6.9044296e-01
 8350.0 8450.0     9.8701645e-01    1.8661990e+00     6.9057621e-01
 8450.0 8550.0     9.8780953e-01    1.7929908e+00     6.9070946e-01
