 1216.0 1216.0     3.0875499e-01    2.7563579e+01     9.6782756e-01
 1300.0 1350.0     3.1930361e-01    2.7676661e+01     9.6519653e-01
 1350.0 1400.0     3.2410951e-01    2.7629310e+01     9.6399792e-01
 1400.0 1450.0     3.2879195e-01    2.7451955e+01     9.6281019e-01
 1450.0 1500.0     3.3349453e-01    2.7244706e+01     9.6162508e-01
 1500.0 1550.0     3.3826438e-01    2.7039021e+01     9.6043997e-01
 1550.0 1600.0     3.4310245e-01    2.6834890e+01     9.5925485e-01
 1600.0 1650.0     3.4771176e-01    2.6644869e+01     9.5808141e-01
 1650.0 1700.0     3.5159415e-01    2.6489168e+01     9.5693866e-01
 1700.0 1750.0     3.5502942e-01    2.6354792e+01     9.5581496e-01
 1754.0 1770.0     3.5758932e-01    2.6255716e+01     9.5498341e-01
 1770.0 1786.0     3.5870365e-01    2.6213020e+01     9.5462383e-01
 1786.0 1802.0     3.5982146e-01    2.6170394e+01     9.5426424e-01
 1802.0 1818.0     3.6094276e-01    2.6127838e+01     9.5390465e-01
 1818.0 1835.0     3.6210281e-01    2.6084025e+01     9.5353383e-01
 1835.0 1852.0     3.6330185e-01    2.6038960e+01     9.5315177e-01
 1852.0 1869.0     3.6450487e-01    2.5993973e+01     9.5276971e-01
 1869.0 1887.0     3.6574749e-01    2.5947745e+01     9.5237641e-01
 1887.0 1905.0     3.6702997e-01    2.5900281e+01     9.5197188e-01
 1905.0 1923.0     3.6831694e-01    2.5852904e+01     9.5156734e-01
 1923.0 1942.0     3.6964444e-01    2.5804302e+01     9.5115157e-01
 1942.0 1961.0     3.7101272e-01    2.5754481e+01     9.5072456e-01
 1961.0 1980.0     3.7247871e-01    2.5687443e+01     9.5020922e-01
 1980.0 2000.0     3.7414164e-01    2.5590492e+01     9.4953543e-01
 2000.0 2020.0     3.7591052e-01    2.5481123e+01     9.4879151e-01
 2020.0 2041.0     3.7773242e-01    2.5369511e+01     9.4802900e-01
 2041.0 2062.0     3.7960779e-01    2.5255678e+01     9.4724788e-01
 2062.0 2083.0     3.8149248e-01    2.5142355e+01     9.4646677e-01
 2083.0 2105.0     3.8343185e-01    2.5026867e+01     9.4566706e-01
 2105.0 2128.0     3.8547198e-01    2.4906576e+01     9.4483015e-01
 2128.0 2151.0     3.8756854e-01    2.4784203e+01     9.4397465e-01
 2151.0 2174.0     3.8967651e-01    2.4662431e+01     9.4311914e-01
 2174.0 2200.0     3.9193496e-01    2.4533396e+01     9.4220784e-01
 2200.0 2222.0     3.9415910e-01    2.4407602e+01     9.4131514e-01
 2222.0 2247.0     3.9635003e-01    2.4285099e+01     9.4044104e-01
 2247.0 2273.0     3.9874093e-01    2.4152852e+01     9.3949254e-01
 2273.0 2299.0     4.0119341e-01    2.4018746e+01     9.3852545e-01
 2299.0 2326.0     4.0370872e-01    2.3882835e+01     9.3753976e-01
 2326.0 2353.0     4.0628756e-01    2.3745143e+01     9.3653547e-01
 2353.0 2381.0     4.0893124e-01    2.3605725e+01     9.3551259e-01
 2381.0 2410.0     4.1201672e-01    2.3462641e+01     9.3475958e-01
 2410.0 2439.0     4.1554018e-01    2.3318523e+01     9.3433048e-01
 2439.0 2469.0     4.1919438e-01    2.3172899e+01     9.3393003e-01
 2469.0 2500.0     4.2300625e-01    2.3023295e+01     9.3351601e-01
 2500.0 2532.0     4.2697948e-01    2.2869800e+01     9.3308841e-01
 2532.0 2564.0     4.3105369e-01    2.2714908e+01     9.3265402e-01
 2564.0 2597.0     4.3523167e-01    2.2558677e+01     9.3221285e-01
 2597.0 2632.0     4.3964616e-01    2.2396395e+01     9.3175131e-01
 2632.0 2667.0     4.4509704e-01    2.2178115e+01     9.3121620e-01
 2667.0 2703.0     4.5175637e-01    2.1894885e+01     9.3059981e-01
 2703.0 2740.0     4.5889351e-01    2.1596476e+01     9.2995330e-01
 2740.0 2778.0     4.6634364e-01    2.1294126e+01     9.2928908e-01
 2778.0 2817.0     4.7411830e-01    2.0988117e+01     9.2860714e-01
 2817.0 2857.0     4.8222962e-01    2.0678730e+01     9.2790749e-01
 2857.0 2899.0     4.9079670e-01    2.0362446e+01     9.2718127e-01
 2899.0 2941.0     4.9972863e-01    2.0043403e+01     9.2643734e-01
 2941.0 2985.0     5.0909983e-01    1.9702427e+01     9.2526693e-01
 2985.0 3030.0     5.1905695e-01    1.9329778e+01     9.2351253e-01
 3030.0 3077.0     5.2957537e-01    1.8945413e+01     9.2155814e-01
 3077.0 3125.0     5.4065929e-01    1.8556492e+01     9.1954003e-01
 3125.0 3175.0     5.5233766e-01    1.8163696e+01     9.1745819e-01
 3175.0 3225.0     5.6451174e-01    1.7771368e+01     9.1533386e-01
 3225.0 3275.0     5.7684146e-01    1.7391468e+01     9.1320553e-01
 3275.0 3325.0     5.8896345e-01    1.7035910e+01     9.1106057e-01
 3325.0 3375.0     6.0097608e-01    1.6699896e+01     9.0890295e-01
 3375.0 3425.0     6.1323373e-01    1.6370509e+01     9.0674534e-01
 3425.0 3450.0     6.2256695e-01    1.6127140e+01     9.0512713e-01
 3450.0 3550.0     6.3836466e-01    1.5743062e+01     9.0250082e-01
 3550.0 3650.0     6.6136298e-01    1.5254339e+01     8.9914006e-01
 3650.0 3750.0     6.8237792e-01    1.4888847e+01     8.9659238e-01
 3750.0 3850.0     7.0406062e-01    1.4532113e+01     8.9404469e-01
 3850.0 3950.0     7.2555509e-01    1.4207762e+01     8.9188837e-01
 3950.0 4050.0     7.4654496e-01    1.3921914e+01     8.9024700e-01
 4050.0 4150.0     7.6756567e-01    1.3652190e+01     8.8877931e-01
 4150.0 4250.0     7.8742562e-01    1.3404968e+01     8.8760626e-01
 4250.0 4350.0     8.0634114e-01    1.3176531e+01     8.8667776e-01
 4350.0 4450.0     8.2451594e-01    1.2953000e+01     8.8581927e-01
 4450.0 4550.0     8.3760852e-01    1.2737803e+01     8.8527900e-01
 4550.0 4650.0     8.4663246e-01    1.2529713e+01     8.8498694e-01
 4650.0 4750.0     8.5575362e-01    1.2325022e+01     8.8469487e-01
 4750.0 4850.0     8.6497304e-01    1.2123675e+01     8.8440281e-01
 4850.0 4950.0     8.7429179e-01    1.1925617e+01     8.8411075e-01
 4950.0 5050.0     8.8371093e-01    1.1730795e+01     8.8381869e-01
 5050.0 5150.0     8.9323155e-01    1.1539155e+01     8.8352662e-01
 5150.0 5250.0     9.0285475e-01    1.1350646e+01     8.8323456e-01
 5250.0 5350.0     9.1258161e-01    1.1165217e+01     8.8294250e-01
 5350.0 5450.0     9.2241327e-01    1.0982817e+01     8.8265043e-01
 5450.0 5550.0     9.3235085e-01    1.0803397e+01     8.8235837e-01
 5550.0 5650.0     9.4184144e-01    1.0627097e+01     8.8209875e-01
 5650.0 5750.0     9.4771758e-01    1.0454916e+01     8.8205538e-01
 5750.0 5850.0     9.5048351e-01    1.0286577e+01     8.8219583e-01
 5850.0 5950.0     9.5325752e-01    1.0120950e+01     8.8233628e-01
 5950.0 6050.0     9.5603962e-01    9.9579887e+00     8.8247673e-01
 6050.0 6150.0     9.5882984e-01    9.7976517e+00     8.8261718e-01
 6150.0 6250.0     9.6162821e-01    9.6398964e+00     8.8275763e-01
 6250.0 6350.0     9.6443474e-01    9.4846811e+00     8.8289807e-01
 6350.0 6450.0     9.6724947e-01    9.3319650e+00     8.8303852e-01
 6450.0 6550.0     9.7007241e-01    9.1817078e+00     8.8317897e-01
 6550.0 6650.0     9.7290358e-01    9.0338699e+00     8.8331942e-01
 6650.0 6750.0     9.7574302e-01    8.8884125e+00     8.8345987e-01
 6750.0 6850.0     9.7859075e-01    8.7452971e+00     8.8360032e-01
 6850.0 6950.0     9.8078698e-01    8.5983830e+00     8.8370747e-01
 6950.0 7050.0     9.8192418e-01    8.4441676e+00     8.8376091e-01
 7050.0 7150.0     9.8265828e-01    8.2890489e+00     8.8379395e-01
 7150.0 7250.0     9.8339292e-01    8.1367797e+00     8.8382698e-01
 7250.0 7350.0     9.8412812e-01    7.9873077e+00     8.8386001e-01
 7350.0 7450.0     9.8486386e-01    7.8405814e+00     8.8389304e-01
 7450.0 7550.0     9.8560015e-01    7.6965505e+00     8.8392608e-01
 7550.0 7650.0     9.8633700e-01    7.5551655e+00     8.8395911e-01
 7650.0 7750.0     9.8707439e-01    7.4163777e+00     8.8399214e-01
 7750.0 7850.0     9.8781234e-01    7.2801394e+00     8.8402518e-01
 7850.0 7950.0     9.8855083e-01    7.1464038e+00     8.8405821e-01
 7950.0 8050.0     9.8928988e-01    7.0151249e+00     8.8409124e-01
 8050.0 8150.0     9.9002949e-01    6.8862576e+00     8.8412428e-01
 8150.0 8250.0     9.9076964e-01    6.7597575e+00     8.8415731e-01
 8250.0 8350.0     9.9151035e-01    6.6355813e+00     8.8419034e-01
 8350.0 8450.0     9.9225161e-01    6.5136862e+00     8.8422338e-01
 8450.0 8550.0     9.9299343e-01    6.3940303e+00     8.8425641e-01
