 1216.0 1216.0     4.0484938e-01    1.5295885e+01     9.2163922e-01
 1300.0 1350.0     4.2791536e-01    1.5741784e+01     9.1325966e-01
 1350.0 1400.0     4.3747884e-01    1.5866943e+01     9.0962535e-01
 1400.0 1450.0     4.4536421e-01    1.5883711e+01     9.0626672e-01
 1450.0 1500.0     4.5293194e-01    1.5874266e+01     9.0297425e-01
 1500.0 1550.0     4.6062827e-01    1.5864827e+01     8.9968178e-01
 1550.0 1600.0     4.6845537e-01    1.5855393e+01     8.9638931e-01
 1600.0 1650.0     4.7587074e-01    1.5848112e+01     8.9309649e-01
 1650.0 1700.0     4.8196022e-01    1.5846482e+01     8.8980274e-01
 1700.0 1750.0     4.8723015e-01    1.5848356e+01     8.8650842e-01
 1754.0 1770.0     4.9116044e-01    1.5849742e+01     8.8407062e-01
 1770.0 1786.0     4.9287266e-01    1.5850342e+01     8.8301643e-01
 1786.0 1802.0     4.9459084e-01    1.5850942e+01     8.8196225e-01
 1802.0 1818.0     4.9631502e-01    1.5851541e+01     8.8090806e-01
 1818.0 1835.0     4.9809947e-01    1.5852160e+01     8.7982094e-01
 1835.0 1852.0     4.9994461e-01    1.5852797e+01     8.7870087e-01
 1852.0 1869.0     5.0179658e-01    1.5853434e+01     8.7758080e-01
 1869.0 1887.0     5.0371028e-01    1.5854090e+01     8.7642778e-01
 1887.0 1905.0     5.0568618e-01    1.5854765e+01     8.7524183e-01
 1905.0 1923.0     5.0766982e-01    1.5855440e+01     8.7405587e-01
 1923.0 1942.0     5.0971679e-01    1.5856134e+01     8.7283697e-01
 1942.0 1961.0     5.1182756e-01    1.5856846e+01     8.7158513e-01
 1961.0 1980.0     5.1386759e-01    1.5843544e+01     8.7013311e-01
 1980.0 2000.0     5.1583933e-01    1.5806957e+01     8.6831452e-01
 2000.0 2020.0     5.1782166e-01    1.5761165e+01     8.6632954e-01
 2020.0 2041.0     5.1986155e-01    1.5714369e+01     8.6429493e-01
 2041.0 2062.0     5.2195943e-01    1.5666573e+01     8.6221070e-01
 2062.0 2083.0     5.2406578e-01    1.5618922e+01     8.6012647e-01
 2083.0 2105.0     5.2623119e-01    1.5570289e+01     8.5799262e-01
 2105.0 2128.0     5.2850689e-01    1.5519556e+01     8.5575951e-01
 2128.0 2151.0     5.3084323e-01    1.5467864e+01     8.5347679e-01
 2151.0 2174.0     5.3318989e-01    1.5416345e+01     8.5119406e-01
 2174.0 2200.0     5.3570137e-01    1.5361660e+01     8.4876246e-01
 2200.0 2222.0     5.3817224e-01    1.5308266e+01     8.4638048e-01
 2222.0 2247.0     5.4060349e-01    1.5256177e+01     8.4404813e-01
 2247.0 2273.0     5.4325383e-01    1.5199852e+01     8.4151728e-01
 2273.0 2299.0     5.4596938e-01    1.5142634e+01     8.3893680e-01
 2299.0 2326.0     5.4875125e-01    1.5084540e+01     8.3630670e-01
 2326.0 2353.0     5.5160006e-01    1.5025577e+01     8.3362698e-01
 2353.0 2381.0     5.5451697e-01    1.4965760e+01     8.3089763e-01
 2381.0 2410.0     5.5802480e-01    1.4915370e+01     8.2874444e-01
 2410.0 2439.0     5.6213201e-01    1.4876733e+01     8.2729495e-01
 2439.0 2469.0     5.6639679e-01    1.4838864e+01     8.2589974e-01
 2469.0 2500.0     5.7084016e-01    1.4799813e+01     8.2445724e-01
 2500.0 2532.0     5.7546580e-01    1.4759589e+01     8.2296744e-01
 2532.0 2564.0     5.8020295e-01    1.4718838e+01     8.2145400e-01
 2564.0 2597.0     5.8505434e-01    1.4677565e+01     8.1991691e-01
 2597.0 2632.0     5.9017340e-01    1.4634513e+01     8.1830887e-01
 2632.0 2667.0     5.9599609e-01    1.4557989e+01     8.1650785e-01
 2667.0 2703.0     6.0258505e-01    1.4441255e+01     8.1450230e-01
 2703.0 2740.0     6.0954477e-01    1.4315405e+01     8.1240928e-01
 2740.0 2778.0     6.1677889e-01    1.4187249e+01     8.1025890e-01
 2778.0 2817.0     6.2429525e-01    1.4056870e+01     8.0805119e-01
 2817.0 2857.0     6.3210205e-01    1.3924349e+01     8.0578613e-01
 2857.0 2899.0     6.4030923e-01    1.3788125e+01     8.0343505e-01
 2899.0 2941.0     6.4882574e-01    1.3649944e+01     8.0102663e-01
 2941.0 2985.0     6.5716313e-01    1.3480411e+01     7.9751301e-01
 2985.0 3030.0     6.6523654e-01    1.3268209e+01     7.9248447e-01
 3030.0 3077.0     6.7351236e-01    1.3042412e+01     7.8692536e-01
 3077.0 3125.0     6.8216553e-01    1.2813264e+01     7.8118499e-01
 3125.0 3175.0     6.9120907e-01    1.2581118e+01     7.7526334e-01
 3175.0 3225.0     7.0055951e-01    1.2348527e+01     7.6922083e-01
 3225.0 3275.0     7.0989944e-01    1.2119795e+01     7.6315869e-01
 3275.0 3325.0     7.1878773e-01    1.1893484e+01     7.5701469e-01
 3325.0 3375.0     7.2734840e-01    1.1670027e+01     7.5080848e-01
 3375.0 3425.0     7.3601102e-01    1.1450768e+01     7.4460227e-01
 3425.0 3450.0     7.4256587e-01    1.1288651e+01     7.3994762e-01
 3450.0 3550.0     7.5357011e-01    1.1034338e+01     7.3236149e-01
 3550.0 3650.0     7.7002206e-01    1.0733092e+01     7.2226610e-01
 3650.0 3750.0     7.8546663e-01    1.0534032e+01     7.1414448e-01
 3750.0 3850.0     8.0122098e-01    1.0338665e+01     7.0602286e-01
 3850.0 3950.0     8.1664551e-01    1.0161776e+01     6.9889946e-01
 3950.0 4050.0     8.3151420e-01    1.0007416e+01     6.9308949e-01
 4050.0 4150.0     8.4619785e-01    9.8574885e+00     6.8773364e-01
 4150.0 4250.0     8.5966123e-01    9.6950640e+00     6.8319477e-01
 4250.0 4350.0     8.7210926e-01    9.5231291e+00     6.7933400e-01
 4350.0 4450.0     8.8386764e-01    9.3261255e+00     6.7570555e-01
 4450.0 4550.0     8.9180667e-01    9.0091704e+00     6.7313307e-01
 4550.0 4650.0     8.9671895e-01    8.6080061e+00     6.7138426e-01
 4650.0 4750.0     9.0165829e-01    8.2247049e+00     6.6963544e-01
 4750.0 4850.0     9.0662484e-01    7.8584716e+00     6.6788662e-01
 4850.0 4950.0     9.1161874e-01    7.5085461e+00     6.6613781e-01
 4950.0 5050.0     9.1664015e-01    7.1742022e+00     6.6438899e-01
 5050.0 5150.0     9.2168922e-01    6.8547461e+00     6.6264018e-01
 5150.0 5250.0     9.2676610e-01    6.5495149e+00     6.6089136e-01
 5250.0 5350.0     9.3187095e-01    6.2578752e+00     6.5914254e-01
 5350.0 5450.0     9.3700392e-01    5.9792218e+00     6.5739373e-01
 5450.0 5550.0     9.4216515e-01    5.7129763e+00     6.5564491e-01
 5550.0 5650.0     9.4710443e-01    5.4569311e+00     6.5402018e-01
 5650.0 5750.0     9.5039580e-01    5.2017690e+00     6.5322270e-01
 5750.0 5850.0     9.5227727e-01    4.9496156e+00     6.5312838e-01
 5850.0 5950.0     9.5416247e-01    4.7096852e+00     6.5303406e-01
 5950.0 6050.0     9.5605141e-01    4.4813854e+00     6.5293974e-01
 6050.0 6150.0     9.5794408e-01    4.2641523e+00     6.5284542e-01
 6150.0 6250.0     9.5984050e-01    4.0574494e+00     6.5275110e-01
 6250.0 6350.0     9.6174067e-01    3.8607664e+00     6.5265678e-01
 6350.0 6450.0     9.6364461e-01    3.6736175e+00     6.5256246e-01
 6450.0 6550.0     9.6555231e-01    3.4955406e+00     6.5246814e-01
 6550.0 6650.0     9.6746379e-01    3.3260959e+00     6.5237382e-01
 6650.0 6750.0     9.6937906e-01    3.1648649e+00     6.5227950e-01
 6750.0 6850.0     9.7129812e-01    3.0114495e+00     6.5218517e-01
 6850.0 6950.0     9.7287982e-01    2.8719947e+00     6.5216071e-01
 6950.0 7050.0     9.7391383e-01    2.7493734e+00     6.5224892e-01
 7050.0 7150.0     9.7473973e-01    2.6358296e+00     6.5237994e-01
 7150.0 7250.0     9.7556634e-01    2.5269749e+00     6.5251096e-01
 7250.0 7350.0     9.7639366e-01    2.4226157e+00     6.5264198e-01
 7350.0 7450.0     9.7722167e-01    2.3225664e+00     6.5277300e-01
 7450.0 7550.0     9.7805038e-01    2.2266489e+00     6.5290402e-01
 7550.0 7650.0     9.7887980e-01    2.1346926e+00     6.5303504e-01
 7650.0 7750.0     9.7970992e-01    2.0465339e+00     6.5316606e-01
 7750.0 7850.0     9.8054074e-01    1.9620160e+00     6.5329708e-01
 7850.0 7950.0     9.8137227e-01    1.8809885e+00     6.5342810e-01
 7950.0 8050.0     9.8220451e-01    1.8033074e+00     6.5355912e-01
 8050.0 8150.0     9.8303745e-01    1.7288342e+00     6.5369014e-01
 8150.0 8250.0     9.8387109e-01    1.6574367e+00     6.5382116e-01
 8250.0 8350.0     9.8470545e-01    1.5889878e+00     6.5395218e-01
 8350.0 8450.0     9.8554051e-01    1.5233657e+00     6.5408320e-01
 8450.0 8550.0     9.8637628e-01    1.4604536e+00     6.5421422e-01
