 1216.0 1216.0     4.1170943e-01    7.1974061e+00     8.8896528e-01
 1300.0 1350.0     4.3975112e-01    7.4788606e+00     8.7529229e-01
 1350.0 1400.0     4.5148906e-01    7.5708442e+00     8.6952123e-01
 1400.0 1450.0     4.6125706e-01    7.6106961e+00     8.6440932e-01
 1450.0 1500.0     4.7068009e-01    7.6379448e+00     8.5945559e-01
 1500.0 1550.0     4.8029563e-01    7.6652910e+00     8.5450187e-01
 1550.0 1600.0     4.9010760e-01    7.6927352e+00     8.4954815e-01
 1600.0 1650.0     4.9942162e-01    7.7204460e+00     8.4457673e-01
 1650.0 1700.0     5.0705989e-01    7.7487006e+00     8.3955872e-01
 1700.0 1750.0     5.1366227e-01    7.7773343e+00     8.3451182e-01
 1754.0 1770.0     5.1859357e-01    7.7985794e+00     8.3077712e-01
 1770.0 1786.0     5.2074489e-01    7.8077896e+00     8.2916211e-01
 1786.0 1802.0     5.2290514e-01    7.8170107e+00     8.2754710e-01
 1802.0 1818.0     5.2507434e-01    7.8262427e+00     8.2593210e-01
 1818.0 1835.0     5.2732091e-01    7.8357748e+00     8.2426662e-01
 1835.0 1852.0     5.2964546e-01    7.8456076e+00     8.2255068e-01
 1852.0 1869.0     5.3198025e-01    7.8554529e+00     8.2083473e-01
 1869.0 1887.0     5.3439462e-01    7.8656007e+00     8.1906832e-01
 1887.0 1905.0     5.3688925e-01    7.8760520e+00     8.1725143e-01
 1905.0 1923.0     5.3939551e-01    7.8865172e+00     8.1543455e-01
 1923.0 1942.0     5.4198376e-01    7.8972878e+00     8.1356720e-01
 1942.0 1961.0     5.4465472e-01    7.9083646e+00     8.1164938e-01
 1961.0 1980.0     5.4713542e-01    7.9110018e+00     8.0947249e-01
 1980.0 2000.0     5.4935918e-01    7.8998624e+00     8.0681336e-01
 2000.0 2020.0     5.5152710e-01    7.8834109e+00     8.0393105e-01
 2020.0 2041.0     5.5375820e-01    7.8665841e+00     8.0097668e-01
 2041.0 2062.0     5.5605297e-01    7.8493837e+00     7.9795025e-01
 2062.0 2083.0     5.5835725e-01    7.8322209e+00     7.9492382e-01
 2083.0 2105.0     5.6072640e-01    7.8146888e+00     7.9182534e-01
 2105.0 2128.0     5.6321651e-01    7.7963833e+00     7.8858274e-01
 2128.0 2151.0     5.6577326e-01    7.7777148e+00     7.8526808e-01
 2151.0 2174.0     5.6834161e-01    7.7590910e+00     7.8195342e-01
 2174.0 2200.0     5.7109070e-01    7.7393032e+00     7.7842259e-01
 2200.0 2222.0     5.7379565e-01    7.7199646e+00     7.7496382e-01
 2222.0 2247.0     5.7645757e-01    7.7010792e+00     7.7157710e-01
 2247.0 2273.0     5.7935972e-01    7.6806378e+00     7.6790215e-01
 2273.0 2299.0     5.8233368e-01    7.6598508e+00     7.6415515e-01
 2299.0 2326.0     5.8538069e-01    7.6387225e+00     7.6033609e-01
 2326.0 2353.0     5.8850144e-01    7.6172550e+00     7.5644497e-01
 2353.0 2381.0     5.9169723e-01    7.5954525e+00     7.5248179e-01
 2381.0 2410.0     5.9555524e-01    7.5821029e+00     7.4928528e-01
 2410.0 2439.0     6.0008682e-01    7.5786329e+00     7.4703260e-01
 2439.0 2469.0     6.0479469e-01    7.5761831e+00     7.4484798e-01
 2469.0 2500.0     6.0970100e-01    7.5736511e+00     7.4258930e-01
 2500.0 2532.0     6.1480995e-01    7.5710370e+00     7.4025656e-01
 2532.0 2564.0     6.2004348e-01    7.5683822e+00     7.3788680e-01
 2564.0 2597.0     6.2540475e-01    7.5656870e+00     7.3548002e-01
 2597.0 2632.0     6.3106345e-01    7.5628684e+00     7.3296214e-01
 2632.0 2667.0     6.3727228e-01    7.5434345e+00     7.3010951e-01
 2667.0 2703.0     6.4403987e-01    7.5035513e+00     7.2689621e-01
 2703.0 2740.0     6.5114426e-01    7.4592760e+00     7.2353694e-01
 2740.0 2778.0     6.5852492e-01    7.4140598e+00     7.2008563e-01
 2778.0 2817.0     6.6618945e-01    7.3679229e+00     7.1654228e-01
 2817.0 2857.0     6.7414577e-01    7.3208861e+00     7.1290690e-01
 2857.0 2899.0     6.8250539e-01    7.2723826e+00     7.0913347e-01
 2899.0 2941.0     6.9117508e-01    7.2230253e+00     7.0526801e-01
 2941.0 2985.0     6.9927530e-01    7.1483545e+00     6.9973649e-01
 2985.0 3030.0     7.0657118e-01    7.0395926e+00     6.9192054e-01
 3030.0 3077.0     7.1388346e-01    6.9206488e+00     6.8329878e-01
 3077.0 3125.0     7.2151319e-01    6.7999240e+00     6.7439588e-01
 3125.0 3175.0     7.2946976e-01    6.6776044e+00     6.6521183e-01
 3175.0 3225.0     7.3767823e-01    6.5550339e+00     6.5584035e-01
 3225.0 3275.0     7.4580599e-01    6.4324720e+00     6.4645039e-01
 3275.0 3325.0     7.5329677e-01    6.3030094e+00     6.3698338e-01
 3325.0 3375.0     7.6030970e-01    6.1692082e+00     6.2745782e-01
 3375.0 3425.0     7.6738793e-01    6.0382473e+00     6.1793227e-01
 3425.0 3450.0     7.7273359e-01    5.9415979e+00     6.1078810e-01
 3450.0 3550.0     7.8169922e-01    5.7902263e+00     5.9912506e-01
 3550.0 3650.0     7.9538009e-01    5.6075735e+00     5.8336670e-01
 3650.0 3750.0     8.0849815e-01    5.4826748e+00     5.7041328e-01
 3750.0 3850.0     8.2183257e-01    5.3605580e+00     5.5745986e-01
 3850.0 3950.0     8.3488458e-01    5.2448521e+00     5.4591711e-01
 3950.0 4050.0     8.4748091e-01    5.1364795e+00     5.3623050e-01
 4050.0 4150.0     8.5988386e-01    5.0282818e+00     5.2718803e-01
 4150.0 4250.0     8.7114540e-01    4.9038987e+00     5.1931418e-01
 4250.0 4350.0     8.8145537e-01    4.7673801e+00     5.1241028e-01
 4350.0 4450.0     8.9110645e-01    4.6148102e+00     5.0584922e-01
 4450.0 4550.0     8.9729744e-01    4.3808561e+00     5.0084653e-01
 4550.0 4650.0     9.0075454e-01    4.0932572e+00     4.9705935e-01
 4650.0 4750.0     9.0422496e-01    3.8245388e+00     4.9327218e-01
 4750.0 4850.0     9.0770875e-01    3.5734615e+00     4.8948501e-01
 4850.0 4950.0     9.1120597e-01    3.3388673e+00     4.8569783e-01
 4950.0 5050.0     9.1471665e-01    3.1196739e+00     4.8191066e-01
 5050.0 5150.0     9.1824087e-01    2.9148703e+00     4.7812348e-01
 5150.0 5250.0     9.2177866e-01    2.7235119e+00     4.7433631e-01
 5250.0 5350.0     9.2533008e-01    2.5447160e+00     4.7054914e-01
 5350.0 5450.0     9.2889519e-01    2.3776579e+00     4.6676196e-01
 5450.0 5550.0     9.3247403e-01    2.2215669e+00     4.6297479e-01
 5550.0 5650.0     9.3592560e-01    2.0760221e+00     4.5937106e-01
 5650.0 5750.0     9.3844752e-01    1.9418963e+00     4.5699030e-01
 5750.0 5850.0     9.4017553e-01    1.8180219e+00     4.5564906e-01
 5850.0 5950.0     9.4190673e-01    1.7020495e+00     4.5430783e-01
 5950.0 6050.0     9.4364111e-01    1.5934751e+00     4.5296659e-01
 6050.0 6150.0     9.4537869e-01    1.4918266e+00     4.5162535e-01
 6150.0 6250.0     9.4711947e-01    1.3966624e+00     4.5028411e-01
 6250.0 6350.0     9.4886345e-01    1.3075687e+00     4.4894288e-01
 6350.0 6450.0     9.5061064e-01    1.2241584e+00     4.4760164e-01
 6450.0 6550.0     9.5236105e-01    1.1460688e+00     4.4626040e-01
 6550.0 6650.0     9.5411469e-01    1.0729606e+00     4.4491916e-01
 6650.0 6750.0     9.5587155e-01    1.0045160e+00     4.4357792e-01
 6750.0 6850.0     9.5763165e-01    9.4043747e-01     4.4223669e-01
 6850.0 6950.0     9.5917730e-01    8.8423706e-01     4.4109107e-01
 6950.0 7050.0     9.6037426e-01    8.3741206e-01     4.4026098e-01
 7050.0 7150.0     9.6143917e-01    7.9528263e-01     4.3955078e-01
 7150.0 7250.0     9.6250526e-01    7.5527269e-01     4.3884059e-01
 7250.0 7350.0     9.6357253e-01    7.1727561e-01     4.3813039e-01
 7350.0 7450.0     9.6464099e-01    6.8119014e-01     4.3742020e-01
 7450.0 7550.0     9.6571063e-01    6.4692009e-01     4.3671000e-01
 7550.0 7650.0     9.6678146e-01    6.1437413e-01     4.3599980e-01
 7650.0 7750.0     9.6785348e-01    5.8346553e-01     4.3528961e-01
 7750.0 7850.0     9.6892668e-01    5.5411192e-01     4.3457941e-01
 7850.0 7950.0     9.7000107e-01    5.2623506e-01     4.3386922e-01
 7950.0 8050.0     9.7107666e-01    4.9976065e-01     4.3315902e-01
 8050.0 8150.0     9.7215344e-01    4.7461815e-01     4.3244882e-01
 8150.0 8250.0     9.7323141e-01    4.5074055e-01     4.3173863e-01
 8250.0 8350.0     9.7431058e-01    4.2806421e-01     4.3102843e-01
 8350.0 8450.0     9.7539094e-01    4.0652869e-01     4.3031824e-01
 8450.0 8550.0     9.7647250e-01    3.8607661e-01     4.2960804e-01
