 1216.0 1216.0     3.6986182e-01    2.0157844e+01     9.4748548e-01
 1300.0 1350.0     3.8729416e-01    2.0503099e+01     9.4262270e-01
 1350.0 1400.0     3.9463766e-01    2.0568585e+01     9.4045383e-01
 1400.0 1450.0     4.0091402e-01    2.0510214e+01     9.3836622e-01
 1450.0 1500.0     4.0699738e-01    2.0422340e+01     9.3629811e-01
 1500.0 1550.0     4.1317306e-01    2.0334842e+01     9.3423001e-01
 1550.0 1600.0     4.1944244e-01    2.0247720e+01     9.3216191e-01
 1600.0 1650.0     4.2539409e-01    2.0167179e+01     9.3010423e-01
 1650.0 1700.0     4.3033694e-01    2.0103271e+01     9.2807400e-01
 1700.0 1750.0     4.3465750e-01    2.0049671e+01     9.2606077e-01
 1754.0 1770.0     4.3787772e-01    2.0010083e+01     9.2457099e-01
 1770.0 1786.0     4.3927975e-01    1.9992995e+01     9.2392676e-01
 1786.0 1802.0     4.4068627e-01    1.9975922e+01     9.2328253e-01
 1802.0 1818.0     4.4209729e-01    1.9958863e+01     9.2263830e-01
 1818.0 1835.0     4.4355722e-01    1.9941286e+01     9.2197393e-01
 1835.0 1852.0     4.4506635e-01    1.9923193e+01     9.2128944e-01
 1852.0 1869.0     4.4658061e-01    1.9905117e+01     9.2060494e-01
 1869.0 1887.0     4.4814488e-01    1.9886526e+01     9.1990031e-01
 1887.0 1905.0     4.4975947e-01    1.9867421e+01     9.1917555e-01
 1905.0 1923.0     4.5137988e-01    1.9848335e+01     9.1845079e-01
 1923.0 1942.0     4.5305146e-01    1.9828739e+01     9.1770590e-01
 1942.0 1961.0     4.5477459e-01    1.9808632e+01     9.1694088e-01
 1961.0 1980.0     4.5652395e-01    1.9773871e+01     9.1603518e-01
 1980.0 2000.0     4.5835877e-01    1.9714233e+01     9.1487489e-01
 2000.0 2020.0     4.6026004e-01    1.9644508e+01     9.1360069e-01
 2020.0 2041.0     4.6221712e-01    1.9573299e+01     9.1229463e-01
 2041.0 2062.0     4.6423046e-01    1.9500618e+01     9.1095672e-01
 2062.0 2083.0     4.6625257e-01    1.9428206e+01     9.0961881e-01
 2083.0 2105.0     4.6833206e-01    1.9354353e+01     9.0824904e-01
 2105.0 2128.0     4.7051820e-01    1.9277365e+01     9.0681557e-01
 2128.0 2151.0     4.7276335e-01    1.9198979e+01     9.0535024e-01
 2151.0 2174.0     4.7501922e-01    1.9120911e+01     9.0388491e-01
 2174.0 2200.0     4.7743442e-01    1.9038113e+01     9.0232401e-01
 2200.0 2222.0     4.7981138e-01    1.8957327e+01     9.0079497e-01
 2222.0 2247.0     4.8215113e-01    1.8878581e+01     8.9929778e-01
 2247.0 2273.0     4.8470266e-01    1.8793495e+01     8.9767317e-01
 2273.0 2299.0     4.8731798e-01    1.8707132e+01     8.9601671e-01
 2299.0 2326.0     4.8999826e-01    1.8619520e+01     8.9432840e-01
 2326.0 2353.0     4.9274413e-01    1.8530674e+01     8.9260823e-01
 2353.0 2381.0     4.9555681e-01    1.8440621e+01     8.9085620e-01
 2381.0 2410.0     4.9889528e-01    1.8354908e+01     8.8951709e-01
 2410.0 2439.0     5.0276226e-01    1.8275949e+01     8.8867776e-01
 2439.0 2469.0     5.0677508e-01    1.8196815e+01     8.8787990e-01
 2469.0 2500.0     5.1095761e-01    1.8115360e+01     8.8705499e-01
 2500.0 2532.0     5.1531350e-01    1.8031616e+01     8.8620303e-01
 2532.0 2564.0     5.1977626e-01    1.7946936e+01     8.8533755e-01
 2564.0 2597.0     5.2434862e-01    1.7861344e+01     8.8445855e-01
 2597.0 2632.0     5.2917540e-01    1.7772241e+01     8.8353898e-01
 2632.0 2667.0     5.3489485e-01    1.7642673e+01     8.8249805e-01
 2667.0 2703.0     5.4162797e-01    1.7465419e+01     8.8132653e-01
 2703.0 2740.0     5.4879131e-01    1.7276988e+01     8.8010194e-01
 2740.0 2778.0     5.5624958e-01    1.7085511e+01     8.7884380e-01
 2778.0 2817.0     5.6401221e-01    1.6891136e+01     8.7755211e-01
 2817.0 2857.0     5.7208906e-01    1.6694011e+01     8.7622687e-01
 2857.0 2899.0     5.8059576e-01    1.6491847e+01     8.7485130e-01
 2899.0 2941.0     5.8943951e-01    1.6287260e+01     8.7344218e-01
 2941.0 2985.0     5.9842274e-01    1.6058658e+01     8.7132269e-01
 2985.0 3030.0     6.0757948e-01    1.5796638e+01     8.6822994e-01
 3030.0 3077.0     6.1711870e-01    1.5522933e+01     8.6479973e-01
 3077.0 3125.0     6.2712532e-01    1.5245252e+01     8.6125767e-01
 3125.0 3175.0     6.3761890e-01    1.4964034e+01     8.5760375e-01
 3175.0 3225.0     6.4850578e-01    1.4682369e+01     8.5387525e-01
 3225.0 3275.0     6.5944797e-01    1.4408139e+01     8.5013598e-01
 3275.0 3325.0     6.7002416e-01    1.4147791e+01     8.4635175e-01
 3325.0 3375.0     6.8035016e-01    1.3898781e+01     8.4253336e-01
 3375.0 3425.0     6.9083531e-01    1.3654153e+01     8.3871496e-01
 3425.0 3450.0     6.9878975e-01    1.3473114e+01     8.3585117e-01
 3450.0 3550.0     7.1217522e-01    1.3188200e+01     8.3119272e-01
 3550.0 3650.0     7.3180199e-01    1.2845351e+01     8.2510220e-01
 3650.0 3750.0     7.4984793e-01    1.2611996e+01     8.2032887e-01
 3750.0 3850.0     7.6833887e-01    1.2382880e+01     8.1555554e-01
 3850.0 3950.0     7.8647396e-01    1.2179102e+01     8.1143285e-01
 3950.0 4050.0     8.0396427e-01    1.2006494e+01     8.0816624e-01
 4050.0 4150.0     8.2130608e-01    1.1843224e+01     8.0519228e-01
 4150.0 4250.0     8.3737409e-01    1.1683828e+01     8.0273117e-01
 4250.0 4350.0     8.5238648e-01    1.1527946e+01     8.0069574e-01
 4350.0 4450.0     8.6667022e-01    1.1357168e+01     7.9879424e-01
 4450.0 4550.0     8.7662242e-01    1.1113160e+01     7.9750145e-01
 4550.0 4650.0     8.8312916e-01    1.0815898e+01     7.9668348e-01
 4650.0 4750.0     8.8968420e-01    1.0526587e+01     7.9586550e-01
 4750.0 4850.0     8.9628790e-01    1.0245015e+01     7.9504753e-01
 4850.0 4950.0     9.0294061e-01    9.9709750e+00     7.9422955e-01
 4950.0 5050.0     9.0964270e-01    9.7042648e+00     7.9341157e-01
 5050.0 5150.0     9.1639453e-01    9.4446888e+00     7.9259360e-01
 5150.0 5250.0     9.2319649e-01    9.1920561e+00     7.9177562e-01
 5250.0 5350.0     9.3004893e-01    8.9461810e+00     7.9095764e-01
 5350.0 5450.0     9.3695223e-01    8.7068828e+00     7.9013967e-01
 5450.0 5550.0     9.4390677e-01    8.4739854e+00     7.8932169e-01
 5550.0 5650.0     9.5054119e-01    8.2440158e+00     7.8857172e-01
 5650.0 5750.0     9.5473558e-01    7.9988409e+00     7.8827510e-01
 5750.0 5850.0     9.5683812e-01    7.7428525e+00     7.8836384e-01
 5850.0 5950.0     9.5894528e-01    7.4950566e+00     7.8845258e-01
 5950.0 6050.0     9.6105709e-01    7.2551910e+00     7.8854131e-01
 6050.0 6150.0     9.6317354e-01    7.0230018e+00     7.8863005e-01
 6150.0 6250.0     9.6529466e-01    6.7982434e+00     7.8871878e-01
 6250.0 6350.0     9.6742045e-01    6.5806780e+00     7.8880752e-01
 6350.0 6450.0     9.6955092e-01    6.3700754e+00     7.8889626e-01
 6450.0 6550.0     9.7168608e-01    6.1662127e+00     7.8898499e-01
 6550.0 6650.0     9.7382594e-01    5.9688743e+00     7.8907373e-01
 6650.0 6750.0     9.7597052e-01    5.7778513e+00     7.8916247e-01
 6750.0 6850.0     9.7811982e-01    5.5929417e+00     7.8925120e-01
 6850.0 6950.0     9.7981949e-01    5.4149757e+00     7.8933096e-01
 6950.0 7050.0     9.8078934e-01    5.2443078e+00     7.8939622e-01
 7050.0 7150.0     9.8148161e-01    5.0796282e+00     7.8945599e-01
 7150.0 7250.0     9.8217437e-01    4.9201198e+00     7.8951575e-01
 7250.0 7350.0     9.8286761e-01    4.7656202e+00     7.8957551e-01
 7350.0 7450.0     9.8356135e-01    4.6159721e+00     7.8963528e-01
 7450.0 7550.0     9.8425557e-01    4.4710232e+00     7.8969504e-01
 7550.0 7650.0     9.8495029e-01    4.3306259e+00     7.8975480e-01
 7650.0 7750.0     9.8564549e-01    4.1946374e+00     7.8981457e-01
 7750.0 7850.0     9.8634119e-01    4.0629191e+00     7.8987433e-01
 7850.0 7950.0     9.8703738e-01    3.9353369e+00     7.8993409e-01
 7950.0 8050.0     9.8773406e-01    3.8117611e+00     7.8999386e-01
 8050.0 8150.0     9.8843123e-01    3.6920657e+00     7.9005362e-01
 8150.0 8250.0     9.8912889e-01    3.5761290e+00     7.9011338e-01
 8250.0 8350.0     9.8982704e-01    3.4638328e+00     7.9017315e-01
 8350.0 8450.0     9.9052569e-01    3.3550629e+00     7.9023291e-01
 8450.0 8550.0     9.9122483e-01    3.2497086e+00     7.9029267e-01
