 1216.0 1216.0     2.4427254e-01    5.6025911e+01     9.7910479e-01
 1300.0 1350.0     2.5168018e-01    5.5942561e+01     9.7742589e-01
 1350.0 1400.0     2.5517072e-01    5.5712129e+01     9.7665543e-01
 1400.0 1450.0     2.5873680e-01    5.5231097e+01     9.7588453e-01
 1450.0 1500.0     2.6235929e-01    5.4694308e+01     9.7511352e-01
 1500.0 1550.0     2.6603250e-01    5.4162737e+01     9.7434252e-01
 1550.0 1600.0     2.6975713e-01    5.3636332e+01     9.7357151e-01
 1600.0 1650.0     2.7331718e-01    5.3145786e+01     9.7281291e-01
 1650.0 1700.0     2.7635039e-01    5.2740296e+01     9.7208694e-01
 1700.0 1750.0     2.7906046e-01    5.2387754e+01     9.7138121e-01
 1754.0 1770.0     2.8108000e-01    5.2128128e+01     9.7085897e-01
 1770.0 1786.0     2.8195914e-01    5.2016370e+01     9.7063314e-01
 1786.0 1802.0     2.8284102e-01    5.1904851e+01     9.7040730e-01
 1802.0 1818.0     2.8372567e-01    5.1793572e+01     9.7018147e-01
 1818.0 1835.0     2.8464090e-01    5.1679068e+01     9.6994858e-01
 1835.0 1852.0     2.8558691e-01    5.1561356e+01     9.6970863e-01
 1852.0 1869.0     2.8653607e-01    5.1443912e+01     9.6946868e-01
 1869.0 1887.0     2.8751648e-01    5.1323297e+01     9.6922167e-01
 1887.0 1905.0     2.8852836e-01    5.1199526e+01     9.6896761e-01
 1905.0 1923.0     2.8954380e-01    5.1076054e+01     9.6871355e-01
 1923.0 1942.0     2.9059122e-01    5.0949467e+01     9.6845243e-01
 1942.0 1961.0     2.9167083e-01    5.0819781e+01     9.6818425e-01
 1961.0 1980.0     2.9287284e-01    5.0655797e+01     9.6785739e-01
 1980.0 2000.0     2.9430636e-01    5.0431395e+01     9.6742567e-01
 2000.0 2020.0     2.9585505e-01    5.0181658e+01     9.6694777e-01
 2020.0 2041.0     2.9745103e-01    4.9926977e+01     9.6645793e-01
 2041.0 2062.0     2.9909475e-01    4.9667408e+01     9.6595613e-01
 2062.0 2083.0     3.0074755e-01    4.9409189e+01     9.6545434e-01
 2083.0 2105.0     3.0244928e-01    4.9146229e+01     9.6494060e-01
 2105.0 2128.0     3.0424047e-01    4.8872536e+01     9.6440297e-01
 2128.0 2151.0     3.0608231e-01    4.8594320e+01     9.6385339e-01
 2151.0 2174.0     3.0793530e-01    4.8317687e+01     9.6330380e-01
 2174.0 2200.0     3.0992187e-01    4.8024799e+01     9.6271838e-01
 2200.0 2222.0     3.1187942e-01    4.7739487e+01     9.6214490e-01
 2222.0 2247.0     3.1380906e-01    4.7461881e+01     9.6158337e-01
 2247.0 2273.0     3.1591615e-01    4.7162439e+01     9.6097405e-01
 2273.0 2299.0     3.1807899e-01    4.6859051e+01     9.6035279e-01
 2299.0 2326.0     3.2029880e-01    4.6551856e+01     9.5971957e-01
 2326.0 2353.0     3.2257628e-01    4.6240916e+01     9.5907441e-01
 2353.0 2381.0     3.2491273e-01    4.5926373e+01     9.5841730e-01
 2381.0 2410.0     3.2762044e-01    4.5592510e+01     9.5794113e-01
 2410.0 2439.0     3.3069384e-01    4.5244137e+01     9.5768148e-01
 2439.0 2469.0     3.3388191e-01    4.4891332e+01     9.5744139e-01
 2469.0 2500.0     3.3721037e-01    4.4529460e+01     9.5719316e-01
 2500.0 2532.0     3.4068279e-01    4.4158785e+01     9.5693679e-01
 2532.0 2564.0     3.4424666e-01    4.3785361e+01     9.5667636e-01
 2564.0 2597.0     3.4790467e-01    4.3409359e+01     9.5641185e-01
 2597.0 2632.0     3.5177344e-01    4.3019484e+01     9.5613514e-01
 2632.0 2667.0     3.5669288e-01    4.2505995e+01     9.5581558e-01
 2667.0 2703.0     3.6285515e-01    4.1850254e+01     9.5544886e-01
 2703.0 2740.0     3.6949591e-01    4.1162440e+01     9.5506443e-01
 2740.0 2778.0     3.7644520e-01    4.0467552e+01     9.5466946e-01
 2778.0 2817.0     3.8371580e-01    3.9766337e+01     9.5426397e-01
 2817.0 2857.0     3.9132121e-01    3.9059535e+01     9.5384794e-01
 2857.0 2899.0     3.9937593e-01    3.8339258e+01     9.5341611e-01
 2899.0 2941.0     4.0779693e-01    3.7615020e+01     9.5297375e-01
 2941.0 2985.0     4.1684033e-01    3.6848495e+01     9.5225652e-01
 2985.0 3030.0     4.2672461e-01    3.6019639e+01     9.5116304e-01
 3030.0 3077.0     4.3727320e-01    3.5169315e+01     9.4994161e-01
 3077.0 3125.0     4.4843800e-01    3.4312214e+01     9.4868035e-01
 3125.0 3175.0     4.6025576e-01    3.3450040e+01     9.4737926e-01
 3175.0 3225.0     4.7263245e-01    3.2592379e+01     9.4605162e-01
 3225.0 3275.0     4.8526345e-01    3.1763126e+01     9.4472187e-01
 3275.0 3325.0     4.9789843e-01    3.0981220e+01     9.4338331e-01
 3325.0 3375.0     5.1060745e-01    3.0238404e+01     9.4203806e-01
 3375.0 3425.0     5.2364087e-01    2.9513397e+01     9.4069281e-01
 3425.0 3450.0     5.3360202e-01    2.8979473e+01     9.3968387e-01
 3450.0 3550.0     5.5059045e-01    2.8138012e+01     9.3804877e-01
 3550.0 3650.0     5.7547022e-01    2.7021906e+01     9.3598545e-01
 3650.0 3750.0     5.9842647e-01    2.6135751e+01     9.3445639e-01
 3750.0 3850.0     6.2229846e-01    2.5278656e+01     9.3292734e-01
 3850.0 3950.0     6.4635983e-01    2.4484978e+01     9.3165373e-01
 3950.0 4050.0     6.7033994e-01    2.3762416e+01     9.3071625e-01
 4050.0 4150.0     6.9468193e-01    2.3078929e+01     9.2989196e-01
 4150.0 4250.0     7.1822529e-01    2.2454848e+01     9.2925895e-01
 4250.0 4350.0     7.4116493e-01    2.1880526e+01     9.2878470e-01
 4350.0 4450.0     7.6345355e-01    2.1343443e+01     9.2835451e-01
 4450.0 4550.0     7.8002751e-01    2.0920569e+01     9.2812461e-01
 4550.0 4650.0     7.9198942e-01    2.0584822e+01     9.2805093e-01
 4650.0 4750.0     8.0413478e-01    2.0254462e+01     9.2797725e-01
 4750.0 4850.0     8.1646639e-01    1.9929405e+01     9.2790357e-01
 4850.0 4950.0     8.2898710e-01    1.9609564e+01     9.2782989e-01
 4950.0 5050.0     8.4169982e-01    1.9294857e+01     9.2775621e-01
 5050.0 5150.0     8.5460750e-01    1.8985200e+01     9.2768253e-01
 5150.0 5250.0     8.6771312e-01    1.8680513e+01     9.2760886e-01
 5250.0 5350.0     8.8101972e-01    1.8380715e+01     9.2753518e-01
 5350.0 5450.0     8.9453037e-01    1.8085729e+01     9.2746150e-01
 5450.0 5550.0     9.0824822e-01    1.7795477e+01     9.2738782e-01
 5550.0 5650.0     9.2140614e-01    1.7518856e+01     9.2733369e-01
 5650.0 5750.0     9.2958489e-01    1.7305772e+01     9.2740990e-01
 5750.0 5850.0     9.3345683e-01    1.7145684e+01     9.2759690e-01
 5850.0 5950.0     9.3734490e-01    1.6987077e+01     9.2778391e-01
 5950.0 6050.0     9.4124916e-01    1.6829937e+01     9.2797091e-01
 6050.0 6150.0     9.4516968e-01    1.6674251e+01     9.2815791e-01
 6150.0 6250.0     9.4910654e-01    1.6520004e+01     9.2834491e-01
 6250.0 6350.0     9.5305979e-01    1.6367185e+01     9.2853191e-01
 6350.0 6450.0     9.5702950e-01    1.6215779e+01     9.2871891e-01
 6450.0 6550.0     9.6101576e-01    1.6065774e+01     9.2890591e-01
 6550.0 6650.0     9.6501861e-01    1.5917157e+01     9.2909291e-01
 6650.0 6750.0     9.6903814e-01    1.5769914e+01     9.2927991e-01
 6750.0 6850.0     9.7307441e-01    1.5624034e+01     9.2946691e-01
 6850.0 6950.0     9.7616441e-01    1.5477880e+01     9.2962929e-01
 6950.0 7050.0     9.7771147e-01    1.5330484e+01     9.2975195e-01
 7050.0 7150.0     9.7867071e-01    1.5183507e+01     9.2985953e-01
 7150.0 7250.0     9.7963089e-01    1.5037939e+01     9.2996710e-01
 7250.0 7350.0     9.8059202e-01    1.4893766e+01     9.3007467e-01
 7350.0 7450.0     9.8155409e-01    1.4750976e+01     9.3018225e-01
 7450.0 7550.0     9.8251710e-01    1.4609554e+01     9.3028982e-01
 7550.0 7650.0     9.8348106e-01    1.4469489e+01     9.3039739e-01
 7650.0 7750.0     9.8444596e-01    1.4330766e+01     9.3050496e-01
 7750.0 7850.0     9.8541181e-01    1.4193374e+01     9.3061254e-01
 7850.0 7950.0     9.8637861e-01    1.4057298e+01     9.3072011e-01
 7950.0 8050.0     9.8734635e-01    1.3922527e+01     9.3082768e-01
 8050.0 8150.0     9.8831505e-01    1.3789049e+01     9.3093526e-01
 8150.0 8250.0     9.8928469e-01    1.3656849e+01     9.3104283e-01
 8250.0 8350.0     9.9025529e-01    1.3525918e+01     9.3115040e-01
 8350.0 8450.0     9.9122684e-01    1.3396241e+01     9.3125797e-01
 8450.0 8550.0     9.9219934e-01    1.3267808e+01     9.3136555e-01
