 1216.0 1216.0     1.4793832e-02    1.6655116e-01     1.4487908e-02
 1300.0 1350.0     1.2520279e-02    1.2350357e-01     1.2216829e-02
 1350.0 1400.0     1.1466765e-02    1.1098238e-01     1.1314406e-02
 1400.0 1450.0     1.0340519e-02    1.0431873e-01     1.0595346e-02
 1450.0 1500.0     9.2892651e-03    9.9117599e-02     9.9202935e-03
 1500.0 1550.0     8.3448850e-03    9.4175784e-02     9.2452406e-03
 1550.0 1600.0     7.4965141e-03    8.9480358e-02     8.5701877e-03
 1600.0 1650.0     6.7819733e-03    8.5141529e-02     7.9555379e-03
 1650.0 1700.0     6.2556352e-03    8.1326949e-02     7.4998437e-03
 1700.0 1750.0     5.8431653e-03    7.7874918e-02     7.1427022e-03
 1754.0 1770.0     5.5526501e-03    7.5399184e-02     6.8784175e-03
 1770.0 1786.0     5.4327643e-03    7.4359909e-02     6.7641322e-03
 1786.0 1802.0     5.3154670e-03    7.3334958e-02     6.6498469e-03
 1802.0 1818.0     5.2007022e-03    7.2324134e-02     6.5355616e-03
 1818.0 1835.0     5.0849847e-03    7.1296535e-02     6.4177049e-03
 1835.0 1852.0     4.9684136e-03    7.0252840e-02     6.2962768e-03
 1852.0 1869.0     4.8545149e-03    6.9224423e-02     6.1748487e-03
 1869.0 1887.0     4.7400316e-03    6.8181707e-02     6.0498491e-03
 1887.0 1905.0     4.6250547e-03    6.7125354e-02     5.9212782e-03
 1905.0 1923.0     4.5128667e-03    6.6085368e-02     5.7927072e-03
 1923.0 1942.0     4.4004353e-03    6.5033508e-02     5.6605649e-03
 1942.0 1961.0     4.2878423e-03    6.3970415e-02     5.5248511e-03
 1961.0 1980.0     4.1836267e-03    6.3014712e-02     5.4077601e-03
 1980.0 2000.0     4.0882773e-03    6.2195947e-02     5.3181356e-03
 2000.0 2020.0     3.9959305e-03    6.1420358e-02     5.2373547e-03
 2020.0 2041.0     3.9034656e-03    6.0635537e-02     5.1545543e-03
 2041.0 2062.0     3.8109375e-03    5.9841848e-02     5.0697343e-03
 2062.0 2083.0     3.7206026e-03    5.9058548e-02     4.9849143e-03
 2083.0 2105.0     3.6303604e-03    5.8267343e-02     4.8980749e-03
 2105.0 2128.0     3.5382638e-03    5.7450685e-02     4.8071963e-03
 2128.0 2151.0     3.4465091e-03    5.6627580e-02     4.7142983e-03
 2151.0 2174.0     3.3571338e-03    5.5816268e-02     4.6214002e-03
 2174.0 2200.0     3.2645559e-03    5.4965224e-02     4.5224436e-03
 2200.0 2222.0     3.1761690e-03    5.4143236e-02     4.4255065e-03
 2222.0 2247.0     3.0921087e-03    5.3351148e-02     4.3305890e-03
 2247.0 2273.0     3.0033593e-03    5.2504489e-02     4.2275933e-03
 2273.0 2299.0     2.9154671e-03    5.1654929e-02     4.1225781e-03
 2299.0 2326.0     2.8285555e-03    5.0803308e-02     4.0155434e-03
 2326.0 2353.0     2.7426440e-03    4.9949924e-02     3.9064892e-03
 2353.0 2381.0     2.6578472e-03    4.9095604e-02     3.7954154e-03
 2381.0 2410.0     2.5880702e-03    4.7987337e-02     3.6981952e-03
 2410.0 2439.0     2.5358365e-03    4.6625544e-02     3.6189125e-03
 2439.0 2469.0     2.4855673e-03    4.5253247e-02     3.5403630e-03
 2469.0 2500.0     2.4346416e-03    4.3876885e-02     3.4591507e-03
 2500.0 2532.0     2.3831412e-03    4.2499323e-02     3.3752758e-03
 2532.0 2564.0     2.3319301e-03    4.1143836e-02     3.2900695e-03
 2564.0 2597.0     2.2810537e-03    3.9811745e-02     3.2035319e-03
 2597.0 2632.0     2.2290254e-03    3.8464645e-02     3.1130002e-03
 2632.0 2667.0     2.1745832e-03    3.7187615e-02     3.0291415e-03
 2667.0 2703.0     2.1181632e-03    3.6012598e-02     2.9555405e-03
 2703.0 2740.0     2.0612446e-03    3.4856120e-02     2.8818521e-03
 2740.0 2778.0     2.0043590e-03    3.3706624e-02     2.8061449e-03
 2778.0 2817.0     1.9475894e-03    3.2565901e-02     2.7284188e-03
 2817.0 2857.0     1.8910159e-03    3.1435660e-02     2.6486739e-03
 2857.0 2899.0     1.8340420e-03    3.0304217e-02     2.5659006e-03
 2899.0 2941.0     1.7774371e-03    2.9186901e-02     2.4811085e-03
 2941.0 2985.0     1.7214103e-03    2.8158132e-02     2.4034182e-03
 2985.0 3030.0     1.6654037e-03    2.7226472e-02     2.3351367e-03
 3030.0 3077.0     1.6094660e-03    2.6319997e-02     2.2676963e-03
 3077.0 3125.0     1.5536651e-03    2.5415460e-02     2.1980567e-03
 3125.0 3175.0     1.4981387e-03    2.4515084e-02     2.1262179e-03
 3175.0 3225.0     1.4435043e-03    2.3628885e-02     2.0529131e-03
 3225.0 3275.0     1.3933650e-03    2.2757109e-02     1.9818816e-03
 3275.0 3325.0     1.3551972e-03    2.1846407e-02     1.9203227e-03
 3325.0 3375.0     1.3258419e-03    2.0918788e-02     1.8659629e-03
 3375.0 3425.0     1.2971225e-03    2.0030557e-02     1.8116031e-03
 3425.0 3450.0     1.2759346e-03    1.9385801e-02     1.7708332e-03
 3450.0 3550.0     1.2439964e-03    1.8375359e-02     1.7042185e-03
 3550.0 3650.0     1.2203575e-03    1.6807691e-02     1.6135230e-03
 3650.0 3750.0     1.2229880e-03    1.5339725e-02     1.5381812e-03
 3750.0 3850.0     1.2256242e-03    1.3999969e-02     1.4628395e-03
 3850.0 3950.0     1.2404645e-03    1.2719850e-02     1.3938744e-03
 3950.0 4050.0     1.2717924e-03    1.1483384e-02     1.3332997e-03
 4050.0 4150.0     1.3091127e-03    1.0344290e-02     1.2755455e-03
 4150.0 4250.0     1.3548012e-03    9.2828864e-03     1.2225377e-03
 4250.0 4350.0     1.4081828e-03    8.3017383e-03     1.1734695e-03
 4350.0 4450.0     1.4596595e-03    7.4347489e-03     1.1258692e-03
 4450.0 4550.0     1.4945076e-03    6.7022557e-03     1.0849412e-03
 4550.0 4650.0     1.5158142e-03    6.0755789e-03     1.0492177e-03
 4650.0 4750.0     1.5374245e-03    5.5074978e-03     1.0134942e-03
 4750.0 4850.0     1.5593430e-03    4.9925336e-03     9.7777062e-04
 4850.0 4950.0     1.5815739e-03    4.5257199e-03     9.4204707e-04
 4950.0 5050.0     1.6041218e-03    4.1025543e-03     9.0632353e-04
 5050.0 5150.0     1.6269911e-03    3.7189557e-03     8.7059999e-04
 5150.0 5250.0     1.6501865e-03    3.3712245e-03     8.3487645e-04
 5250.0 5350.0     1.6737126e-03    3.0560070e-03     7.9915291e-04
 5350.0 5450.0     1.6975740e-03    2.7702631e-03     7.6342937e-04
 5450.0 5550.0     1.7217757e-03    2.5112369e-03     7.2770583e-04
 5550.0 5650.0     1.7475760e-03    2.2775234e-03     6.9329000e-04
 5650.0 5750.0     1.7822676e-03    2.0722945e-03     6.6759214e-04
 5750.0 5850.0     1.8249275e-03    1.8912141e-03     6.4930455e-04
 5850.0 5950.0     1.8686086e-03    1.7259568e-03     6.3101696e-04
 5950.0 6050.0     1.9133351e-03    1.5751399e-03     6.1272937e-04
 6050.0 6150.0     1.9591322e-03    1.4375017e-03     5.9444178e-04
 6150.0 6250.0     2.0060256e-03    1.3118905e-03     5.7615419e-04
 6250.0 6350.0     2.0540413e-03    1.1972555e-03     5.5786660e-04
 6350.0 6450.0     2.1032063e-03    1.0926374e-03     5.3957901e-04
 6450.0 6550.0     2.1535482e-03    9.9716098e-04     5.2129142e-04
 6550.0 6650.0     2.2050950e-03    9.1002747e-04     5.0300383e-04
 6650.0 6750.0     2.2578756e-03    8.3050783e-04     4.8471624e-04
 6750.0 6850.0     2.3119196e-03    7.5793673e-04     4.6642865e-04
 6850.0 6950.0     2.3708069e-03    6.9355255e-04     4.5090378e-04
 6950.0 7050.0     2.4369889e-03    6.3753079e-04     4.3983488e-04
 7050.0 7150.0     2.5072601e-03    5.8707863e-04     4.3045924e-04
 7150.0 7250.0     2.5795576e-03    5.4061909e-04     4.2108359e-04
 7250.0 7350.0     2.6539398e-03    4.9783621e-04     4.1170795e-04
 7350.0 7450.0     2.7304669e-03    4.5843904e-04     4.0233231e-04
 7450.0 7550.0     2.8092006e-03    4.2215963e-04     3.9295667e-04
 7550.0 7650.0     2.8902046e-03    3.8875126e-04     3.8358103e-04
 7650.0 7750.0     2.9735444e-03    3.5798672e-04     3.7420539e-04
 7750.0 7850.0     3.0592874e-03    3.2965679e-04     3.6482975e-04
 7850.0 7950.0     3.1475027e-03    3.0356880e-04     3.5545410e-04
 7950.0 8050.0     3.2382618e-03    2.7954533e-04     3.4607846e-04
 8050.0 8150.0     3.3316379e-03    2.5742300e-04     3.3670282e-04
 8150.0 8250.0     3.4277066e-03    2.3705136e-04     3.2732718e-04
 8250.0 8350.0     3.5265454e-03    2.1829187e-04     3.1795154e-04
 8350.0 8450.0     3.6282343e-03    2.0101695e-04     3.0857590e-04
 8450.0 8550.0     3.7328553e-03    1.8510910e-04     2.9920025e-04
