 1216.0 1216.0     3.0008979e-01    2.9339634e+01     9.6939598e-01
 1300.0 1350.0     3.1109616e-01    2.9474225e+01     9.6693838e-01
 1350.0 1400.0     3.1598793e-01    2.9424533e+01     9.6581271e-01
 1400.0 1450.0     3.2057898e-01    2.9228831e+01     9.6468925e-01
 1450.0 1500.0     3.2514513e-01    2.8999588e+01     9.6356631e-01
 1500.0 1550.0     3.2977633e-01    2.8772143e+01     9.6244337e-01
 1550.0 1600.0     3.3447348e-01    2.8546482e+01     9.6132043e-01
 1600.0 1650.0     3.3895127e-01    2.8336418e+01     9.6020915e-01
 1650.0 1700.0     3.4273110e-01    2.8164172e+01     9.5912854e-01
 1700.0 1750.0     3.4608184e-01    2.8015427e+01     9.5806694e-01
 1754.0 1770.0     3.4857876e-01    2.7905773e+01     9.5728135e-01
 1770.0 1786.0     3.4966568e-01    2.7858527e+01     9.5694164e-01
 1786.0 1802.0     3.5075600e-01    2.7811360e+01     9.5660193e-01
 1802.0 1818.0     3.5184971e-01    2.7764273e+01     9.5626222e-01
 1818.0 1835.0     3.5298124e-01    2.7715799e+01     9.5591189e-01
 1835.0 1852.0     3.5415079e-01    2.7665944e+01     9.5555094e-01
 1852.0 1869.0     3.5532423e-01    2.7616178e+01     9.5519000e-01
 1869.0 1887.0     3.5653629e-01    2.7565044e+01     9.5481844e-01
 1887.0 1905.0     3.5778724e-01    2.7512546e+01     9.5443626e-01
 1905.0 1923.0     3.5904258e-01    2.7460148e+01     9.5405409e-01
 1923.0 1942.0     3.6033744e-01    2.7406400e+01     9.5366130e-01
 1942.0 1961.0     3.6167210e-01    2.7351307e+01     9.5325789e-01
 1961.0 1980.0     3.6310739e-01    2.7277900e+01     9.5277044e-01
 1980.0 2000.0     3.6474375e-01    2.7172614e+01     9.5213230e-01
 2000.0 2020.0     3.6648717e-01    2.7054078e+01     9.5142751e-01
 2020.0 2041.0     3.6828293e-01    2.6933122e+01     9.5070511e-01
 2041.0 2062.0     3.7013150e-01    2.6809769e+01     9.4996508e-01
 2062.0 2083.0     3.7198935e-01    2.6686982e+01     9.4922506e-01
 2083.0 2105.0     3.7390121e-01    2.6561860e+01     9.4846742e-01
 2105.0 2128.0     3.7591252e-01    2.6431547e+01     9.4767453e-01
 2128.0 2151.0     3.7797959e-01    2.6298991e+01     9.4686403e-01
 2151.0 2174.0     3.8005802e-01    2.6167101e+01     9.4605353e-01
 2174.0 2200.0     3.8228497e-01    2.6027359e+01     9.4519017e-01
 2200.0 2222.0     3.8447821e-01    2.5891140e+01     9.4434443e-01
 2222.0 2247.0     3.8663885e-01    2.5758501e+01     9.4351630e-01
 2247.0 2273.0     3.8899684e-01    2.5615327e+01     9.4261770e-01
 2273.0 2299.0     3.9141572e-01    2.5470156e+01     9.4170148e-01
 2299.0 2326.0     3.9389674e-01    2.5323049e+01     9.4076764e-01
 2326.0 2353.0     3.9644060e-01    2.5174031e+01     9.3981618e-01
 2353.0 2381.0     3.9904861e-01    2.5023164e+01     9.3884710e-01
 2381.0 2410.0     4.0209910e-01    2.4867926e+01     9.3813596e-01
 2410.0 2439.0     4.0558923e-01    2.4711122e+01     9.3773421e-01
 2439.0 2469.0     4.0920996e-01    2.4552656e+01     9.3735994e-01
 2469.0 2500.0     4.1298741e-01    2.4389887e+01     9.3697298e-01
 2500.0 2532.0     4.1692532e-01    2.4222914e+01     9.3657334e-01
 2532.0 2564.0     4.2096387e-01    2.4054452e+01     9.3616735e-01
 2564.0 2597.0     4.2510589e-01    2.3884566e+01     9.3575502e-01
 2597.0 2632.0     4.2948304e-01    2.3708132e+01     9.3532366e-01
 2632.0 2667.0     4.3489529e-01    2.3471155e+01     9.3482273e-01
 2667.0 2703.0     4.4151556e-01    2.3164002e+01     9.3424486e-01
 2703.0 2740.0     4.4861369e-01    2.2840526e+01     9.3363861e-01
 2740.0 2778.0     4.5602516e-01    2.2512892e+01     9.3301575e-01
 2778.0 2817.0     4.6376167e-01    2.2181410e+01     9.3237628e-01
 2817.0 2857.0     4.7183556e-01    2.1846390e+01     9.3172021e-01
 2857.0 2899.0     4.8036569e-01    2.1504031e+01     9.3103921e-01
 2899.0 2941.0     4.8926184e-01    2.1158818e+01     9.3034161e-01
 2941.0 2985.0     4.9862576e-01    2.0790753e+01     9.2923925e-01
 2985.0 3030.0     5.0861515e-01    2.0389562e+01     9.2758267e-01
 3030.0 3077.0     5.1918214e-01    1.9976137e+01     9.2573652e-01
 3077.0 3125.0     5.3032290e-01    1.9557979e+01     9.2383016e-01
 3125.0 3175.0     5.4206735e-01    1.9135834e+01     9.2186360e-01
 3175.0 3225.0     5.5431687e-01    1.8714372e+01     9.1985691e-01
 3225.0 3275.0     5.6673388e-01    1.8306377e+01     9.1784660e-01
 3275.0 3325.0     5.7896616e-01    1.7924443e+01     9.1582125e-01
 3325.0 3375.0     5.9110910e-01    1.7563467e+01     9.1378446e-01
 3375.0 3425.0     6.0350671e-01    1.7209761e+01     9.1174767e-01
 3425.0 3450.0     6.1295051e-01    1.6948506e+01     9.1022008e-01
 3450.0 3550.0     6.2894803e-01    1.6536179e+01     9.0774140e-01
 3550.0 3650.0     6.5224078e-01    1.6008393e+01     9.0457653e-01
 3650.0 3750.0     6.7353460e-01    1.5610094e+01     9.0218576e-01
 3750.0 3850.0     6.9552360e-01    1.5221704e+01     8.9979498e-01
 3850.0 3950.0     7.1736036e-01    1.4867753e+01     8.9777540e-01
 3950.0 4050.0     7.3873102e-01    1.4554519e+01     8.9624422e-01
 4050.0 4150.0     7.6016328e-01    1.4258821e+01     8.9487791e-01
 4150.0 4250.0     7.8045899e-01    1.3988019e+01     8.9379192e-01
 4250.0 4350.0     7.9983341e-01    1.3738002e+01     8.9293860e-01
 4350.0 4450.0     8.1847132e-01    1.3495336e+01     8.9215127e-01
 4450.0 4550.0     8.3194657e-01    1.3269890e+01     8.9166387e-01
 4550.0 4650.0     8.4128534e-01    1.3058269e+01     8.9141041e-01
 4650.0 4750.0     8.5072893e-01    1.2850023e+01     8.9115695e-01
 4750.0 4850.0     8.6027854e-01    1.2645098e+01     8.9090349e-01
 4850.0 4950.0     8.6993533e-01    1.2443441e+01     8.9065003e-01
 4950.0 5050.0     8.7970053e-01    1.2245000e+01     8.9039656e-01
 5050.0 5150.0     8.8957535e-01    1.2049723e+01     8.9014310e-01
 5150.0 5250.0     8.9956101e-01    1.1857561e+01     8.8988964e-01
 5250.0 5350.0     9.0965876e-01    1.1668463e+01     8.8963618e-01
 5350.0 5450.0     9.1986986e-01    1.1482381e+01     8.8938272e-01
 5450.0 5550.0     9.3019559e-01    1.1299266e+01     8.8912926e-01
 5550.0 5650.0     9.4006050e-01    1.1119923e+01     8.8890619e-01
 5650.0 5750.0     9.4616635e-01    1.0949028e+01     8.8888573e-01
 5750.0 5850.0     9.4903594e-01    1.0785511e+01     8.8903747e-01
 5850.0 5950.0     9.5191423e-01    1.0624436e+01     8.8918922e-01
 5950.0 6050.0     9.5480125e-01    1.0465767e+01     8.8934097e-01
 6050.0 6150.0     9.5769703e-01    1.0309467e+01     8.8949271e-01
 6150.0 6250.0     9.6060158e-01    1.0155502e+01     8.8964446e-01
 6250.0 6350.0     9.6351495e-01    1.0003836e+01     8.8979621e-01
 6350.0 6450.0     9.6643715e-01    9.8544346e+00     8.8994795e-01
 6450.0 6550.0     9.6936822e-01    9.7072648e+00     8.9009970e-01
 6550.0 6650.0     9.7230817e-01    9.5622930e+00     8.9025145e-01
 6650.0 6750.0     9.7525704e-01    9.4194861e+00     8.9040320e-01
 6750.0 6850.0     9.7821486e-01    9.2788120e+00     8.9055494e-01
 6850.0 6950.0     9.8049276e-01    9.1339972e+00     8.9067405e-01
 6950.0 7050.0     9.8166513e-01    8.9814461e+00     8.9074051e-01
 7050.0 7150.0     9.8241665e-01    8.8276854e+00     8.9078696e-01
 7150.0 7250.0     9.8316875e-01    8.6765571e+00     8.9083342e-01
 7250.0 7350.0     9.8392143e-01    8.5280160e+00     8.9087987e-01
 7350.0 7450.0     9.8467468e-01    8.3820180e+00     8.9092633e-01
 7450.0 7550.0     9.8542851e-01    8.2385194e+00     8.9097278e-01
 7550.0 7650.0     9.8618292e-01    8.0974775e+00     8.9101924e-01
 7650.0 7750.0     9.8693790e-01    7.9588502e+00     8.9106569e-01
 7750.0 7850.0     9.8769347e-01    7.8225962e+00     8.9111215e-01
 7850.0 7950.0     9.8844961e-01    7.6886748e+00     8.9115860e-01
 7950.0 8050.0     9.8920633e-01    7.5570461e+00     8.9120506e-01
 8050.0 8150.0     9.8996363e-01    7.4276709e+00     8.9125151e-01
 8150.0 8250.0     9.9072151e-01    7.3005105e+00     8.9129797e-01
 8250.0 8350.0     9.9147997e-01    7.1755271e+00     8.9134442e-01
 8350.0 8450.0     9.9223901e-01    7.0526835e+00     8.9139087e-01
 8450.0 8550.0     9.9299863e-01    6.9319428e+00     8.9143733e-01
