 1216.0 1216.0     3.7775623e-01    1.9392936e+01     9.4348989e-01
 1300.0 1350.0     3.9617378e-01    1.9765235e+01     9.3812809e-01
 1350.0 1400.0     4.0389657e-01    1.9844284e+01     9.3574908e-01
 1400.0 1450.0     4.1043596e-01    1.9800577e+01     9.3347603e-01
 1450.0 1500.0     4.1675740e-01    1.9727523e+01     9.3122841e-01
 1500.0 1550.0     4.2317620e-01    1.9654738e+01     9.2898080e-01
 1550.0 1600.0     4.2969386e-01    1.9582222e+01     9.2673318e-01
 1600.0 1650.0     4.3587777e-01    1.9515389e+01     9.2449379e-01
 1650.0 1700.0     4.4100099e-01    1.9463020e+01     9.2227602e-01
 1700.0 1750.0     4.4546962e-01    1.9419611e+01     9.2007167e-01
 1754.0 1770.0     4.4880042e-01    1.9387541e+01     9.1844044e-01
 1770.0 1786.0     4.5025069e-01    1.9373693e+01     9.1773505e-01
 1786.0 1802.0     4.5170564e-01    1.9359856e+01     9.1702966e-01
 1802.0 1818.0     4.5316529e-01    1.9346028e+01     9.1632426e-01
 1818.0 1835.0     4.5467558e-01    1.9331779e+01     9.1559682e-01
 1835.0 1852.0     4.5623682e-01    1.9317109e+01     9.1484734e-01
 1852.0 1869.0     4.5780342e-01    1.9302450e+01     9.1409786e-01
 1869.0 1887.0     4.5942179e-01    1.9287371e+01     9.1332634e-01
 1887.0 1905.0     4.6109229e-01    1.9271874e+01     9.1253277e-01
 1905.0 1923.0     4.6276887e-01    1.9256389e+01     9.1173920e-01
 1923.0 1942.0     4.6449846e-01    1.9240488e+01     9.1092359e-01
 1942.0 1961.0     4.6628143e-01    1.9224170e+01     9.1008594e-01
 1961.0 1980.0     4.6807603e-01    1.9193257e+01     9.0909809e-01
 1980.0 2000.0     4.6993302e-01    1.9137667e+01     9.0783789e-01
 2000.0 2020.0     4.7184807e-01    1.9072114e+01     9.0645552e-01
 2020.0 2041.0     4.7381918e-01    1.9005157e+01     9.0503858e-01
 2041.0 2062.0     4.7584681e-01    1.8936808e+01     9.0358709e-01
 2062.0 2083.0     4.7788312e-01    1.8868705e+01     9.0213560e-01
 2083.0 2105.0     4.7997704e-01    1.8799237e+01     9.0064955e-01
 2105.0 2128.0     4.8217818e-01    1.8726811e+01     8.9909438e-01
 2128.0 2151.0     4.8443855e-01    1.8653062e+01     8.9750466e-01
 2151.0 2174.0     4.8670952e-01    1.8579603e+01     8.9591493e-01
 2174.0 2200.0     4.8914068e-01    1.8501681e+01     8.9422152e-01
 2200.0 2222.0     4.9153315e-01    1.8425644e+01     8.9256268e-01
 2222.0 2247.0     4.9388795e-01    1.8351516e+01     8.9093839e-01
 2247.0 2273.0     4.9645566e-01    1.8271410e+01     8.8917587e-01
 2273.0 2299.0     4.9908732e-01    1.8190089e+01     8.8737878e-01
 2299.0 2326.0     5.0178409e-01    1.8107581e+01     8.8554714e-01
 2326.0 2353.0     5.0454659e-01    1.8023897e+01     8.8368094e-01
 2353.0 2381.0     5.0737603e-01    1.7939064e+01     8.8178018e-01
 2381.0 2410.0     5.1074192e-01    1.7859589e+01     8.8031892e-01
 2410.0 2439.0     5.1464792e-01    1.7787885e+01     8.7939042e-01
 2439.0 2469.0     5.1870154e-01    1.7716181e+01     8.7850561e-01
 2469.0 2500.0     5.2292614e-01    1.7642349e+01     8.7759081e-01
 2500.0 2532.0     5.2732537e-01    1.7566420e+01     8.7664601e-01
 2532.0 2564.0     5.3183203e-01    1.7489618e+01     8.7568621e-01
 2564.0 2597.0     5.3644883e-01    1.7411962e+01     8.7471142e-01
 2597.0 2632.0     5.4132195e-01    1.7331094e+01     8.7369164e-01
 2632.0 2667.0     5.4705696e-01    1.7210937e+01     8.7254063e-01
 2667.0 2703.0     5.5376526e-01    1.7044338e+01     8.7124896e-01
 2703.0 2740.0     5.6089352e-01    1.6866895e+01     8.6989936e-01
 2740.0 2778.0     5.6831264e-01    1.6686514e+01     8.6851279e-01
 2778.0 2817.0     5.7603172e-01    1.6503330e+01     8.6708925e-01
 2817.0 2857.0     5.8406027e-01    1.6317477e+01     8.6562873e-01
 2857.0 2899.0     5.9251282e-01    1.6126794e+01     8.6411274e-01
 2899.0 2941.0     6.0129683e-01    1.5933743e+01     8.6255979e-01
 2941.0 2985.0     6.1016833e-01    1.5715444e+01     8.6023814e-01
 2985.0 3030.0     6.1914203e-01    1.5462185e+01     8.5686324e-01
 3030.0 3077.0     6.2846744e-01    1.5196901e+01     8.5312245e-01
 3077.0 3125.0     6.3824357e-01    1.4927718e+01     8.4925968e-01
 3125.0 3175.0     6.4848863e-01    1.4655055e+01     8.4527493e-01
 3175.0 3225.0     6.5911058e-01    1.4381910e+01     8.4120886e-01
 3225.0 3275.0     6.6977495e-01    1.4115595e+01     8.3713049e-01
 3275.0 3325.0     6.8005738e-01    1.3861362e+01     8.3300088e-01
 3325.0 3375.0     6.9007499e-01    1.3617120e+01     8.2883233e-01
 3375.0 3425.0     7.0024017e-01    1.3377181e+01     8.2466378e-01
 3425.0 3450.0     7.0794801e-01    1.3199615e+01     8.2153736e-01
 3450.0 3550.0     7.2091081e-01    1.2920343e+01     8.1644993e-01
 3550.0 3650.0     7.3996921e-01    1.2586320e+01     8.0977687e-01
 3650.0 3750.0     7.5754281e-01    1.2361516e+01     8.0452132e-01
 3750.0 3850.0     7.7553377e-01    1.2140728e+01     7.9926577e-01
 3850.0 3950.0     7.9316518e-01    1.1944397e+01     7.9471386e-01
 3950.0 4050.0     8.1015785e-01    1.1778190e+01     7.9108779e-01
 4050.0 4150.0     8.2698972e-01    1.1620488e+01     7.8777885e-01
 4150.0 4250.0     8.4255052e-01    1.1463673e+01     7.8502824e-01
 4250.0 4350.0     8.5705679e-01    1.1307961e+01     7.8274106e-01
 4350.0 4450.0     8.7084086e-01    1.1134671e+01     7.8060229e-01
 4450.0 4550.0     8.8039573e-01    1.0876307e+01     7.7913810e-01
 4550.0 4650.0     8.8658909e-01    1.0556290e+01     7.7820008e-01
 4650.0 4750.0     8.9282603e-01    1.0245688e+01     7.7726207e-01
 4750.0 4850.0     8.9910684e-01    9.9442257e+00     7.7632405e-01
 4850.0 4950.0     9.0543184e-01    9.6516331e+00     7.7538604e-01
 4950.0 5050.0     9.1180133e-01    9.3676495e+00     7.7444802e-01
 5050.0 5150.0     9.1821563e-01    9.0920218e+00     7.7351001e-01
 5150.0 5250.0     9.2467506e-01    8.8245039e+00     7.7257199e-01
 5250.0 5350.0     9.3117992e-01    8.5648573e+00     7.7163398e-01
 5350.0 5450.0     9.3773054e-01    8.3128503e+00     7.7069596e-01
 5450.0 5550.0     9.4432725e-01    8.0682583e+00     7.6975795e-01
 5550.0 5650.0     9.5062194e-01    7.8275795e+00     7.6889615e-01
 5650.0 5750.0     9.5462838e-01    7.5728059e+00     7.6854245e-01
 5750.0 5850.0     9.5667387e-01    7.3083751e+00     7.6862063e-01
 5850.0 5950.0     9.5872375e-01    7.0531779e+00     7.6869882e-01
 5950.0 6050.0     9.6077802e-01    6.8068918e+00     7.6877700e-01
 6050.0 6150.0     9.6283669e-01    6.5692055e+00     7.6885519e-01
 6150.0 6250.0     9.6489977e-01    6.3398190e+00     7.6893337e-01
 6250.0 6350.0     9.6696727e-01    6.1184422e+00     7.6901156e-01
 6350.0 6450.0     9.6903921e-01    5.9047956e+00     7.6908974e-01
 6450.0 6550.0     9.7111558e-01    5.6986092e+00     7.6916793e-01
 6550.0 6650.0     9.7319640e-01    5.4996225e+00     7.6924611e-01
 6650.0 6750.0     9.7528168e-01    5.3075842e+00     7.6932430e-01
 6750.0 6850.0     9.7737142e-01    5.1222515e+00     7.6940249e-01
 6850.0 6950.0     9.7903387e-01    4.9459132e+00     7.6948093e-01
 6950.0 7050.0     9.8000276e-01    4.7796646e+00     7.6955980e-01
 7050.0 7150.0     9.8070790e-01    4.6204998e+00     7.6963884e-01
 7150.0 7250.0     9.8141355e-01    4.4666353e+00     7.6971787e-01
 7250.0 7350.0     9.8211970e-01    4.3178945e+00     7.6979690e-01
 7350.0 7450.0     9.8282636e-01    4.1741068e+00     7.6987593e-01
 7450.0 7550.0     9.8353354e-01    4.0351073e+00     7.6995496e-01
 7550.0 7650.0     9.8424122e-01    3.9007365e+00     7.7003400e-01
 7650.0 7750.0     9.8494941e-01    3.7708404e+00     7.7011303e-01
 7750.0 7850.0     9.8565810e-01    3.6452698e+00     7.7019206e-01
 7850.0 7950.0     9.8636731e-01    3.5238808e+00     7.7027109e-01
 7950.0 8050.0     9.8707703e-01    3.4065341e+00     7.7035012e-01
 8050.0 8150.0     9.8778726e-01    3.2930951e+00     7.7042915e-01
 8150.0 8250.0     9.8849800e-01    3.1834337e+00     7.7050819e-01
 8250.0 8350.0     9.8920926e-01    3.0774240e+00     7.7058722e-01
 8350.0 8450.0     9.8992102e-01    2.9749445e+00     7.7066625e-01
 8450.0 8550.0     9.9063330e-01    2.8758776e+00     7.7074528e-01
