 1216.0 1216.0     4.1114085e-01    9.7070845e+00     8.9861591e-01
 1300.0 1350.0     4.3782605e-01    1.0060941e+01     8.8641671e-01
 1350.0 1400.0     4.4896786e-01    1.0172931e+01     8.8124060e-01
 1400.0 1450.0     4.5821867e-01    1.0214821e+01     8.7661693e-01
 1450.0 1500.0     4.6713067e-01    1.0239736e+01     8.7212584e-01
 1500.0 1550.0     4.7621600e-01    1.0264712e+01     8.6763475e-01
 1550.0 1600.0     4.8547803e-01    1.0289749e+01     8.6314367e-01
 1600.0 1650.0     4.9426683e-01    1.0315390e+01     8.5864370e-01
 1650.0 1700.0     5.0148204e-01    1.0342525e+01     8.5412037e-01
 1700.0 1750.0     5.0772469e-01    1.0370621e+01     8.4958256e-01
 1754.0 1770.0     5.1238543e-01    1.0391452e+01     8.4622457e-01
 1770.0 1786.0     5.1441794e-01    1.0400476e+01     8.4477247e-01
 1786.0 1802.0     5.1645851e-01    1.0409509e+01     8.4332037e-01
 1802.0 1818.0     5.1850717e-01    1.0418549e+01     8.4186827e-01
 1818.0 1835.0     5.2062849e-01    1.0427880e+01     8.4037079e-01
 1835.0 1852.0     5.2282304e-01    1.0437503e+01     8.3882793e-01
 1852.0 1869.0     5.2502684e-01    1.0447135e+01     8.3728507e-01
 1869.0 1887.0     5.2730530e-01    1.0457059e+01     8.3569684e-01
 1887.0 1905.0     5.2965904e-01    1.0467276e+01     8.3406322e-01
 1905.0 1923.0     5.3202327e-01    1.0477504e+01     8.3242961e-01
 1923.0 1942.0     5.3446433e-01    1.0488026e+01     8.3075062e-01
 1942.0 1961.0     5.3698287e-01    1.0498843e+01     8.2902625e-01
 1961.0 1980.0     5.3934401e-01    1.0498995e+01     8.2705770e-01
 1980.0 2000.0     5.4150021e-01    1.0481668e+01     8.2463681e-01
 2000.0 2020.0     5.4361889e-01    1.0457560e+01     8.2200776e-01
 2020.0 2041.0     5.4579926e-01    1.0432907e+01     8.1931298e-01
 2041.0 2062.0     5.4804176e-01    1.0407712e+01     8.1655248e-01
 2062.0 2083.0     5.5029348e-01    1.0382578e+01     8.1379197e-01
 2083.0 2105.0     5.5260851e-01    1.0356910e+01     8.1096574e-01
 2105.0 2128.0     5.5504164e-01    1.0330115e+01     8.0800806e-01
 2128.0 2151.0     5.5753980e-01    1.0302796e+01     8.0498465e-01
 2151.0 2174.0     5.6004919e-01    1.0275550e+01     8.0196124e-01
 2174.0 2200.0     5.6273507e-01    1.0246608e+01     7.9874065e-01
 2200.0 2222.0     5.6537771e-01    1.0218330e+01     7.9558579e-01
 2222.0 2247.0     5.6797821e-01    1.0190722e+01     7.9249665e-01
 2247.0 2273.0     5.7081329e-01    1.0160847e+01     7.8914461e-01
 2273.0 2299.0     5.7371839e-01    1.0130476e+01     7.8572684e-01
 2299.0 2326.0     5.7669471e-01    1.0099615e+01     7.8224335e-01
 2326.0 2353.0     5.7974292e-01    1.0068268e+01     7.7869413e-01
 2353.0 2381.0     5.8286430e-01    1.0036441e+01     7.7507918e-01
 2381.0 2410.0     5.8663012e-01    1.0014471e+01     7.7217460e-01
 2410.0 2439.0     5.9105111e-01    1.0004151e+01     7.7014325e-01
 2439.0 2469.0     5.9564358e-01    9.9949453e+00     7.6817568e-01
 2469.0 2500.0     6.0042924e-01    9.9854362e+00     7.6614141e-01
 2500.0 2532.0     6.0541217e-01    9.9756248e+00     7.6404044e-01
 2532.0 2564.0     6.1051621e-01    9.9656675e+00     7.6190612e-01
 2564.0 2597.0     6.1574439e-01    9.9555649e+00     7.5973846e-01
 2597.0 2632.0     6.2126216e-01    9.9450070e+00     7.5747075e-01
 2632.0 2667.0     6.2737849e-01    9.9126587e+00     7.5492361e-01
 2667.0 2703.0     6.3411835e-01    9.8536721e+00     7.5207905e-01
 2703.0 2740.0     6.4120652e-01    9.7888584e+00     7.4910910e-01
 2740.0 2778.0     6.4857141e-01    9.7227129e+00     7.4605779e-01
 2778.0 2817.0     6.5622071e-01    9.6552686e+00     7.4292511e-01
 2817.0 2857.0     6.6416247e-01    9.5865586e+00     7.3971106e-01
 2857.0 2899.0     6.7250813e-01    9.5157597e+00     7.3637496e-01
 2899.0 2941.0     6.8116476e-01    9.4437696e+00     7.3295749e-01
 2941.0 2985.0     6.8935971e-01    9.3422970e+00     7.2804188e-01
 2985.0 3030.0     6.9689922e-01    9.2010394e+00     7.2107227e-01
 3030.0 3077.0     7.0450698e-01    9.0477077e+00     7.1337955e-01
 3077.0 3125.0     7.1244951e-01    8.8920429e+00     7.0543598e-01
 3125.0 3175.0     7.2073720e-01    8.7342825e+00     6.9724157e-01
 3175.0 3225.0     7.2929239e-01    8.5761589e+00     6.8887992e-01
 3225.0 3275.0     7.3778493e-01    8.4188043e+00     6.8049737e-01
 3275.0 3325.0     7.4568681e-01    8.2557448e+00     6.7202776e-01
 3325.0 3375.0     7.5314828e-01    8.0893494e+00     6.6349197e-01
 3375.0 3425.0     7.6068442e-01    7.9263077e+00     6.5495618e-01
 3425.0 3450.0     7.6637884e-01    7.8058832e+00     6.4855434e-01
 3450.0 3550.0     7.7592910e-01    7.6171783e+00     6.3810847e-01
 3550.0 3650.0     7.9038940e-01    7.3917366e+00     6.2405912e-01
 3650.0 3750.0     8.0414332e-01    7.2403620e+00     6.1258426e-01
 3750.0 3850.0     8.1813658e-01    7.0920873e+00     6.0110939e-01
 3850.0 3950.0     8.3182290e-01    6.9535754e+00     5.9093571e-01
 3950.0 4050.0     8.4501165e-01    6.8265888e+00     5.8247411e-01
 4050.0 4150.0     8.5800178e-01    6.7004327e+00     5.7460854e-01
 4150.0 4250.0     8.6981582e-01    6.5559579e+00     5.6783196e-01
 4250.0 4350.0     8.8064949e-01    6.3975672e+00     5.6195924e-01
 4350.0 4450.0     8.9081837e-01    6.2180389e+00     5.5640258e-01
 4450.0 4550.0     8.9745172e-01    5.9345785e+00     5.5228255e-01
 4550.0 4650.0     9.0128956e-01    5.5811100e+00     5.4928309e-01
 4650.0 4750.0     9.0514381e-01    5.2486943e+00     5.4628363e-01
 4750.0 4850.0     9.0901454e-01    4.9360776e+00     5.4328417e-01
 4850.0 4950.0     9.1290182e-01    4.6420807e+00     5.4028470e-01
 4950.0 5050.0     9.1680572e-01    4.3655944e+00     5.3728524e-01
 5050.0 5150.0     9.2072632e-01    4.1055759e+00     5.3428578e-01
 5150.0 5250.0     9.2466369e-01    3.8610443e+00     5.3128632e-01
 5250.0 5350.0     9.2861790e-01    3.6310772e+00     5.2828686e-01
 5350.0 5450.0     9.3258901e-01    3.4148072e+00     5.2528740e-01
 5450.0 5550.0     9.3657710e-01    3.2114184e+00     5.2228793e-01
 5550.0 5650.0     9.4041190e-01    3.0200799e+00     5.1945809e-01
 5650.0 5750.0     9.4312414e-01    2.8397386e+00     5.1775899e-01
 5750.0 5850.0     9.4487727e-01    2.6698270e+00     5.1702103e-01
 5850.0 5950.0     9.4663365e-01    2.5100818e+00     5.1628307e-01
 5950.0 6050.0     9.4839330e-01    2.3598947e+00     5.1554511e-01
 6050.0 6150.0     9.5015622e-01    2.2186938e+00     5.1480715e-01
 6150.0 6250.0     9.5192241e-01    2.0859415e+00     5.1406918e-01
 6250.0 6350.0     9.5369189e-01    1.9611323e+00     5.1333122e-01
 6350.0 6450.0     9.5546466e-01    1.8437908e+00     5.1259326e-01
 6450.0 6550.0     9.5724072e-01    1.7334703e+00     5.1185530e-01
 6550.0 6650.0     9.5902009e-01    1.6297506e+00     5.1111734e-01
 6650.0 6750.0     9.6080276e-01    1.5322369e+00     5.1037938e-01
 6750.0 6850.0     9.6258874e-01    1.4405577e+00     5.0964142e-01
 6850.0 6950.0     9.6412646e-01    1.3595251e+00     5.0906522e-01
 6950.0 7050.0     9.6526079e-01    1.2912477e+00     5.0874993e-01
 7050.0 7150.0     9.6624214e-01    1.2294226e+00     5.0853378e-01
 7150.0 7250.0     9.6722449e-01    1.1705578e+00     5.0831763e-01
 7250.0 7350.0     9.6820783e-01    1.1145114e+00     5.0810148e-01
 7350.0 7450.0     9.6919218e-01    1.0611485e+00     5.0788534e-01
 7450.0 7550.0     9.7017752e-01    1.0103406e+00     5.0766919e-01
 7550.0 7650.0     9.7116387e-01    9.6196542e-01     5.0745304e-01
 7650.0 7750.0     9.7215122e-01    9.1590644e-01     5.0723689e-01
 7750.0 7850.0     9.7313957e-01    8.7205276e-01     5.0702074e-01
 7850.0 7950.0     9.7412893e-01    8.3029880e-01     5.0680459e-01
 7950.0 8050.0     9.7511930e-01    7.9054403e-01     5.0658844e-01
 8050.0 8150.0     9.7611067e-01    7.5269272e-01     5.0637230e-01
 8150.0 8250.0     9.7710305e-01    7.1665373e-01     5.0615615e-01
 8250.0 8350.0     9.7809644e-01    6.8234029e-01     5.0594000e-01
 8350.0 8450.0     9.7909084e-01    6.4966978e-01     5.0572385e-01
 8450.0 8550.0     9.8008625e-01    6.1856354e-01     5.0550770e-01
