 1216.0 1216.0  0.5879776  2.5193973  0.3838745
 1300.0 1350.0  0.5387396  2.0685601  0.3521118
 1350.0 1400.0  0.5173617  1.8799286  0.3385957
 1400.0 1450.0  0.4968899  1.7040360  0.3258249
 1450.0 1500.0  0.4774214  1.5416681  0.3138502
 1500.0 1550.0  0.4590613  1.3937150  0.3027284
 1550.0 1600.0  0.4419231  1.2611799  0.2925228
 1600.0 1650.0  0.4261283  1.1451676  0.2833031
 1650.0 1700.0  0.4117223  1.0461140  0.2750965
 1700.0 1750.0  0.3985625  0.9627376  0.2678220
 1754.0 1770.0  0.3893862  0.9084690  0.2628774
 1770.0 1786.0  0.3856074  0.8876810  0.2608958
 1786.0 1802.0  0.3819019  0.8680139  0.2589791
 1802.0 1818.0  0.3782614  0.8493955  0.2571228
 1818.0 1835.0  0.3745673  0.8312321  0.2552674
 1835.0 1852.0  0.3708141  0.8135065  0.2534118
 1852.0 1869.0  0.3671058  0.7967175  0.2516084
 1869.0 1887.0  0.3633254  0.7803367  0.2498017
 1887.0 1905.0  0.3594641  0.7643234  0.2479886
 1905.0 1923.0  0.3556196  0.7490746  0.2462160
 1923.0 1942.0  0.3516737  0.7341061  0.2444302
 1942.0 1961.0  0.3476138  0.7193495  0.2426265
 1961.0 1980.0  0.3435337  0.7051185  0.2408469
 1980.0 2000.0  0.3393186  0.6909779  0.2390409
 2000.0 2020.0  0.3349727  0.6769069  0.2372075
 2020.0 2041.0  0.3305051  0.6629206  0.2353486
 2041.0 2062.0  0.3259273  0.6490113  0.2334649
 2062.0 2083.0  0.3213609  0.6355005  0.2316020
 2083.0 2105.0  0.3167113  0.6220542  0.2297164
 2105.0 2128.0  0.3118879  0.6083621  0.2277660
 2128.0 2151.0  0.3070176  0.5947270  0.2257961
 2151.0 2174.0  0.3022256  0.5814251  0.2238505
 2174.0 2200.0  0.2972305  0.5675901  0.2218053
 2200.0 2222.0  0.2924533  0.5543020  0.2198265
 2222.0 2247.0  0.2879251  0.5415421  0.2179161
 2247.0 2273.0  0.2831870  0.5279078  0.2158711
 2273.0 2299.0  0.2785699  0.5141896  0.2138163
 2299.0 2326.0  0.2741182  0.5003499  0.2117543
 2326.0 2353.0  0.2698705  0.4863407  0.2096865
 2353.0 2381.0  0.2658806  0.4721113  0.2076159
 2381.0 2410.0  0.2621299  0.4573528  0.2055075
 2410.0 2439.0  0.2587008  0.4423258  0.2034002
 2439.0 2469.0  0.2555614  0.4270999  0.2012941
 2469.0 2500.0  0.2526058  0.4115155  0.1991532
 2500.0 2532.0  0.2497813  0.3956917  0.1969779
 2532.0 2564.0  0.2470616  0.3800064  0.1948020
 2564.0 2597.0  0.2443643  0.3646037  0.1926243
 2597.0 2632.0  0.2415097  0.3491950  0.1903773
 2632.0 2667.0  0.2384354  0.3342044  0.1880932
 2667.0 2703.0  0.2351197  0.3199841  0.1858051
 2703.0 2740.0  0.2315187  0.3063476  0.1834820
 2740.0 2778.0  0.2276533  0.2933013  0.1811267
 2778.0 2817.0  0.2235493  0.2808456  0.1787424
 2817.0 2857.0  0.2192377  0.2689751  0.1763325
 2857.0 2899.0  0.2146996  0.2575495  0.1738713
 2899.0 2941.0  0.2100340  0.2466900  0.1713929
 2941.0 2985.0  0.2052922  0.2363899  0.1689032
 2985.0 3030.0  0.2004709  0.2264883  0.1663767
 3030.0 3077.0  0.1956248  0.2169584  0.1638169
 3077.0 3125.0  0.1908115  0.2077389  0.1612257
 3125.0 3175.0  0.1861039  0.1987644  0.1586060
 3175.0 3225.0  0.1816229  0.1900239  0.1559852
 3225.0 3275.0  0.1775323  0.1815726  0.1534158
 3275.0 3325.0  0.1738895  0.1733050  0.1508963
 3325.0 3375.0  0.1707320  0.1652097  0.1484268
 3375.0 3425.0  0.1680833  0.1573457  0.1460088
 3425.0 3450.0  0.1663940  0.1516075  0.1442249
 3450.0 3550.0  0.1646440  0.1427526  0.1413565
 3550.0 3650.0  0.1633166  0.1297018  0.1369109
 3650.0 3750.0  0.1641456  0.1182795  0.1326816
 3750.0 3850.0  0.1666861  0.1080308  0.1286373
 3850.0 3950.0  0.1705048  0.0984808  0.1247487
 3950.0 4050.0  0.1753586  0.0893861  0.1209963
 4050.0 4150.0  0.1812387  0.0807982  0.1173716
 4150.0 4250.0  0.1881101  0.0728528  0.1138715
 4250.0 4350.0  0.1955388  0.0656161  0.1104932
 4350.0 4450.0  0.2027580  0.0591036  0.1072345
 4450.0 4550.0  0.2091115  0.0533174  0.1040938
 4550.0 4650.0  0.2144178  0.0482017  0.1010633
 4650.0 4750.0  0.2188463  0.0436600  0.0981315
 4750.0 4850.0  0.2225823  0.0396067  0.0952890
 4850.0 4950.0  0.2257893  0.0359712  0.0925291
 4950.0 5050.0  0.2286143  0.0326964  0.0898480
 5050.0 5150.0  0.2311926  0.0297361  0.0872441
 5150.0 5250.0  0.2336514  0.0270540  0.0847183
 5250.0 5350.0  0.2361146  0.0246226  0.0822739
 5350.0 5450.0  0.2387059  0.0224221  0.0799167
 5450.0 5550.0  0.2415533  0.0204399  0.0776553
 5550.0 5650.0  0.2447925  0.0186701  0.0755014
 5650.0 5750.0  0.2485371  0.0171080  0.0734645
 5750.0 5850.0  0.2527944  0.0157338  0.0715391
 5850.0 5950.0  0.2574853  0.0145166  0.0697078
 5950.0 6050.0  0.2625307  0.0134277  0.0679537
 6050.0 6150.0  0.2678622  0.0124426  0.0662623
 6150.0 6250.0  0.2734206  0.0115400  0.0646214
 6250.0 6350.0  0.2791537  0.0107009  0.0630199
 6350.0 6450.0  0.2850147  0.0099088  0.0614483
 6450.0 6550.0  0.2909608  0.0091482  0.0598979
 6550.0 6650.0  0.2969518  0.0084047  0.0583606
 6650.0 6750.0  0.3029492  0.0076647  0.0568288
 6750.0 6850.0  0.3089142  0.0069144  0.0552950
 6850.0 6950.0  0.3148091  0.0061404  0.0537522
 6950.0 7050.0  0.3206170  0.0053369  0.0521979
 7050.0 7150.0  0.3263566  0.0045112  0.0506376
 7150.0 7250.0  0.3320607  0.0036755  0.0490803
 7250.0 7350.0  0.3377613  0.0028420  0.0475352
 7350.0 7450.0  0.3434903  0.0020231  0.0460115
 7450.0 7550.0  0.3492806  0.0012314  0.0445196
 7550.0 7650.0  0.3551668  0.0004804  0.0430704
 7650.0 7750.0  0.3611867  0.0002150  0.0416766
 7750.0 7850.0  0.3673822  0.0008383  0.0403522
 7850.0 7950.0  0.3738006  0.0013706  0.0391136
 7950.0 8050.0  0.3804963  0.0017904  0.0379798
 8050.0 8150.0  0.3875322  0.0020724  0.0369733
 8150.0 8250.0  0.3949820  0.0021872  0.0361201
 8250.0 8350.0  0.4029321  0.0021001  0.0354514
 8350.0 8450.0  0.4114847  0.0017702  0.0350040
 8450.0 8550.0  0.4207607  0.0011488  0.0348217
