 1216.0 1216.0     3.0404648e-01    2.8289685e+01     9.6853877e-01
 1300.0 1350.0     3.1534272e-01    2.8434265e+01     9.6600555e-01
 1350.0 1400.0     3.2034690e-01    2.8392243e+01     9.6484594e-01
 1400.0 1450.0     3.2501900e-01    2.8208180e+01     9.6368951e-01
 1450.0 1500.0     3.2965942e-01    2.7991414e+01     9.6253384e-01
 1500.0 1550.0     3.3436610e-01    2.7776314e+01     9.6137818e-01
 1550.0 1600.0     3.3913998e-01    2.7562867e+01     9.6022251e-01
 1600.0 1650.0     3.4368847e-01    2.7364132e+01     9.5907839e-01
 1650.0 1700.0     3.4752078e-01    2.7201116e+01     9.5796463e-01
 1700.0 1750.0     3.5091261e-01    2.7060298e+01     9.5686970e-01
 1754.0 1770.0     3.5344013e-01    2.6956481e+01     9.5605945e-01
 1770.0 1786.0     3.5454036e-01    2.6911746e+01     9.5570907e-01
 1786.0 1802.0     3.5564402e-01    2.6867085e+01     9.5535870e-01
 1802.0 1818.0     3.5675111e-01    2.6822498e+01     9.5500832e-01
 1818.0 1835.0     3.5789646e-01    2.6776596e+01     9.5464699e-01
 1835.0 1852.0     3.5908031e-01    2.6729385e+01     9.5427471e-01
 1852.0 1869.0     3.6026808e-01    2.6682256e+01     9.5390244e-01
 1869.0 1887.0     3.6149495e-01    2.6633830e+01     9.5351921e-01
 1887.0 1905.0     3.6276116e-01    2.6584110e+01     9.5312504e-01
 1905.0 1923.0     3.6403181e-01    2.6534483e+01     9.5273086e-01
 1923.0 1942.0     3.6534246e-01    2.6483576e+01     9.5232574e-01
 1942.0 1961.0     3.6669338e-01    2.6431393e+01     9.5190966e-01
 1961.0 1980.0     3.6814415e-01    2.6361561e+01     9.5140740e-01
 1980.0 2000.0     3.6979509e-01    2.6261032e+01     9.5075055e-01
 2000.0 2020.0     3.7155300e-01    2.6147751e+01     9.5002528e-01
 2020.0 2041.0     3.7336363e-01    2.6032151e+01     9.4928189e-01
 2041.0 2062.0     3.7522746e-01    2.5914256e+01     9.4852037e-01
 2062.0 2083.0     3.7710059e-01    2.5796894e+01     9.4775884e-01
 2083.0 2105.0     3.7902813e-01    2.5677295e+01     9.4697918e-01
 2105.0 2128.0     3.8105587e-01    2.5552727e+01     9.4616326e-01
 2128.0 2151.0     3.8313976e-01    2.5426009e+01     9.4532921e-01
 2151.0 2174.0     3.8523505e-01    2.5299919e+01     9.4449516e-01
 2174.0 2200.0     3.8747999e-01    2.5166315e+01     9.4360671e-01
 2200.0 2222.0     3.8969088e-01    2.5036072e+01     9.4273640e-01
 2222.0 2247.0     3.9186884e-01    2.4909244e+01     9.4188421e-01
 2247.0 2273.0     3.9424565e-01    2.4772335e+01     9.4095950e-01
 2273.0 2299.0     3.9668376e-01    2.4633507e+01     9.4001666e-01
 2299.0 2326.0     3.9918442e-01    2.4492819e+01     9.3905569e-01
 2326.0 2353.0     4.0174832e-01    2.4350294e+01     9.3807659e-01
 2353.0 2381.0     4.0437679e-01    2.4205991e+01     9.3707935e-01
 2381.0 2410.0     4.0744756e-01    2.4057723e+01     9.3634612e-01
 2410.0 2439.0     4.1095727e-01    2.3908197e+01     9.3592967e-01
 2439.0 2469.0     4.1459772e-01    2.3757098e+01     9.3554129e-01
 2469.0 2500.0     4.1839549e-01    2.3601882e+01     9.3513974e-01
 2500.0 2532.0     4.2235429e-01    2.3442641e+01     9.3472502e-01
 2532.0 2564.0     4.2641398e-01    2.3281964e+01     9.3430372e-01
 2564.0 2597.0     4.3057737e-01    2.3119912e+01     9.3387584e-01
 2597.0 2632.0     4.3497675e-01    2.2951596e+01     9.3342821e-01
 2632.0 2667.0     4.4041152e-01    2.2725313e+01     9.3290904e-01
 2667.0 2703.0     4.4705397e-01    2.2431814e+01     9.3231083e-01
 2703.0 2740.0     4.5417419e-01    2.2122641e+01     9.3168335e-01
 2740.0 2778.0     4.6160761e-01    2.1809436e+01     9.3103868e-01
 2778.0 2817.0     4.6936585e-01    2.1492490e+01     9.3037682e-01
 2817.0 2857.0     4.7746114e-01    2.1172099e+01     9.2969777e-01
 2857.0 2899.0     4.8601248e-01    2.0844622e+01     9.2899293e-01
 2899.0 2941.0     4.9492927e-01    2.0514348e+01     9.2827090e-01
 2941.0 2985.0     5.0429874e-01    2.0161780e+01     9.2713253e-01
 2985.0 3030.0     5.1427274e-01    1.9776963e+01     9.2542409e-01
 3030.0 3077.0     5.2481572e-01    1.9380221e+01     9.2352052e-01
 3077.0 3125.0     5.3592813e-01    1.8978849e+01     9.2155488e-01
 3125.0 3175.0     5.4763938e-01    1.8573554e+01     9.1952716e-01
 3175.0 3225.0     5.5985076e-01    1.8168821e+01     9.1745807e-01
 3225.0 3275.0     5.7222308e-01    1.7776956e+01     9.1538516e-01
 3275.0 3325.0     5.8439747e-01    1.7410149e+01     9.1329640e-01
 3325.0 3375.0     5.9647107e-01    1.7063479e+01     9.1119557e-01
 3375.0 3425.0     6.0879410e-01    1.6723711e+01     9.0909474e-01
 3425.0 3450.0     6.1817894e-01    1.6472708e+01     9.0751912e-01
 3450.0 3550.0     6.3406989e-01    1.6076581e+01     9.0496218e-01
 3550.0 3650.0     6.5720752e-01    1.5571267e+01     9.0169336e-01
 3650.0 3750.0     6.7835638e-01    1.5191917e+01     8.9921917e-01
 3750.0 3850.0     7.0018581e-01    1.4821809e+01     8.9674499e-01
 3850.0 3950.0     7.2183899e-01    1.4484718e+01     8.9465300e-01
 3950.0 4050.0     7.4299884e-01    1.4186772e+01     8.9306392e-01
 4050.0 4150.0     7.6420235e-01    1.3905533e+01     8.9164443e-01
 4150.0 4250.0     7.8425977e-01    1.3648062e+01     8.9051262e-01
 4250.0 4350.0     8.0338650e-01    1.3410425e+01     8.8961958e-01
 4350.0 4450.0     8.2177421e-01    1.3178781e+01     8.8879464e-01
 4450.0 4550.0     8.3504213e-01    1.2959467e+01     8.8827922e-01
 4550.0 4650.0     8.4420978e-01    1.2750278e+01     8.8800523e-01
 4650.0 4750.0     8.5347807e-01    1.2544466e+01     8.8773124e-01
 4750.0 4850.0     8.6284812e-01    1.2341976e+01     8.8745725e-01
 4850.0 4950.0     8.7232104e-01    1.2142754e+01     8.8718326e-01
 4950.0 5050.0     8.8189796e-01    1.1946749e+01     8.8690927e-01
 5050.0 5150.0     8.9158002e-01    1.1753907e+01     8.8663529e-01
 5150.0 5250.0     9.0136837e-01    1.1564178e+01     8.8636130e-01
 5250.0 5350.0     9.1126419e-01    1.1377511e+01     8.8608731e-01
 5350.0 5450.0     9.2126865e-01    1.1193858e+01     8.8581332e-01
 5450.0 5550.0     9.3138295e-01    1.1013169e+01     8.8553933e-01
 5550.0 5650.0     9.4104390e-01    1.0835881e+01     8.8529680e-01
 5650.0 5750.0     9.4702436e-01    1.0664632e+01     8.8526401e-01
 5750.0 5850.0     9.4983708e-01    1.0498790e+01     8.8540948e-01
 5850.0 5950.0     9.5265815e-01    1.0335527e+01     8.8555496e-01
 5950.0 6050.0     9.5548760e-01    1.0174803e+01     8.8570044e-01
 6050.0 6150.0     9.5832545e-01    1.0016578e+01     8.8584592e-01
 6150.0 6250.0     9.6117174e-01    9.8608139e+00     8.8599139e-01
 6250.0 6350.0     9.6402647e-01    9.7074720e+00     8.8613687e-01
 6350.0 6450.0     9.6688969e-01    9.5565146e+00     8.8628235e-01
 6450.0 6550.0     9.6976141e-01    9.4079047e+00     8.8642782e-01
 6550.0 6650.0     9.7264166e-01    9.2616058e+00     8.8657330e-01
 6650.0 6750.0     9.7553046e-01    9.1175819e+00     8.8671878e-01
 6750.0 6850.0     9.7842784e-01    8.9757977e+00     8.8686426e-01
 6850.0 6950.0     9.8066086e-01    8.8300419e+00     8.8697667e-01
 6950.0 7050.0     9.8181379e-01    8.6767638e+00     8.8703575e-01
 7050.0 7150.0     9.8255560e-01    8.5224309e+00     8.8707456e-01
 7150.0 7250.0     9.8329796e-01    8.3708430e+00     8.8711337e-01
 7250.0 7350.0     9.8404088e-01    8.2219515e+00     8.8715218e-01
 7350.0 7450.0     9.8478437e-01    8.0757083e+00     8.8719100e-01
 7450.0 7550.0     9.8552841e-01    7.9320663e+00     8.8722981e-01
 7550.0 7650.0     9.8627302e-01    7.7909792e+00     8.8726862e-01
 7650.0 7750.0     9.8701819e-01    7.6524017e+00     8.8730743e-01
 7750.0 7850.0     9.8776393e-01    7.5162890e+00     8.8734625e-01
 7850.0 7950.0     9.8851022e-01    7.3825973e+00     8.8738506e-01
 7950.0 8050.0     9.8925709e-01    7.2512837e+00     8.8742387e-01
 8050.0 8150.0     9.9000451e-01    7.1223056e+00     8.8746268e-01
 8150.0 8250.0     9.9075250e-01    6.9956217e+00     8.8750150e-01
 8250.0 8350.0     9.9150106e-01    6.8711911e+00     8.8754031e-01
 8350.0 8450.0     9.9225018e-01    6.7489738e+00     8.8757912e-01
 8450.0 8550.0     9.9299987e-01    6.6289303e+00     8.8761793e-01
