 1216.0 1216.0     3.6175475e-01    2.0896857e+01     9.5108872e-01
 1300.0 1350.0     3.7825369e-01    2.1214413e+01     9.4666344e-01
 1350.0 1400.0     3.8523985e-01    2.1266276e+01     9.4468198e-01
 1400.0 1450.0     3.9127085e-01    2.1193459e+01     9.4276430e-01
 1450.0 1500.0     3.9713316e-01    2.1091059e+01     9.4086194e-01
 1500.0 1550.0     4.0308330e-01    2.0989153e+01     9.3895958e-01
 1550.0 1600.0     4.0912258e-01    2.0887740e+01     9.3705722e-01
 1600.0 1650.0     4.1486023e-01    2.0793850e+01     9.3516522e-01
 1650.0 1700.0     4.1964004e-01    2.0718855e+01     9.3330049e-01
 1700.0 1750.0     4.2382936e-01    2.0655576e+01     9.3145266e-01
 1754.0 1770.0     4.2695163e-01    2.0608852e+01     9.3008527e-01
 1770.0 1786.0     4.2831097e-01    2.0588689e+01     9.2949397e-01
 1786.0 1802.0     4.2967463e-01    2.0568546e+01     9.2890266e-01
 1802.0 1818.0     4.3104264e-01    2.0548423e+01     9.2831136e-01
 1818.0 1835.0     4.3245803e-01    2.0527691e+01     9.2770158e-01
 1835.0 1852.0     4.3392109e-01    2.0506353e+01     9.2707332e-01
 1852.0 1869.0     4.3538911e-01    2.0485038e+01     9.2644506e-01
 1869.0 1887.0     4.3690557e-01    2.0463118e+01     9.2579832e-01
 1887.0 1905.0     4.3847079e-01    2.0440597e+01     9.2513310e-01
 1905.0 1923.0     4.4004161e-01    2.0418100e+01     9.2446789e-01
 1923.0 1942.0     4.4166201e-01    2.0395005e+01     9.2378419e-01
 1942.0 1961.0     4.4333234e-01    2.0371312e+01     9.2308202e-01
 1961.0 1980.0     4.4504056e-01    2.0332826e+01     9.2224826e-01
 1980.0 2000.0     4.4685256e-01    2.0269143e+01     9.2117671e-01
 2000.0 2020.0     4.4873756e-01    2.0195203e+01     9.1999897e-01
 2020.0 2041.0     4.5067804e-01    2.0119698e+01     9.1879177e-01
 2041.0 2062.0     4.5267445e-01    2.0042640e+01     9.1755514e-01
 2062.0 2083.0     4.5467970e-01    1.9965878e+01     9.1631850e-01
 2083.0 2105.0     4.5674200e-01    1.9887596e+01     9.1505243e-01
 2105.0 2128.0     4.5891025e-01    1.9806002e+01     9.1372746e-01
 2128.0 2151.0     4.6113720e-01    1.9722937e+01     9.1237305e-01
 2151.0 2174.0     4.6337495e-01    1.9640220e+01     9.1101864e-01
 2174.0 2200.0     4.6577097e-01    1.9552502e+01     9.0957590e-01
 2200.0 2222.0     4.6812924e-01    1.9466927e+01     9.0816260e-01
 2222.0 2247.0     4.7045080e-01    1.9383524e+01     9.0677875e-01
 2247.0 2273.0     4.7298270e-01    1.9293419e+01     9.0527712e-01
 2273.0 2299.0     4.7557813e-01    1.9201974e+01     9.0374605e-01
 2299.0 2326.0     4.7823828e-01    1.9109221e+01     9.0218553e-01
 2326.0 2353.0     4.8096377e-01    1.9015175e+01     9.0059557e-01
 2353.0 2381.0     4.8375586e-01    1.8919867e+01     8.9897617e-01
 2381.0 2410.0     4.8706452e-01    1.8827925e+01     8.9774564e-01
 2410.0 2439.0     4.9089184e-01    1.8741772e+01     8.9698508e-01
 2439.0 2469.0     4.9486340e-01    1.8655281e+01     8.9626396e-01
 2469.0 2500.0     4.9900338e-01    1.8566277e+01     8.9551839e-01
 2500.0 2532.0     5.0331545e-01    1.8474801e+01     8.9474838e-01
 2532.0 2564.0     5.0773383e-01    1.8382331e+01     8.9396615e-01
 2564.0 2597.0     5.1226125e-01    1.8288893e+01     8.9317170e-01
 2597.0 2632.0     5.1704118e-01    1.8191655e+01     8.9234058e-01
 2632.0 2667.0     5.2274135e-01    1.8052700e+01     8.9139661e-01
 2667.0 2703.0     5.2949156e-01    1.7864719e+01     8.9033068e-01
 2703.0 2740.0     5.3668125e-01    1.7665218e+01     8.8921591e-01
 2740.0 2778.0     5.4416962e-01    1.7462571e+01     8.8807061e-01
 2778.0 2817.0     5.5196639e-01    1.7256939e+01     8.8689476e-01
 2817.0 2857.0     5.6008179e-01    1.7048481e+01     8.8568837e-01
 2857.0 2899.0     5.6863238e-01    1.6834787e+01     8.8443617e-01
 2899.0 2941.0     5.7752525e-01    1.6618625e+01     8.8315343e-01
 2941.0 2985.0     5.8660623e-01    1.6379484e+01     8.8121213e-01
 2985.0 3030.0     5.9592744e-01    1.6108203e+01     8.7836864e-01
 3030.0 3077.0     6.0566009e-01    1.5825517e+01     8.7521291e-01
 3077.0 3125.0     6.1587605e-01    1.5538790e+01     8.7195427e-01
 3125.0 3175.0     6.2659617e-01    1.5248478e+01     8.6859273e-01
 3175.0 3225.0     6.3772546e-01    1.4957777e+01     8.6516259e-01
 3225.0 3275.0     6.4892288e-01    1.4675077e+01     8.6172355e-01
 3275.0 3325.0     6.5977040e-01    1.4407827e+01     8.5824740e-01
 3325.0 3375.0     6.7038254e-01    1.4153093e+01     8.5474305e-01
 3375.0 3425.0     6.8116536e-01    1.3902864e+01     8.5123871e-01
 3425.0 3450.0     6.8934970e-01    1.3717690e+01     8.4861045e-01
 3450.0 3550.0     7.0313115e-01    1.3426109e+01     8.4433606e-01
 3550.0 3650.0     7.2329742e-01    1.3072903e+01     8.3875897e-01
 3650.0 3750.0     7.4180052e-01    1.2829592e+01     8.3440141e-01
 3750.0 3850.0     7.6077696e-01    1.2590808e+01     8.3004384e-01
 3850.0 3950.0     7.7940494e-01    1.2378083e+01     8.2629231e-01
 3950.0 4050.0     7.9738689e-01    1.2197340e+01     8.2333820e-01
 4050.0 4150.0     8.1523509e-01    1.2026713e+01     8.2065573e-01
 4150.0 4250.0     8.3181093e-01    1.1862752e+01     8.1844543e-01
 4250.0 4350.0     8.4733376e-01    1.1704572e+01     8.1662702e-01
 4350.0 4450.0     8.6212237e-01    1.1534242e+01     8.1492993e-01
 4450.0 4550.0     8.7247680e-01    1.1302681e+01     8.1378427e-01
 4550.0 4650.0     8.7930138e-01    1.1026514e+01     8.1306871e-01
 4650.0 4750.0     8.8617934e-01    1.0757094e+01     8.1235316e-01
 4750.0 4850.0     8.9311111e-01    1.0494258e+01     8.1163761e-01
 4850.0 4950.0     9.0009709e-01    1.0237843e+01     8.1092206e-01
 4950.0 5050.0     9.0713772e-01    9.9876937e+00     8.1020651e-01
 5050.0 5150.0     9.1423342e-01    9.7436564e+00     8.0949095e-01
 5150.0 5250.0     9.2138463e-01    9.5055819e+00     8.0877540e-01
 5250.0 5350.0     9.2859177e-01    9.2733244e+00     8.0805985e-01
 5350.0 5450.0     9.3585529e-01    9.0467419e+00     8.0734430e-01
 5450.0 5550.0     9.4317562e-01    8.8256957e+00     8.0662875e-01
 5550.0 5650.0     9.5015805e-01    8.6068868e+00     8.0597404e-01
 5650.0 5750.0     9.5454845e-01    8.3729077e+00     8.0572495e-01
 5750.0 5850.0     9.5671571e-01    8.1278930e+00     8.0582065e-01
 5850.0 5950.0     9.5888790e-01    7.8900481e+00     8.0591634e-01
 5950.0 6050.0     9.6106501e-01    7.6591633e+00     8.0601204e-01
 6050.0 6150.0     9.6324707e-01    7.4350347e+00     8.0610774e-01
 6150.0 6250.0     9.6543409e-01    7.2174648e+00     8.0620343e-01
 6250.0 6350.0     9.6762607e-01    7.0062616e+00     8.0629913e-01
 6350.0 6450.0     9.6982303e-01    6.8012388e+00     8.0639482e-01
 6450.0 6550.0     9.7202497e-01    6.6022155e+00     8.0649052e-01
 6550.0 6650.0     9.7423192e-01    6.4090162e+00     8.0658621e-01
 6650.0 6750.0     9.7644387e-01    6.2214705e+00     8.0668191e-01
 6750.0 6850.0     9.7866085e-01    6.0394129e+00     8.0677761e-01
 6850.0 6950.0     9.8040501e-01    5.8622113e+00     8.0685703e-01
 6950.0 7050.0     9.8138165e-01    5.6894570e+00     8.0691021e-01
 7050.0 7150.0     9.8206633e-01    5.5215133e+00     8.0695341e-01
 7150.0 7250.0     9.8275148e-01    5.3585270e+00     8.0699662e-01
 7250.0 7350.0     9.8343712e-01    5.2003517e+00     8.0703982e-01
 7350.0 7450.0     9.8412323e-01    5.0468456e+00     8.0708302e-01
 7450.0 7550.0     9.8480982e-01    4.8978707e+00     8.0712623e-01
 7550.0 7650.0     9.8549689e-01    4.7532933e+00     8.0716943e-01
 7650.0 7750.0     9.8618443e-01    4.6129836e+00     8.0721264e-01
 7750.0 7850.0     9.8687246e-01    4.4768157e+00     8.0725584e-01
 7850.0 7950.0     9.8756097e-01    4.3446672e+00     8.0729905e-01
 7950.0 8050.0     9.8824996e-01    4.2164195e+00     8.0734225e-01
 8050.0 8150.0     9.8893943e-01    4.0919575e+00     8.0738546e-01
 8150.0 8250.0     9.8962938e-01    3.9711694e+00     8.0742866e-01
 8250.0 8350.0     9.9031981e-01    3.8539467e+00     8.0747186e-01
 8350.0 8450.0     9.9101072e-01    3.7401843e+00     8.0751507e-01
 8450.0 8550.0     9.9170212e-01    3.6297800e+00     8.0755827e-01
