 1216.0 1216.0     4.0969389e-01    1.3269635e+01     9.1231163e-01
 1300.0 1350.0     4.3437542e-01    1.3701323e+01     9.0245803e-01
 1350.0 1400.0     4.4461917e-01    1.3829689e+01     8.9822397e-01
 1400.0 1450.0     4.5306038e-01    1.3862150e+01     8.9436614e-01
 1450.0 1500.0     4.6116475e-01    1.3871378e+01     8.9059861e-01
 1500.0 1550.0     4.6941408e-01    1.3880613e+01     8.8683108e-01
 1550.0 1600.0     4.7781098e-01    1.3889853e+01     8.8306354e-01
 1600.0 1650.0     4.8576871e-01    1.3900390e+01     8.7929190e-01
 1650.0 1700.0     4.9229693e-01    1.3914330e+01     8.7550942e-01
 1700.0 1750.0     4.9794142e-01    1.3930391e+01     8.7172022e-01
 1754.0 1770.0     5.0215265e-01    1.3942287e+01     8.6891622e-01
 1770.0 1786.0     5.0398791e-01    1.3947434e+01     8.6770368e-01
 1786.0 1802.0     5.0582988e-01    1.3952584e+01     8.6649113e-01
 1802.0 1818.0     5.0767858e-01    1.3957736e+01     8.6527859e-01
 1818.0 1835.0     5.0959224e-01    1.3963051e+01     8.6402816e-01
 1835.0 1852.0     5.1157132e-01    1.3968528e+01     8.6273983e-01
 1852.0 1869.0     5.1355809e-01    1.3974008e+01     8.6145151e-01
 1869.0 1887.0     5.1561147e-01    1.3979652e+01     8.6012529e-01
 1887.0 1905.0     5.1773196e-01    1.3985459e+01     8.5876118e-01
 1905.0 1923.0     5.1986117e-01    1.3991268e+01     8.5739707e-01
 1923.0 1942.0     5.2205878e-01    1.3997242e+01     8.5599507e-01
 1942.0 1961.0     5.2432533e-01    1.4003379e+01     8.5455517e-01
 1961.0 1980.0     5.2648563e-01    1.3996359e+01     8.5289598e-01
 1980.0 2000.0     5.2852148e-01    1.3967608e+01     8.5083340e-01
 2000.0 2020.0     5.3054790e-01    1.3930334e+01     8.4858673e-01
 2020.0 2041.0     5.3263315e-01    1.3892234e+01     8.4628390e-01
 2041.0 2062.0     5.3477766e-01    1.3853311e+01     8.4392490e-01
 2062.0 2083.0     5.3693079e-01    1.3814497e+01     8.4156590e-01
 2083.0 2105.0     5.3914429e-01    1.3774873e+01     8.3915073e-01
 2105.0 2128.0     5.4147050e-01    1.3733527e+01     8.3662323e-01
 2128.0 2151.0     5.4385867e-01    1.3691390e+01     8.3403956e-01
 2151.0 2174.0     5.4625738e-01    1.3649382e+01     8.3145589e-01
 2174.0 2200.0     5.4882452e-01    1.3604780e+01     8.2870372e-01
 2200.0 2222.0     5.5135013e-01    1.3561220e+01     8.2600772e-01
 2222.0 2247.0     5.5383521e-01    1.3518712e+01     8.2336789e-01
 2247.0 2273.0     5.5654421e-01    1.3472735e+01     8.2050339e-01
 2273.0 2299.0     5.5931983e-01    1.3426015e+01     8.1758272e-01
 2299.0 2326.0     5.6216321e-01    1.3378565e+01     8.1460588e-01
 2326.0 2353.0     5.6507497e-01    1.3330391e+01     8.1157288e-01
 2353.0 2381.0     5.6805629e-01    1.3281505e+01     8.0848371e-01
 2381.0 2410.0     5.7165055e-01    1.3242851e+01     8.0602572e-01
 2410.0 2439.0     5.7586754e-01    1.3216619e+01     8.0434086e-01
 2439.0 2469.0     5.8024719e-01    1.3191376e+01     8.0271422e-01
 2469.0 2500.0     5.8481032e-01    1.3165327e+01     8.0103243e-01
 2500.0 2532.0     5.8956074e-01    1.3138478e+01     7.9929551e-01
 2532.0 2564.0     5.9442577e-01    1.3111259e+01     7.9753102e-01
 2564.0 2597.0     5.9940822e-01    1.3083673e+01     7.9573896e-01
 2597.0 2632.0     6.0466568e-01    1.3054876e+01     7.9386418e-01
 2632.0 2667.0     6.1057516e-01    1.2996364e+01     7.9176502e-01
 2667.0 2703.0     6.1718218e-01    1.2901912e+01     7.8942819e-01
 2703.0 2740.0     6.2414674e-01    1.2799424e+01     7.8698953e-01
 2740.0 2778.0     6.3138397e-01    1.2694975e+01     7.8448405e-01
 2778.0 2817.0     6.3890150e-01    1.2588628e+01     7.8191177e-01
 2817.0 2857.0     6.4670733e-01    1.2480445e+01     7.7927267e-01
 2857.0 2899.0     6.5491111e-01    1.2369142e+01     7.7653335e-01
 2899.0 2941.0     6.6342157e-01    1.2256142e+01     7.7372722e-01
 2941.0 2985.0     6.7163919e-01    1.2110875e+01     7.6966139e-01
 2985.0 3030.0     6.7943572e-01    1.1921881e+01     7.6386869e-01
 3030.0 3077.0     6.8737773e-01    1.1719278e+01     7.5746970e-01
 3077.0 3125.0     6.9567563e-01    1.1513663e+01     7.5086205e-01
 3125.0 3175.0     7.0434110e-01    1.1305353e+01     7.4404574e-01
 3175.0 3225.0     7.1329355e-01    1.1096638e+01     7.3709032e-01
 3225.0 3275.0     7.2221352e-01    1.0890416e+01     7.3011175e-01
 3275.0 3325.0     7.3063031e-01    1.0682442e+01     7.2303669e-01
 3325.0 3375.0     7.3867699e-01    1.0474217e+01     7.1588831e-01
 3375.0 3425.0     7.4681230e-01    1.0270050e+01     7.0873994e-01
 3425.0 3450.0     7.5296406e-01    1.0119174e+01     7.0337865e-01
 3450.0 3550.0     7.6328942e-01    9.8827520e+00     6.9463810e-01
 3550.0 3650.0     7.7885202e-01    9.6029750e+00     6.8297284e-01
 3650.0 3750.0     7.9358825e-01    9.4184586e+00     6.7354922e-01
 3750.0 3850.0     8.0860329e-01    9.2374875e+00     6.6412560e-01
 3850.0 3950.0     8.2329249e-01    9.0712637e+00     6.5581787e-01
 3950.0 4050.0     8.3744329e-01    8.9228200e+00     6.4897843e-01
 4050.0 4150.0     8.5140131e-01    8.7771071e+00     6.4264908e-01
 4150.0 4250.0     8.6416140e-01    8.6152176e+00     6.3724745e-01
 4250.0 4350.0     8.7592400e-01    8.4409889e+00     6.3261582e-01
 4350.0 4450.0     8.8700818e-01    8.2418937e+00     6.2825264e-01
 4450.0 4550.0     8.9439999e-01    7.9228020e+00     6.2510963e-01
 4550.0 4650.0     8.9886847e-01    7.5208230e+00     6.2291835e-01
 4650.0 4750.0     9.0335928e-01    7.1392391e+00     6.2072708e-01
 4750.0 4850.0     9.0787252e-01    6.7770157e+00     6.1853581e-01
 4850.0 4950.0     9.1240831e-01    6.4331704e+00     6.1634454e-01
 4950.0 5050.0     9.1696677e-01    6.1067708e+00     6.1415326e-01
 5050.0 5150.0     9.2154800e-01    5.7969317e+00     6.1196199e-01
 5150.0 5250.0     9.2615211e-01    5.5028129e+00     6.0977072e-01
 5250.0 5350.0     9.3077923e-01    5.2236168e+00     6.0757944e-01
 5350.0 5450.0     9.3542947e-01    4.9585863e+00     6.0538817e-01
 5450.0 5550.0     9.4010293e-01    4.7070026e+00     6.0319690e-01
 5550.0 5650.0     9.4458313e-01    4.4672914e+00     6.0114992e-01
 5650.0 5750.0     9.4763693e-01    4.2341060e+00     6.0006488e-01
 5750.0 5850.0     9.4947101e-01    4.0083077e+00     5.9979750e-01
 5850.0 5950.0     9.5130864e-01    3.7945510e+00     5.9953011e-01
 5950.0 6050.0     9.5314982e-01    3.5921935e+00     5.9926273e-01
 6050.0 6150.0     9.5499457e-01    3.4006275e+00     5.9899535e-01
 6150.0 6250.0     9.5684289e-01    3.2192774e+00     5.9872796e-01
 6250.0 6350.0     9.5869479e-01    3.0475984e+00     5.9846058e-01
 6350.0 6450.0     9.6055027e-01    2.8850748e+00     5.9819320e-01
 6450.0 6550.0     9.6240934e-01    2.7312182e+00     5.9792581e-01
 6550.0 6650.0     9.6427201e-01    2.5855667e+00     5.9765843e-01
 6650.0 6750.0     9.6613829e-01    2.4476825e+00     5.9739104e-01
 6750.0 6850.0     9.6800818e-01    2.3171514e+00     5.9712366e-01
 6850.0 6950.0     9.6957532e-01    2.2000482e+00     5.9696292e-01
 6950.0 7050.0     9.7065080e-01    2.0991423e+00     5.9697417e-01
 7050.0 7150.0     9.7153958e-01    2.0066647e+00     5.9705079e-01
 7150.0 7250.0     9.7242919e-01    1.9182611e+00     5.9712741e-01
 7250.0 7350.0     9.7331960e-01    1.8337522e+00     5.9720402e-01
 7350.0 7450.0     9.7421083e-01    1.7529664e+00     5.9728064e-01
 7450.0 7550.0     9.7510288e-01    1.6757395e+00     5.9735725e-01
 7550.0 7650.0     9.7599575e-01    1.6019149e+00     5.9743387e-01
 7650.0 7750.0     9.7688943e-01    1.5313426e+00     5.9751049e-01
 7750.0 7850.0     9.7778393e-01    1.4638793e+00     5.9758710e-01
 7850.0 7950.0     9.7867925e-01    1.3993882e+00     5.9766372e-01
 7950.0 8050.0     9.7957539e-01    1.3377382e+00     5.9774033e-01
 8050.0 8150.0     9.8047235e-01    1.2788042e+00     5.9781695e-01
 8150.0 8250.0     9.8137013e-01    1.2224666e+00     5.9789357e-01
 8250.0 8350.0     9.8226873e-01    1.1686108e+00     5.9797018e-01
 8350.0 8450.0     9.8316816e-01    1.1171277e+00     5.9804680e-01
 8450.0 8550.0     9.8406841e-01    1.0679127e+00     5.9812341e-01
