 1216.0 1216.0     3.3183727e-01    2.3763226e+01     9.6151386e-01
 1300.0 1350.0     3.4537585e-01    2.3984358e+01     9.5826319e-01
 1350.0 1400.0     3.5123788e-01    2.3988335e+01     9.5678964e-01
 1400.0 1450.0     3.5650714e-01    2.3863892e+01     9.5533922e-01
 1450.0 1500.0     3.6168751e-01    2.3709436e+01     9.5389435e-01
 1500.0 1550.0     3.6694314e-01    2.3555979e+01     9.5244948e-01
 1550.0 1600.0     3.7227515e-01    2.3403515e+01     9.5100461e-01
 1600.0 1650.0     3.7734781e-01    2.3261737e+01     9.4957114e-01
 1650.0 1700.0     3.8159780e-01    2.3146273e+01     9.4816766e-01
 1700.0 1750.0     3.8534120e-01    2.3047144e+01     9.4678277e-01
 1754.0 1770.0     3.8813079e-01    2.2974015e+01     9.4575795e-01
 1770.0 1786.0     3.8934515e-01    2.2942484e+01     9.4531479e-01
 1786.0 1802.0     3.9056330e-01    2.2910997e+01     9.4487162e-01
 1802.0 1818.0     3.9178527e-01    2.2879552e+01     9.4442846e-01
 1818.0 1835.0     3.9304948e-01    2.2847171e+01     9.4397144e-01
 1835.0 1852.0     3.9435622e-01    2.2813856e+01     9.4350058e-01
 1852.0 1869.0     3.9566729e-01    2.2780589e+01     9.4302972e-01
 1869.0 1887.0     3.9702155e-01    2.2746395e+01     9.4254501e-01
 1887.0 1905.0     3.9841926e-01    2.2711277e+01     9.4204645e-01
 1905.0 1923.0     3.9982190e-01    2.2676214e+01     9.4154789e-01
 1923.0 1942.0     4.0126871e-01    2.2640233e+01     9.4103548e-01
 1942.0 1961.0     4.0276001e-01    2.2603339e+01     9.4050922e-01
 1961.0 1980.0     4.0432790e-01    2.2550980e+01     9.3987820e-01
 1980.0 2000.0     4.0606024e-01    2.2471959e+01     9.3905872e-01
 2000.0 2020.0     4.0788732e-01    2.2381951e+01     9.3815554e-01
 2020.0 2041.0     4.0976872e-01    2.2290071e+01     9.3722979e-01
 2041.0 2062.0     4.1170490e-01    2.2196337e+01     9.3628146e-01
 2062.0 2083.0     4.1365022e-01    2.2102997e+01     9.3533313e-01
 2083.0 2105.0     4.1565150e-01    2.2007846e+01     9.3436221e-01
 2105.0 2128.0     4.1775623e-01    2.1908708e+01     9.3334614e-01
 2128.0 2151.0     4.1991862e-01    2.1807823e+01     9.3230749e-01
 2151.0 2174.0     4.2209221e-01    2.1707403e+01     9.3126884e-01
 2174.0 2200.0     4.2442032e-01    2.1600959e+01     9.3016246e-01
 2200.0 2222.0     4.2671247e-01    2.1497156e+01     9.2907865e-01
 2222.0 2247.0     4.2896975e-01    2.1396035e+01     9.2801742e-01
 2247.0 2273.0     4.3143237e-01    2.1286835e+01     9.2686587e-01
 2273.0 2299.0     4.3395769e-01    2.1176062e+01     9.2569175e-01
 2299.0 2326.0     4.3654693e-01    2.1063757e+01     9.2449504e-01
 2326.0 2353.0     4.3920077e-01    2.0949941e+01     9.2327576e-01
 2353.0 2381.0     4.4192049e-01    2.0834654e+01     9.2203389e-01
 2381.0 2410.0     4.4511655e-01    2.0719019e+01     9.2110805e-01
 2410.0 2439.0     4.4878775e-01    2.0605492e+01     9.2056248e-01
 2439.0 2469.0     4.5259618e-01    2.0491022e+01     9.2004990e-01
 2469.0 2500.0     4.5656771e-01    2.0373339e+01     9.1951994e-01
 2500.0 2532.0     4.6070603e-01    2.0252508e+01     9.1897261e-01
 2532.0 2564.0     4.6494814e-01    2.0130487e+01     9.1841658e-01
 2564.0 2597.0     4.6929684e-01    2.0007318e+01     9.1785187e-01
 2597.0 2632.0     4.7389011e-01    1.9879276e+01     9.1726110e-01
 2632.0 2667.0     4.7948055e-01    1.9703727e+01     9.1658144e-01
 2667.0 2703.0     4.8622427e-01    1.9472804e+01     9.1580431e-01
 2703.0 2740.0     4.9343330e-01    1.9228855e+01     9.1499008e-01
 2740.0 2778.0     5.0095118e-01    1.8981405e+01     9.1415354e-01
 2778.0 2817.0     5.0878871e-01    1.8730669e+01     9.1329469e-01
 2817.0 2857.0     5.1695727e-01    1.8476863e+01     9.1241354e-01
 2857.0 2899.0     5.2557564e-01    1.8217077e+01     9.1149892e-01
 2899.0 2941.0     5.3455139e-01    1.7954697e+01     9.1056200e-01
 2941.0 2985.0     5.4386614e-01    1.7671296e+01     9.0911256e-01
 2985.0 3030.0     5.5362846e-01    1.7357946e+01     9.0696119e-01
 3030.0 3077.0     5.6389267e-01    1.7033581e+01     9.0456840e-01
 3077.0 3125.0     5.7469024e-01    1.6704965e+01     9.0209758e-01
 3125.0 3175.0     5.8604663e-01    1.6372647e+01     8.9954874e-01
 3175.0 3225.0     5.9786376e-01    1.6040293e+01     8.9694788e-01
 3225.0 3275.0     6.0979675e-01    1.5718027e+01     8.9434127e-01
 3275.0 3325.0     6.2145056e-01    1.5415954e+01     8.9171071e-01
 3325.0 3375.0     6.3293237e-01    1.5130072e+01     8.8906195e-01
 3375.0 3425.0     6.4462631e-01    1.4849491e+01     8.8641318e-01
 3425.0 3450.0     6.5351780e-01    1.4641995e+01     8.8442661e-01
 3450.0 3550.0     6.6853033e-01    1.4314727e+01     8.8119985e-01
 3550.0 3650.0     6.9040087e-01    1.3907091e+01     8.7703894e-01
 3650.0 3750.0     7.1038395e-01    1.3612472e+01     8.7384627e-01
 3750.0 3850.0     7.3094542e-01    1.3324095e+01     8.7065360e-01
 3850.0 3950.0     7.5122709e-01    1.3064485e+01     8.6792980e-01
 3950.0 4050.0     7.7091440e-01    1.2839675e+01     8.6582295e-01
 4050.0 4150.0     7.9054562e-01    1.2627846e+01     8.6392516e-01
 4150.0 4250.0     8.0894496e-01    1.2431502e+01     8.6238613e-01
 4250.0 4350.0     8.2633212e-01    1.2248143e+01     8.6114488e-01
 4350.0 4450.0     8.4297407e-01    1.2062220e+01     8.5999123e-01
 4450.0 4550.0     8.5481601e-01    1.1855507e+01     8.5923578e-01
 4550.0 4650.0     8.6282541e-01    1.1634016e+01     8.5879092e-01
 4650.0 4750.0     8.7090985e-01    1.1416663e+01     8.5834605e-01
 4750.0 4850.0     8.7907004e-01    1.1203371e+01     8.5790119e-01
 4850.0 4950.0     8.8730669e-01    1.0994064e+01     8.5745633e-01
 4950.0 5050.0     8.9562051e-01    1.0788667e+01     8.5701147e-01
 5050.0 5150.0     9.0401224e-01    1.0587107e+01     8.5656661e-01
 5150.0 5250.0     9.1248259e-01    1.0389313e+01     8.5612174e-01
 5250.0 5350.0     9.2103230e-01    1.0195215e+01     8.5567688e-01
 5350.0 5450.0     9.2966213e-01    1.0004742e+01     8.5523202e-01
 5450.0 5550.0     9.3837281e-01    9.8178286e+00     8.5478716e-01
 5550.0 5650.0     9.4668403e-01    9.6327258e+00     8.5438424e-01
 5650.0 5750.0     9.5184843e-01    9.4400996e+00     8.5426093e-01
 5750.0 5850.0     9.5430925e-01    9.2420017e+00     8.5437529e-01
 5850.0 5950.0     9.5677644e-01    9.0480609e+00     8.5448965e-01
 5950.0 6050.0     9.5925000e-01    8.8581898e+00     8.5460402e-01
 6050.0 6150.0     9.6172996e-01    8.6723032e+00     8.5471838e-01
 6150.0 6250.0     9.6421634e-01    8.4903173e+00     8.5483274e-01
 6250.0 6350.0     9.6670914e-01    8.3121503e+00     8.5494710e-01
 6350.0 6450.0     9.6920838e-01    8.1377222e+00     8.5506146e-01
 6450.0 6550.0     9.7171409e-01    7.9669543e+00     8.5517583e-01
 6550.0 6650.0     9.7422627e-01    7.7997700e+00     8.5529019e-01
 6650.0 6750.0     9.7674495e-01    7.6360940e+00     8.5540455e-01
 6750.0 6850.0     9.7927014e-01    7.4758527e+00     8.5551891e-01
 6850.0 6950.0     9.8123038e-01    7.3142823e+00     8.5560232e-01
 6950.0 7050.0     9.8227295e-01    7.1487066e+00     8.5563582e-01
 7050.0 7150.0     9.8296634e-01    6.9840716e+00     8.5565035e-01
 7150.0 7250.0     9.8366021e-01    6.8232281e+00     8.5566488e-01
 7250.0 7350.0     9.8435457e-01    6.6660888e+00     8.5567940e-01
 7350.0 7450.0     9.8504942e-01    6.5125685e+00     8.5569393e-01
 7450.0 7550.0     9.8574476e-01    6.3625837e+00     8.5570846e-01
 7550.0 7650.0     9.8644059e-01    6.2160532e+00     8.5572299e-01
 7650.0 7750.0     9.8713691e-01    6.0728972e+00     8.5573751e-01
 7750.0 7850.0     9.8783372e-01    5.9330381e+00     8.5575204e-01
 7850.0 7950.0     9.8853103e-01    5.7963999e+00     8.5576657e-01
 7950.0 8050.0     9.8922883e-01    5.6629086e+00     8.5578110e-01
 8050.0 8150.0     9.8992712e-01    5.5324916e+00     8.5579562e-01
 8150.0 8250.0     9.9062590e-01    5.4050780e+00     8.5581015e-01
 8250.0 8350.0     9.9132518e-01    5.2805988e+00     8.5582468e-01
 8350.0 8450.0     9.9202495e-01    5.1589864e+00     8.5583921e-01
 8450.0 8550.0     9.9272522e-01    5.0401747e+00     8.5585374e-01
