 1216.0 1216.0     3.2202757e-01    2.4980662e+01     9.6422797e-01
 1300.0 1350.0     3.3472149e-01    2.5172979e+01     9.6126480e-01
 1350.0 1400.0     3.4026311e-01    2.5161448e+01     9.5991654e-01
 1400.0 1450.0     3.4531436e-01    2.5018746e+01     9.5858272e-01
 1450.0 1500.0     3.5029938e-01    2.4845548e+01     9.5725238e-01
 1500.0 1550.0     3.5535637e-01    2.4673549e+01     9.5592203e-01
 1550.0 1600.0     3.6048636e-01    2.4502740e+01     9.5459168e-01
 1600.0 1650.0     3.6536864e-01    2.4343780e+01     9.5327289e-01
 1650.0 1700.0     3.6946514e-01    2.4213841e+01     9.5198451e-01
 1700.0 1750.0     3.7307790e-01    2.4101926e+01     9.5071497e-01
 1754.0 1770.0     3.7577008e-01    2.4019384e+01     9.4977551e-01
 1770.0 1786.0     3.7694200e-01    2.3983803e+01     9.4936926e-01
 1786.0 1802.0     3.7811758e-01    2.3948274e+01     9.4896301e-01
 1802.0 1818.0     3.7929683e-01    2.3912798e+01     9.4855676e-01
 1818.0 1835.0     3.8051684e-01    2.3876270e+01     9.4813781e-01
 1835.0 1852.0     3.8177786e-01    2.3838692e+01     9.4770617e-01
 1852.0 1869.0     3.8304306e-01    2.3801173e+01     9.4727453e-01
 1869.0 1887.0     3.8434992e-01    2.3762613e+01     9.4683019e-01
 1887.0 1905.0     3.8569870e-01    2.3723016e+01     9.4637316e-01
 1905.0 1923.0     3.8705222e-01    2.3683484e+01     9.4591613e-01
 1923.0 1942.0     3.8844835e-01    2.3642924e+01     9.4544640e-01
 1942.0 1961.0     3.8988738e-01    2.3601340e+01     9.4496398e-01
 1961.0 1980.0     3.9141288e-01    2.3543811e+01     9.4438385e-01
 1980.0 2000.0     3.9311816e-01    2.3458700e+01     9.4362819e-01
 2000.0 2020.0     3.9492356e-01    2.3362185e+01     9.4279470e-01
 2020.0 2041.0     3.9678281e-01    2.3263674e+01     9.4194038e-01
 2041.0 2062.0     3.9869636e-01    2.3163186e+01     9.4106522e-01
 2062.0 2083.0     4.0061915e-01    2.3063133e+01     9.4019005e-01
 2083.0 2105.0     4.0259744e-01    2.2961150e+01     9.3929406e-01
 2105.0 2128.0     4.0467821e-01    2.2854906e+01     9.3835638e-01
 2128.0 2151.0     4.0681620e-01    2.2746804e+01     9.3739787e-01
 2151.0 2174.0     4.0896549e-01    2.2639214e+01     9.3643936e-01
 2174.0 2200.0     4.1126785e-01    2.2525183e+01     9.3541834e-01
 2200.0 2222.0     4.1353486e-01    2.2413997e+01     9.3441815e-01
 2222.0 2247.0     4.1576766e-01    2.2305698e+01     9.3343880e-01
 2247.0 2273.0     4.1820384e-01    2.2188762e+01     9.3237611e-01
 2273.0 2299.0     4.2070235e-01    2.2070159e+01     9.3129257e-01
 2299.0 2326.0     4.2326441e-01    2.1949932e+01     9.3018820e-01
 2326.0 2353.0     4.2589071e-01    2.1828105e+01     9.2906299e-01
 2353.0 2381.0     4.2858254e-01    2.1704723e+01     9.2791695e-01
 2381.0 2410.0     4.3173597e-01    2.1579688e+01     9.2706731e-01
 2410.0 2439.0     4.3534855e-01    2.1455494e+01     9.2657392e-01
 2439.0 2469.0     4.3909567e-01    2.1330142e+01     9.2611170e-01
 2469.0 2500.0     4.4300372e-01    2.1201312e+01     9.2563382e-01
 2500.0 2532.0     4.4707642e-01    2.1069074e+01     9.2514027e-01
 2532.0 2564.0     4.5125180e-01    2.0935575e+01     9.2463889e-01
 2564.0 2597.0     4.5553266e-01    2.0800863e+01     9.2412967e-01
 2597.0 2632.0     4.6005488e-01    2.0660868e+01     9.2359694e-01
 2632.0 2667.0     4.6559369e-01    2.0470690e+01     9.2298167e-01
 2667.0 2703.0     4.7231251e-01    2.0222150e+01     9.2227553e-01
 2703.0 2740.0     4.7950290e-01    1.9959904e+01     9.2153526e-01
 2740.0 2778.0     4.8700431e-01    1.9694015e+01     9.2077472e-01
 2778.0 2817.0     4.9482786e-01    1.9424720e+01     9.1999390e-01
 2817.0 2857.0     5.0298526e-01    1.9152256e+01     9.1919279e-01
 2857.0 2899.0     5.1159559e-01    1.8873512e+01     9.1836126e-01
 2899.0 2941.0     5.2056692e-01    1.8592126e+01     9.1750946e-01
 2941.0 2985.0     5.2991911e-01    1.8289676e+01     9.1618240e-01
 2985.0 3030.0     5.3977653e-01    1.7957050e+01     9.1420452e-01
 3030.0 3077.0     5.5016090e-01    1.7613273e+01     9.1200321e-01
 3077.0 3125.0     5.6109245e-01    1.7265155e+01     9.0973011e-01
 3125.0 3175.0     5.7259806e-01    1.6913289e+01     9.0738523e-01
 3175.0 3225.0     5.8457921e-01    1.6561559e+01     9.0499250e-01
 3225.0 3275.0     5.9669205e-01    1.6220715e+01     9.0259488e-01
 3275.0 3325.0     6.0855263e-01    1.5901544e+01     9.0017687e-01
 3325.0 3375.0     6.2026496e-01    1.5599748e+01     8.9774338e-01
 3375.0 3425.0     6.3220270e-01    1.5303680e+01     8.9530989e-01
 3425.0 3450.0     6.4128470e-01    1.5084803e+01     8.9348477e-01
 3450.0 3550.0     6.5663380e-01    1.4739474e+01     8.9052128e-01
 3550.0 3650.0     6.7898303e-01    1.4305508e+01     8.8671232e-01
 3650.0 3750.0     6.9939812e-01    1.3987288e+01     8.8380466e-01
 3750.0 3850.0     7.2042703e-01    1.3676146e+01     8.8089699e-01
 3850.0 3950.0     7.4120953e-01    1.3394914e+01     8.7842395e-01
 3950.0 4050.0     7.6142920e-01    1.3149631e+01     8.7652280e-01
 4050.0 4150.0     7.8162516e-01    1.2918402e+01     8.7481508e-01
 4150.0 4250.0     8.0061315e-01    1.2705286e+01     8.7343791e-01
 4250.0 4350.0     8.1861196e-01    1.2507322e+01     8.7233508e-01
 4350.0 4450.0     8.3586583e-01    1.2309783e+01     8.7131193e-01
 4450.0 4550.0     8.4820500e-01    1.2103434e+01     8.7065099e-01
 4550.0 4650.0     8.5661593e-01    1.1891282e+01     8.7027256e-01
 4650.0 4750.0     8.6511028e-01    1.1682848e+01     8.6989414e-01
 4750.0 4850.0     8.7368885e-01    1.1478067e+01     8.6951571e-01
 4850.0 4950.0     8.8235249e-01    1.1276876e+01     8.6913728e-01
 4950.0 5050.0     8.9110204e-01    1.1079212e+01     8.6875885e-01
 5050.0 5150.0     8.9993835e-01    1.0885012e+01     8.6838042e-01
 5150.0 5250.0     9.0886229e-01    1.0694216e+01     8.6800200e-01
 5250.0 5350.0     9.1787472e-01    1.0506765e+01     8.6762357e-01
 5350.0 5450.0     9.2697651e-01    1.0322599e+01     8.6724514e-01
 5450.0 5550.0     9.3616856e-01    1.0141661e+01     8.6686671e-01
 5550.0 5650.0     9.4494179e-01    9.9629117e+00     8.6652588e-01
 5650.0 5750.0     9.5038266e-01    9.7808592e+00     8.6643566e-01
 5750.0 5850.0     9.5295881e-01    9.5966663e+00     8.6655847e-01
 5850.0 5950.0     9.5554195e-01    9.4159422e+00     8.6668128e-01
 5950.0 6050.0     9.5813208e-01    9.2386214e+00     8.6680409e-01
 6050.0 6150.0     9.6072924e-01    9.0646399e+00     8.6692690e-01
 6150.0 6250.0     9.6333344e-01    8.8939349e+00     8.6704971e-01
 6250.0 6350.0     9.6594470e-01    8.7264446e+00     8.6717253e-01
 6350.0 6450.0     9.6856303e-01    8.5621084e+00     8.6729534e-01
 6450.0 6550.0     9.7118847e-01    8.4008670e+00     8.6741815e-01
 6550.0 6650.0     9.7382102e-01    8.2426621e+00     8.6754096e-01
 6650.0 6750.0     9.7646070e-01    8.0874365e+00     8.6766377e-01
 6750.0 6850.0     9.7910754e-01    7.9351341e+00     8.6778658e-01
 6850.0 6950.0     9.8115607e-01    7.7802323e+00     8.6787659e-01
 6950.0 7050.0     9.8223248e-01    7.6196111e+00     8.6791371e-01
 7050.0 7150.0     9.8293892e-01    7.4590277e+00     8.6793072e-01
 7150.0 7250.0     9.8364588e-01    7.3018287e+00     8.6794774e-01
 7250.0 7350.0     9.8435334e-01    7.1479426e+00     8.6796475e-01
 7350.0 7450.0     9.8506132e-01    6.9972996e+00     8.6798177e-01
 7450.0 7550.0     9.8576980e-01    6.8498315e+00     8.6799878e-01
 7550.0 7650.0     9.8647879e-01    6.7054712e+00     8.6801579e-01
 7650.0 7750.0     9.8718829e-01    6.5641534e+00     8.6803281e-01
 7750.0 7850.0     9.8789830e-01    6.4258138e+00     8.6804982e-01
 7850.0 7950.0     9.8860883e-01    6.2903897e+00     8.6806684e-01
 7950.0 8050.0     9.8931986e-01    6.1578197e+00     8.6808385e-01
 8050.0 8150.0     9.9003140e-01    6.0280436e+00     8.6810087e-01
 8150.0 8250.0     9.9074346e-01    5.9010026e+00     8.6811788e-01
 8250.0 8350.0     9.9145603e-01    5.7766389e+00     8.6813490e-01
 8350.0 8450.0     9.9216911e-01    5.6548962e+00     8.6815191e-01
 8450.0 8550.0     9.9288271e-01    5.5357192e+00     8.6816893e-01
