 1216.0 1216.0     3.5105263e-01    2.1857107e+01     9.5525272e-01
 1300.0 1350.0     3.6642113e-01    2.2139067e+01     9.5131732e-01
 1350.0 1400.0     3.7297699e-01    2.2173521e+01     9.4954586e-01
 1400.0 1450.0     3.7871557e-01    2.2082312e+01     9.4781884e-01
 1450.0 1500.0     3.8431566e-01    2.1961440e+01     9.4610248e-01
 1500.0 1550.0     3.8999857e-01    2.1841231e+01     9.4438612e-01
 1550.0 1600.0     3.9576551e-01    2.1721679e+01     9.4266976e-01
 1600.0 1650.0     4.0124768e-01    2.1610775e+01     9.4096430e-01
 1650.0 1700.0     4.0582603e-01    2.1521426e+01     9.3928753e-01
 1700.0 1750.0     4.0984744e-01    2.1445446e+01     9.3762854e-01
 1754.0 1770.0     4.1284442e-01    2.1389364e+01     9.3640089e-01
 1770.0 1786.0     4.1414914e-01    2.1365171e+01     9.3587001e-01
 1786.0 1802.0     4.1545799e-01    2.1341005e+01     9.3533913e-01
 1802.0 1818.0     4.1677097e-01    2.1316867e+01     9.3480826e-01
 1818.0 1835.0     4.1812939e-01    2.1292003e+01     9.3426079e-01
 1835.0 1852.0     4.1953355e-01    2.1266415e+01     9.3369673e-01
 1852.0 1869.0     4.2094241e-01    2.1240859e+01     9.3313267e-01
 1869.0 1887.0     4.2239773e-01    2.1214583e+01     9.3255203e-01
 1887.0 1905.0     4.2389981e-01    2.1187590e+01     9.3195479e-01
 1905.0 1923.0     4.2540722e-01    2.1160631e+01     9.3135755e-01
 1923.0 1942.0     4.2696217e-01    2.1132960e+01     9.3074373e-01
 1942.0 1961.0     4.2856499e-01    2.1104577e+01     9.3011331e-01
 1961.0 1980.0     4.3022096e-01    2.1061244e+01     9.2936189e-01
 1980.0 2000.0     4.3200472e-01    2.0992328e+01     9.2839221e-01
 2000.0 2020.0     4.3387013e-01    2.0912948e+01     9.2732527e-01
 2020.0 2041.0     4.3579064e-01    2.0831899e+01     9.2623166e-01
 2041.0 2062.0     4.3776671e-01    2.0749195e+01     9.2511137e-01
 2062.0 2083.0     4.3975173e-01    2.0666819e+01     9.2399108e-01
 2083.0 2105.0     4.4179345e-01    2.0582825e+01     9.2284412e-01
 2105.0 2128.0     4.4394028e-01    2.0495289e+01     9.2164381e-01
 2128.0 2151.0     4.4614549e-01    2.0406189e+01     9.2041683e-01
 2151.0 2174.0     4.4836165e-01    2.0317476e+01     9.1918985e-01
 2174.0 2200.0     4.5073484e-01    2.0223415e+01     9.1788285e-01
 2200.0 2222.0     4.5307089e-01    2.0131666e+01     9.1660252e-01
 2222.0 2247.0     4.5537087e-01    2.0042261e+01     9.1534886e-01
 2247.0 2273.0     4.5787954e-01    1.9945687e+01     9.1398852e-01
 2273.0 2299.0     4.6045148e-01    1.9847694e+01     9.1260149e-01
 2299.0 2326.0     4.6308790e-01    1.9748316e+01     9.1118780e-01
 2326.0 2353.0     4.6578944e-01    1.9647571e+01     9.0974743e-01
 2353.0 2381.0     4.6855736e-01    1.9545493e+01     9.0828039e-01
 2381.0 2410.0     4.7182753e-01    1.9445446e+01     9.0717358e-01
 2410.0 2439.0     4.7560085e-01    1.9349854e+01     9.0650142e-01
 2439.0 2469.0     4.7951596e-01    1.9253706e+01     9.0586621e-01
 2469.0 2500.0     4.8359768e-01    1.9154801e+01     9.0520947e-01
 2500.0 2532.0     4.8784971e-01    1.9053186e+01     9.0453119e-01
 2532.0 2564.0     4.9220720e-01    1.8950506e+01     9.0384215e-01
 2564.0 2597.0     4.9667293e-01    1.8846793e+01     9.0314234e-01
 2597.0 2632.0     5.0138848e-01    1.8738904e+01     9.0241024e-01
 2632.0 2667.0     5.0705618e-01    1.8587517e+01     9.0157494e-01
 2667.0 2703.0     5.1381633e-01    1.8385180e+01     9.0062751e-01
 2703.0 2740.0     5.2102671e-01    1.8170849e+01     8.9963602e-01
 2740.0 2778.0     5.2854002e-01    1.7953247e+01     8.9861736e-01
 2778.0 2817.0     5.3636641e-01    1.7732553e+01     8.9757154e-01
 2817.0 2857.0     5.4451655e-01    1.7508946e+01     8.9649856e-01
 2857.0 2899.0     5.5310802e-01    1.7279848e+01     8.9538483e-01
 2899.0 2941.0     5.6204790e-01    1.7048233e+01     8.9424393e-01
 2941.0 2985.0     5.7123416e-01    1.6794663e+01     8.9250354e-01
 2985.0 3030.0     5.8074062e-01    1.6510181e+01     8.8994195e-01
 3030.0 3077.0     5.9069343e-01    1.6214548e+01     8.8709682e-01
 3077.0 3125.0     6.0114886e-01    1.5914800e+01     8.8415890e-01
 3125.0 3175.0     6.1212944e-01    1.5611421e+01     8.8112821e-01
 3175.0 3225.0     6.2353877e-01    1.5307753e+01     8.7803567e-01
 3225.0 3275.0     6.3503353e-01    1.5012831e+01     8.7493523e-01
 3275.0 3325.0     6.4620317e-01    1.4735263e+01     8.7180188e-01
 3325.0 3375.0     6.5715968e-01    1.4471663e+01     8.6864352e-01
 3375.0 3425.0     6.6830196e-01    1.4212779e+01     8.6548516e-01
 3425.0 3450.0     6.7676455e-01    1.4021231e+01     8.6311639e-01
 3450.0 3550.0     6.9102738e-01    1.3719393e+01     8.5926609e-01
 3550.0 3650.0     7.1185052e-01    1.3350065e+01     8.5426774e-01
 3650.0 3750.0     7.3091221e-01    1.3091075e+01     8.5039245e-01
 3750.0 3850.0     7.5048433e-01    1.2837109e+01     8.4651716e-01
 3850.0 3950.0     7.6972697e-01    1.2610174e+01     8.4319084e-01
 3950.0 4050.0     7.8833461e-01    1.2416279e+01     8.4058686e-01
 4050.0 4150.0     8.0683267e-01    1.2233517e+01     8.3822863e-01
 4150.0 4250.0     8.2406671e-01    1.2060789e+01     8.3629624e-01
 4250.0 4350.0     8.4025687e-01    1.1896583e+01     8.3471730e-01
 4350.0 4450.0     8.5570705e-01    1.1723771e+01     8.3324568e-01
 4450.0 4550.0     8.6659013e-01    1.1504949e+01     8.3226190e-01
 4550.0 4650.0     8.7383373e-01    1.1252648e+01     8.3165861e-01
 4650.0 4750.0     8.8113788e-01    1.1005880e+01     8.3105533e-01
 4750.0 4850.0     8.8850307e-01    1.0764524e+01     8.3045205e-01
 4850.0 4950.0     8.9592984e-01    1.0528460e+01     8.2984877e-01
 4950.0 5050.0     9.0341868e-01    1.0297574e+01     8.2924549e-01
 5050.0 5150.0     9.1097012e-01    1.0071750e+01     8.2864221e-01
 5150.0 5250.0     9.1858467e-01    9.8508789e+00     8.2803893e-01
 5250.0 5350.0     9.2626288e-01    9.6348513e+00     8.2743565e-01
 5350.0 5450.0     9.3400527e-01    9.4235612e+00     8.2683237e-01
 5450.0 5550.0     9.4181237e-01    9.2169046e+00     8.2622909e-01
 5550.0 5650.0     9.4925898e-01    9.0119992e+00     8.2567873e-01
 5650.0 5750.0     9.5391560e-01    8.7934989e+00     8.2548118e-01
 5750.0 5850.0     9.5617789e-01    8.5649527e+00     8.2558351e-01
 5850.0 5950.0     9.5844554e-01    8.3423465e+00     8.2568585e-01
 5950.0 6050.0     9.6071857e-01    8.1255259e+00     8.2578819e-01
 6050.0 6150.0     9.6299699e-01    7.9143405e+00     8.2589052e-01
 6150.0 6250.0     9.6528081e-01    7.7086440e+00     8.2599286e-01
 6250.0 6350.0     9.6757005e-01    7.5082936e+00     8.2609519e-01
 6350.0 6450.0     9.6986472e-01    7.3131503e+00     8.2619753e-01
 6450.0 6550.0     9.7216483e-01    7.1230789e+00     8.2629987e-01
 6550.0 6650.0     9.7447039e-01    6.9379475e+00     8.2640220e-01
 6650.0 6750.0     9.7678142e-01    6.7576278e+00     8.2650454e-01
 6750.0 6850.0     9.7909794e-01    6.5819946e+00     8.2660688e-01
 6850.0 6950.0     9.8091011e-01    6.4086575e+00     8.2668584e-01
 6950.0 7050.0     9.8190345e-01    6.2362648e+00     8.2672711e-01
 7050.0 7150.0     9.8258526e-01    6.0671572e+00     8.2675405e-01
 7150.0 7250.0     9.8326755e-01    5.9026353e+00     8.2678099e-01
 7250.0 7350.0     9.8395031e-01    5.7425747e+00     8.2680793e-01
 7350.0 7450.0     9.8463355e-01    5.5868544e+00     8.2683487e-01
 7450.0 7550.0     9.8531726e-01    5.4353568e+00     8.2686181e-01
 7550.0 7650.0     9.8600145e-01    5.2879672e+00     8.2688875e-01
 7650.0 7750.0     9.8668611e-01    5.1445745e+00     8.2691569e-01
 7750.0 7850.0     9.8737124e-01    5.0050700e+00     8.2694263e-01
 7850.0 7950.0     9.8805685e-01    4.8693485e+00     8.2696957e-01
 7950.0 8050.0     9.8874294e-01    4.7373073e+00     8.2699651e-01
 8050.0 8150.0     9.8942950e-01    4.6088467e+00     8.2702345e-01
 8150.0 8250.0     9.9011654e-01    4.4838695e+00     8.2705039e-01
 8250.0 8350.0     9.9080406e-01    4.3622813e+00     8.2707733e-01
 8350.0 8450.0     9.9149206e-01    4.2439901e+00     8.2710427e-01
 8450.0 8550.0     9.9218053e-01    4.1289067e+00     8.2713121e-01
