 1216.0 1216.0     4.3828782e-01    3.7690520e+00     8.5366092e-01
 1300.0 1350.0     4.7253260e-01    3.9740523e+00     8.3807254e-01
 1350.0 1400.0     4.8642977e-01    4.0441545e+00     8.3140877e-01
 1400.0 1450.0     4.9723459e-01    4.0794885e+00     8.2538561e-01
 1450.0 1500.0     5.0742647e-01    4.1064509e+00     8.1951619e-01
 1500.0 1550.0     5.1782724e-01    4.1335914e+00     8.1364678e-01
 1550.0 1600.0     5.2844120e-01    4.1609114e+00     8.0777736e-01
 1600.0 1650.0     5.3838651e-01    4.1867604e+00     8.0178174e-01
 1650.0 1700.0     5.4616976e-01    4.2084120e+00     7.9545399e-01
 1700.0 1750.0     5.5260497e-01    4.2274700e+00     7.8892033e-01
 1754.0 1770.0     5.5740720e-01    4.2416187e+00     7.8408542e-01
 1770.0 1786.0     5.5950048e-01    4.2477559e+00     7.8199465e-01
 1786.0 1802.0     5.6160161e-01    4.2539020e+00     7.7990388e-01
 1802.0 1818.0     5.6371063e-01    4.2600570e+00     7.7781311e-01
 1818.0 1835.0     5.6589399e-01    4.2664138e+00     7.7565700e-01
 1835.0 1852.0     5.6815222e-01    4.2729730e+00     7.7343555e-01
 1852.0 1869.0     5.7041946e-01    4.2795423e+00     7.7121411e-01
 1869.0 1887.0     5.7276297e-01    4.2863156e+00     7.6892733e-01
 1887.0 1905.0     5.7518334e-01    4.2932933e+00     7.6657521e-01
 1905.0 1923.0     5.7761394e-01    4.3002825e+00     7.6422309e-01
 1923.0 1942.0     5.8012291e-01    4.3074777e+00     7.6180563e-01
 1942.0 1961.0     5.8271089e-01    4.3148799e+00     7.5932284e-01
 1961.0 1980.0     5.8502803e-01    4.3165715e+00     7.5654166e-01
 1980.0 2000.0     5.8695225e-01    4.3089391e+00     7.5319781e-01
 2000.0 2020.0     5.8876292e-01    4.2977142e+00     7.4958971e-01
 2020.0 2041.0     5.9062472e-01    4.2862395e+00     7.4589140e-01
 2041.0 2062.0     5.9253797e-01    4.2745162e+00     7.4210289e-01
 2062.0 2083.0     5.9445741e-01    4.2628250e+00     7.3831437e-01
 2083.0 2105.0     5.9642908e-01    4.2508889e+00     7.3443566e-01
 2105.0 2128.0     5.9849945e-01    4.2384335e+00     7.3037654e-01
 2128.0 2151.0     6.0062317e-01    4.2257386e+00     7.2622722e-01
 2151.0 2174.0     6.0275444e-01    4.2130817e+00     7.2207789e-01
 2174.0 2200.0     6.0503328e-01    4.1996423e+00     7.1765796e-01
 2200.0 2222.0     6.0727336e-01    4.1865159e+00     7.1332824e-01
 2222.0 2247.0     6.0947540e-01    4.1737055e+00     7.0908871e-01
 2247.0 2273.0     6.1187370e-01    4.1598484e+00     7.0448837e-01
 2273.0 2299.0     6.1432865e-01    4.1457664e+00     6.9979784e-01
 2299.0 2326.0     6.1684104e-01    4.1314632e+00     6.9501709e-01
 2326.0 2353.0     6.1941131e-01    4.1169404e+00     6.9014615e-01
 2353.0 2381.0     6.2204028e-01    4.1022016e+00     6.8518500e-01
 2381.0 2410.0     6.2532217e-01    4.0919302e+00     6.8123818e-01
 2410.0 2439.0     6.2927911e-01    4.0869424e+00     6.7853374e-01
 2439.0 2469.0     6.3339469e-01    4.0824556e+00     6.7592290e-01
 2469.0 2500.0     6.3767809e-01    4.0778220e+00     6.7322356e-01
 2500.0 2532.0     6.4213234e-01    4.0730419e+00     6.7043571e-01
 2532.0 2564.0     6.4668890e-01    4.0681917e+00     6.6760362e-01
 2564.0 2597.0     6.5135000e-01    4.0632717e+00     6.6472727e-01
 2597.0 2632.0     6.5626247e-01    4.0581310e+00     6.6171816e-01
 2632.0 2667.0     6.6120699e-01    4.0360898e+00     6.5806071e-01
 2667.0 2703.0     6.6607547e-01    3.9934224e+00     6.5366402e-01
 2703.0 2740.0     6.7108621e-01    3.9465161e+00     6.4902439e-01
 2740.0 2778.0     6.7627348e-01    3.8988984e+00     6.4425764e-01
 2778.0 2817.0     6.8164080e-01    3.8506085e+00     6.3936378e-01
 2817.0 2857.0     6.8719181e-01    3.8016859e+00     6.3434281e-01
 2857.0 2899.0     6.9300173e-01    3.7515668e+00     6.2913117e-01
 2899.0 2941.0     6.9900368e-01    3.7009022e+00     6.2379242e-01
 2941.0 2985.0     7.0426766e-01    3.6310724e+00     6.1624737e-01
 2985.0 3030.0     7.0851346e-01    3.5356749e+00     6.0567642e-01
 3030.0 3077.0     7.1260566e-01    3.4334964e+00     5.9403274e-01
 3077.0 3125.0     7.1685599e-01    3.3310677e+00     5.8200936e-01
 3125.0 3175.0     7.2126723e-01    3.2286215e+00     5.6960630e-01
 3175.0 3225.0     7.2579620e-01    3.1272999e+00     5.5695012e-01
 3225.0 3275.0     7.3032063e-01    3.0280054e+00     5.4429455e-01
 3275.0 3325.0     7.3473521e-01    2.9271842e+00     5.3164149e-01
 3325.0 3375.0     7.3907144e-01    2.8261972e+00     5.1899035e-01
 3375.0 3425.0     7.4343325e-01    2.7286942e+00     5.0633921e-01
 3425.0 3450.0     7.4671907e-01    2.6574738e+00     4.9685086e-01
 3450.0 3550.0     7.5231640e-01    2.5474322e+00     4.8134038e-01
 3550.0 3650.0     7.6221165e-01    2.4079335e+00     4.6013463e-01
 3650.0 3750.0     7.7308142e-01    2.3046340e+00     4.4241852e-01
 3750.0 3850.0     7.8410620e-01    2.2057661e+00     4.2470241e-01
 3850.0 3950.0     7.9538365e-01    2.1120654e+00     4.0868150e-01
 3950.0 4050.0     8.0694932e-01    2.0235516e+00     3.9489113e-01
 4050.0 4150.0     8.1855947e-01    1.9376764e+00     3.8187025e-01
 4150.0 4250.0     8.2941926e-01    1.8478096e+00     3.7022685e-01
 4250.0 4350.0     8.3966069e-01    1.7558462e+00     3.5972676e-01
 4350.0 4450.0     8.4923796e-01    1.6625937e+00     3.4963613e-01
 4450.0 4550.0     8.5531409e-01    1.5491480e+00     3.4140669e-01
 4550.0 4650.0     8.5862245e-01    1.4243804e+00     3.3462899e-01
 4650.0 4750.0     8.6194360e-01    1.3096615e+00     3.2785128e-01
 4750.0 4850.0     8.6527760e-01    1.2041820e+00     3.2107357e-01
 4850.0 4950.0     8.6862450e-01    1.1071977e+00     3.1429587e-01
 4950.0 5050.0     8.7198434e-01    1.0180246e+00     3.0751816e-01
 5050.0 5150.0     8.7535718e-01    9.3603337e-01     3.0074045e-01
 5150.0 5250.0     8.7874306e-01    8.6064570e-01     2.9396274e-01
 5250.0 5350.0     8.8214204e-01    7.9132971e-01     2.8718504e-01
 5350.0 5450.0     8.8555417e-01    7.2759640e-01     2.8040733e-01
 5450.0 5550.0     8.8897949e-01    6.6899614e-01     2.7362962e-01
 5550.0 5650.0     8.9233952e-01    6.1559869e-01     2.6709291e-01
 5650.0 5750.0     8.9518727e-01    5.6948218e-01     2.6216283e-01
 5750.0 5850.0     8.9759788e-01    5.2936711e-01     2.5859839e-01
 5850.0 5950.0     9.0001498e-01    4.9207780e-01     2.5503394e-01
 5950.0 6050.0     9.0243859e-01    4.5741519e-01     2.5146950e-01
 6050.0 6150.0     9.0486872e-01    4.2519427e-01     2.4790505e-01
 6150.0 6250.0     9.0730540e-01    3.9524303e-01     2.4434061e-01
 6250.0 6350.0     9.0974864e-01    3.6740159e-01     2.4077616e-01
 6350.0 6450.0     9.1219846e-01    3.4152134e-01     2.3721172e-01
 6450.0 6550.0     9.1465488e-01    3.1746413e-01     2.3364727e-01
 6550.0 6650.0     9.1711791e-01    2.9510154e-01     2.3008283e-01
 6650.0 6750.0     9.1958757e-01    2.7431420e-01     2.2651838e-01
 6750.0 6850.0     9.2206389e-01    2.5499115e-01     2.2295394e-01
 6850.0 6950.0     9.2431940e-01    2.3818984e-01     2.1976548e-01
 6950.0 7050.0     9.2621333e-01    2.2433526e-01     2.1718344e-01
 7050.0 7150.0     9.2797150e-01    2.1196199e-01     2.1483184e-01
 7150.0 7250.0     9.2973300e-01    2.0027116e-01     2.1248024e-01
 7250.0 7350.0     9.3149785e-01    1.8922515e-01     2.1012865e-01
 7350.0 7450.0     9.3326604e-01    1.7878838e-01     2.0777705e-01
 7450.0 7550.0     9.3503759e-01    1.6892725e-01     2.0542545e-01
 7550.0 7650.0     9.3681251e-01    1.5961002e-01     2.0307385e-01
 7650.0 7750.0     9.3859080e-01    1.5080669e-01     2.0072225e-01
 7750.0 7850.0     9.4037246e-01    1.4248890e-01     1.9837066e-01
 7850.0 7950.0     9.4215750e-01    1.3462988e-01     1.9601906e-01
 7950.0 8050.0     9.4394593e-01    1.2720433e-01     1.9366746e-01
 8050.0 8150.0     9.4573776e-01    1.2018834e-01     1.9131586e-01
 8150.0 8250.0     9.4753298e-01    1.1355932e-01     1.8896426e-01
 8250.0 8350.0     9.4933162e-01    1.0729592e-01     1.8661267e-01
 8350.0 8450.0     9.5113367e-01    1.0137798e-01     1.8426107e-01
 8450.0 8550.0     9.5293914e-01    9.5786452e-02     1.8190947e-01
