 1216.0 1216.0     4.1107702e-01    8.9870744e+00     8.9602671e-01
 1300.0 1350.0     4.3811349e-01    9.3206706e+00     8.8339411e-01
 1350.0 1400.0     4.4941426e-01    9.4272510e+00     8.7804434e-01
 1400.0 1450.0     4.5880982e-01    9.4690044e+00     8.7328010e-01
 1450.0 1500.0     4.6786687e-01    9.4950648e+00     8.6865639e-01
 1500.0 1550.0     4.7710271e-01    9.5211969e+00     8.6403268e-01
 1550.0 1600.0     4.8652086e-01    9.5474010e+00     8.5940897e-01
 1600.0 1650.0     4.9545980e-01    9.5741213e+00     8.5477485e-01
 1650.0 1700.0     5.0279891e-01    9.6020876e+00     8.5011334e-01
 1700.0 1750.0     5.0914930e-01    9.6308626e+00     8.4543485e-01
 1754.0 1770.0     5.1389108e-01    9.6522019e+00     8.4197277e-01
 1770.0 1786.0     5.1595917e-01    9.6614485e+00     8.4047565e-01
 1786.0 1802.0     5.1803559e-01    9.6707040e+00     8.3897854e-01
 1802.0 1818.0     5.2012037e-01    9.6799684e+00     8.3748142e-01
 1818.0 1835.0     5.2227922e-01    9.6895317e+00     8.3593752e-01
 1835.0 1852.0     5.2451272e-01    9.6993945e+00     8.3434683e-01
 1852.0 1869.0     5.2675577e-01    9.7092674e+00     8.3275615e-01
 1869.0 1887.0     5.2907496e-01    9.7194413e+00     8.3111867e-01
 1887.0 1905.0     5.3147091e-01    9.7299169e+00     8.2943442e-01
 1905.0 1923.0     5.3387772e-01    9.7404037e+00     8.2775016e-01
 1923.0 1942.0     5.3636289e-01    9.7511938e+00     8.2601912e-01
 1942.0 1961.0     5.3892712e-01    9.7622878e+00     8.2424130e-01
 1961.0 1980.0     5.4132491e-01    9.7633362e+00     8.2221511e-01
 1980.0 2000.0     5.4350354e-01    9.7479406e+00     8.1972820e-01
 2000.0 2020.0     5.4563973e-01    9.7261770e+00     8.1702894e-01
 2020.0 2041.0     5.4783815e-01    9.7039204e+00     8.1426220e-01
 2041.0 2062.0     5.5009926e-01    9.6811731e+00     8.1142797e-01
 2062.0 2083.0     5.5236971e-01    9.6584792e+00     8.0859375e-01
 2083.0 2105.0     5.5470404e-01    9.6353006e+00     8.0569204e-01
 2105.0 2128.0     5.5715750e-01    9.6111036e+00     8.0265537e-01
 2128.0 2151.0     5.5967658e-01    9.5864310e+00     7.9955122e-01
 2151.0 2174.0     5.6220705e-01    9.5618217e+00     7.9644707e-01
 2174.0 2200.0     5.6491553e-01    9.5356791e+00     7.9314047e-01
 2200.0 2222.0     5.6758047e-01    9.5101344e+00     7.8990136e-01
 2222.0 2247.0     5.7020298e-01    9.4851930e+00     7.8672973e-01
 2247.0 2273.0     5.7306211e-01    9.4582014e+00     7.8328817e-01
 2273.0 2299.0     5.7599191e-01    9.4307590e+00     7.7977913e-01
 2299.0 2326.0     5.7899362e-01    9.4028714e+00     7.7620260e-01
 2326.0 2353.0     5.8206791e-01    9.3745418e+00     7.7255860e-01
 2353.0 2381.0     5.8521606e-01    9.3457760e+00     7.6884711e-01
 2381.0 2410.0     5.8901545e-01    9.3265844e+00     7.6586153e-01
 2410.0 2439.0     5.9347712e-01    9.3186654e+00     7.6376866e-01
 2439.0 2469.0     5.9811211e-01    9.3118528e+00     7.6174074e-01
 2469.0 2500.0     6.0294229e-01    9.3048145e+00     7.5964408e-01
 2500.0 2532.0     6.0797179e-01    9.2975510e+00     7.5747868e-01
 2532.0 2564.0     6.1312374e-01    9.2901781e+00     7.5527890e-01
 2564.0 2597.0     6.1840122e-01    9.2826959e+00     7.5304476e-01
 2597.0 2632.0     6.2397128e-01    9.2748749e+00     7.5070750e-01
 2632.0 2667.0     6.3012707e-01    9.2467876e+00     7.4807753e-01
 2667.0 2703.0     6.3688887e-01    9.1938721e+00     7.4513516e-01
 2703.0 2740.0     6.4399652e-01    9.1355547e+00     7.4206226e-01
 2740.0 2778.0     6.5138150e-01    9.0760249e+00     7.3890518e-01
 2778.0 2817.0     6.5905154e-01    9.0153110e+00     7.3566391e-01
 2817.0 2857.0     6.6701467e-01    8.9534423e+00     7.3233844e-01
 2857.0 2899.0     6.7538262e-01    8.8896760e+00     7.2888670e-01
 2899.0 2941.0     6.8406220e-01    8.8248196e+00     7.2535076e-01
 2941.0 2985.0     6.9225125e-01    8.7316228e+00     7.2027039e-01
 2985.0 3030.0     6.9974482e-01    8.6002028e+00     7.1307249e-01
 3030.0 3077.0     7.0729344e-01    8.4572274e+00     7.0512881e-01
 3077.0 3125.0     7.1517323e-01    8.3120706e+00     6.9692611e-01
 3125.0 3175.0     7.2339433e-01    8.1649535e+00     6.8846436e-01
 3175.0 3225.0     7.3187964e-01    8.0174911e+00     6.7982993e-01
 3225.0 3275.0     7.4029639e-01    7.8705209e+00     6.7117538e-01
 3275.0 3325.0     7.4810412e-01    7.7173352e+00     6.6243698e-01
 3325.0 3375.0     7.5545681e-01    7.5603978e+00     6.5363486e-01
 3375.0 3425.0     7.6288177e-01    7.4066517e+00     6.4483275e-01
 3425.0 3450.0     7.6849144e-01    7.2931088e+00     6.3823116e-01
 3450.0 3550.0     7.7789906e-01    7.1152074e+00     6.2745762e-01
 3550.0 3650.0     7.9216459e-01    6.9023688e+00     6.1294634e-01
 3650.0 3750.0     8.0575405e-01    6.7590781e+00     6.0106981e-01
 3750.0 3850.0     8.1957664e-01    6.6187621e+00     5.8919327e-01
 3850.0 3950.0     8.3309100e-01    6.4870378e+00     5.7865457e-01
 3950.0 4050.0     8.4610840e-01    6.3653801e+00     5.6987618e-01
 4050.0 4150.0     8.5892582e-01    6.2442801e+00     5.6170868e-01
 4150.0 4250.0     8.7057778e-01    6.1053709e+00     5.5464962e-01
 4250.0 4350.0     8.8125819e-01    5.9529676e+00     5.4851056e-01
 4350.0 4450.0     8.9127522e-01    5.7805795e+00     5.4269620e-01
 4450.0 4550.0     8.9777783e-01    5.5094657e+00     5.3835771e-01
 4550.0 4650.0     9.0150221e-01    5.1721867e+00     5.3517041e-01
 4650.0 4750.0     9.0524205e-01    4.8555553e+00     5.3198310e-01
 4750.0 4850.0     9.0899740e-01    4.5583075e+00     5.2879580e-01
 4850.0 4950.0     9.1276833e-01    4.2792566e+00     5.2560850e-01
 4950.0 5050.0     9.1655491e-01    4.0172887e+00     5.2242120e-01
 5050.0 5150.0     9.2035719e-01    3.7713580e+00     5.1923389e-01
 5150.0 5250.0     9.2417524e-01    3.5404827e+00     5.1604659e-01
 5250.0 5350.0     9.2800914e-01    3.3237411e+00     5.1285929e-01
 5350.0 5450.0     9.3185894e-01    3.1202680e+00     5.0967199e-01
 5450.0 5550.0     9.3572471e-01    2.9292512e+00     5.0648468e-01
 5550.0 5650.0     9.3944449e-01    2.7499797e+00     5.0347089e-01
 5650.0 5750.0     9.4209648e-01    2.5820063e+00     5.0161380e-01
 5750.0 5850.0     9.4383629e-01    2.4245681e+00     5.0073990e-01
 5850.0 5950.0     9.4557931e-01    2.2767297e+00     4.9986601e-01
 5950.0 6050.0     9.4732554e-01    2.1379057e+00     4.9899212e-01
 6050.0 6150.0     9.4907501e-01    2.0075465e+00     4.9811822e-01
 6150.0 6250.0     9.5082770e-01    1.8851361e+00     4.9724433e-01
 6250.0 6350.0     9.5258363e-01    1.7701896e+00     4.9637044e-01
 6350.0 6450.0     9.5434280e-01    1.6622520e+00     4.9549654e-01
 6450.0 6550.0     9.5610522e-01    1.5608959e+00     4.9462265e-01
 6550.0 6650.0     9.5787090e-01    1.4657200e+00     4.9374876e-01
 6650.0 6750.0     9.5963983e-01    1.3763475e+00     4.9287487e-01
 6750.0 6850.0     9.6141204e-01    1.2924245e+00     4.9200097e-01
 6850.0 6950.0     9.6294617e-01    1.2184206e+00     4.9129842e-01
 6950.0 7050.0     9.6409341e-01    1.1562795e+00     4.9087224e-01
 7050.0 7150.0     9.6509398e-01    1.1001191e+00     4.9055106e-01
 7150.0 7250.0     9.6609559e-01    1.0466864e+00     4.9022989e-01
 7250.0 7350.0     9.6709824e-01    9.9584891e-01     4.8990872e-01
 7350.0 7450.0     9.6810192e-01    9.4748059e-01     4.8958755e-01
 7450.0 7550.0     9.6910666e-01    9.0146152e-01     4.8926638e-01
 7550.0 7650.0     9.7011243e-01    8.5767759e-01     4.8894521e-01
 7650.0 7750.0     9.7111925e-01    8.1602025e-01     4.8862404e-01
 7750.0 7850.0     9.7212711e-01    7.7638620e-01     4.8830286e-01
 7850.0 7950.0     9.7313602e-01    7.3867717e-01     4.8798169e-01
 7950.0 8050.0     9.7414597e-01    7.0279967e-01     4.8766052e-01
 8050.0 8150.0     9.7515698e-01    6.6866474e-01     4.8733935e-01
 8150.0 8250.0     9.7616903e-01    6.3618774e-01     4.8701818e-01
 8250.0 8350.0     9.7718213e-01    6.0528814e-01     4.8669701e-01
 8350.0 8450.0     9.7819629e-01    5.7588933e-01     4.8637584e-01
 8450.0 8550.0     9.7921149e-01    5.4791843e-01     4.8605467e-01
