 1216.0 1216.0     4.0230907e-01    1.5939267e+01     9.2487063e-01
 1300.0 1350.0     4.2476335e-01    1.6383101e+01     9.1697273e-01
 1350.0 1400.0     4.3407755e-01    1.6504660e+01     9.1353618e-01
 1400.0 1450.0     4.4177083e-01    1.6514538e+01     9.1034480e-01
 1450.0 1500.0     4.4915698e-01    1.6497432e+01     9.0721227e-01
 1500.0 1550.0     4.5666662e-01    1.6480344e+01     9.0407974e-01
 1550.0 1600.0     4.6430181e-01    1.6463274e+01     9.0094720e-01
 1600.0 1650.0     4.7153511e-01    1.6448722e+01     8.9781573e-01
 1650.0 1700.0     4.7747819e-01    1.6440764e+01     8.9468703e-01
 1700.0 1750.0     4.8262384e-01    1.6436890e+01     8.9156006e-01
 1754.0 1770.0     4.8646101e-01    1.6434023e+01     8.8924610e-01
 1770.0 1786.0     4.8813248e-01    1.6432784e+01     8.8824547e-01
 1786.0 1802.0     4.8980970e-01    1.6431545e+01     8.8724484e-01
 1802.0 1818.0     4.9149268e-01    1.6430305e+01     8.8624421e-01
 1818.0 1835.0     4.9323440e-01    1.6429028e+01     8.8521231e-01
 1835.0 1852.0     4.9503527e-01    1.6427711e+01     8.8414914e-01
 1852.0 1869.0     4.9684270e-01    1.6426395e+01     8.8308597e-01
 1869.0 1887.0     4.9871029e-01    1.6425040e+01     8.8199153e-01
 1887.0 1905.0     5.0063846e-01    1.6423647e+01     8.8086582e-01
 1905.0 1923.0     5.0257409e-01    1.6422253e+01     8.7974011e-01
 1923.0 1942.0     5.0457139e-01    1.6420821e+01     8.7858313e-01
 1942.0 1961.0     5.0663082e-01    1.6419351e+01     8.7739488e-01
 1961.0 1980.0     5.0863198e-01    1.6403692e+01     8.7601340e-01
 1980.0 2000.0     5.1058457e-01    1.6364407e+01     8.7427861e-01
 2000.0 2020.0     5.1255488e-01    1.6315756e+01     8.7238374e-01
 2020.0 2041.0     5.1458244e-01    1.6266040e+01     8.7044150e-01
 2041.0 2062.0     5.1666766e-01    1.6215267e+01     8.6845188e-01
 2062.0 2083.0     5.1876134e-01    1.6164652e+01     8.6646227e-01
 2083.0 2105.0     5.2091376e-01    1.6112997e+01     8.6442528e-01
 2105.0 2128.0     5.2317585e-01    1.6059117e+01     8.6229355e-01
 2128.0 2151.0     5.2549825e-01    1.6004224e+01     8.6011445e-01
 2151.0 2174.0     5.2783097e-01    1.5949518e+01     8.5793535e-01
 2174.0 2200.0     5.3032757e-01    1.5891457e+01     8.5561413e-01
 2200.0 2222.0     5.3278383e-01    1.5834771e+01     8.5334028e-01
 2222.0 2247.0     5.3520077e-01    1.5779476e+01     8.5111381e-01
 2247.0 2273.0     5.3783555e-01    1.5719689e+01     8.4869785e-01
 2273.0 2299.0     5.4053522e-01    1.5658961e+01     8.4623451e-01
 2299.0 2326.0     5.4330089e-01    1.5597308e+01     8.4372381e-01
 2326.0 2353.0     5.4613315e-01    1.5534740e+01     8.4116573e-01
 2353.0 2381.0     5.4903318e-01    1.5471274e+01     8.3856028e-01
 2381.0 2410.0     5.5251676e-01    1.5416817e+01     8.3651168e-01
 2410.0 2439.0     5.5659177e-01    1.5373730e+01     8.3514247e-01
 2439.0 2469.0     5.6082282e-01    1.5331318e+01     8.3382613e-01
 2469.0 2500.0     5.6523112e-01    1.5287592e+01     8.3246518e-01
 2500.0 2532.0     5.6982032e-01    1.5242563e+01     8.3105960e-01
 2532.0 2564.0     5.7452023e-01    1.5196954e+01     8.2963170e-01
 2564.0 2597.0     5.7933355e-01    1.5150773e+01     8.2818150e-01
 2597.0 2632.0     5.8441253e-01    1.5102612e+01     8.2666437e-01
 2632.0 2667.0     5.9021583e-01    1.5019955e+01     8.2496424e-01
 2667.0 2703.0     5.9681262e-01    1.4895953e+01     8.2307002e-01
 2703.0 2740.0     6.0378610e-01    1.4762535e+01     8.2109301e-01
 2740.0 2778.0     6.1103550e-01    1.4626706e+01     8.1906183e-01
 2778.0 2817.0     6.1856879e-01    1.4488555e+01     8.1697649e-01
 2817.0 2857.0     6.2639428e-01    1.4348172e+01     8.1483699e-01
 2857.0 2899.0     6.3462233e-01    1.4203905e+01     8.1261624e-01
 2899.0 2941.0     6.4316178e-01    1.4057605e+01     8.1034132e-01
 2941.0 2985.0     6.5156065e-01    1.3880606e+01     8.0701311e-01
 2985.0 3030.0     6.5974862e-01    1.3661748e+01     8.0224120e-01
 3030.0 3077.0     6.6815939e-01    1.3429430e+01     7.9696418e-01
 3077.0 3125.0     6.7695636e-01    1.3193659e+01     7.9151509e-01
 3125.0 3175.0     6.8615314e-01    1.2954802e+01     7.8589391e-01
 3175.0 3225.0     6.9566510e-01    1.2715483e+01     7.8015802e-01
 3225.0 3275.0     7.0517350e-01    1.2480457e+01     7.7440336e-01
 3275.0 3325.0     7.1424220e-01    1.2249250e+01     7.6857048e-01
 3325.0 3375.0     7.2299353e-01    1.2021928e+01     7.6267817e-01
 3375.0 3425.0     7.3185207e-01    1.1798825e+01     7.5678586e-01
 3425.0 3450.0     7.3855687e-01    1.1633837e+01     7.5236663e-01
 3450.0 3550.0     7.4981463e-01    1.1374942e+01     7.4516562e-01
 3550.0 3650.0     7.6660386e-01    1.1068347e+01     7.3560020e-01
 3650.0 3750.0     7.8232345e-01    1.0865853e+01     7.2792522e-01
 3750.0 3850.0     7.9836538e-01    1.0667062e+01     7.2025025e-01
 3850.0 3950.0     8.1407153e-01    1.0487794e+01     7.1352970e-01
 3950.0 4050.0     8.2920884e-01    1.0332396e+01     7.0806497e-01
 4050.0 4150.0     8.4416254e-01    1.0181992e+01     7.0303390e-01
 4150.0 4250.0     8.5788692e-01    1.0020661e+01     6.9878084e-01
 4250.0 4350.0     8.7058869e-01    9.8510402e+00     6.9517353e-01
 4350.0 4450.0     8.8259660e-01    9.6567277e+00     6.9178587e-01
 4450.0 4550.0     8.9073651e-01    9.3444853e+00     6.8939667e-01
 4550.0 4650.0     8.9581003e-01    8.9490029e+00     6.8778625e-01
 4650.0 4750.0     9.0091246e-01    8.5702584e+00     6.8617583e-01
 4750.0 4850.0     9.0604395e-01    8.2075433e+00     6.8456542e-01
 4850.0 4950.0     9.1120467e-01    7.8601792e+00     6.8295500e-01
 4950.0 5050.0     9.1639478e-01    7.5275165e+00     6.8134458e-01
 5050.0 5150.0     9.2161445e-01    7.2089328e+00     6.7973417e-01
 5150.0 5250.0     9.2686386e-01    6.9038325e+00     6.7812375e-01
 5250.0 5350.0     9.3214316e-01    6.6116448e+00     6.7651333e-01
 5350.0 5450.0     9.3745254e-01    6.3318232e+00     6.7490292e-01
 5450.0 5550.0     9.4279216e-01    6.0638443e+00     6.7329250e-01
 5550.0 5650.0     9.4789933e-01    5.8052580e+00     6.7179900e-01
 5650.0 5750.0     9.5127699e-01    5.5452048e+00     6.7108493e-01
 5750.0 5850.0     9.5317464e-01    5.2862754e+00     6.7103338e-01
 5850.0 5950.0     9.5507607e-01    5.0394366e+00     6.7098183e-01
 5950.0 6050.0     9.5698130e-01    4.8041237e+00     6.7093028e-01
 6050.0 6150.0     9.5889033e-01    4.5797985e+00     6.7087873e-01
 6150.0 6250.0     9.6080316e-01    4.3659481e+00     6.7082717e-01
 6250.0 6350.0     9.6271981e-01    4.1620833e+00     6.7077562e-01
 6350.0 6450.0     9.6464028e-01    3.9677378e+00     6.7072407e-01
 6450.0 6550.0     9.6656459e-01    3.7824671e+00     6.7067252e-01
 6550.0 6650.0     9.6849273e-01    3.6058475e+00     6.7062097e-01
 6650.0 6750.0     9.7042472e-01    3.4374750e+00     6.7056942e-01
 6750.0 6850.0     9.7236057e-01    3.2769645e+00     6.7051787e-01
 6850.0 6950.0     9.7394734e-01    3.1302938e+00     6.7052413e-01
 6950.0 7050.0     9.7496743e-01    3.0002805e+00     6.7062363e-01
 7050.0 7150.0     9.7577218e-01    2.8794068e+00     6.7075856e-01
 7150.0 7250.0     9.7657759e-01    2.7634028e+00     6.7089349e-01
 7250.0 7350.0     9.7738367e-01    2.6520723e+00     6.7102842e-01
 7350.0 7450.0     9.7819041e-01    2.5452270e+00     6.7116335e-01
 7450.0 7550.0     9.7899782e-01    2.4426863e+00     6.7129828e-01
 7550.0 7650.0     9.7980589e-01    2.3442766e+00     6.7143321e-01
 7650.0 7750.0     9.8061463e-01    2.2498317e+00     6.7156814e-01
 7750.0 7850.0     9.8142404e-01    2.1591916e+00     6.7170307e-01
 7850.0 7950.0     9.8223412e-01    2.0722033e+00     6.7183800e-01
 7950.0 8050.0     9.8304487e-01    1.9887195e+00     6.7197293e-01
 8050.0 8150.0     9.8385628e-01    1.9085990e+00     6.7210786e-01
 8150.0 8250.0     9.8466837e-01    1.8317064e+00     6.7224279e-01
 8250.0 8350.0     9.8548112e-01    1.7579116e+00     6.7237772e-01
 8350.0 8450.0     9.8629455e-01    1.6870898e+00     6.7251265e-01
 8450.0 8550.0     9.8710865e-01    1.6191212e+00     6.7264758e-01
