 1216.0 1216.0     4.1049342e-01    1.2569393e+01     9.0938706e-01
 1300.0 1350.0     4.3563603e-01    1.2990043e+01     8.9904478e-01
 1350.0 1400.0     4.4608076e-01    1.3117024e+01     8.9461358e-01
 1400.0 1450.0     4.5469573e-01    1.3152936e+01     8.9059418e-01
 1450.0 1500.0     4.6297108e-01    1.3166782e+01     8.8667362e-01
 1500.0 1550.0     4.7139703e-01    1.3180642e+01     8.8275305e-01
 1550.0 1600.0     4.7997634e-01    1.3194518e+01     8.7883248e-01
 1600.0 1650.0     4.8810884e-01    1.3209498e+01     8.7490675e-01
 1650.0 1700.0     4.9478091e-01    1.3227368e+01     8.7096744e-01
 1700.0 1750.0     5.0055018e-01    1.3247044e+01     8.6701970e-01
 1754.0 1770.0     5.0485510e-01    1.3261620e+01     8.6409837e-01
 1770.0 1786.0     5.0673143e-01    1.3267929e+01     8.6283510e-01
 1786.0 1802.0     5.0861474e-01    1.3274242e+01     8.6157182e-01
 1802.0 1818.0     5.1050505e-01    1.3280557e+01     8.6030854e-01
 1818.0 1835.0     5.1246191e-01    1.3287073e+01     8.5900579e-01
 1835.0 1852.0     5.1448579e-01    1.3293790e+01     8.5766356e-01
 1852.0 1869.0     5.1651766e-01    1.3300510e+01     8.5632133e-01
 1869.0 1887.0     5.1861780e-01    1.3307431e+01     8.5493962e-01
 1887.0 1905.0     5.2078673e-01    1.3314554e+01     8.5351843e-01
 1905.0 1923.0     5.2296472e-01    1.3321681e+01     8.5209725e-01
 1923.0 1942.0     5.2521284e-01    1.3329010e+01     8.5063658e-01
 1942.0 1961.0     5.2753164e-01    1.3336541e+01     8.4913644e-01
 1961.0 1980.0     5.2973308e-01    1.3331313e+01     8.4741134e-01
 1980.0 2000.0     5.3179254e-01    1.3305050e+01     8.4527181e-01
 2000.0 2020.0     5.3383639e-01    1.3270558e+01     8.4294283e-01
 2020.0 2041.0     5.3593959e-01    1.3235298e+01     8.4055563e-01
 2041.0 2062.0     5.3810258e-01    1.3199274e+01     8.3811021e-01
 2062.0 2083.0     5.4027429e-01    1.3163348e+01     8.3566478e-01
 2083.0 2105.0     5.4250691e-01    1.3126669e+01     8.3316113e-01
 2105.0 2128.0     5.4485324e-01    1.3088394e+01     8.3054103e-01
 2128.0 2151.0     5.4726209e-01    1.3049382e+01     8.2786271e-01
 2151.0 2174.0     5.4968159e-01    1.3010486e+01     8.2518439e-01
 2174.0 2200.0     5.5227102e-01    1.2969185e+01     8.2233139e-01
 2200.0 2222.0     5.5481858e-01    1.2928845e+01     8.1953662e-01
 2222.0 2247.0     5.5732529e-01    1.2889476e+01     8.1680007e-01
 2247.0 2273.0     5.6005789e-01    1.2846889e+01     8.1383062e-01
 2273.0 2299.0     5.6285774e-01    1.2803611e+01     8.1080295e-01
 2299.0 2326.0     5.6572596e-01    1.2759652e+01     8.0771706e-01
 2326.0 2353.0     5.6866320e-01    1.2715017e+01     8.0457294e-01
 2353.0 2381.0     5.7167065e-01    1.2669717e+01     8.0137060e-01
 2381.0 2410.0     5.7529788e-01    1.2634748e+01     7.9881657e-01
 2410.0 2439.0     5.7955496e-01    1.2612235e+01     7.9705732e-01
 2439.0 2469.0     5.8397649e-01    1.2590760e+01     7.9535750e-01
 2469.0 2500.0     5.8858336e-01    1.2568596e+01     7.9360006e-01
 2500.0 2532.0     5.9337944e-01    1.2545746e+01     7.9178499e-01
 2532.0 2564.0     5.9829134e-01    1.2522575e+01     7.8994112e-01
 2564.0 2597.0     6.0332194e-01    1.2499087e+01     7.8806844e-01
 2597.0 2632.0     6.0863033e-01    1.2474562e+01     7.8610932e-01
 2632.0 2667.0     6.1433396e-01    1.2411834e+01     7.8389361e-01
 2667.0 2703.0     6.2040899e-01    1.2302698e+01     7.8140209e-01
 2703.0 2740.0     6.2675885e-01    1.2183607e+01     7.7879806e-01
 2740.0 2778.0     6.3335038e-01    1.2062453e+01     7.7612268e-01
 2778.0 2817.0     6.4018981e-01    1.1939322e+01     7.7337596e-01
 2817.0 2857.0     6.4728365e-01    1.1814299e+01     7.7055790e-01
 2857.0 2899.0     6.5473055e-01    1.1685921e+01     7.6763282e-01
 2899.0 2941.0     6.6244685e-01    1.1555841e+01     7.6463640e-01
 2941.0 2985.0     6.7040400e-01    1.1414797e+01     7.6037570e-01
 2985.0 3030.0     6.7868785e-01    1.1258224e+01     7.5438125e-01
 3030.0 3077.0     6.8734581e-01    1.1095459e+01     7.4777370e-01
 3077.0 3125.0     6.9640140e-01    1.0929843e+01     7.4095069e-01
 3125.0 3175.0     7.0586864e-01    1.0761599e+01     7.3391221e-01
 3175.0 3225.0     7.1566041e-01    1.0592566e+01     7.2673010e-01
 3225.0 3275.0     7.2532159e-01    1.0421265e+01     7.1951747e-01
 3275.0 3325.0     7.3399342e-01    1.0232522e+01     7.1217770e-01
 3325.0 3375.0     7.4191649e-01    1.0031925e+01     7.0474132e-01
 3375.0 3425.0     7.4992508e-01    9.8352604e+00     6.9730494e-01
 3425.0 3450.0     7.5598004e-01    9.6899403e+00     6.9172765e-01
 3450.0 3550.0     7.6614070e-01    9.4622080e+00     6.8263306e-01
 3550.0 3650.0     7.8146430e-01    9.1920769e+00     6.7047218e-01
 3650.0 3750.0     7.9598212e-01    9.0131161e+00     6.6062143e-01
 3750.0 3850.0     8.1076964e-01    8.8376394e+00     6.5077069e-01
 3850.0 3950.0     8.2523521e-01    8.6758489e+00     6.4207563e-01
 3950.0 4050.0     8.3917116e-01    8.5304949e+00     6.3490123e-01
 4050.0 4150.0     8.5291287e-01    8.3874090e+00     6.2825775e-01
 4150.0 4250.0     8.6546203e-01    8.2272748e+00     6.2259054e-01
 4250.0 4350.0     8.7701792e-01    8.0541403e+00     6.1773365e-01
 4350.0 4450.0     8.8789870e-01    7.8565893e+00     6.1315245e-01
 4450.0 4550.0     8.9512401e-01    7.5408044e+00     6.0982440e-01
 4550.0 4650.0     8.9945606e-01    7.1437778e+00     6.0747381e-01
 4650.0 4750.0     9.0380908e-01    6.7676548e+00     6.0512322e-01
 4750.0 4850.0     9.0818316e-01    6.4113348e+00     6.0277263e-01
 4850.0 4950.0     9.1257842e-01    6.0737752e+00     6.0042204e-01
 4950.0 5050.0     9.1699494e-01    5.7539883e+00     5.9807145e-01
 5050.0 5150.0     9.2143284e-01    5.4510383e+00     5.9572086e-01
 5150.0 5250.0     9.2589221e-01    5.1640388e+00     5.9337027e-01
 5250.0 5350.0     9.3037317e-01    4.8921499e+00     5.9101968e-01
 5350.0 5450.0     9.3487582e-01    4.6345760e+00     5.8866909e-01
 5450.0 5550.0     9.3940025e-01    4.3905636e+00     5.8631850e-01
 5550.0 5650.0     9.4374018e-01    4.1587202e+00     5.8411856e-01
 5650.0 5750.0     9.4672075e-01    3.9348055e+00     5.8292301e-01
 5750.0 5850.0     9.4853915e-01    3.7193144e+00     5.8258119e-01
 5850.0 5950.0     9.5036104e-01    3.5156248e+00     5.8223936e-01
 5950.0 6050.0     9.5218643e-01    3.3230903e+00     5.8189754e-01
 6050.0 6150.0     9.5401533e-01    3.1411001e+00     5.8155571e-01
 6150.0 6250.0     9.5584773e-01    2.9690766e+00     5.8121389e-01
 6250.0 6350.0     9.5768366e-01    2.8064740e+00     5.8087206e-01
 6350.0 6450.0     9.5952312e-01    2.6527765e+00     5.8053024e-01
 6450.0 6550.0     9.6136610e-01    2.5074962e+00     5.8018841e-01
 6550.0 6650.0     9.6321263e-01    2.3701723e+00     5.7984659e-01
 6650.0 6750.0     9.6506270e-01    2.2403689e+00     5.7950476e-01
 6750.0 6850.0     9.6691633e-01    2.1176743e+00     5.7916294e-01
 6850.0 6950.0     9.6847832e-01    2.0079887e+00     5.7893988e-01
 6950.0 7050.0     9.6956666e-01    1.9139802e+00     5.7890839e-01
 7050.0 7150.0     9.7047518e-01    1.8280665e+00     5.7894970e-01
 7150.0 7250.0     9.7138455e-01    1.7460092e+00     5.7899101e-01
 7250.0 7350.0     9.7229477e-01    1.6676353e+00     5.7903231e-01
 7350.0 7450.0     9.7320584e-01    1.5927793e+00     5.7907362e-01
 7450.0 7550.0     9.7411777e-01    1.5212835e+00     5.7911492e-01
 7550.0 7650.0     9.7503056e-01    1.4529969e+00     5.7915623e-01
 7650.0 7750.0     9.7594420e-01    1.3877756e+00     5.7919754e-01
 7750.0 7850.0     9.7685869e-01    1.3254818e+00     5.7923884e-01
 7850.0 7950.0     9.7777404e-01    1.2659843e+00     5.7928015e-01
 7950.0 8050.0     9.7869025e-01    1.2091575e+00     5.7932145e-01
 8050.0 8150.0     9.7960732e-01    1.1548815e+00     5.7936276e-01
 8150.0 8250.0     9.8052525e-01    1.1030417e+00     5.7940407e-01
 8250.0 8350.0     9.8144404e-01    1.0535290e+00     5.7944537e-01
 8350.0 8450.0     9.8236368e-01    1.0062387e+00     5.7948668e-01
 8450.0 8550.0     9.8328419e-01    9.6107123e-01     5.7952798e-01
