 1216.0 1216.0     3.5635857e-01    2.1379474e+01     9.5326254e-01
 1300.0 1350.0     3.7227445e-01    2.1678911e+01     9.4909515e-01
 1350.0 1400.0     3.7903873e-01    2.1721933e+01     9.4722416e-01
 1400.0 1450.0     3.8491922e-01    2.1639807e+01     9.4540665e-01
 1450.0 1500.0     3.9064665e-01    2.1528064e+01     9.4360198e-01
 1500.0 1550.0     3.9645930e-01    2.1416898e+01     9.4179731e-01
 1550.0 1600.0     4.0235844e-01    2.1306306e+01     9.3999264e-01
 1600.0 1650.0     4.0796448e-01    2.1203798e+01     9.3819857e-01
 1650.0 1700.0     4.1264015e-01    2.1121512e+01     9.3643239e-01
 1700.0 1750.0     4.1674239e-01    2.1051766e+01     9.3468350e-01
 1754.0 1770.0     4.1979967e-01    2.1000276e+01     9.3338932e-01
 1770.0 1786.0     4.2113068e-01    2.0978061e+01     9.3282967e-01
 1786.0 1802.0     4.2246590e-01    2.0955869e+01     9.3227002e-01
 1802.0 1818.0     4.2380536e-01    2.0933700e+01     9.3171038e-01
 1818.0 1835.0     4.2519119e-01    2.0910864e+01     9.3113324e-01
 1835.0 1852.0     4.2662369e-01    2.0887361e+01     9.3053862e-01
 1852.0 1869.0     4.2806101e-01    2.0863885e+01     9.2994400e-01
 1869.0 1887.0     4.2954574e-01    2.0839746e+01     9.2933188e-01
 1887.0 1905.0     4.3107819e-01    2.0814946e+01     9.2870228e-01
 1905.0 1923.0     4.3261610e-01    2.0790176e+01     9.2807268e-01
 1923.0 1942.0     4.3420253e-01    2.0764748e+01     9.2742559e-01
 1942.0 1961.0     4.3583781e-01    2.0738666e+01     9.2676101e-01
 1961.0 1980.0     4.3751907e-01    2.0697724e+01     9.2597037e-01
 1980.0 2000.0     4.3931682e-01    2.0631411e+01     9.2495215e-01
 2000.0 2020.0     4.4119218e-01    2.0554745e+01     9.2383239e-01
 2020.0 2041.0     4.4312283e-01    2.0476461e+01     9.2268465e-01
 2041.0 2062.0     4.4510922e-01    2.0396574e+01     9.2150891e-01
 2062.0 2083.0     4.4710451e-01    2.0316998e+01     9.2033316e-01
 2083.0 2105.0     4.4915669e-01    2.0235853e+01     9.1912943e-01
 2105.0 2128.0     4.5131441e-01    2.0151281e+01     9.1786971e-01
 2128.0 2151.0     4.5353067e-01    2.0065191e+01     9.1658199e-01
 2151.0 2174.0     4.5575782e-01    1.9979469e+01     9.1529427e-01
 2174.0 2200.0     4.5814262e-01    1.9888571e+01     9.1392258e-01
 2200.0 2222.0     4.6048998e-01    1.9799901e+01     9.1257887e-01
 2222.0 2247.0     4.6280095e-01    1.9713489e+01     9.1126316e-01
 2247.0 2273.0     4.6532146e-01    1.9620141e+01     9.0983548e-01
 2273.0 2299.0     4.6790538e-01    1.9525414e+01     9.0837980e-01
 2299.0 2326.0     4.7055390e-01    1.9429339e+01     9.0689612e-01
 2326.0 2353.0     4.7326766e-01    1.9331934e+01     9.0538446e-01
 2353.0 2381.0     4.7604792e-01    1.9233231e+01     9.0384480e-01
 2381.0 2410.0     4.7933745e-01    1.9137216e+01     9.0267913e-01
 2410.0 2439.0     4.8313772e-01    1.9046310e+01     9.0196507e-01
 2439.0 2469.0     4.8708100e-01    1.8954955e+01     9.0128916e-01
 2469.0 2500.0     4.9119179e-01    1.8860963e+01     9.0059034e-01
 2500.0 2532.0     4.9547378e-01    1.8764379e+01     8.9986861e-01
 2532.0 2564.0     4.9986165e-01    1.8666764e+01     8.9913542e-01
 2564.0 2597.0     5.0435818e-01    1.8568148e+01     8.9839077e-01
 2597.0 2632.0     5.0910586e-01    1.8465542e+01     8.9761176e-01
 2632.0 2667.0     5.1479057e-01    1.8320349e+01     8.9672497e-01
 2667.0 2703.0     5.2154754e-01    1.8125193e+01     8.9572137e-01
 2703.0 2740.0     5.2874964e-01    1.7918283e+01     8.9467144e-01
 2740.0 2778.0     5.3625266e-01    1.7708165e+01     8.9359275e-01
 2778.0 2817.0     5.4406653e-01    1.7495006e+01     8.9248529e-01
 2817.0 2857.0     5.5220171e-01    1.7278977e+01     8.9134907e-01
 2857.0 2899.0     5.6077531e-01    1.7057583e+01     8.9016970e-01
 2899.0 2941.0     5.6969437e-01    1.6833694e+01     8.8896156e-01
 2941.0 2985.0     5.7883172e-01    1.6587393e+01     8.8712582e-01
 2985.0 3030.0     5.8825068e-01    1.6309636e+01     8.8443033e-01
 3030.0 3077.0     5.9809913e-01    1.6020619e+01     8.8143765e-01
 3077.0 3125.0     6.0844085e-01    1.5727522e+01     8.7834738e-01
 3125.0 3175.0     6.1929755e-01    1.5430816e+01     8.7515952e-01
 3175.0 3225.0     6.3057348e-01    1.5133767e+01     8.7190660e-01
 3225.0 3275.0     6.4192634e-01    1.4845101e+01     8.6864505e-01
 3275.0 3325.0     6.5294185e-01    1.4572894e+01     8.6534753e-01
 3325.0 3375.0     6.6373324e-01    1.4313968e+01     8.6202267e-01
 3375.0 3425.0     6.7470298e-01    1.4059643e+01     8.5869781e-01
 3425.0 3450.0     6.8303189e-01    1.3871451e+01     8.5620416e-01
 3450.0 3550.0     6.9706299e-01    1.3574998e+01     8.5215006e-01
 3550.0 3650.0     7.1756773e-01    1.3214033e+01     8.4687700e-01
 3650.0 3750.0     7.3635599e-01    1.2963075e+01     8.4277665e-01
 3750.0 3850.0     7.5563619e-01    1.2716884e+01     8.3867630e-01
 3850.0 3950.0     7.7457711e-01    1.2497275e+01     8.3515078e-01
 3950.0 4050.0     7.9287708e-01    1.2310230e+01     8.3238161e-01
 4050.0 4150.0     8.1105511e-01    1.2133825e+01     8.2987011e-01
 4150.0 4250.0     8.2796410e-01    1.1965820e+01     8.2780657e-01
 4250.0 4350.0     8.4382387e-01    1.1805004e+01     8.2611483e-01
 4350.0 4450.0     8.5894628e-01    1.1633843e+01     8.2453699e-01
 4450.0 4550.0     8.6956723e-01    1.1409232e+01     8.2347691e-01
 4550.0 4650.0     8.7660287e-01    1.1145685e+01     8.2282068e-01
 4650.0 4750.0     8.8369544e-01    1.0888225e+01     8.2216445e-01
 4750.0 4850.0     8.9084539e-01    1.0636712e+01     8.2150822e-01
 4850.0 4950.0     8.9805320e-01    1.0391009e+01     8.2085200e-01
 4950.0 5050.0     9.0531932e-01    1.0150982e+01     8.2019577e-01
 5050.0 5150.0     9.1264423e-01    9.9164996e+00     8.1953954e-01
 5150.0 5250.0     9.2002841e-01    9.6874334e+00     8.1888331e-01
 5250.0 5350.0     9.2747233e-01    9.4636585e+00     8.1822708e-01
 5350.0 5450.0     9.3497648e-01    9.2450527e+00     8.1757085e-01
 5450.0 5550.0     9.4254135e-01    9.0314965e+00     8.1691462e-01
 5550.0 5650.0     9.4975681e-01    8.8198773e+00     8.1631505e-01
 5650.0 5750.0     9.5428022e-01    8.5936854e+00     8.1609321e-01
 5750.0 5850.0     9.5649403e-01    8.3567899e+00     8.1619244e-01
 5850.0 5950.0     9.5871297e-01    8.1264248e+00     8.1629167e-01
 5950.0 6050.0     9.6093705e-01    7.9024099e+00     8.1639090e-01
 6050.0 6150.0     9.6316630e-01    7.6845703e+00     8.1649013e-01
 6150.0 6250.0     9.6540072e-01    7.4727357e+00     8.1658936e-01
 6250.0 6350.0     9.6764032e-01    7.2667406e+00     8.1668859e-01
 6350.0 6450.0     9.6988512e-01    7.0664240e+00     8.1678782e-01
 6450.0 6550.0     9.7213512e-01    6.8716293e+00     8.1688705e-01
 6550.0 6650.0     9.7439035e-01    6.6822044e+00     8.1698628e-01
 6650.0 6750.0     9.7665081e-01    6.4980013e+00     8.1708551e-01
 6750.0 6850.0     9.7891651e-01    6.3188759e+00     8.1718474e-01
 6850.0 6950.0     9.8069366e-01    6.1432782e+00     8.1726381e-01
 6950.0 7050.0     9.8167768e-01    5.9703106e+00     8.1731036e-01
 7050.0 7150.0     9.8235998e-01    5.8013734e+00     8.1734455e-01
 7150.0 7250.0     9.8304276e-01    5.6372165e+00     8.1737873e-01
 7250.0 7350.0     9.8372601e-01    5.4777046e+00     8.1741292e-01
 7350.0 7450.0     9.8440973e-01    5.3227062e+00     8.1744711e-01
 7450.0 7550.0     9.8509393e-01    5.1720938e+00     8.1748130e-01
 7550.0 7650.0     9.8577860e-01    5.0257431e+00     8.1751548e-01
 7650.0 7750.0     9.8646375e-01    4.8835336e+00     8.1754967e-01
 7750.0 7850.0     9.8714938e-01    4.7453480e+00     8.1758386e-01
 7850.0 7950.0     9.8783548e-01    4.6110726e+00     8.1761805e-01
 7950.0 8050.0     9.8852206e-01    4.4805967e+00     8.1765224e-01
 8050.0 8150.0     9.8920912e-01    4.3538128e+00     8.1768642e-01
 8150.0 8250.0     9.8989666e-01    4.2306164e+00     8.1772061e-01
 8250.0 8350.0     9.9058467e-01    4.1109059e+00     8.1775480e-01
 8350.0 8450.0     9.9127316e-01    3.9945828e+00     8.1778899e-01
 8450.0 8550.0     9.9196213e-01    3.8815512e+00     8.1782317e-01
