 1216.0 1216.0     4.1096627e-01    1.1860667e+01     9.0656721e-01
 1300.0 1350.0     4.3650307e-01    1.2266912e+01     8.9572975e-01
 1350.0 1400.0     4.4712986e-01    1.2391291e+01     8.9110233e-01
 1400.0 1450.0     4.5591715e-01    1.2429925e+01     8.8692740e-01
 1450.0 1500.0     4.6436662e-01    1.2447783e+01     8.8286107e-01
 1500.0 1550.0     4.7297269e-01    1.2465668e+01     8.7879474e-01
 1550.0 1600.0     4.8173825e-01    1.2483578e+01     8.7472840e-01
 1600.0 1650.0     4.9004893e-01    1.2502413e+01     8.7065544e-01
 1650.0 1700.0     4.9686645e-01    1.2523648e+01     8.6656502e-01
 1700.0 1750.0     5.0276092e-01    1.2546391e+01     8.6246378e-01
 1754.0 1770.0     5.0715988e-01    1.2563242e+01     8.5942886e-01
 1770.0 1786.0     5.0907747e-01    1.2570538e+01     8.5811646e-01
 1786.0 1802.0     5.1100231e-01    1.2577838e+01     8.5680406e-01
 1802.0 1818.0     5.1293443e-01    1.2585143e+01     8.5549166e-01
 1818.0 1835.0     5.1493470e-01    1.2592680e+01     8.5413825e-01
 1835.0 1852.0     5.1700362e-01    1.2600450e+01     8.5274383e-01
 1852.0 1869.0     5.1908085e-01    1.2608225e+01     8.5134941e-01
 1869.0 1887.0     5.2122803e-01    1.2616234e+01     8.4991397e-01
 1887.0 1905.0     5.2344568e-01    1.2624477e+01     8.4843753e-01
 1905.0 1923.0     5.2567277e-01    1.2632726e+01     8.4696108e-01
 1923.0 1942.0     5.2797174e-01    1.2641209e+01     8.4544362e-01
 1942.0 1961.0     5.3034316e-01    1.2649927e+01     8.4388515e-01
 1961.0 1980.0     5.3258594e-01    1.2646323e+01     8.4209637e-01
 1980.0 2000.0     5.3466894e-01    1.2622436e+01     8.3988273e-01
 2000.0 2020.0     5.3673006e-01    1.2590634e+01     8.3747455e-01
 2020.0 2041.0     5.3885106e-01    1.2558120e+01     8.3500616e-01
 2041.0 2062.0     5.4103238e-01    1.2524900e+01     8.3247756e-01
 2062.0 2083.0     5.4322253e-01    1.2491767e+01     8.2994897e-01
 2083.0 2105.0     5.4547412e-01    1.2457937e+01     8.2736017e-01
 2105.0 2128.0     5.4784043e-01    1.2422632e+01     8.2465096e-01
 2128.0 2151.0     5.5026981e-01    1.2386645e+01     8.2188155e-01
 2151.0 2174.0     5.5270997e-01    1.2350762e+01     8.1911213e-01
 2174.0 2200.0     5.5532155e-01    1.2312657e+01     8.1616211e-01
 2200.0 2222.0     5.5789093e-01    1.2275435e+01     8.1327228e-01
 2222.0 2247.0     5.6041916e-01    1.2239106e+01     8.1044267e-01
 2247.0 2273.0     5.6317525e-01    1.2199803e+01     8.0737223e-01
 2273.0 2299.0     5.6599920e-01    1.2159859e+01     8.0424159e-01
 2299.0 2326.0     5.6889216e-01    1.2119283e+01     8.0105075e-01
 2326.0 2353.0     5.7185478e-01    1.2078079e+01     7.9779970e-01
 2353.0 2381.0     5.7488827e-01    1.2036257e+01     7.9448844e-01
 2381.0 2410.0     5.7855006e-01    1.2004833e+01     7.9184161e-01
 2410.0 2439.0     5.8285078e-01    1.1985867e+01     7.9000995e-01
 2439.0 2469.0     5.8731804e-01    1.1967985e+01     7.8823884e-01
 2469.0 2500.0     5.9197274e-01    1.1949525e+01     7.8640768e-01
 2500.0 2532.0     5.9681878e-01    1.1930489e+01     7.8451649e-01
 2532.0 2564.0     6.0178204e-01    1.1911183e+01     7.8259528e-01
 2564.0 2597.0     6.0686543e-01    1.1891607e+01     7.8064405e-01
 2597.0 2632.0     6.1222976e-01    1.1871162e+01     7.7860276e-01
 2632.0 2667.0     6.1821703e-01    1.1823880e+01     7.7631670e-01
 2667.0 2703.0     6.2486243e-01    1.1743992e+01     7.7377128e-01
 2703.0 2740.0     6.3185916e-01    1.1656882e+01     7.7111486e-01
 2740.0 2778.0     6.3912917e-01    1.1568058e+01     7.6838566e-01
 2778.0 2817.0     6.4668008e-01    1.1477570e+01     7.6558369e-01
 2817.0 2857.0     6.5451985e-01    1.1385467e+01     7.6270893e-01
 2857.0 2899.0     6.6275850e-01    1.1290653e+01     7.5972501e-01
 2899.0 2941.0     6.7130432e-01    1.1194336e+01     7.5666831e-01
 2941.0 2985.0     6.7948802e-01    1.1066264e+01     7.5224930e-01
 2985.0 3030.0     6.8715469e-01    1.0895250e+01     7.4596270e-01
 3030.0 3077.0     6.9493407e-01    1.0711025e+01     7.3901987e-01
 3077.0 3125.0     7.0305906e-01    1.0524043e+01     7.3185063e-01
 3125.0 3175.0     7.1154070e-01    1.0334594e+01     7.2445500e-01
 3175.0 3225.0     7.2029985e-01    1.0144759e+01     7.1690844e-01
 3225.0 3275.0     7.2901742e-01    9.9568148e+00     7.0934212e-01
 3275.0 3325.0     7.3721282e-01    9.7657998e+00     7.0169343e-01
 3325.0 3375.0     7.4502234e-01    9.5734951e+00     6.9398215e-01
 3375.0 3425.0     7.5291459e-01    9.3849773e+00     6.8627088e-01
 3425.0 3450.0     7.5888070e-01    9.2456862e+00     6.8048742e-01
 3450.0 3550.0     7.6888940e-01    9.0273468e+00     6.7105375e-01
 3550.0 3650.0     7.8398172e-01    8.7673653e+00     6.5840451e-01
 3650.0 3750.0     7.9827649e-01    8.5938761e+00     6.4811774e-01
 3750.0 3850.0     8.1283190e-01    8.4238200e+00     6.3783096e-01
 3850.0 3950.0     8.2707392e-01    8.2665997e+00     6.2874551e-01
 3950.0 4050.0     8.4080140e-01    8.1247382e+00     6.2124074e-01
 4050.0 4150.0     8.5433557e-01    7.9848212e+00     6.1428453e-01
 4150.0 4250.0     8.6668598e-01    7.8274535e+00     6.0832353e-01
 4250.0 4350.0     8.7805033e-01    7.6567939e+00     6.0318855e-01
 4350.0 4450.0     8.8874211e-01    7.4622695e+00     5.9834353e-01
 4450.0 4550.0     8.9580990e-01    7.1518428e+00     5.9481649e-01
 4550.0 4650.0     9.0001011e-01    6.7621724e+00     5.9231746e-01
 4650.0 4750.0     9.0423002e-01    6.3937333e+00     5.8981844e-01
 4750.0 4850.0     9.0846972e-01    6.0453687e+00     5.8731942e-01
 4850.0 4950.0     9.1272929e-01    5.7159849e+00     5.8482039e-01
 4950.0 5050.0     9.1700884e-01    5.4045477e+00     5.8232137e-01
 5050.0 5150.0     9.2130845e-01    5.1100792e+00     5.7982234e-01
 5150.0 5250.0     9.2562822e-01    4.8316550e+00     5.7732332e-01
 5250.0 5350.0     9.2996824e-01    4.5684007e+00     5.7482429e-01
 5350.0 5450.0     9.3432862e-01    4.3194900e+00     5.7232527e-01
 5450.0 5550.0     9.3870944e-01    4.0841412e+00     5.6982624e-01
 5550.0 5650.0     9.4291414e-01    3.8611260e+00     5.6748280e-01
 5650.0 5750.0     9.4582349e-01    3.6471796e+00     5.6617660e-01
 5750.0 5850.0     9.4762556e-01    3.4424703e+00     5.6575204e-01
 5850.0 5950.0     9.4943106e-01    3.2492509e+00     5.6532748e-01
 5950.0 6050.0     9.5124001e-01    3.0668765e+00     5.6490292e-01
 6050.0 6150.0     9.5305239e-01    2.8947385e+00     5.6447837e-01
 6150.0 6250.0     9.5486824e-01    2.7322623e+00     5.6405381e-01
 6250.0 6350.0     9.5668754e-01    2.5789056e+00     5.6362925e-01
 6350.0 6450.0     9.5851031e-01    2.4341565e+00     5.6320469e-01
 6450.0 6550.0     9.6033655e-01    2.2975318e+00     5.6278013e-01
 6550.0 6650.0     9.6216627e-01    2.1685757e+00     5.6235557e-01
 6650.0 6750.0     9.6399947e-01    2.0468576e+00     5.6193102e-01
 6750.0 6850.0     9.6583617e-01    1.9319714e+00     5.6150646e-01
 6850.0 6950.0     9.6739232e-01    1.8295975e+00     5.6121225e-01
 6950.0 7050.0     9.6849275e-01    1.7422843e+00     5.6112827e-01
 7050.0 7150.0     9.6942022e-01    1.6626966e+00     5.6112417e-01
 7150.0 7250.0     9.7034859e-01    1.5867445e+00     5.6112008e-01
 7250.0 7350.0     9.7127784e-01    1.5142620e+00     5.6111599e-01
 7350.0 7450.0     9.7220798e-01    1.4450904e+00     5.6111190e-01
 7450.0 7550.0     9.7313901e-01    1.3790786e+00     5.6110781e-01
 7550.0 7650.0     9.7407093e-01    1.3160822e+00     5.6110372e-01
 7650.0 7750.0     9.7500375e-01    1.2559635e+00     5.6109963e-01
 7750.0 7850.0     9.7593746e-01    1.1985910e+00     5.6109554e-01
 7850.0 7950.0     9.7687206e-01    1.1438393e+00     5.6109145e-01
 7950.0 8050.0     9.7780756e-01    1.0915887e+00     5.6108735e-01
 8050.0 8150.0     9.7874395e-01    1.0417249e+00     5.6108326e-01
 8150.0 8250.0     9.7968124e-01    9.9413883e-01     5.6107917e-01
 8250.0 8350.0     9.8061943e-01    9.4872651e-01     5.6107508e-01
 8350.0 8450.0     9.8155851e-01    9.0538864e-01     5.6107099e-01
 8450.0 8550.0     9.8249850e-01    8.6403044e-01     5.6106690e-01
