CS2_mpi.abs and CS2X_mpi.abs (starts at 2816)
Air:  
Temp: 
Angstroms       XS
1.800000E+03    9.120000E-18
1.803400E+03    1.202000E-17
1.805100E+03    1.820000E-17
1.806900E+03    4.169000E-17
1.808600E+03    5.495000E-17
1.810300E+03    8.318000E-17
1.813800E+03    9.550000E-17
1.819000E+03    9.550000E-17
1.820700E+03    8.318000E-17
1.822400E+03    4.169000E-17
1.824200E+03    3.631000E-17
1.825900E+03    3.162000E-17
1.827600E+03    2.399000E-17
1.829400E+03    2.089000E-17
1.831100E+03    1.585000E-17
1.834600E+03    2.089000E-17
1.838000E+03    2.089000E-17
1.839700E+03    2.754000E-17
1.846700E+03    2.754000E-17
1.850100E+03    3.162000E-17
1.853600E+03    2.089000E-17
1.855300E+03    2.399000E-17
1.858800E+03    1.820000E-17
1.865700E+03    2.754000E-17
1.870900E+03    1.820000E-17
1.872600E+03    2.089000E-17
1.874300E+03    2.754000E-17
1.876100E+03    3.162000E-17
1.877800E+03    3.631000E-17
1.879500E+03    4.169000E-17
1.884700E+03    2.399000E-17
1.888200E+03    4.169000E-17
1.893400E+03    7.244000E-17
1.896800E+03    3.631000E-17
1.898600E+03    5.495000E-17
1.902000E+03    7.244000E-17
1.907200E+03    1.096000E-16
1.908900E+03    9.550000E-17
1.914100E+03    6.310000E-17
1.917600E+03    1.445000E-16
1.921100E+03    1.259000E-16
1.922800E+03    1.905000E-16
1.924500E+03    9.550000E-17
1.926200E+03    8.318000E-17
1.929700E+03    1.096000E-16
1.933200E+03    2.884000E-16
1.936600E+03    2.188000E-16
1.941800E+03    1.259000E-16
1.945300E+03    1.445000E-16
1.948700E+03    3.802000E-16
1.953900E+03    1.660000E-16
1.959100E+03    1.445000E-16
1.964300E+03    2.188000E-16
1.966000E+03    3.802000E-16
1.967800E+03    5.012000E-16
1.969500E+03    3.311000E-16
1.971200E+03    1.660000E-16
1.974700E+03    1.096000E-16
1.978200E+03    1.660000E-16
1.979900E+03    2.884000E-16
1.981600E+03    5.754000E-16
1.985100E+03    2.512000E-16
1.986800E+03    1.259000E-16
1.990300E+03    8.318000E-17
1.993700E+03    1.445000E-16
1.997200E+03    5.754000E-16
2.000600E+03    1.259000E-16
2.004100E+03    1.096000E-16
2.007600E+03    4.786000E-17
2.009300E+03    1.905000E-16
2.012800E+03    1.660000E-16
2.014500E+03    5.012000E-16
2.017900E+03    1.660000E-16
2.019700E+03    5.495000E-17
2.021400E+03    4.169000E-17
2.024900E+03    7.244000E-17
2.028300E+03    1.660000E-16
2.031800E+03    4.365000E-16
2.033500E+03    1.096000E-16
2.035200E+03    4.786000E-17
2.038700E+03    2.754000E-17
2.040400E+03    5.495000E-17
2.042200E+03    5.495000E-17
2.043900E+03    1.445000E-16
2.047400E+03    1.905000E-16
2.049100E+03    7.244000E-17
2.050800E+03    3.631000E-17
2.054300E+03    2.399000E-17
2.057700E+03    3.162000E-17
2.062900E+03    3.631000E-17
2.064700E+03    9.550000E-17
2.068100E+03    2.089000E-17
2.071600E+03    1.585000E-17
2.073300E+03    1.380000E-17
2.075000E+03    2.089000E-17
2.078500E+03    1.820000E-17
2.083700E+03    5.495000E-17
2.087100E+03    2.754000E-17
2.088900E+03    9.120000E-18
2.092300E+03    6.918000E-18
2.095800E+03    1.202000E-17
2.101000E+03    1.820000E-17
2.104400E+03    1.380000E-17
2.107900E+03    3.020000E-18
2.109600E+03    5.248000E-18
2.113100E+03    3.467000E-18
2.116600E+03    6.918000E-18
2.118300E+03    6.026000E-18
2.120000E+03    1.047000E-17
2.121700E+03    3.020000E-18
2.126900E+03    1.738000E-18
2.133900E+03    1.738000E-18
2.135600E+03    3.020000E-18
2.137300E+03    4.571000E-18
2.139100E+03    1.995000E-18
2.142500E+03    1.148000E-18
2.144200E+03    7.586000E-19
2.147700E+03    6.607000E-19
2.154600E+03    1.148000E-18
2.158100E+03    5.754000E-19
2.161500E+03    3.802000E-19
2.165000E+03    3.311000E-19
2.168500E+03    2.512000E-19
2.177100E+03    4.365000E-19
2.178800E+03    2.884000E-19
2.184000E+03    9.550000E-20
2.186000E+03    1.259000E-19
2.189200E+03    7.244000E-20
2.191000E+03    8.318000E-20
2.196100E+03    1.259000E-19
2.199600E+03    7.244000E-20
2.203100E+03    4.169000E-20
2.204800E+03    3.162000E-20
2.206500E+03    4.169000E-20
2.210000E+03    2.754000E-20
2.211700E+03    2.399000E-20
2.215200E+03    3.162000E-20
2.218600E+03    2.754000E-20
2.223800E+03    1.380000E-20
2.227300E+03    1.585000E-20
2.229000E+03    1.202000E-20
2.230700E+03    1.202000E-20
2.232500E+03    9.120000E-21
2.235900E+03    1.202000E-20
2.241100E+03    5.248000E-21
2.244600E+03    4.571000E-21
2.248000E+03    5.248000E-21
2.255000E+03    2.630000E-21
2.256700E+03    4.571000E-21
2.258400E+03    2.630000E-21
2.261900E+03    3.981000E-21
2.263600E+03    1.995000E-21
2.267100E+03    1.738000E-21
2.270500E+03    2.291000E-21
2.272300E+03    1.738000E-21
2.277500E+03    1.318000E-21
2.279200E+03    1.995000E-21
2.284400E+03    1.148000E-21
2.816960E+03    1.252660E-21
2.817570E+03    1.206980E-21
2.818180E+03    1.223990E-21
2.818800E+03    1.257170E-21
2.819410E+03    1.210230E-21
2.820020E+03    1.165020E-21
2.820640E+03    1.148150E-21
2.821250E+03    1.175710E-21
2.821860E+03    1.192430E-21
2.822480E+03    1.127160E-21
2.823090E+03    1.020290E-21
2.823710E+03    8.518840E-22
2.824320E+03    7.313590E-22
2.824940E+03    7.189320E-22
2.825550E+03    7.179430E-22
2.826170E+03    6.895200E-22
2.826790E+03    6.914840E-22
2.827400E+03    7.244720E-22
2.828020E+03    7.513860E-22
2.828640E+03    7.924300E-22
2.829250E+03    7.743430E-22
2.829870E+03    7.619710E-22
2.830490E+03    8.917470E-22
2.831110E+03    1.152290E-21
2.831730E+03    1.381230E-21
2.832350E+03    1.485350E-21
2.832960E+03    1.551700E-21
2.833580E+03    1.548500E-21
2.834200E+03    1.503230E-21
2.834820E+03    1.520450E-21
2.835440E+03    1.586970E-21
2.836060E+03    1.610490E-21
2.836680E+03    1.597620E-21
2.837300E+03    1.598030E-21
2.837930E+03    1.578370E-21
2.838550E+03    1.609910E-21
2.839170E+03    1.578640E-21
2.839790E+03    1.425650E-21
2.840410E+03    1.269300E-21
2.841040E+03    1.107340E-21
2.841660E+03    9.858070E-22
2.842280E+03    9.048540E-22
2.842900E+03    9.048090E-22
2.843530E+03    1.058080E-21
2.844150E+03    1.304910E-21
2.844780E+03    1.458530E-21
2.845400E+03    1.464610E-21
2.846030E+03    1.460960E-21
2.846650E+03    1.449960E-21
2.847280E+03    1.489000E-21
2.847900E+03    1.582680E-21
2.848530E+03    1.669360E-21
2.849150E+03    1.730290E-21
2.849780E+03    1.731050E-21
2.850410E+03    1.745370E-21
2.851030E+03    1.867330E-21
2.851660E+03    2.125420E-21
2.852290E+03    2.384970E-21
2.852910E+03    2.590510E-21
2.853540E+03    2.667600E-21
2.854170E+03    2.528370E-21
2.854800E+03    2.294430E-21
2.855430E+03    2.043720E-21
2.856060E+03    1.944570E-21
2.856690E+03    1.991130E-21
2.857320E+03    2.087140E-21
2.857950E+03    2.266390E-21
2.858580E+03    2.375300E-21
2.859210E+03    2.273080E-21
2.859840E+03    2.028130E-21
2.860470E+03    1.846800E-21
2.861100E+03    1.744980E-21
2.861730E+03    1.688210E-21
2.862360E+03    1.708010E-21
2.863000E+03    1.751230E-21
2.863630E+03    1.796760E-21
2.864260E+03    1.802430E-21
2.864890E+03    1.873780E-21
2.865530E+03    2.033790E-21
2.866160E+03    2.211260E-21
2.866790E+03    2.472860E-21
2.867430E+03    2.748350E-21
2.868060E+03    2.919850E-21
2.868700E+03    2.930940E-21
2.869330E+03    2.903680E-21
2.869970E+03    2.914110E-21
2.870600E+03    2.968940E-21
2.871240E+03    3.142920E-21
2.871880E+03    3.227000E-21
2.872510E+03    3.173240E-21
2.873150E+03    3.266530E-21
2.873790E+03    3.521360E-21
2.874420E+03    3.796560E-21
2.875060E+03    3.938390E-21
2.875700E+03    3.753900E-21
2.876340E+03    3.367400E-21
2.876970E+03    3.103650E-21
2.877610E+03    2.926320E-21
2.878250E+03    2.722640E-21
2.878890E+03    2.669010E-21
2.879530E+03    2.773090E-21
2.880170E+03    2.892460E-21
2.880810E+03    2.998400E-21
2.881450E+03    2.953080E-21
2.882090E+03    2.818780E-21
2.882730E+03    2.750380E-21
2.883370E+03    2.758050E-21
2.884010E+03    2.890520E-21
2.884660E+03    2.958280E-21
2.885300E+03    2.871600E-21
2.885940E+03    2.863170E-21
2.886580E+03    3.141930E-21
2.887230E+03    3.632640E-21
2.887870E+03    4.139020E-21
2.888510E+03    4.651910E-21
2.889160E+03    4.893120E-21
2.889800E+03    4.871950E-21
2.890440E+03    4.826740E-21
2.891090E+03    4.609160E-21
2.891730E+03    4.423050E-21
2.892380E+03    4.407280E-21
2.893030E+03    4.337910E-21
2.893670E+03    4.258760E-21
2.894320E+03    4.187570E-21
2.894960E+03    4.000110E-21
2.895610E+03    3.781600E-21
2.896260E+03    3.682020E-21
2.896900E+03    3.748220E-21
2.897550E+03    3.899500E-21
2.898200E+03    3.928940E-21
2.898850E+03    3.908870E-21
2.899500E+03    3.978580E-21
2.900140E+03    4.044950E-21
2.900790E+03    4.096500E-21
2.901440E+03    4.138650E-21
2.902090E+03    4.203960E-21
2.902740E+03    4.283730E-21
2.903390E+03    4.300230E-21
2.904040E+03    4.290420E-21
2.904690E+03    4.299910E-21
2.905340E+03    4.286680E-21
2.906000E+03    4.198810E-21
2.906650E+03    4.198650E-21
2.907300E+03    4.485580E-21
2.907950E+03    4.902260E-21
2.908600E+03    5.194020E-21
2.909260E+03    5.474270E-21
2.909910E+03    5.872410E-21
2.910560E+03    6.177300E-21
2.911220E+03    6.384970E-21
2.911870E+03    6.851620E-21
2.912520E+03    7.442380E-21
2.913180E+03    7.753300E-21
2.913830E+03    7.712380E-21
2.914490E+03    6.973010E-21
2.915140E+03    5.885290E-21
2.915800E+03    5.498450E-21
2.916460E+03    5.606070E-21
2.917110E+03    5.623530E-21
2.917770E+03    5.717160E-21
2.918430E+03    5.856090E-21
2.919080E+03    5.779040E-21
2.919740E+03    5.740290E-21
2.920400E+03    5.950610E-21
2.921060E+03    6.265840E-21
2.921710E+03    6.615540E-21
2.922370E+03    7.016530E-21
2.923030E+03    7.535840E-21
2.923690E+03    8.169060E-21
2.924350E+03    9.148740E-21
2.925010E+03    9.955420E-21
2.925670E+03    9.754370E-21
2.926330E+03    9.086540E-21
2.926990E+03    8.275560E-21
2.927650E+03    7.435330E-21
2.928310E+03    7.110240E-21
2.928980E+03    7.335490E-21
2.929640E+03    7.646470E-21
2.930300E+03    7.843510E-21
2.930960E+03    8.277980E-21
2.931620E+03    8.702030E-21
2.932290E+03    8.826200E-21
2.932950E+03    9.004200E-21
2.933620E+03    9.445720E-21
2.934280E+03    9.890140E-21
2.934940E+03    9.887370E-21
2.935610E+03    9.485610E-21
2.936270E+03    8.926010E-21
2.936940E+03    8.700310E-21
2.937600E+03    9.107210E-21
2.938270E+03    9.714610E-21
2.938940E+03    9.901040E-21
2.939600E+03    9.327050E-21
2.940270E+03    8.501230E-21
2.940940E+03    7.981500E-21
2.941600E+03    7.769700E-21
2.942270E+03    7.717110E-21
2.942940E+03    7.876190E-21
2.943610E+03    8.229570E-21
2.944280E+03    8.634150E-21
2.944940E+03    9.423790E-21
2.945610E+03    1.078400E-20
2.946280E+03    1.206450E-20
2.946950E+03    1.210190E-20
2.947620E+03    1.097560E-20
2.948290E+03    1.012460E-20
2.948960E+03    1.002700E-20
2.949630E+03    1.005440E-20
2.950310E+03    1.021170E-20
2.950980E+03    1.086350E-20
2.951650E+03    1.152200E-20
2.952320E+03    1.231610E-20
2.952990E+03    1.290870E-20
2.953670E+03    1.233930E-20
2.954340E+03    1.153660E-20
2.955010E+03    1.097110E-20
2.955690E+03    1.039200E-20
2.956360E+03    9.913390E-21
2.957040E+03    9.449900E-21
2.957710E+03    9.269720E-21
2.958390E+03    9.816760E-21
2.959060E+03    1.106450E-20
2.959740E+03    1.209860E-20
2.960410E+03    1.206740E-20
2.961090E+03    1.118500E-20
2.961760E+03    1.041590E-20
2.962440E+03    1.004880E-20
2.963120E+03    1.008740E-20
2.963800E+03    1.093900E-20
2.964470E+03    1.267730E-20
2.965150E+03    1.505640E-20
2.965830E+03    1.687150E-20
2.966510E+03    1.765300E-20
2.967190E+03    1.764460E-20
2.967870E+03    1.731290E-20
2.968550E+03    1.732600E-20
2.969230E+03    1.681210E-20
2.969910E+03    1.621670E-20
2.970590E+03    1.670570E-20
2.971270E+03    1.833200E-20
2.971950E+03    1.926470E-20
2.972630E+03    1.827870E-20
2.973310E+03    1.840490E-20
2.974000E+03    1.990740E-20
2.974680E+03    2.019830E-20
2.975360E+03    1.853830E-20
2.976040E+03    1.610690E-20
2.976730E+03    1.514470E-20
2.977410E+03    1.617510E-20
2.978090E+03    1.847520E-20
2.978780E+03    2.067540E-20
2.979460E+03    2.265250E-20
2.980150E+03    2.363540E-20
2.980830E+03    2.150100E-20
2.981520E+03    1.810300E-20
2.982200E+03    1.594160E-20
2.982890E+03    1.556490E-20
2.983580E+03    1.636210E-20
2.984260E+03    1.738630E-20
2.984950E+03    1.888370E-20
2.985640E+03    2.130140E-20
2.986330E+03    2.278330E-20
2.987020E+03    2.067940E-20
2.987700E+03    1.716230E-20
2.988390E+03    1.517870E-20
2.989080E+03    1.499130E-20
2.989770E+03    1.628900E-20
2.990460E+03    1.811410E-20
2.991150E+03    2.055400E-20
2.991840E+03    2.395210E-20
2.992530E+03    2.745300E-20
2.993220E+03    3.022330E-20
2.993910E+03    3.219500E-20
2.994610E+03    3.216690E-20
2.995300E+03    2.825890E-20
2.995990E+03    2.252210E-20
2.996680E+03    1.852930E-20
2.997370E+03    1.734130E-20
2.998070E+03    1.815450E-20
2.998760E+03    1.924850E-20
2.999460E+03    1.943770E-20
3.000150E+03    1.907100E-20
3.000840E+03    1.843670E-20
3.001540E+03    1.788010E-20
3.002230E+03    1.795340E-20
3.002930E+03    1.842330E-20
3.003620E+03    1.924390E-20
3.004320E+03    1.963430E-20
3.005020E+03    1.929210E-20
3.005710E+03    1.920700E-20
3.006410E+03    1.985230E-20
3.007110E+03    2.105990E-20
3.007810E+03    2.263040E-20
3.008500E+03    2.543230E-20
3.009200E+03    2.896640E-20
3.009900E+03    3.150650E-20
3.010600E+03    3.009530E-20
3.011300E+03    2.533780E-20
3.012000E+03    2.343240E-20
3.012700E+03    2.445650E-20
3.013400E+03    2.666630E-20
3.014100E+03    2.892030E-20
3.014800E+03    2.885210E-20
3.015500E+03    2.880190E-20
3.016200E+03    2.818760E-20
3.016910E+03    2.719840E-20
3.017610E+03    2.773110E-20
3.018310E+03    2.644540E-20
3.019010E+03    2.480330E-20
3.019720E+03    2.662720E-20
3.020420E+03    3.029430E-20
3.021120E+03    3.290430E-20
3.021830E+03    3.413850E-20
3.022530E+03    3.660340E-20
3.023240E+03    4.043310E-20
3.023940E+03    4.219700E-20
3.024650E+03    4.176120E-20
3.025350E+03    3.940930E-20
3.026060E+03    3.516270E-20
3.026770E+03    3.233690E-20
3.027470E+03    3.190030E-20
3.028180E+03    3.368470E-20
3.028890E+03    3.527910E-20
3.029600E+03    3.323080E-20
3.030310E+03    3.073810E-20
3.031010E+03    3.012300E-20
3.031720E+03    3.149690E-20
3.032430E+03    3.560690E-20
3.033140E+03    4.085490E-20
3.033850E+03    4.533780E-20
3.034560E+03    4.744680E-20
3.035270E+03    4.551400E-20
3.035980E+03    4.219160E-20
3.036690E+03    4.380500E-20
3.037410E+03    4.988850E-20
3.038120E+03    5.348000E-20
3.038830E+03    5.121730E-20
3.039540E+03    4.612950E-20
3.040250E+03    4.289410E-20
3.040970E+03    4.128070E-20
3.041680E+03    3.970670E-20
3.042400E+03    3.676270E-20
3.043110E+03    3.204920E-20
3.043820E+03    2.895770E-20
3.044540E+03    2.849240E-20
3.045250E+03    2.985810E-20
3.045970E+03    3.091970E-20
3.046690E+03    2.977060E-20
3.047400E+03    2.903770E-20
3.048120E+03    3.039490E-20
3.048830E+03    3.388840E-20
3.049550E+03    3.796310E-20
3.050270E+03    4.081520E-20
3.050990E+03    4.530450E-20
3.051710E+03    5.125500E-20
3.052420E+03    5.412240E-20
3.053140E+03    5.298200E-20
3.053860E+03    4.800000E-20
3.054580E+03    4.233320E-20
3.055300E+03    4.103000E-20
3.056020E+03    4.432760E-20
3.056740E+03    5.056450E-20
3.057460E+03    5.474060E-20
3.058180E+03    5.207010E-20
3.058910E+03    4.568740E-20
3.059630E+03    3.935660E-20
3.060350E+03    3.557610E-20
3.061070E+03    3.446930E-20
3.061800E+03    3.331180E-20
3.062520E+03    3.122280E-20
3.063240E+03    2.963930E-20
3.063970E+03    3.067160E-20
3.064690E+03    3.381900E-20
3.065420E+03    3.652180E-20
3.066140E+03    3.708480E-20
3.066870E+03    3.703290E-20
3.067590E+03    3.950140E-20
3.068320E+03    4.441680E-20
3.069040E+03    4.949820E-20
3.069770E+03    5.072070E-20
3.070500E+03    5.020640E-20
3.071230E+03    5.367360E-20
3.071950E+03    5.749810E-20
3.072680E+03    6.080700E-20
3.073410E+03    6.421450E-20
3.074140E+03    6.224470E-20
3.074870E+03    5.824340E-20
3.075600E+03    5.607000E-20
3.076330E+03    5.510800E-20
3.077060E+03    5.743280E-20
3.077790E+03    6.092930E-20
3.078520E+03    6.159940E-20
3.079250E+03    6.077110E-20
3.079980E+03    6.331250E-20
3.080710E+03    7.092530E-20
3.081450E+03    7.237850E-20
3.082180E+03    6.096110E-20
3.082910E+03    5.129830E-20
3.083650E+03    5.085090E-20
3.084380E+03    5.515220E-20
3.085110E+03    6.086860E-20
3.085850E+03    6.401570E-20
3.086580E+03    6.582890E-20
3.087320E+03    7.137040E-20
3.088050E+03    7.454880E-20
3.088790E+03    6.620710E-20
3.089520E+03    5.363520E-20
3.090260E+03    4.806610E-20
3.091000E+03    4.981020E-20
3.091740E+03    5.671830E-20
3.092470E+03    6.454880E-20
3.093210E+03    6.677680E-20
3.093950E+03    6.434690E-20
3.094690E+03    5.905820E-20
3.095430E+03    5.552310E-20
3.096170E+03    5.950380E-20
3.096910E+03    6.604110E-20
3.097650E+03    6.875700E-20
3.098390E+03    6.943770E-20
3.099130E+03    7.094460E-20
3.099870E+03    7.626070E-20
3.100610E+03    8.529970E-20
3.101350E+03    8.790700E-20
3.102090E+03    8.075190E-20
3.102840E+03    7.449140E-20
3.103580E+03    7.169620E-20
3.104320E+03    6.545360E-20
3.105060E+03    5.658510E-20
3.105810E+03    5.145740E-20
3.106550E+03    4.897370E-20
3.107300E+03    4.731570E-20
3.108040E+03    4.631920E-20
3.108790E+03    4.695430E-20
3.109530E+03    5.169960E-20
3.110280E+03    5.435430E-20
3.111030E+03    5.126730E-20
3.111770E+03    4.847440E-20
3.112520E+03    4.940300E-20
3.113270E+03    5.295400E-20
3.114020E+03    5.467210E-20
3.114760E+03    5.490000E-20
3.115510E+03    5.735960E-20
3.116260E+03    6.229820E-20
3.117010E+03    6.955330E-20
3.117760E+03    7.472180E-20
3.118510E+03    7.211100E-20
3.119260E+03    6.743070E-20
3.120010E+03    6.590140E-20
3.120760E+03    6.494910E-20
3.121510E+03    6.570020E-20
3.122270E+03    6.985780E-20
3.123020E+03    7.323250E-20
3.123770E+03    7.187610E-20
3.124520E+03    7.137340E-20
3.125280E+03    7.257370E-20
3.126030E+03    7.298090E-20
3.126780E+03    8.011970E-20
3.127540E+03    8.095420E-20
3.128290E+03    7.029270E-20
3.129050E+03    7.104550E-20
3.129800E+03    7.956700E-20
3.130560E+03    8.093530E-20
3.131320E+03    7.620310E-20
3.132070E+03    7.243150E-20
3.132830E+03    7.084420E-20
3.133590E+03    6.528490E-20
3.134340E+03    5.732420E-20
3.135100E+03    5.326170E-20
3.135860E+03    5.667610E-20
3.136620E+03    6.419580E-20
3.137380E+03    7.270070E-20
3.138140E+03    8.304320E-20
3.138900E+03    8.506280E-20
3.139660E+03    7.764230E-20
3.140420E+03    7.406200E-20
3.141180E+03    7.578890E-20
3.141940E+03    7.902180E-20
3.142700E+03    8.328270E-20
3.143460E+03    9.027360E-20
3.144230E+03    1.044960E-19
3.144990E+03    1.136280E-19
3.145750E+03    1.023950E-19
3.146520E+03    8.712670E-20
3.147280E+03    7.645250E-20
3.148040E+03    7.269550E-20
3.148810E+03    8.014800E-20
3.149570E+03    8.814840E-20
3.150340E+03    8.930550E-20
3.151100E+03    9.083010E-20
3.151870E+03    9.210710E-20
3.152640E+03    8.777850E-20
3.153400E+03    8.415470E-20
3.154170E+03    8.454930E-20
3.154940E+03    8.132840E-20
3.155710E+03    7.066780E-20
3.156480E+03    5.789740E-20
3.157240E+03    5.079820E-20
3.158010E+03    4.987260E-20
3.158780E+03    5.307790E-20
3.159550E+03    5.964420E-20
3.160320E+03    6.441330E-20
3.161090E+03    6.800730E-20
3.161860E+03    7.714250E-20
3.162640E+03    8.504150E-20
3.163410E+03    8.132580E-20
3.164180E+03    7.492970E-20
3.164950E+03    7.556630E-20
3.165730E+03    8.040840E-20
3.166500E+03    7.923450E-20
3.167270E+03    7.348530E-20
3.168050E+03    7.454070E-20
3.168820E+03    7.994810E-20
3.169600E+03    8.585490E-20
3.170370E+03    9.177430E-20
3.171150E+03    9.278020E-20
3.171920E+03    8.666430E-20
3.172700E+03    7.295060E-20
3.173480E+03    5.836870E-20
3.174250E+03    4.931410E-20
3.175030E+03    4.557820E-20
3.175810E+03    4.466710E-20
3.176590E+03    4.397810E-20
3.177360E+03    4.326220E-20
3.178140E+03    4.224590E-20
3.178920E+03    4.169370E-20
3.179700E+03    4.531990E-20
3.180480E+03    5.441660E-20
3.181260E+03    6.741090E-20
3.182040E+03    8.364380E-20
3.182820E+03    9.350210E-20
3.183610E+03    8.984210E-20
3.184390E+03    8.687670E-20
3.185170E+03    8.861050E-20
3.185950E+03    8.722100E-20
3.186740E+03    8.617100E-20
3.187520E+03    9.343690E-20
3.188300E+03    1.076960E-19
3.189090E+03    1.226650E-19
3.189870E+03    1.333980E-19
3.190660E+03    1.229670E-19
3.191440E+03    9.361990E-20
3.192230E+03    7.486800E-20
3.193020E+03    6.850190E-20
3.193800E+03    5.913170E-20
3.194590E+03    5.173100E-20
3.195380E+03    5.093930E-20
3.196160E+03    4.902040E-20
3.196950E+03    4.577240E-20
3.197740E+03    4.261810E-20
3.198530E+03    4.056630E-20
3.199320E+03    4.023540E-20
3.200110E+03    4.048250E-20
3.200900E+03    4.155750E-20
3.201690E+03    4.362220E-20
3.202480E+03    5.120120E-20
3.203270E+03    6.742260E-20
3.204060E+03    9.261030E-20
3.204860E+03    1.152370E-19
3.205650E+03    1.159620E-19
3.206440E+03    1.072850E-19
3.207240E+03    9.802070E-20
3.208030E+03    8.535930E-20
3.208820E+03    7.289760E-20
3.209620E+03    6.367700E-20
3.210410E+03    5.980390E-20
3.211210E+03    5.954310E-20
3.212000E+03    6.454390E-20
3.212800E+03    7.827700E-20
3.213600E+03    1.001010E-19
3.214390E+03    1.192530E-19
3.215190E+03    1.189500E-19
3.215990E+03    1.053880E-19
3.216790E+03    8.619300E-20
3.217580E+03    6.687430E-20
3.218380E+03    5.590160E-20
3.219180E+03    4.970510E-20
3.219980E+03    4.395070E-20
3.220780E+03    3.986960E-20
3.221580E+03    3.729690E-20
3.222380E+03    3.423260E-20
3.223180E+03    3.073940E-20
3.223990E+03    2.900390E-20
3.224790E+03    2.966650E-20
3.225590E+03    3.399310E-20
3.226390E+03    4.122260E-20
3.227200E+03    4.814090E-20
3.228000E+03    5.187820E-20
3.228800E+03    4.815240E-20
3.229610E+03    4.209150E-20
3.230410E+03    4.212830E-20
3.231220E+03    4.649290E-20
3.232020E+03    5.344220E-20
3.232830E+03    6.467130E-20
3.233640E+03    7.837160E-20
3.234440E+03    9.334120E-20
3.235250E+03    1.048320E-19
3.236060E+03    9.782980E-20
3.236870E+03    7.537680E-20
3.237670E+03    5.655080E-20
3.238480E+03    4.569650E-20
3.239290E+03    3.897150E-20
3.240100E+03    3.546310E-20
3.240910E+03    3.322440E-20
3.241720E+03    3.056830E-20
3.242530E+03    2.993410E-20
3.243340E+03    3.266480E-20
3.244160E+03    3.764510E-20
3.244970E+03    4.337040E-20
3.245780E+03    4.992330E-20
3.246590E+03    5.398660E-20
3.247410E+03    5.256480E-20
3.248220E+03    5.491330E-20
3.249030E+03    6.178030E-20
3.249850E+03    7.059120E-20
3.250660E+03    8.357340E-20
3.251480E+03    8.335900E-20
3.252290E+03    7.188080E-20
3.253110E+03    6.351370E-20
3.253930E+03    5.094160E-20
3.254740E+03    3.866950E-20
3.255560E+03    3.451930E-20
3.256380E+03    3.506740E-20
3.257200E+03    3.700290E-20
3.258020E+03    4.110280E-20
3.258830E+03    4.607080E-20
3.259650E+03    4.851100E-20
3.260470E+03    4.947380E-20
3.261290E+03    4.522930E-20
3.262120E+03    3.542090E-20
3.262940E+03    3.013520E-20
3.263760E+03    3.096460E-20
3.264580E+03    3.272400E-20
3.265400E+03    3.309090E-20
3.266220E+03    3.177040E-20
3.267050E+03    3.007320E-20
3.267870E+03    3.014070E-20
3.268700E+03    3.143250E-20
3.269520E+03    3.087880E-20
3.270340E+03    2.981070E-20
3.271170E+03    3.233080E-20
3.272000E+03    3.922690E-20
3.272820E+03    5.036880E-20
3.273650E+03    6.782650E-20
3.274470E+03    9.071240E-20
3.275300E+03    9.867600E-20
3.276130E+03    7.738540E-20
3.276960E+03    5.223430E-20
3.277790E+03    3.800440E-20
3.278620E+03    3.082230E-20
3.279440E+03    2.690560E-20
3.280270E+03    2.530230E-20
3.281100E+03    2.556850E-20
3.281940E+03    2.572700E-20
3.282770E+03    2.488870E-20
3.283600E+03    2.373880E-20
3.284430E+03    2.268190E-20
3.285260E+03    2.256500E-20
3.286100E+03    2.252360E-20
3.286930E+03    2.152220E-20
3.287760E+03    2.153520E-20
3.288600E+03    2.329050E-20
3.289430E+03    2.434210E-20
3.290270E+03    2.436290E-20
3.291100E+03    2.433980E-20
3.291940E+03    2.413950E-20
3.292770E+03    2.364660E-20
3.293610E+03    2.168160E-20
3.294450E+03    1.879350E-20
3.295280E+03    1.704480E-20
3.296120E+03    1.599340E-20
3.296960E+03    1.553970E-20
3.297800E+03    1.728610E-20
3.298640E+03    2.097000E-20
3.299480E+03    2.582010E-20
3.300320E+03    3.134050E-20
3.301160E+03    3.547270E-20
3.302000E+03    3.809100E-20
3.302840E+03    3.874990E-20
3.303680E+03    3.593930E-20
3.304520E+03    3.277820E-20
3.305370E+03    3.054190E-20
3.306210E+03    2.743560E-20
3.307050E+03    2.535210E-20
3.307900E+03    2.349820E-20
3.308740E+03    1.846650E-20
3.309590E+03    1.339560E-20
3.310430E+03    1.112310E-20
3.311280E+03    1.046940E-20
3.312120E+03    1.056160E-20
3.312970E+03    1.047140E-20
3.313820E+03    1.039900E-20
3.314660E+03    1.066390E-20
3.315510E+03    1.078110E-20
3.316360E+03    1.086730E-20
3.317210E+03    1.154960E-20
3.318060E+03    1.320510E-20
3.318910E+03    1.570010E-20
3.319760E+03    1.977890E-20
3.320610E+03    2.572220E-20
3.321460E+03    3.191820E-20
3.322310E+03    3.370060E-20
3.323160E+03    2.869740E-20
3.324010E+03    2.386280E-20
3.324860E+03    2.367270E-20
3.325720E+03    2.415260E-20
3.326570E+03    2.303380E-20
3.327420E+03    2.096240E-20
3.328280E+03    1.709730E-20
3.329130E+03    1.363390E-20
3.329990E+03    1.277660E-20
3.330840E+03    1.271730E-20
3.331700E+03    1.231460E-20
3.332560E+03    1.125980E-20
3.333410E+03    1.009290E-20
3.334270E+03    9.499410E-21
3.335130E+03    9.244070E-21
3.335990E+03    9.709340E-21
3.336850E+03    1.071560E-20
3.337700E+03    1.165790E-20
3.338560E+03    1.178820E-20
3.339420E+03    1.161620E-20
3.340280E+03    1.207040E-20
3.341150E+03    1.245640E-20
3.342010E+03    1.294620E-20
3.342870E+03    1.378370E-20
3.343730E+03    1.427090E-20
3.344590E+03    1.426160E-20
3.345460E+03    1.448080E-20
3.346320E+03    1.526970E-20
3.347180E+03    1.588820E-20
3.348050E+03    1.603250E-20
3.348910E+03    1.554820E-20
3.349780E+03    1.425330E-20
3.350640E+03    1.264620E-20
3.351510E+03    1.121780E-20
3.352380E+03    1.001310E-20
3.353240E+03    8.837170E-21
3.354110E+03    7.747580E-21
3.354980E+03    7.572240E-21
3.355850E+03    8.575270E-21
3.356720E+03    9.986320E-21
3.357590E+03    1.129280E-20
3.358460E+03    1.150770E-20
3.359330E+03    1.033510E-20
3.360200E+03    8.700540E-21
3.361070E+03    7.504880E-21
3.361940E+03    7.709200E-21
3.362810E+03    8.788280E-21
3.363690E+03    9.859030E-21
3.364560E+03    1.069590E-20
3.365430E+03    1.088470E-20
3.366310E+03    1.100620E-20
3.367180E+03    1.171900E-20
3.368060E+03    1.212650E-20
3.368930E+03    1.202100E-20
3.369810E+03    1.258960E-20
3.370680E+03    1.251660E-20
3.371560E+03    1.113870E-20
3.372440E+03    9.852290E-21
3.373310E+03    8.199720E-21
3.374190E+03    7.115490E-21
3.375070E+03    6.751130E-21
3.375950E+03    6.156470E-21
3.376830E+03    6.300740E-21
3.377710E+03    6.477370E-21
3.378590E+03    6.093190E-21
3.379470E+03    5.494770E-21
3.380350E+03    4.802780E-21
3.381230E+03    4.581650E-21
3.382110E+03    4.890790E-21
3.383000E+03    5.187070E-21
3.383880E+03    4.978770E-21
3.384760E+03    4.767940E-21
3.385650E+03    4.499820E-21
3.386530E+03    4.497070E-21
3.387420E+03    5.459810E-21
3.388300E+03    7.349620E-21
3.389190E+03    9.609360E-21
3.390070E+03    9.997520E-21
3.390960E+03    9.691900E-21
3.391850E+03    9.830670E-21
3.392740E+03    8.910150E-21
3.393620E+03    8.284620E-21
3.394510E+03    7.970000E-21
3.395400E+03    7.509060E-21
3.396290E+03    6.963070E-21
3.397180E+03    6.097630E-21
3.398070E+03    5.679380E-21
3.398960E+03    5.253540E-21
3.399850E+03    4.684810E-21
3.400750E+03    4.024750E-21
3.401640E+03    3.617010E-21
3.402530E+03    3.825560E-21
3.403420E+03    4.079950E-21
3.404320E+03    4.325840E-21
3.405210E+03    4.517260E-21
3.406110E+03    4.616700E-21
3.407000E+03    4.308870E-21
3.407900E+03    4.167280E-21
3.408790E+03    3.970510E-21
3.409690E+03    2.955730E-21
3.410590E+03    2.529220E-21
3.411490E+03    2.802580E-21
3.412380E+03    3.491800E-21
3.413280E+03    4.457910E-21
3.414180E+03    4.927210E-21
3.415080E+03    4.927790E-21
3.415980E+03    4.841550E-21
3.416880E+03    5.344810E-21
3.417780E+03    6.075520E-21
3.418680E+03    6.700920E-21
3.419580E+03    7.093550E-21
3.420490E+03    6.449520E-21
3.421390E+03    5.036130E-21
3.422290E+03    3.831270E-21
3.423200E+03    3.441640E-21
3.424100E+03    3.404570E-21
3.425010E+03    3.043360E-21
3.425910E+03    2.424680E-21
3.426820E+03    2.012390E-21
3.427720E+03    1.937520E-21
3.428630E+03    2.155070E-21
3.429540E+03    2.591700E-21
3.430440E+03    2.923810E-21
3.431350E+03    3.226430E-21
3.432260E+03    3.111190E-21
3.433170E+03    2.709860E-21
3.434080E+03    2.584370E-21
3.434990E+03    3.159420E-21
3.435900E+03    4.881440E-21
3.436810E+03    6.967300E-21
3.437720E+03    9.053560E-21
3.438630E+03    9.306640E-21
3.439550E+03    7.169300E-21
3.440460E+03    5.637990E-21
3.441370E+03    4.642350E-21
3.442280E+03    3.640790E-21
3.443200E+03    3.100660E-21
3.444110E+03    2.840790E-21
3.445030E+03    2.974540E-21
3.445940E+03    2.700050E-21
3.446860E+03    2.054670E-21
3.447780E+03    1.704630E-21
3.448700E+03    1.677320E-21
3.449610E+03    2.021620E-21
3.450530E+03    2.581630E-21
3.451450E+03    2.897450E-21
3.452370E+03    2.618960E-21
3.453290E+03    2.258910E-21
3.454210E+03    1.949220E-21
3.455130E+03    1.506280E-21
3.456050E+03    1.333220E-21
3.456970E+03    1.342980E-21
3.457890E+03    1.398060E-21
3.458820E+03    1.713500E-21
3.459740E+03    2.189990E-21
3.460660E+03    2.698140E-21
3.461590E+03    3.050980E-21
3.462510E+03    2.911130E-21
3.463440E+03    2.659780E-21
3.464360E+03    3.100580E-21
3.465290E+03    4.106150E-21
3.466220E+03    4.958520E-21
3.467140E+03    5.520380E-21
3.468070E+03    5.358010E-21
3.469000E+03    4.720360E-21
3.469930E+03    4.670710E-21
3.470860E+03    3.977080E-21
3.471780E+03    2.398390E-21
3.472720E+03    1.714830E-21
3.473650E+03    1.626850E-21
3.474580E+03    1.483550E-21
3.475510E+03    1.309070E-21
3.476440E+03    1.059340E-21
3.477370E+03    9.370950E-22
3.478310E+03    9.579150E-22
3.479240E+03    9.893900E-22
3.480170E+03    9.937600E-22
3.481110E+03    1.055190E-21
3.482040E+03    1.100410E-21
3.482980E+03    1.188910E-21
3.483910E+03    1.359300E-21
3.484850E+03    1.398990E-21
3.485790E+03    1.347060E-21
3.486730E+03    1.428750E-21
3.487660E+03    1.655470E-21
3.488600E+03    1.834750E-21
3.489540E+03    2.158310E-21
3.490480E+03    2.793290E-21
3.491420E+03    3.305200E-21
3.492360E+03    3.218420E-21
3.493300E+03    2.617940E-21
3.494240E+03    1.897170E-21
3.495190E+03    1.413420E-21
3.496130E+03    1.421710E-21
3.497070E+03    1.676590E-21
3.498020E+03    2.035700E-21
3.498960E+03    2.245480E-21
3.499900E+03    2.163470E-21
3.500850E+03    2.220830E-21
3.501800E+03    2.428080E-21
3.502740E+03    2.685440E-21
3.503690E+03    2.374300E-21
3.504640E+03    1.486730E-21
3.505580E+03    1.090800E-21
3.506530E+03    1.110870E-21
3.507480E+03    1.241930E-21
3.508430E+03    1.482120E-21

