CS2_CS2X
Air:    
Temp:    
Angstroms       QY
1.800000E+03    0.000000E+00
1.803400E+03    0.000000E+00
1.805100E+03    0.000000E+00
1.806900E+03    0.000000E+00
1.808600E+03    0.000000E+00
1.810300E+03    0.000000E+00
1.813800E+03    0.000000E+00
1.819000E+03    0.000000E+00
1.820700E+03    0.000000E+00
1.822400E+03    0.000000E+00
1.824200E+03    0.000000E+00
1.825900E+03    0.000000E+00
1.827600E+03    0.000000E+00
1.829400E+03    0.000000E+00
1.831100E+03    0.000000E+00
1.834600E+03    0.000000E+00
1.838000E+03    0.000000E+00
1.839700E+03    0.000000E+00
1.846700E+03    0.000000E+00
1.850100E+03    0.000000E+00
1.853600E+03    0.000000E+00
1.855300E+03    0.000000E+00
1.858800E+03    0.000000E+00
1.865700E+03    0.000000E+00
1.870900E+03    0.000000E+00
1.872600E+03    0.000000E+00
1.874300E+03    0.000000E+00
1.876100E+03    0.000000E+00
1.877800E+03    0.000000E+00
1.879500E+03    0.000000E+00
1.884700E+03    0.000000E+00
1.888200E+03    0.000000E+00
1.893400E+03    0.000000E+00
1.896800E+03    0.000000E+00
1.898600E+03    0.000000E+00
1.902000E+03    0.000000E+00
1.907200E+03    0.000000E+00
1.908900E+03    0.000000E+00
1.914100E+03    0.000000E+00
1.917600E+03    0.000000E+00
1.921100E+03    0.000000E+00
1.922800E+03    0.000000E+00
1.924500E+03    0.000000E+00
1.926200E+03    0.000000E+00
1.929700E+03    0.000000E+00
1.933200E+03    0.000000E+00
1.936600E+03    0.000000E+00
1.941800E+03    0.000000E+00
1.945300E+03    0.000000E+00
1.948700E+03    0.000000E+00
1.953900E+03    0.000000E+00
1.959100E+03    0.000000E+00
1.964300E+03    0.000000E+00
1.966000E+03    0.000000E+00
1.967800E+03    0.000000E+00
1.969500E+03    0.000000E+00
1.971200E+03    0.000000E+00
1.974700E+03    0.000000E+00
1.978200E+03    0.000000E+00
1.979900E+03    0.000000E+00
1.981600E+03    0.000000E+00
1.985100E+03    0.000000E+00
1.986800E+03    0.000000E+00
1.990300E+03    0.000000E+00
1.993700E+03    0.000000E+00
1.997200E+03    0.000000E+00
2.000600E+03    0.000000E+00
2.004100E+03    0.000000E+00
2.007600E+03    0.000000E+00
2.009300E+03    0.000000E+00
2.012800E+03    0.000000E+00
2.014500E+03    0.000000E+00
2.017900E+03    0.000000E+00
2.019700E+03    0.000000E+00
2.021400E+03    0.000000E+00
2.024900E+03    0.000000E+00
2.028300E+03    0.000000E+00
2.031800E+03    0.000000E+00
2.033500E+03    0.000000E+00
2.035200E+03    0.000000E+00
2.038700E+03    0.000000E+00
2.040400E+03    0.000000E+00
2.042200E+03    0.000000E+00
2.043900E+03    0.000000E+00
2.047400E+03    0.000000E+00
2.049100E+03    0.000000E+00
2.050800E+03    0.000000E+00
2.054300E+03    0.000000E+00
2.057700E+03    0.000000E+00
2.062900E+03    0.000000E+00
2.064700E+03    0.000000E+00
2.068100E+03    0.000000E+00
2.071600E+03    0.000000E+00
2.073300E+03    0.000000E+00
2.075000E+03    0.000000E+00
2.078500E+03    0.000000E+00
2.083700E+03    0.000000E+00
2.087100E+03    0.000000E+00
2.088900E+03    0.000000E+00
2.092300E+03    0.000000E+00
2.095800E+03    0.000000E+00
2.101000E+03    0.000000E+00
2.104400E+03    0.000000E+00
2.107900E+03    0.000000E+00
2.109600E+03    0.000000E+00
2.113100E+03    0.000000E+00
2.116600E+03    0.000000E+00
2.118300E+03    0.000000E+00
2.120000E+03    0.000000E+00
2.121700E+03    0.000000E+00
2.126900E+03    0.000000E+00
2.133900E+03    0.000000E+00
2.135600E+03    0.000000E+00
2.137300E+03    0.000000E+00
2.139100E+03    0.000000E+00
2.142500E+03    0.000000E+00
2.144200E+03    0.000000E+00
2.147700E+03    0.000000E+00
2.154600E+03    0.000000E+00
2.158100E+03    0.000000E+00
2.161500E+03    0.000000E+00
2.165000E+03    0.000000E+00
2.168500E+03    0.000000E+00
2.177100E+03    0.000000E+00
2.178800E+03    0.000000E+00
2.184000E+03    0.000000E+00
2.186000E+03    0.000000E+00
2.189200E+03    0.000000E+00
2.191000E+03    0.000000E+00
2.196100E+03    0.000000E+00
2.199600E+03    0.000000E+00
2.203100E+03    0.000000E+00
2.204800E+03    0.000000E+00
2.206500E+03    0.000000E+00
2.210000E+03    0.000000E+00
2.211700E+03    0.000000E+00
2.215200E+03    0.000000E+00
2.218600E+03    0.000000E+00
2.223800E+03    0.000000E+00
2.227300E+03    0.000000E+00
2.229000E+03    0.000000E+00
2.230700E+03    0.000000E+00
2.232500E+03    0.000000E+00
2.235900E+03    0.000000E+00
2.241100E+03    0.000000E+00
2.244600E+03    0.000000E+00
2.248000E+03    0.000000E+00
2.255000E+03    0.000000E+00
2.256700E+03    0.000000E+00
2.258400E+03    0.000000E+00
2.261900E+03    0.000000E+00
2.263600E+03    0.000000E+00
2.267100E+03    0.000000E+00
2.270500E+03    0.000000E+00
2.272300E+03    0.000000E+00
2.277500E+03    0.000000E+00
2.279200E+03    0.000000E+00
2.284400E+03    0.000000E+00
2.816960E+03    1.000000E+00
2.817570E+03    1.000000E+00
2.818180E+03    1.000000E+00
2.818800E+03    1.000000E+00
2.819410E+03    1.000000E+00
2.820020E+03    1.000000E+00
2.820640E+03    1.000000E+00
2.821250E+03    1.000000E+00
2.821860E+03    1.000000E+00
2.822480E+03    1.000000E+00
2.823090E+03    1.000000E+00
2.823710E+03    1.000000E+00
2.824320E+03    1.000000E+00
2.824940E+03    1.000000E+00
2.825550E+03    1.000000E+00
2.826170E+03    1.000000E+00
2.826790E+03    1.000000E+00
2.827400E+03    1.000000E+00
2.828020E+03    1.000000E+00
2.828640E+03    1.000000E+00
2.829250E+03    1.000000E+00
2.829870E+03    1.000000E+00
2.830490E+03    1.000000E+00
2.831110E+03    1.000000E+00
2.831730E+03    1.000000E+00
2.832350E+03    1.000000E+00
2.832960E+03    1.000000E+00
2.833580E+03    1.000000E+00
2.834200E+03    1.000000E+00
2.834820E+03    1.000000E+00
2.835440E+03    1.000000E+00
2.836060E+03    1.000000E+00
2.836680E+03    1.000000E+00
2.837300E+03    1.000000E+00
2.837930E+03    1.000000E+00
2.838550E+03    1.000000E+00
2.839170E+03    1.000000E+00
2.839790E+03    1.000000E+00
2.840410E+03    1.000000E+00
2.841040E+03    1.000000E+00
2.841660E+03    1.000000E+00
2.842280E+03    1.000000E+00
2.842900E+03    1.000000E+00
2.843530E+03    1.000000E+00
2.844150E+03    1.000000E+00
2.844780E+03    1.000000E+00
2.845400E+03    1.000000E+00
2.846030E+03    1.000000E+00
2.846650E+03    1.000000E+00
2.847280E+03    1.000000E+00
2.847900E+03    1.000000E+00
2.848530E+03    1.000000E+00
2.849150E+03    1.000000E+00
2.849780E+03    1.000000E+00
2.850410E+03    1.000000E+00
2.851030E+03    1.000000E+00
2.851660E+03    1.000000E+00
2.852290E+03    1.000000E+00
2.852910E+03    1.000000E+00
2.853540E+03    1.000000E+00
2.854170E+03    1.000000E+00
2.854800E+03    1.000000E+00
2.855430E+03    1.000000E+00
2.856060E+03    1.000000E+00
2.856690E+03    1.000000E+00
2.857320E+03    1.000000E+00
2.857950E+03    1.000000E+00
2.858580E+03    1.000000E+00
2.859210E+03    1.000000E+00
2.859840E+03    1.000000E+00
2.860470E+03    1.000000E+00
2.861100E+03    1.000000E+00
2.861730E+03    1.000000E+00
2.862360E+03    1.000000E+00
2.863000E+03    1.000000E+00
2.863630E+03    1.000000E+00
2.864260E+03    1.000000E+00
2.864890E+03    1.000000E+00
2.865530E+03    1.000000E+00
2.866160E+03    1.000000E+00
2.866790E+03    1.000000E+00
2.867430E+03    1.000000E+00
2.868060E+03    1.000000E+00
2.868700E+03    1.000000E+00
2.869330E+03    1.000000E+00
2.869970E+03    1.000000E+00
2.870600E+03    1.000000E+00
2.871240E+03    1.000000E+00
2.871880E+03    1.000000E+00
2.872510E+03    1.000000E+00
2.873150E+03    1.000000E+00
2.873790E+03    1.000000E+00
2.874420E+03    1.000000E+00
2.875060E+03    1.000000E+00
2.875700E+03    1.000000E+00
2.876340E+03    1.000000E+00
2.876970E+03    1.000000E+00
2.877610E+03    1.000000E+00
2.878250E+03    1.000000E+00
2.878890E+03    1.000000E+00
2.879530E+03    1.000000E+00
2.880170E+03    1.000000E+00
2.880810E+03    1.000000E+00
2.881450E+03    1.000000E+00
2.882090E+03    1.000000E+00
2.882730E+03    1.000000E+00
2.883370E+03    1.000000E+00
2.884010E+03    1.000000E+00
2.884660E+03    1.000000E+00
2.885300E+03    1.000000E+00
2.885940E+03    1.000000E+00
2.886580E+03    1.000000E+00
2.887230E+03    1.000000E+00
2.887870E+03    1.000000E+00
2.888510E+03    1.000000E+00
2.889160E+03    1.000000E+00
2.889800E+03    1.000000E+00
2.890440E+03    1.000000E+00
2.891090E+03    1.000000E+00
2.891730E+03    1.000000E+00
2.892380E+03    1.000000E+00
2.893030E+03    1.000000E+00
2.893670E+03    1.000000E+00
2.894320E+03    1.000000E+00
2.894960E+03    1.000000E+00
2.895610E+03    1.000000E+00
2.896260E+03    1.000000E+00
2.896900E+03    1.000000E+00
2.897550E+03    1.000000E+00
2.898200E+03    1.000000E+00
2.898850E+03    1.000000E+00
2.899500E+03    1.000000E+00
2.900140E+03    1.000000E+00
2.900790E+03    1.000000E+00
2.901440E+03    1.000000E+00
2.902090E+03    1.000000E+00
2.902740E+03    1.000000E+00
2.903390E+03    1.000000E+00
2.904040E+03    1.000000E+00
2.904690E+03    1.000000E+00
2.905340E+03    1.000000E+00
2.906000E+03    1.000000E+00
2.906650E+03    1.000000E+00
2.907300E+03    1.000000E+00
2.907950E+03    1.000000E+00
2.908600E+03    1.000000E+00
2.909260E+03    1.000000E+00
2.909910E+03    1.000000E+00
2.910560E+03    1.000000E+00
2.911220E+03    1.000000E+00
2.911870E+03    1.000000E+00
2.912520E+03    1.000000E+00
2.913180E+03    1.000000E+00
2.913830E+03    1.000000E+00
2.914490E+03    1.000000E+00
2.915140E+03    1.000000E+00
2.915800E+03    1.000000E+00
2.916460E+03    1.000000E+00
2.917110E+03    1.000000E+00
2.917770E+03    1.000000E+00
2.918430E+03    1.000000E+00
2.919080E+03    1.000000E+00
2.919740E+03    1.000000E+00
2.920400E+03    1.000000E+00
2.921060E+03    1.000000E+00
2.921710E+03    1.000000E+00
2.922370E+03    1.000000E+00
2.923030E+03    1.000000E+00
2.923690E+03    1.000000E+00
2.924350E+03    1.000000E+00
2.925010E+03    1.000000E+00
2.925670E+03    1.000000E+00
2.926330E+03    1.000000E+00
2.926990E+03    1.000000E+00
2.927650E+03    1.000000E+00
2.928310E+03    1.000000E+00
2.928980E+03    1.000000E+00
2.929640E+03    1.000000E+00
2.930300E+03    1.000000E+00
2.930960E+03    1.000000E+00
2.931620E+03    1.000000E+00
2.932290E+03    1.000000E+00
2.932950E+03    1.000000E+00
2.933620E+03    1.000000E+00
2.934280E+03    1.000000E+00
2.934940E+03    1.000000E+00
2.935610E+03    1.000000E+00
2.936270E+03    1.000000E+00
2.936940E+03    1.000000E+00
2.937600E+03    1.000000E+00
2.938270E+03    1.000000E+00
2.938940E+03    1.000000E+00
2.939600E+03    1.000000E+00
2.940270E+03    1.000000E+00
2.940940E+03    1.000000E+00
2.941600E+03    1.000000E+00
2.942270E+03    1.000000E+00
2.942940E+03    1.000000E+00
2.943610E+03    1.000000E+00
2.944280E+03    1.000000E+00
2.944940E+03    1.000000E+00
2.945610E+03    1.000000E+00
2.946280E+03    1.000000E+00
2.946950E+03    1.000000E+00
2.947620E+03    1.000000E+00
2.948290E+03    1.000000E+00
2.948960E+03    1.000000E+00
2.949630E+03    1.000000E+00
2.950310E+03    1.000000E+00
2.950980E+03    1.000000E+00
2.951650E+03    1.000000E+00
2.952320E+03    1.000000E+00
2.952990E+03    1.000000E+00
2.953670E+03    1.000000E+00
2.954340E+03    1.000000E+00
2.955010E+03    1.000000E+00
2.955690E+03    1.000000E+00
2.956360E+03    1.000000E+00
2.957040E+03    1.000000E+00
2.957710E+03    1.000000E+00
2.958390E+03    1.000000E+00
2.959060E+03    1.000000E+00
2.959740E+03    1.000000E+00
2.960410E+03    1.000000E+00
2.961090E+03    1.000000E+00
2.961760E+03    1.000000E+00
2.962440E+03    1.000000E+00
2.963120E+03    1.000000E+00
2.963800E+03    1.000000E+00
2.964470E+03    1.000000E+00
2.965150E+03    1.000000E+00
2.965830E+03    1.000000E+00
2.966510E+03    1.000000E+00
2.967190E+03    1.000000E+00
2.967870E+03    1.000000E+00
2.968550E+03    1.000000E+00
2.969230E+03    1.000000E+00
2.969910E+03    1.000000E+00
2.970590E+03    1.000000E+00
2.971270E+03    1.000000E+00
2.971950E+03    1.000000E+00
2.972630E+03    1.000000E+00
2.973310E+03    1.000000E+00
2.974000E+03    1.000000E+00
2.974680E+03    1.000000E+00
2.975360E+03    1.000000E+00
2.976040E+03    1.000000E+00
2.976730E+03    1.000000E+00
2.977410E+03    1.000000E+00
2.978090E+03    1.000000E+00
2.978780E+03    1.000000E+00
2.979460E+03    1.000000E+00
2.980150E+03    1.000000E+00
2.980830E+03    1.000000E+00
2.981520E+03    1.000000E+00
2.982200E+03    1.000000E+00
2.982890E+03    1.000000E+00
2.983580E+03    1.000000E+00
2.984260E+03    1.000000E+00
2.984950E+03    1.000000E+00
2.985640E+03    1.000000E+00
2.986330E+03    1.000000E+00
2.987020E+03    1.000000E+00
2.987700E+03    1.000000E+00
2.988390E+03    1.000000E+00
2.989080E+03    1.000000E+00
2.989770E+03    1.000000E+00
2.990460E+03    1.000000E+00
2.991150E+03    1.000000E+00
2.991840E+03    1.000000E+00
2.992530E+03    1.000000E+00
2.993220E+03    1.000000E+00
2.993910E+03    1.000000E+00
2.994610E+03    1.000000E+00
2.995300E+03    1.000000E+00
2.995990E+03    1.000000E+00
2.996680E+03    1.000000E+00
2.997370E+03    1.000000E+00
2.998070E+03    1.000000E+00
2.998760E+03    1.000000E+00
2.999460E+03    1.000000E+00
3.000150E+03    1.000000E+00
3.000840E+03    1.000000E+00
3.001540E+03    1.000000E+00
3.002230E+03    1.000000E+00
3.002930E+03    1.000000E+00
3.003620E+03    1.000000E+00
3.004320E+03    1.000000E+00
3.005020E+03    1.000000E+00
3.005710E+03    1.000000E+00
3.006410E+03    1.000000E+00
3.007110E+03    1.000000E+00
3.007810E+03    1.000000E+00
3.008500E+03    1.000000E+00
3.009200E+03    1.000000E+00
3.009900E+03    1.000000E+00
3.010600E+03    1.000000E+00
3.011300E+03    1.000000E+00
3.012000E+03    1.000000E+00
3.012700E+03    1.000000E+00
3.013400E+03    1.000000E+00
3.014100E+03    1.000000E+00
3.014800E+03    1.000000E+00
3.015500E+03    1.000000E+00
3.016200E+03    1.000000E+00
3.016910E+03    1.000000E+00
3.017610E+03    1.000000E+00
3.018310E+03    1.000000E+00
3.019010E+03    1.000000E+00
3.019720E+03    1.000000E+00
3.020420E+03    1.000000E+00
3.021120E+03    1.000000E+00
3.021830E+03    1.000000E+00
3.022530E+03    1.000000E+00
3.023240E+03    1.000000E+00
3.023940E+03    1.000000E+00
3.024650E+03    1.000000E+00
3.025350E+03    1.000000E+00
3.026060E+03    1.000000E+00
3.026770E+03    1.000000E+00
3.027470E+03    1.000000E+00
3.028180E+03    1.000000E+00
3.028890E+03    1.000000E+00
3.029600E+03    1.000000E+00
3.030310E+03    1.000000E+00
3.031010E+03    1.000000E+00
3.031720E+03    1.000000E+00
3.032430E+03    1.000000E+00
3.033140E+03    1.000000E+00
3.033850E+03    1.000000E+00
3.034560E+03    1.000000E+00
3.035270E+03    1.000000E+00
3.035980E+03    1.000000E+00
3.036690E+03    1.000000E+00
3.037410E+03    1.000000E+00
3.038120E+03    1.000000E+00
3.038830E+03    1.000000E+00
3.039540E+03    1.000000E+00
3.040250E+03    1.000000E+00
3.040970E+03    1.000000E+00
3.041680E+03    1.000000E+00
3.042400E+03    1.000000E+00
3.043110E+03    1.000000E+00
3.043820E+03    1.000000E+00
3.044540E+03    1.000000E+00
3.045250E+03    1.000000E+00
3.045970E+03    1.000000E+00
3.046690E+03    1.000000E+00
3.047400E+03    1.000000E+00
3.048120E+03    1.000000E+00
3.048830E+03    1.000000E+00
3.049550E+03    1.000000E+00
3.050270E+03    1.000000E+00
3.050990E+03    1.000000E+00
3.051710E+03    1.000000E+00
3.052420E+03    1.000000E+00
3.053140E+03    1.000000E+00
3.053860E+03    1.000000E+00
3.054580E+03    1.000000E+00
3.055300E+03    1.000000E+00
3.056020E+03    1.000000E+00
3.056740E+03    1.000000E+00
3.057460E+03    1.000000E+00
3.058180E+03    1.000000E+00
3.058910E+03    1.000000E+00
3.059630E+03    1.000000E+00
3.060350E+03    1.000000E+00
3.061070E+03    1.000000E+00
3.061800E+03    1.000000E+00
3.062520E+03    1.000000E+00
3.063240E+03    1.000000E+00
3.063970E+03    1.000000E+00
3.064690E+03    1.000000E+00
3.065420E+03    1.000000E+00
3.066140E+03    1.000000E+00
3.066870E+03    1.000000E+00
3.067590E+03    1.000000E+00
3.068320E+03    1.000000E+00
3.069040E+03    1.000000E+00
3.069770E+03    1.000000E+00
3.070500E+03    1.000000E+00
3.071230E+03    1.000000E+00
3.071950E+03    1.000000E+00
3.072680E+03    1.000000E+00
3.073410E+03    1.000000E+00
3.074140E+03    1.000000E+00
3.074870E+03    1.000000E+00
3.075600E+03    1.000000E+00
3.076330E+03    1.000000E+00
3.077060E+03    1.000000E+00
3.077790E+03    1.000000E+00
3.078520E+03    1.000000E+00
3.079250E+03    1.000000E+00
3.079980E+03    1.000000E+00
3.080710E+03    1.000000E+00
3.081450E+03    1.000000E+00
3.082180E+03    1.000000E+00
3.082910E+03    1.000000E+00
3.083650E+03    1.000000E+00
3.084380E+03    1.000000E+00
3.085110E+03    1.000000E+00
3.085850E+03    1.000000E+00
3.086580E+03    1.000000E+00
3.087320E+03    1.000000E+00
3.088050E+03    1.000000E+00
3.088790E+03    1.000000E+00
3.089520E+03    1.000000E+00
3.090260E+03    1.000000E+00
3.091000E+03    1.000000E+00
3.091740E+03    1.000000E+00
3.092470E+03    1.000000E+00
3.093210E+03    1.000000E+00
3.093950E+03    1.000000E+00
3.094690E+03    1.000000E+00
3.095430E+03    1.000000E+00
3.096170E+03    1.000000E+00
3.096910E+03    1.000000E+00
3.097650E+03    1.000000E+00
3.098390E+03    1.000000E+00
3.099130E+03    1.000000E+00
3.099870E+03    1.000000E+00
3.100610E+03    1.000000E+00
3.101350E+03    1.000000E+00
3.102090E+03    1.000000E+00
3.102840E+03    1.000000E+00
3.103580E+03    1.000000E+00
3.104320E+03    1.000000E+00
3.105060E+03    1.000000E+00
3.105810E+03    1.000000E+00
3.106550E+03    1.000000E+00
3.107300E+03    1.000000E+00
3.108040E+03    1.000000E+00
3.108790E+03    1.000000E+00
3.109530E+03    1.000000E+00
3.110280E+03    1.000000E+00
3.111030E+03    1.000000E+00
3.111770E+03    1.000000E+00
3.112520E+03    1.000000E+00
3.113270E+03    1.000000E+00
3.114020E+03    1.000000E+00
3.114760E+03    1.000000E+00
3.115510E+03    1.000000E+00
3.116260E+03    1.000000E+00
3.117010E+03    1.000000E+00
3.117760E+03    1.000000E+00
3.118510E+03    1.000000E+00
3.119260E+03    1.000000E+00
3.120010E+03    1.000000E+00
3.120760E+03    1.000000E+00
3.121510E+03    1.000000E+00
3.122270E+03    1.000000E+00
3.123020E+03    1.000000E+00
3.123770E+03    1.000000E+00
3.124520E+03    1.000000E+00
3.125280E+03    1.000000E+00
3.126030E+03    1.000000E+00
3.126780E+03    1.000000E+00
3.127540E+03    1.000000E+00
3.128290E+03    1.000000E+00
3.129050E+03    1.000000E+00
3.129800E+03    1.000000E+00
3.130560E+03    1.000000E+00
3.131320E+03    1.000000E+00
3.132070E+03    1.000000E+00
3.132830E+03    1.000000E+00
3.133590E+03    1.000000E+00
3.134340E+03    1.000000E+00
3.135100E+03    1.000000E+00
3.135860E+03    1.000000E+00
3.136620E+03    1.000000E+00
3.137380E+03    1.000000E+00
3.138140E+03    1.000000E+00
3.138900E+03    1.000000E+00
3.139660E+03    1.000000E+00
3.140420E+03    1.000000E+00
3.141180E+03    1.000000E+00
3.141940E+03    1.000000E+00
3.142700E+03    1.000000E+00
3.143460E+03    1.000000E+00
3.144230E+03    1.000000E+00
3.144990E+03    1.000000E+00
3.145750E+03    1.000000E+00
3.146520E+03    1.000000E+00
3.147280E+03    1.000000E+00
3.148040E+03    1.000000E+00
3.148810E+03    1.000000E+00
3.149570E+03    1.000000E+00
3.150340E+03    1.000000E+00
3.151100E+03    1.000000E+00
3.151870E+03    1.000000E+00
3.152640E+03    1.000000E+00
3.153400E+03    1.000000E+00
3.154170E+03    1.000000E+00
3.154940E+03    1.000000E+00
3.155710E+03    1.000000E+00
3.156480E+03    1.000000E+00
3.157240E+03    1.000000E+00
3.158010E+03    1.000000E+00
3.158780E+03    1.000000E+00
3.159550E+03    1.000000E+00
3.160320E+03    1.000000E+00
3.161090E+03    1.000000E+00
3.161860E+03    1.000000E+00
3.162640E+03    1.000000E+00
3.163410E+03    1.000000E+00
3.164180E+03    1.000000E+00
3.164950E+03    1.000000E+00
3.165730E+03    1.000000E+00
3.166500E+03    1.000000E+00
3.167270E+03    1.000000E+00
3.168050E+03    1.000000E+00
3.168820E+03    1.000000E+00
3.169600E+03    1.000000E+00
3.170370E+03    1.000000E+00
3.171150E+03    1.000000E+00
3.171920E+03    1.000000E+00
3.172700E+03    1.000000E+00
3.173480E+03    1.000000E+00
3.174250E+03    1.000000E+00
3.175030E+03    1.000000E+00
3.175810E+03    1.000000E+00
3.176590E+03    1.000000E+00
3.177360E+03    1.000000E+00
3.178140E+03    1.000000E+00
3.178920E+03    1.000000E+00
3.179700E+03    1.000000E+00
3.180480E+03    1.000000E+00
3.181260E+03    1.000000E+00
3.182040E+03    1.000000E+00
3.182820E+03    1.000000E+00
3.183610E+03    1.000000E+00
3.184390E+03    1.000000E+00
3.185170E+03    1.000000E+00
3.185950E+03    1.000000E+00
3.186740E+03    1.000000E+00
3.187520E+03    1.000000E+00
3.188300E+03    1.000000E+00
3.189090E+03    1.000000E+00
3.189870E+03    1.000000E+00
3.190660E+03    1.000000E+00
3.191440E+03    1.000000E+00
3.192230E+03    1.000000E+00
3.193020E+03    1.000000E+00
3.193800E+03    1.000000E+00
3.194590E+03    1.000000E+00
3.195380E+03    1.000000E+00
3.196160E+03    1.000000E+00
3.196950E+03    1.000000E+00
3.197740E+03    1.000000E+00
3.198530E+03    1.000000E+00
3.199320E+03    1.000000E+00
3.200110E+03    1.000000E+00
3.200900E+03    1.000000E+00
3.201690E+03    1.000000E+00
3.202480E+03    1.000000E+00
3.203270E+03    1.000000E+00
3.204060E+03    1.000000E+00
3.204860E+03    1.000000E+00
3.205650E+03    1.000000E+00
3.206440E+03    1.000000E+00
3.207240E+03    1.000000E+00
3.208030E+03    1.000000E+00
3.208820E+03    1.000000E+00
3.209620E+03    1.000000E+00
3.210410E+03    1.000000E+00
3.211210E+03    1.000000E+00
3.212000E+03    1.000000E+00
3.212800E+03    1.000000E+00
3.213600E+03    1.000000E+00
3.214390E+03    1.000000E+00
3.215190E+03    1.000000E+00
3.215990E+03    1.000000E+00
3.216790E+03    1.000000E+00
3.217580E+03    1.000000E+00
3.218380E+03    1.000000E+00
3.219180E+03    1.000000E+00
3.219980E+03    1.000000E+00
3.220780E+03    1.000000E+00
3.221580E+03    1.000000E+00
3.222380E+03    1.000000E+00
3.223180E+03    1.000000E+00
3.223990E+03    1.000000E+00
3.224790E+03    1.000000E+00
3.225590E+03    1.000000E+00
3.226390E+03    1.000000E+00
3.227200E+03    1.000000E+00
3.228000E+03    1.000000E+00
3.228800E+03    1.000000E+00
3.229610E+03    1.000000E+00
3.230410E+03    1.000000E+00
3.231220E+03    1.000000E+00
3.232020E+03    1.000000E+00
3.232830E+03    1.000000E+00
3.233640E+03    1.000000E+00
3.234440E+03    1.000000E+00
3.235250E+03    1.000000E+00
3.236060E+03    1.000000E+00
3.236870E+03    1.000000E+00
3.237670E+03    1.000000E+00
3.238480E+03    1.000000E+00
3.239290E+03    1.000000E+00
3.240100E+03    1.000000E+00
3.240910E+03    1.000000E+00
3.241720E+03    1.000000E+00
3.242530E+03    1.000000E+00
3.243340E+03    1.000000E+00
3.244160E+03    1.000000E+00
3.244970E+03    1.000000E+00
3.245780E+03    1.000000E+00
3.246590E+03    1.000000E+00
3.247410E+03    1.000000E+00
3.248220E+03    1.000000E+00
3.249030E+03    1.000000E+00
3.249850E+03    1.000000E+00
3.250660E+03    1.000000E+00
3.251480E+03    1.000000E+00
3.252290E+03    1.000000E+00
3.253110E+03    1.000000E+00
3.253930E+03    1.000000E+00
3.254740E+03    1.000000E+00
3.255560E+03    1.000000E+00
3.256380E+03    1.000000E+00
3.257200E+03    1.000000E+00
3.258020E+03    1.000000E+00
3.258830E+03    1.000000E+00
3.259650E+03    1.000000E+00
3.260470E+03    1.000000E+00
3.261290E+03    1.000000E+00
3.262120E+03    1.000000E+00
3.262940E+03    1.000000E+00
3.263760E+03    1.000000E+00
3.264580E+03    1.000000E+00
3.265400E+03    1.000000E+00
3.266220E+03    1.000000E+00
3.267050E+03    1.000000E+00
3.267870E+03    1.000000E+00
3.268700E+03    1.000000E+00
3.269520E+03    1.000000E+00
3.270340E+03    1.000000E+00
3.271170E+03    1.000000E+00
3.272000E+03    1.000000E+00
3.272820E+03    1.000000E+00
3.273650E+03    1.000000E+00
3.274470E+03    1.000000E+00
3.275300E+03    1.000000E+00
3.276130E+03    1.000000E+00
3.276960E+03    1.000000E+00
3.277790E+03    1.000000E+00
3.278620E+03    1.000000E+00
3.279440E+03    1.000000E+00
3.280270E+03    1.000000E+00
3.281100E+03    1.000000E+00
3.281940E+03    1.000000E+00
3.282770E+03    1.000000E+00
3.283600E+03    1.000000E+00
3.284430E+03    1.000000E+00
3.285260E+03    1.000000E+00
3.286100E+03    1.000000E+00
3.286930E+03    1.000000E+00
3.287760E+03    1.000000E+00
3.288600E+03    1.000000E+00
3.289430E+03    1.000000E+00
3.290270E+03    1.000000E+00
3.291100E+03    1.000000E+00
3.291940E+03    1.000000E+00
3.292770E+03    1.000000E+00
3.293610E+03    1.000000E+00
3.294450E+03    1.000000E+00
3.295280E+03    1.000000E+00
3.296120E+03    1.000000E+00
3.296960E+03    1.000000E+00
3.297800E+03    1.000000E+00
3.298640E+03    1.000000E+00
3.299480E+03    1.000000E+00
3.300320E+03    1.000000E+00
3.301160E+03    1.000000E+00
3.302000E+03    1.000000E+00
3.302840E+03    1.000000E+00
3.303680E+03    1.000000E+00
3.304520E+03    1.000000E+00
3.305370E+03    1.000000E+00
3.306210E+03    1.000000E+00
3.307050E+03    1.000000E+00
3.307900E+03    1.000000E+00
3.308740E+03    1.000000E+00
3.309590E+03    1.000000E+00
3.310430E+03    1.000000E+00
3.311280E+03    1.000000E+00
3.312120E+03    1.000000E+00
3.312970E+03    1.000000E+00
3.313820E+03    1.000000E+00
3.314660E+03    1.000000E+00
3.315510E+03    1.000000E+00
3.316360E+03    1.000000E+00
3.317210E+03    1.000000E+00
3.318060E+03    1.000000E+00
3.318910E+03    1.000000E+00
3.319760E+03    1.000000E+00
3.320610E+03    1.000000E+00
3.321460E+03    1.000000E+00
3.322310E+03    1.000000E+00
3.323160E+03    1.000000E+00
3.324010E+03    1.000000E+00
3.324860E+03    1.000000E+00
3.325720E+03    1.000000E+00
3.326570E+03    1.000000E+00
3.327420E+03    1.000000E+00
3.328280E+03    1.000000E+00
3.329130E+03    1.000000E+00
3.329990E+03    1.000000E+00
3.330840E+03    1.000000E+00
3.331700E+03    1.000000E+00
3.332560E+03    1.000000E+00
3.333410E+03    1.000000E+00
3.334270E+03    1.000000E+00
3.335130E+03    1.000000E+00
3.335990E+03    1.000000E+00
3.336850E+03    1.000000E+00
3.337700E+03    1.000000E+00
3.338560E+03    1.000000E+00
3.339420E+03    1.000000E+00
3.340280E+03    1.000000E+00
3.341150E+03    1.000000E+00
3.342010E+03    1.000000E+00
3.342870E+03    1.000000E+00
3.343730E+03    1.000000E+00
3.344590E+03    1.000000E+00
3.345460E+03    1.000000E+00
3.346320E+03    1.000000E+00
3.347180E+03    1.000000E+00
3.348050E+03    1.000000E+00
3.348910E+03    1.000000E+00
3.349780E+03    1.000000E+00
3.350640E+03    1.000000E+00
3.351510E+03    1.000000E+00
3.352380E+03    1.000000E+00
3.353240E+03    1.000000E+00
3.354110E+03    1.000000E+00
3.354980E+03    1.000000E+00
3.355850E+03    1.000000E+00
3.356720E+03    1.000000E+00
3.357590E+03    1.000000E+00
3.358460E+03    1.000000E+00
3.359330E+03    1.000000E+00
3.360200E+03    1.000000E+00
3.361070E+03    1.000000E+00
3.361940E+03    1.000000E+00
3.362810E+03    1.000000E+00
3.363690E+03    1.000000E+00
3.364560E+03    1.000000E+00
3.365430E+03    1.000000E+00
3.366310E+03    1.000000E+00
3.367180E+03    1.000000E+00
3.368060E+03    1.000000E+00
3.368930E+03    1.000000E+00
3.369810E+03    1.000000E+00
3.370680E+03    1.000000E+00
3.371560E+03    1.000000E+00
3.372440E+03    1.000000E+00
3.373310E+03    1.000000E+00
3.374190E+03    1.000000E+00
3.375070E+03    1.000000E+00
3.375950E+03    1.000000E+00
3.376830E+03    1.000000E+00
3.377710E+03    1.000000E+00
3.378590E+03    1.000000E+00
3.379470E+03    1.000000E+00
3.380350E+03    1.000000E+00
3.381230E+03    1.000000E+00
3.382110E+03    1.000000E+00
3.383000E+03    1.000000E+00
3.383880E+03    1.000000E+00
3.384760E+03    1.000000E+00
3.385650E+03    1.000000E+00
3.386530E+03    1.000000E+00
3.387420E+03    1.000000E+00
3.388300E+03    1.000000E+00
3.389190E+03    1.000000E+00
3.390070E+03    1.000000E+00
3.390960E+03    1.000000E+00
3.391850E+03    1.000000E+00
3.392740E+03    1.000000E+00
3.393620E+03    1.000000E+00
3.394510E+03    1.000000E+00
3.395400E+03    1.000000E+00
3.396290E+03    1.000000E+00
3.397180E+03    1.000000E+00
3.398070E+03    1.000000E+00
3.398960E+03    1.000000E+00
3.399850E+03    1.000000E+00
3.400750E+03    1.000000E+00
3.401640E+03    1.000000E+00
3.402530E+03    1.000000E+00
3.403420E+03    1.000000E+00
3.404320E+03    1.000000E+00
3.405210E+03    1.000000E+00
3.406110E+03    1.000000E+00
3.407000E+03    1.000000E+00
3.407900E+03    1.000000E+00
3.408790E+03    1.000000E+00
3.409690E+03    1.000000E+00
3.410590E+03    1.000000E+00
3.411490E+03    1.000000E+00
3.412380E+03    1.000000E+00
3.413280E+03    1.000000E+00
3.414180E+03    1.000000E+00
3.415080E+03    1.000000E+00
3.415980E+03    1.000000E+00
3.416880E+03    1.000000E+00
3.417780E+03    1.000000E+00
3.418680E+03    1.000000E+00
3.419580E+03    1.000000E+00
3.420490E+03    1.000000E+00
3.421390E+03    1.000000E+00
3.422290E+03    1.000000E+00
3.423200E+03    1.000000E+00
3.424100E+03    1.000000E+00
3.425010E+03    1.000000E+00
3.425910E+03    1.000000E+00
3.426820E+03    1.000000E+00
3.427720E+03    1.000000E+00
3.428630E+03    1.000000E+00
3.429540E+03    1.000000E+00
3.430440E+03    1.000000E+00
3.431350E+03    1.000000E+00
3.432260E+03    1.000000E+00
3.433170E+03    1.000000E+00
3.434080E+03    1.000000E+00
3.434990E+03    1.000000E+00
3.435900E+03    1.000000E+00
3.436810E+03    1.000000E+00
3.437720E+03    1.000000E+00
3.438630E+03    1.000000E+00
3.439550E+03    1.000000E+00
3.440460E+03    1.000000E+00
3.441370E+03    1.000000E+00
3.442280E+03    1.000000E+00
3.443200E+03    1.000000E+00
3.444110E+03    1.000000E+00
3.445030E+03    1.000000E+00
3.445940E+03    1.000000E+00
3.446860E+03    1.000000E+00
3.447780E+03    1.000000E+00
3.448700E+03    1.000000E+00
3.449610E+03    1.000000E+00
3.450530E+03    1.000000E+00
3.451450E+03    1.000000E+00
3.452370E+03    1.000000E+00
3.453290E+03    1.000000E+00
3.454210E+03    1.000000E+00
3.455130E+03    1.000000E+00
3.456050E+03    1.000000E+00
3.456970E+03    1.000000E+00
3.457890E+03    1.000000E+00
3.458820E+03    1.000000E+00
3.459740E+03    1.000000E+00
3.460660E+03    1.000000E+00
3.461590E+03    1.000000E+00
3.462510E+03    1.000000E+00
3.463440E+03    1.000000E+00
3.464360E+03    1.000000E+00
3.465290E+03    1.000000E+00
3.466220E+03    1.000000E+00
3.467140E+03    1.000000E+00
3.468070E+03    1.000000E+00
3.469000E+03    1.000000E+00
3.469930E+03    1.000000E+00
3.470860E+03    1.000000E+00
3.471780E+03    1.000000E+00
3.472720E+03    1.000000E+00
3.473650E+03    1.000000E+00
3.474580E+03    1.000000E+00
3.475510E+03    1.000000E+00
3.476440E+03    1.000000E+00
3.477370E+03    1.000000E+00
3.478310E+03    1.000000E+00
3.479240E+03    1.000000E+00
3.480170E+03    1.000000E+00
3.481110E+03    1.000000E+00
3.482040E+03    1.000000E+00
3.482980E+03    1.000000E+00
3.483910E+03    1.000000E+00
3.484850E+03    1.000000E+00
3.485790E+03    1.000000E+00
3.486730E+03    1.000000E+00
3.487660E+03    1.000000E+00
3.488600E+03    1.000000E+00
3.489540E+03    1.000000E+00
3.490480E+03    1.000000E+00
3.491420E+03    1.000000E+00
3.492360E+03    1.000000E+00
3.493300E+03    1.000000E+00
3.494240E+03    1.000000E+00
3.495190E+03    1.000000E+00
3.496130E+03    1.000000E+00
3.497070E+03    1.000000E+00
3.498020E+03    1.000000E+00
3.498960E+03    1.000000E+00
3.499900E+03    1.000000E+00
3.500850E+03    1.000000E+00
3.501800E+03    1.000000E+00
3.502740E+03    1.000000E+00
3.503690E+03    1.000000E+00
3.504640E+03    1.000000E+00
3.505580E+03    1.000000E+00
3.506530E+03    1.000000E+00
3.507480E+03    1.000000E+00
3.508430E+03    1.000000E+00
