0.600  0.00100 3735.  3.613  -0.16   7.03   6.26   4.82   3.23   2.50   2.37   2.30   2.56
 0.600  0.00112 3735.  3.641  -0.19   7.09   6.31   4.88   3.30   2.57   2.44   2.37   2.63
 0.600  0.00128 3734.  3.674  -0.22   7.16   6.38   4.96   3.39   2.66   2.53   2.46   2.71
 0.600  0.00143 3733.  3.703  -0.25   7.22   6.43   5.02   3.47   2.74   2.60   2.53   2.78
 0.600  0.00159 3732.  3.731  -0.28   7.28   6.49   5.09   3.54   2.81   2.67   2.60   2.85
 0.600  0.00181 3730.  3.763  -0.31   7.35   6.55   5.16   3.63   2.90   2.76   2.69   2.93
 0.600  0.00201 3728.  3.791  -0.34   7.41   6.61   5.23   3.71   2.97   2.83   2.76   3.00
 0.600  0.00228 3726.  3.824  -0.38   7.48   6.67   5.31   3.79   3.06   2.92   2.85   3.08
 0.600  0.00253 3723.  3.852  -0.41   7.55   6.73   5.38   3.87   3.14   2.99   2.92   3.15
 0.600  0.00286 3720.  3.885  -0.44   7.62   6.80   5.45   3.96   3.22   3.08   3.00   3.23
 0.600  0.00317 3716.  3.913  -0.47   7.69   6.86   5.52   4.04   3.30   3.16   3.08   3.30
 0.600  0.00358 3711.  3.945  -0.50   7.77   6.93   5.60   4.13   3.39   3.24   3.16   3.39
 0.600  0.00403 3704.  3.978  -0.54   7.85   7.01   5.69   4.22   3.48   3.33   3.25   3.47
 0.600  0.00454 3701.  4.010  -0.57   7.92   7.08   5.77   4.31   3.57   3.42   3.33   3.55
 0.600  0.00503 3704.  4.038  -0.60   7.97   7.12   5.82   4.38   3.65   3.49   3.40   3.61
 0.600  0.00566 3707.  4.070  -0.63   8.02   7.18   5.89   4.46   3.73   3.58   3.48   3.69
 0.600  0.00636 3709.  4.103  -0.66   8.08   7.24   5.96   4.54   3.82   3.67   3.56   3.77
 0.600  0.00715 3709.  4.135  -0.70   8.14   7.30   6.03   4.62   3.91   3.75   3.65   3.85
 0.600  0.00803 3709.  4.168  -0.73   8.21   7.36   6.10   4.71   4.00   3.84   3.73   3.93
 0.600  0.00902 3708.  4.200  -0.76   8.28   7.42   6.18   4.79   4.10   3.93   3.81   4.01
 0.600  0.01013 3705.  4.233  -0.79   8.35   7.49   6.25   4.88   4.19   4.02   3.90   4.09
 0.600  0.01139 3701.  4.265  -0.83   8.42   7.56   6.33   4.96   4.28   4.11   3.98   4.17
 0.600  0.01259 3697.  4.293  -0.86   8.48   7.62   6.40   5.04   4.37   4.19   4.05   4.24
 0.600  0.01418 3694.  4.325  -0.89   8.55   7.69   6.47   5.12   4.46   4.28   4.14   4.32
 0.600  0.01599 3691.  4.357  -0.93   8.62   7.76   6.55   5.21   4.55   4.37   4.22   4.40
 0.600  0.01799 3688.  4.388  -0.96   8.69   7.82   6.62   5.29   4.64   4.46   4.30   4.47
 0.600  0.02018 3686.  4.418  -0.99   8.75   7.88   6.69   5.37   4.73   4.54   4.38   4.55
 0.600  0.02257 3686.  4.446  -1.02   8.81   7.94   6.75   5.44   4.81   4.61   4.45   4.61
 0.600  0.02516 3687.  4.472  -1.04   8.86   7.98   6.81   5.51   4.88   4.68   4.52   4.68
 0.600  0.02839 3691.  4.501  -1.07   8.90   8.03   6.87   5.58   4.96   4.76   4.59   4.75
 0.600  0.03192 3698.  4.527  -1.09   8.94   8.07   6.92   5.64   5.02   4.82   4.65   4.81
 0.600  0.03577 3710.  4.552  -1.11   8.97   8.10   6.96   5.69   5.07   4.88   4.71   4.87
 0.600  0.03996 3726.  4.574  -1.13   8.98   8.12   6.99   5.74   5.11   4.92   4.76   4.92
 0.600  0.04514 3749.  4.596  -1.14   8.98   8.12   7.01   5.77   5.15   4.96   4.81   4.97
 0.600  0.05022 3774.  4.614  -1.14   8.95   8.10   7.01   5.80   5.17   4.99   4.84   5.00
 0.600  0.05660 3812.  4.631  -1.14   8.90   8.06   7.00   5.81   5.18   5.00   4.87   5.03
 0.600  0.06387 3863.  4.645  -1.14   8.82   7.99   6.97   5.80   5.17   5.00   4.88   5.05
 0.600  0.07129 3918.  4.656  -1.12   8.71   7.89   6.91   5.78   5.14   4.99   4.89   5.06
 0.600  0.07965 3984.  4.667  -1.10   8.58   7.77   6.85   5.76   5.12   4.98   4.90   5.07
 0.600  0.08985 4054.  4.682  -1.09   8.46   7.66   6.80   5.74   5.11   4.98   4.91   5.08
 0.600  0.10023 4084.  4.699  -1.09   8.43   7.64   6.80   5.76   5.13   5.01   4.94   5.12
 0.600  0.11247 4058.  4.719  -1.12   8.54   7.74   6.88   5.84   5.21   5.08   5.00   5.17
 0.600  0.12697 3996.  4.734  -1.16   8.71   7.90   7.00   5.92   5.29   5.15   5.06   5.23
 0.600  0.14501 3968.  4.736  -1.18   8.78   7.96   7.04   5.95   5.32   5.17   5.08   5.24
 0.600  0.16698 3963.  4.733  -1.18   8.78   7.96   7.04   5.94   5.32   5.17   5.07   5.24
 0.600  0.18991 3960.  4.731  -1.18   8.78   7.97   7.04   5.94   5.31   5.17   5.07   5.23
 0.600  0.20493 3958.  4.731  -1.18   8.79   7.97   7.04   5.94   5.31   5.17   5.07   5.23
 0.600  0.24456 3953.  4.729  -1.18   8.79   7.98   7.04   5.94   5.31   5.16   5.06   5.23
 0.600  0.27051 3951.  4.728  -1.18   8.80   7.98   7.04   5.94   5.31   5.16   5.06   5.23
 0.600  0.30164 3948.  4.727  -1.18   8.80   7.98   7.04   5.94   5.31   5.16   5.06   5.23
 0.600  0.33333 3947.  4.727  -1.18   8.80   7.98   7.04   5.94   5.31   5.16   5.06   5.22
 0.600  0.36501 3945.  4.726  -1.18   8.80   7.99   7.04   5.94   5.31   5.16   5.06   5.22
 0.600  0.42839 3945.  4.725  -1.18   8.80   7.99   7.04   5.94   5.31   5.16   5.06   5.22
 0.600  0.46008 3945.  4.724  -1.18   8.80   7.98   7.04   5.94   5.31   5.16   5.06   5.22
 0.600  0.52346 3944.  4.723  -1.18   8.80   7.98   7.04   5.93   5.31   5.16   5.05   5.22
 0.600  0.58683 3945.  4.723  -1.18   8.80   7.98   7.04   5.93   5.30   5.15   5.05   5.22
 0.600  0.65021 3945.  4.722  -1.18   8.80   7.98   7.04   5.93   5.30   5.15   5.05   5.21
 0.600  0.71358 3944.  4.721  -1.18   8.80   7.98   7.04   5.93   5.30   5.15   5.05   5.21
 0.600  0.80865 3944.  4.721  -1.17   8.80   7.98   7.03   5.93   5.30   5.15   5.05   5.21
 0.600  0.90371 3943.  4.720  -1.17   8.80   7.98   7.03   5.93   5.30   5.15   5.04   5.21
 0.600  1.03046 3943.  4.719  -1.17   8.80   7.98   7.03   5.92   5.30   5.15   5.04   5.21
 0.600  1.12553 3943.  4.719  -1.17   8.79   7.98   7.03   5.92   5.29   5.14   5.04   5.21
 0.600  1.28397 3943.  4.718  -1.17   8.79   7.97   7.03   5.92   5.29   5.14   5.04   5.21
 0.600  1.44241 3943.  4.717  -1.17   8.79   7.97   7.03   5.92   5.29   5.14   5.04   5.20
 0.600  1.60085 3943.  4.716  -1.17   8.79   7.97   7.02   5.92   5.29   5.14   5.04   5.20
 0.600  1.79098 3944.  4.716  -1.17   8.79   7.97   7.02   5.92   5.29   5.14   5.03   5.20
 0.600  2.01280 3945.  4.715  -1.17   8.78   7.96   7.02   5.91   5.28   5.13   5.03   5.20
 0.600  2.26630 3945.  4.714  -1.17   8.78   7.96   7.02   5.91   5.28   5.13   5.03   5.19
 0.600  2.51980 3946.  4.713  -1.17   8.77   7.96   7.01   5.91   5.28   5.13   5.03   5.19
 0.600  2.83669 3947.  4.712  -1.16   8.77   7.95   7.01   5.90   5.27   5.12   5.02   5.19
 0.600  3.18525 3949.  4.711  -1.16   8.76   7.95   7.00   5.90   5.27   5.12   5.02   5.19
 0.600  3.56551 3951.  4.710  -1.16   8.76   7.94   7.00   5.90   5.26   5.12   5.02   5.18
 0.600  4.00914 3954.  4.709  -1.16   8.75   7.93   6.99   5.89   5.26   5.11   5.01   5.18
 0.600  4.48447 3955.  4.708  -1.16   8.74   7.92   6.99   5.89   5.25   5.11   5.01   5.18
 0.600  5.02316 3958.  4.707  -1.15   8.73   7.92   6.98   5.88   5.25   5.10   5.00   5.17
 0.600  5.62524 3962.  4.705  -1.15   8.72   7.91   6.97   5.87   5.24   5.10   5.00   5.17
 0.600  6.32238 3966.  4.704  -1.15   8.71   7.89   6.96   5.87   5.23   5.09   5.00   5.16
 0.600  7.08289 3969.  4.702  -1.14   8.70   7.88   6.96   5.86   5.23   5.08   4.99   5.16
 0.600  7.97016 3974.  4.700  -1.14   8.68   7.87   6.94   5.85   5.22   5.07   4.98   5.15
 0.600  8.92080 3979.  4.698  -1.14   8.66   7.85   6.93   5.84   5.21   5.06   4.98   5.14
 0.600 10.02460 3986.  4.696  -1.13   8.64   7.83   6.92   5.83   5.19   5.05   4.97   5.14

 0.700  0.00101 3862.  3.639  -0.06   6.52   5.82   4.48   3.02   2.32   2.20   2.16   2.42
 0.700  0.00114 3861.  3.668  -0.09   6.58   5.87   4.54   3.09   2.39   2.28   2.23   2.49
 0.700  0.00128 3859.  3.696  -0.12   6.65   5.93   4.61   3.17   2.47   2.35   2.30   2.56
 0.700  0.00143 3857.  3.725  -0.15   6.71   5.99   4.68   3.25   2.54   2.42   2.37   2.63
 0.700  0.00160 3856.  3.754  -0.18   6.78   6.05   4.75   3.32   2.62   2.50   2.45   2.70
 0.700  0.00179 3853.  3.782  -0.21   6.84   6.11   4.82   3.40   2.69   2.57   2.52   2.77
 0.700  0.00203 3849.  3.815  -0.24   6.92   6.18   4.90   3.49   2.78   2.66   2.61   2.85
 0.700  0.00226 3846.  3.843  -0.27   6.99   6.24   4.97   3.57   2.85   2.73   2.68   2.92
 0.700  0.00252 3842.  3.871  -0.30   7.06   6.30   5.04   3.65   2.93   2.81   2.75   2.99
 0.700  0.00285 3837.  3.903  -0.34   7.14   6.38   5.13   3.74   3.02   2.89   2.84   3.08
 0.700  0.00317 3834.  3.932  -0.37   7.21   6.44   5.20   3.81   3.09   2.97   2.91   3.15
 0.700  0.00358 3827.  3.964  -0.40   7.30   6.51   5.28   3.90   3.18   3.05   3.00   3.23
 0.700  0.00405 3821.  3.997  -0.44   7.38   6.59   5.37   4.00   3.27   3.14   3.08   3.31
 0.700  0.00449 3821.  4.025  -0.47   7.44   6.65   5.43   4.07   3.34   3.21   3.15   3.38
 0.700  0.00507 3821.  4.057  -0.50   7.51   6.71   5.50   4.15   3.43   3.30   3.23   3.46
 0.700  0.00571 3820.  4.090  -0.53   7.58   6.78   5.58   4.24   3.52   3.39   3.32   3.54
 0.700  0.00632 3819.  4.118  -0.56   7.64   6.83   5.64   4.31   3.60   3.46   3.39   3.61
 0.700  0.00713 3818.  4.150  -0.59   7.71   6.90   5.72   4.40   3.69   3.55   3.47   3.69
 0.700  0.00804 3815.  4.182  -0.63   7.78   6.97   5.80   4.48   3.78   3.64   3.56   3.76
 0.700  0.00892 3814.  4.210  -0.66   7.84   7.03   5.86   4.55   3.86   3.71   3.63   3.83
 0.700  0.01008 3812.  4.243  -0.69   7.92   7.10   5.94   4.64   3.95   3.80   3.71   3.91
 0.700  0.01137 3812.  4.275  -0.72   7.98   7.16   6.01   4.72   4.04   3.89   3.79   3.99
 0.700  0.01279 3811.  4.305  -0.75   8.05   7.22   6.08   4.80   4.12   3.97   3.87   4.07
 0.700  0.01434 3811.  4.334  -0.78   8.11   7.28   6.15   4.88   4.20   4.05   3.94   4.14
 0.700  0.01601 3812.  4.361  -0.81   8.16   7.33   6.21   4.95   4.27   4.12   4.01   4.20
 0.700  0.01783 3815.  4.387  -0.83   8.21   7.38   6.26   5.01   4.34   4.18   4.08   4.27
 0.700  0.02007 3821.  4.415  -0.86   8.25   7.42   6.32   5.08   4.41   4.25   4.15   4.33
 0.700  0.02250 3830.  4.440  -0.88   8.28   7.45   6.36   5.14   4.47   4.32   4.21   4.39
 0.700  0.02512 3843.  4.463  -0.90   8.30   7.47   6.40   5.18   4.52   4.37   4.26   4.44
 0.700  0.02829 3864.  4.487  -0.91   8.30   7.47   6.43   5.23   4.57   4.41   4.31   4.50
 0.700  0.03172 3890.  4.507  -0.92   8.28   7.46   6.44   5.26   4.59   4.45   4.36   4.54
 0.700  0.03583 3939.  4.527  -0.92   8.21   7.39   6.41   5.27   4.60   4.47   4.39   4.57
 0.700  0.04026 3998.  4.543  -0.91   8.10   7.30   6.37   5.26   4.60   4.47   4.41   4.59
 0.700  0.04508 4092.  4.557  -0.88   7.92   7.13   6.28   5.23   4.59   4.47   4.41   4.60
 0.700  0.05033 4189.  4.570  -0.85   7.72   6.96   6.18   5.19   4.56   4.46   4.42   4.60
 0.700  0.05655 4331.  4.586  -0.81   7.46   6.72   6.05   5.14   4.54   4.45   4.42   4.60
 0.700  0.06348 4464.  4.605  -0.78   7.25   6.53   5.95   5.11   4.53   4.45   4.43   4.60
 0.700  0.07278 4548.  4.636  -0.78   7.18   6.48   5.94   5.13   4.58   4.50   4.49   4.65
 0.700  0.08295 4487.  4.668  -0.83   7.37   6.65   6.08   5.25   4.68   4.60   4.58   4.75
 0.700  0.09358 4414.  4.682  -0.87   7.54   6.80   6.20   5.33   4.74   4.66   4.64   4.81
 0.700  0.10053 4393.  4.684  -0.88   7.58   6.84   6.22   5.34   4.75   4.67   4.65   4.82
 0.700  0.11889 4381.  4.682  -0.89   7.60   6.86   6.23   5.35   4.76   4.67   4.65   4.82
 0.700  0.13091 4379.  4.681  -0.89   7.60   6.86   6.23   5.35   4.75   4.67   4.64   4.82
 0.700  0.14533 4376.  4.680  -0.89   7.60   6.86   6.23   5.35   4.75   4.66   4.64   4.82
 0.700  0.16264 4374.  4.679  -0.89   7.61   6.86   6.23   5.34   4.75   4.66   4.64   4.82
 0.700  0.18341 4374.  4.678  -0.88   7.60   6.86   6.23   5.34   4.75   4.66   4.64   4.81
 0.700  0.20833 4373.  4.677  -0.88   7.60   6.86   6.23   5.34   4.75   4.66   4.63   4.81
 0.700  0.23823 4372.  4.676  -0.88   7.60   6.86   6.23   5.34   4.74   4.66   4.63   4.81
 0.700  0.26992 4373.  4.675  -0.88   7.60   6.86   6.23   5.34   4.74   4.65   4.63   4.81
 0.700  0.30161 4373.  4.675  -0.88   7.60   6.85   6.22   5.33   4.74   4.65   4.63   4.81
 0.700  0.33330 4373.  4.674  -0.88   7.60   6.85   6.22   5.33   4.74   4.65   4.63   4.81
 0.700  0.36499 4372.  4.673  -0.88   7.60   6.85   6.22   5.33   4.74   4.65   4.62   4.80
 0.700  0.42836 4372.  4.672  -0.88   7.59   6.85   6.22   5.33   4.73   4.65   4.62   4.80
 0.700  0.46005 4371.  4.672  -0.88   7.59   6.85   6.22   5.33   4.73   4.65   4.62   4.80
 0.700  0.52343 4371.  4.671  -0.88   7.59   6.85   6.22   5.33   4.73   4.64   4.62   4.80
 0.700  0.58680 4370.  4.670  -0.88   7.59   6.85   6.22   5.33   4.73   4.64   4.62   4.80
 0.700  0.65018 4370.  4.670  -0.88   7.59   6.85   6.21   5.32   4.73   4.64   4.62   4.80
 0.700  0.71355 4370.  4.669  -0.88   7.59   6.85   6.21   5.32   4.73   4.64   4.62   4.79
 0.700  0.80862 4370.  4.668  -0.88   7.59   6.84   6.21   5.32   4.73   4.64   4.61   4.79
 0.700  0.90368 4370.  4.667  -0.88   7.59   6.84   6.21   5.32   4.72   4.64   4.61   4.79
 0.700  1.03043 4371.  4.667  -0.87   7.58   6.84   6.21   5.32   4.72   4.63   4.61   4.79
 0.700  1.12550 4372.  4.666  -0.87   7.58   6.84   6.20   5.32   4.72   4.63   4.61   4.79
 0.700  1.28394 4373.  4.665  -0.87   7.57   6.83   6.20   5.31   4.72   4.63   4.61   4.78
 0.700  1.44238 4375.  4.665  -0.87   7.57   6.83   6.20   5.31   4.71   4.63   4.60   4.78
 0.700  1.60082 4376.  4.664  -0.87   7.56   6.82   6.19   5.31   4.71   4.62   4.60   4.78
 0.700  1.79095 4378.  4.663  -0.87   7.56   6.82   6.19   5.30   4.71   4.62   4.60   4.78
 0.700  2.01277 4380.  4.662  -0.87   7.55   6.81   6.18   5.30   4.71   4.62   4.59   4.77
 0.700  2.26627 4383.  4.661  -0.86   7.54   6.80   6.18   5.29   4.70   4.61   4.59   4.77
 0.700  2.51977 4386.  4.660  -0.86   7.53   6.79   6.17   5.29   4.70   4.61   4.59   4.77
 0.700  2.83666 4390.  4.659  -0.86   7.52   6.78   6.17   5.29   4.69   4.61   4.59   4.76
 0.700  3.18522 4394.  4.658  -0.86   7.51   6.77   6.16   5.28   4.69   4.60   4.58   4.76
 0.700  3.56548 4398.  4.656  -0.85   7.50   6.76   6.15   5.27   4.68   4.60   4.58   4.75
 0.700  4.00911 4405.  4.655  -0.85   7.49   6.75   6.14   5.27   4.68   4.59   4.57   4.75
 0.700  4.48444 4411.  4.654  -0.85   7.47   6.73   6.13   5.26   4.67   4.59   4.57   4.74
 0.700  5.02313 4418.  4.652  -0.84   7.45   6.72   6.12   5.25   4.66   4.58   4.56   4.74
 0.700  5.62521 4426.  4.650  -0.84   7.43   6.70   6.10   5.24   4.66   4.57   4.55   4.73
 0.700  6.32235 4435.  4.648  -0.83   7.41   6.68   6.09   5.23   4.65   4.57   4.55   4.72
 0.700  7.08286 4445.  4.645  -0.82   7.39   6.66   6.07   5.22   4.64   4.56   4.54   4.71
 0.700  7.97013 4458.  4.642  -0.82   7.36   6.63   6.05   5.20   4.63   4.55   4.53   4.70
 0.700  8.92077 4471.  4.639  -0.81   7.32   6.61   6.03   5.19   4.61   4.53   4.51   4.69
 0.700 10.02990 4486.  4.635  -0.80   7.29   6.57   6.00   5.17   4.60   4.52   4.50   4.67

 0.750  0.00100 3973.  3.655   0.00   5.83   5.08   4.15   3.00   2.33   2.22   2.17   2.38
 0.750  0.00113 3971.  3.684  -0.03   5.93   5.18   4.22   3.07   2.40   2.28   2.24   2.44
 0.750  0.00127 3967.  3.713  -0.06   6.03   5.28   4.31   3.13   2.46   2.35   2.30   2.51
 0.750  0.00142 3962.  3.741  -0.09   6.14   5.40   4.40   3.20   2.53   2.41   2.36   2.58
 0.750  0.00159 3955.  3.770  -0.12   6.27   5.52   4.49   3.27   2.59   2.47   2.43   2.65
 0.750  0.00180 3944.  3.803  -0.16   6.42   5.67   4.60   3.35   2.66   2.55   2.50   2.73
 0.750  0.00201 3932.  3.831  -0.19   6.55   5.81   4.70   3.42   2.73   2.61   2.56   2.80
 0.750  0.00225 3917.  3.859  -0.23   6.70   5.96   4.80   3.49   2.79   2.68   2.63   2.87
 0.750  0.00256 3899.  3.892  -0.27   6.86   6.12   4.92   3.58   2.87   2.75   2.71   2.95
 0.750  0.00285 3896.  3.920  -0.30   6.93   6.18   4.99   3.65   2.95   2.83   2.78   3.02
 0.750  0.00318 3892.  3.948  -0.33   7.00   6.24   5.06   3.73   3.02   2.90   2.86   3.09
 0.750  0.00361 3887.  3.981  -0.36   7.08   6.32   5.14   3.82   3.11   2.99   2.94   3.17
 0.750  0.00402 3883.  4.009  -0.39   7.15   6.38   5.21   3.90   3.18   3.06   3.01   3.24
 0.750  0.00447 3883.  4.037  -0.42   7.21   6.44   5.28   3.97   3.26   3.14   3.08   3.31
 0.750  0.00505 3882.  4.069  -0.45   7.29   6.51   5.36   4.06   3.35   3.22   3.17   3.39
 0.750  0.00571 3880.  4.102  -0.49   7.36   6.58   5.44   4.14   3.44   3.31   3.25   3.47
 0.750  0.00634 3878.  4.130  -0.52   7.43   6.64   5.50   4.22   3.51   3.38   3.32   3.54
 0.750  0.00717 3875.  4.162  -0.55   7.50   6.71   5.58   4.30   3.60   3.47   3.41   3.62
 0.750  0.00798 3873.  4.190  -0.58   7.57   6.77   5.65   4.38   3.68   3.55   3.48   3.69
 0.750  0.00903 3872.  4.222  -0.61   7.64   6.84   5.73   4.46   3.77   3.63   3.56   3.77
 0.750  0.01002 3871.  4.249  -0.64   7.70   6.90   5.79   4.53   3.84   3.70   3.63   3.84
 0.750  0.01126 3871.  4.278  -0.67   7.76   6.96   5.86   4.61   3.92   3.78   3.70   3.91
 0.750  0.01262 3873.  4.306  -0.69   7.82   7.01   5.92   4.68   3.99   3.86   3.78   3.98
 0.750  0.01430 3876.  4.337  -0.72   7.87   7.07   5.99   4.75   4.07   3.93   3.85   4.05
 0.750  0.01590 3882.  4.362  -0.75   7.91   7.11   6.03   4.81   4.14   3.99   3.91   4.11
 0.750  0.01787 3890.  4.388  -0.77   7.95   7.14   6.08   4.87   4.20   4.06   3.98   4.17
 0.750  0.01999 3901.  4.412  -0.79   7.97   7.17   6.12   4.93   4.25   4.11   4.03   4.23
 0.750  0.02256 3925.  4.436  -0.80   7.96   7.16   6.15   4.97   4.30   4.16   4.09   4.28
 0.750  0.02531 3954.  4.458  -0.81   7.94   7.14   6.16   5.01   4.34   4.20   4.13   4.32
 0.750  0.02824 3989.  4.477  -0.81   7.89   7.10   6.15   5.03   4.36   4.23   4.17   4.36
 0.750  0.03172 4052.  4.495  -0.80   7.79   7.00   6.11   5.03   4.37   4.25   4.19   4.38
 0.750  0.03580 4143.  4.512  -0.78   7.62   6.84   6.03   5.00   4.36   4.25   4.21   4.40
 0.750  0.04018 4260.  4.527  -0.75   7.39   6.64   5.92   4.96   4.34   4.25   4.21   4.40
 0.750  0.04487 4399.  4.543  -0.71   7.13   6.39   5.79   4.92   4.33   4.24   4.22   4.40
 0.750  0.05020 4550.  4.559  -0.67   6.90   6.21   5.67   4.86   4.31   4.24   4.22   4.39
 0.750  0.05652 4700.  4.580  -0.63   6.71   6.06   5.57   4.82   4.31   4.25   4.24   4.39
 0.750  0.06398 4765.  4.612  -0.64   6.69   6.06   5.59   4.86   4.37   4.31   4.30   4.45
 0.750  0.07307 4686.  4.650  -0.71   6.91   6.25   5.76   5.01   4.49   4.43   4.41   4.57
 0.750  0.08256 4624.  4.663  -0.74   7.04   6.36   5.85   5.08   4.55   4.48   4.46   4.62
 0.750  0.09623 4609.  4.663  -0.75   7.06   6.38   5.87   5.08   4.55   4.48   4.47   4.63
 0.750  0.10518 4609.  4.662  -0.75   7.06   6.38   5.86   5.08   4.55   4.48   4.46   4.62
 0.750  0.11592 4609.  4.661  -0.75   7.06   6.38   5.86   5.08   4.54   4.47   4.46   4.62
 0.750  0.12880 4607.  4.660  -0.75   7.06   6.38   5.86   5.08   4.54   4.47   4.46   4.62
 0.750  0.14426 4606.  4.659  -0.75   7.06   6.38   5.86   5.08   4.54   4.47   4.46   4.62
 0.750  0.16281 4606.  4.658  -0.75   7.06   6.37   5.86   5.08   4.54   4.47   4.45   4.62
 0.750  0.18507 4606.  4.657  -0.74   7.05   6.37   5.85   5.07   4.54   4.47   4.45   4.61
 0.750  0.21179 4606.  4.656  -0.74   7.05   6.37   5.85   5.07   4.54   4.46   4.45   4.61
 0.750  0.24348 4607.  4.656  -0.74   7.05   6.37   5.85   5.07   4.53   4.46   4.45   4.61
 0.750  0.27516 4607.  4.655  -0.74   7.05   6.36   5.85   5.07   4.53   4.46   4.45   4.61
 0.750  0.30685 4607.  4.654  -0.74   7.04   6.36   5.85   5.06   4.53   4.46   4.44   4.60
 0.750  0.33854 4607.  4.654  -0.74   7.04   6.36   5.84   5.06   4.53   4.46   4.44   4.60
 0.750  0.37023 4607.  4.653  -0.74   7.04   6.36   5.84   5.06   4.53   4.46   4.44   4.60
 0.750  0.40192 4606.  4.652  -0.74   7.04   6.36   5.84   5.06   4.53   4.45   4.44   4.60
 0.750  0.46529 4606.  4.652  -0.74   7.04   6.36   5.84   5.06   4.52   4.45   4.44   4.60
 0.750  0.52867 4606.  4.651  -0.74   7.04   6.36   5.84   5.06   4.52   4.45   4.44   4.60
 0.750  0.59205 4606.  4.650  -0.74   7.04   6.35   5.84   5.06   4.52   4.45   4.43   4.60
 0.750  0.65542 4606.  4.650  -0.74   7.03   6.35   5.84   5.05   4.52   4.45   4.43   4.59
 0.750  0.71880 4606.  4.649  -0.74   7.03   6.35   5.83   5.05   4.52   4.45   4.43   4.59
 0.750  0.81386 4607.  4.648  -0.74   7.03   6.35   5.83   5.05   4.51   4.44   4.43   4.59
 0.750  0.90893 4608.  4.648  -0.73   7.03   6.35   5.83   5.05   4.51   4.44   4.43   4.59
 0.750  1.00399 4609.  4.647  -0.73   7.02   6.34   5.83   5.05   4.51   4.44   4.43   4.59
 0.750  1.13074 4610.  4.646  -0.73   7.02   6.34   5.82   5.04   4.51   4.44   4.42   4.58
 0.750  1.28918 4612.  4.645  -0.73   7.01   6.33   5.82   5.04   4.51   4.44   4.42   4.58
 0.750  1.41594 4614.  4.645  -0.73   7.01   6.33   5.81   5.04   4.50   4.43   4.42   4.58
 0.750  1.60606 4616.  4.643  -0.73   7.00   6.32   5.81   5.03   4.50   4.43   4.41   4.57
 0.750  1.79619 4620.  4.643  -0.72   6.99   6.32   5.80   5.03   4.50   4.43   4.41   4.57
 0.750  2.01801 4623.  4.641  -0.72   6.99   6.31   5.80   5.02   4.49   4.42   4.41   4.57
 0.750  2.23983 4626.  4.640  -0.72   6.98   6.30   5.79   5.02   4.49   4.42   4.40   4.56
 0.750  2.52502 4630.  4.639  -0.72   6.97   6.30   5.78   5.01   4.48   4.41   4.40   4.56
 0.750  2.84190 4636.  4.638  -0.71   6.96   6.29   5.78   5.01   4.48   4.41   4.40   4.55
 0.750  3.19047 4641.  4.636  -0.71   6.94   6.27   5.77   5.00   4.47   4.40   4.39   4.55
 0.750  3.57073 4647.  4.634  -0.71   6.93   6.26   5.76   4.99   4.47   4.40   4.38   4.54
 0.750  3.98267 4654.  4.632  -0.70   6.91   6.25   5.75   4.98   4.46   4.39   4.38   4.54
 0.750  4.48968 4661.  4.630  -0.70   6.90   6.23   5.73   4.97   4.45   4.38   4.37   4.53
 0.750  5.02838 4670.  4.627  -0.69   6.88   6.22   5.72   4.96   4.44   4.38   4.36   4.52
 0.750  5.63045 4681.  4.625  -0.68   6.85   6.20   5.70   4.95   4.43   4.37   4.35   4.51
 0.750  6.32759 4691.  4.621  -0.68   6.83   6.17   5.68   4.93   4.42   4.35   4.34   4.50
 0.750  7.08810 4704.  4.617  -0.67   6.79   6.15   5.66   4.91   4.41   4.34   4.33   4.48
 0.750  7.94368 4720.  4.613  -0.66   6.76   6.12   5.63   4.89   4.39   4.33   4.31   4.47
 0.750  8.92601 4736.  4.607  -0.65   6.72   6.08   5.60   4.87   4.37   4.31   4.30   4.45
 0.750 10.00340 4756.  4.602  -0.63   6.67   6.05   5.57   4.84   4.35   4.29   4.28   4.43

 0.800  0.00101 4099.  3.678   0.06   5.39   4.64   3.92   2.93   2.30   2.20   2.15   2.33
 0.800  0.00114 4093.  3.706   0.03   5.50   4.74   4.00   3.00   2.37   2.26   2.22   2.40
 0.800  0.00127 4086.  3.735   0.00   5.60   4.84   4.09   3.08   2.43   2.33   2.28   2.46
 0.800  0.00142 4079.  3.763  -0.03   5.70   4.95   4.17   3.15   2.50   2.39   2.35   2.53
 0.800  0.00159 4074.  3.792  -0.06   5.80   5.04   4.25   3.22   2.57   2.46   2.41   2.60
 0.800  0.00181 4066.  3.825  -0.10   5.92   5.16   4.35   3.30   2.64   2.54   2.49   2.68
 0.800  0.00201 4059.  3.853  -0.13   6.03   5.26   4.43   3.37   2.71   2.60   2.55   2.75
 0.800  0.00224 4052.  3.882  -0.16   6.13   5.37   4.51   3.44   2.78   2.67   2.62   2.81
 0.800  0.00254 4044.  3.915  -0.20   6.25   5.48   4.61   3.52   2.85   2.74   2.69   2.89
 0.800  0.00283 4037.  3.943  -0.23   6.35   5.59   4.69   3.59   2.92   2.81   2.76   2.96
 0.800  0.00320 4030.  3.976  -0.27   6.47   5.70   4.79   3.68   3.00   2.88   2.83   3.04
 0.800  0.00356 4023.  4.004  -0.30   6.57   5.80   4.87   3.75   3.06   2.95   2.90   3.10
 0.800  0.00403 4012.  4.036  -0.33   6.68   5.91   4.97   3.83   3.15   3.03   2.98   3.19
 0.800  0.00449 4003.  4.064  -0.37   6.78   6.00   5.05   3.91   3.23   3.11   3.06   3.26
 0.800  0.00509 3987.  4.097  -0.41   6.91   6.13   5.16   4.00   3.31   3.19   3.14   3.35
 0.800  0.00567 3974.  4.125  -0.44   7.03   6.25   5.25   4.08   3.39   3.27   3.22   3.42
 0.800  0.00634 3963.  4.152  -0.47   7.13   6.35   5.34   4.15   3.47   3.34   3.29   3.49
 0.800  0.00721 3954.  4.185  -0.51   7.23   6.45   5.43   4.24   3.55   3.43   3.37   3.58
 0.800  0.00803 3948.  4.211  -0.54   7.31   6.53   5.51   4.31   3.63   3.50   3.44   3.65
 0.800  0.00892 3945.  4.236  -0.56   7.38   6.60   5.57   4.38   3.69   3.57   3.51   3.71
 0.800  0.01004 3945.  4.265  -0.59   7.45   6.66   5.64   4.45   3.77   3.64   3.58   3.78
 0.800  0.01126 3946.  4.292  -0.62   7.50   6.71   5.70   4.52   3.84   3.71   3.64   3.84
 0.800  0.01277 3953.  4.320  -0.65   7.55   6.76   5.76   4.59   3.91   3.78   3.72   3.91
 0.800  0.01419 3961.  4.344  -0.67   7.58   6.79   5.80   4.64   3.96   3.84   3.77   3.97
 0.800  0.01594 3974.  4.369  -0.68   7.60   6.81   5.84   4.70   4.02   3.89   3.83   4.02
 0.800  0.01781 3991.  4.391  -0.70   7.61   6.82   5.87   4.74   4.07   3.94   3.88   4.07
 0.800  0.02006 4022.  4.414  -0.71   7.59   6.80   5.88   4.78   4.11   3.99   3.93   4.12
 0.800  0.02246 4063.  4.435  -0.71   7.54   6.76   5.88   4.80   4.14   4.02   3.97   4.16
 0.800  0.02527 4122.  4.455  -0.71   7.45   6.68   5.85   4.81   4.16   4.05   4.00   4.19
 0.800  0.02824 4192.  4.471  -0.69   7.33   6.57   5.79   4.80   4.16   4.06   4.02   4.21
 0.800  0.03169 4307.  4.487  -0.66   7.12   6.37   5.69   4.77   4.15   4.06   4.03   4.22
 0.800  0.03567 4446.  4.504  -0.62   6.88   6.15   5.57   4.72   4.14   4.06   4.04   4.21
 0.800  0.03984 4592.  4.518  -0.58   6.65   5.97   5.45   4.66   4.13   4.06   4.04   4.20
 0.800  0.04470 4762.  4.532  -0.53   6.42   5.79   5.32   4.60   4.11   4.04   4.03   4.18
 0.800  0.05088 4941.  4.556  -0.49   6.22   5.65   5.21   4.55   4.11   4.05   4.04   4.18
 0.800  0.05795 4947.  4.601  -0.54   6.33   5.76   5.32   4.66   4.22   4.16   4.15   4.29
 0.800  0.06396 4873.  4.629  -0.59   6.50   5.91   5.46   4.77   4.31   4.25   4.24   4.38
 0.800  0.07261 4826.  4.640  -0.62   6.60   5.99   5.53   4.83   4.35   4.29   4.29   4.43
 0.800  0.08507 4818.  4.640  -0.62   6.61   6.00   5.53   4.83   4.35   4.30   4.29   4.43
 0.800  0.09322 4818.  4.639  -0.62   6.60   5.99   5.53   4.83   4.35   4.29   4.28   4.43
 0.800  0.10301 4819.  4.638  -0.62   6.60   5.99   5.53   4.83   4.35   4.29   4.28   4.43
 0.800  0.11475 4819.  4.637  -0.62   6.60   5.99   5.53   4.82   4.35   4.29   4.28   4.42
 0.800  0.12884 4821.  4.637  -0.62   6.59   5.98   5.52   4.82   4.35   4.29   4.28   4.42
 0.800  0.14575 4822.  4.636  -0.62   6.59   5.98   5.52   4.82   4.34   4.29   4.28   4.42
 0.800  0.16604 4823.  4.635  -0.61   6.59   5.98   5.52   4.82   4.34   4.28   4.27   4.42
 0.800  0.19039 4824.  4.634  -0.61   6.58   5.98   5.51   4.81   4.34   4.28   4.27   4.41
 0.800  0.21961 4824.  4.633  -0.61   6.58   5.97   5.51   4.81   4.34   4.28   4.27   4.41
 0.800  0.25130 4825.  4.633  -0.61   6.58   5.97   5.51   4.81   4.34   4.28   4.27   4.41
 0.800  0.28299 4825.  4.632  -0.61   6.58   5.97   5.51   4.81   4.33   4.28   4.27   4.41
 0.800  0.31468 4825.  4.632  -0.61   6.58   5.97   5.51   4.81   4.33   4.27   4.26   4.41
 0.800  0.34637 4825.  4.631  -0.61   6.57   5.97   5.50   4.81   4.33   4.27   4.26   4.41
 0.800  0.37805 4824.  4.630  -0.61   6.57   5.97   5.50   4.80   4.33   4.27   4.26   4.40
 0.800  0.40974 4824.  4.630  -0.61   6.57   5.96   5.50   4.80   4.33   4.27   4.26   4.40
 0.800  0.47312 4824.  4.629  -0.61   6.57   5.96   5.50   4.80   4.33   4.27   4.26   4.40
 0.800  0.50481 4824.  4.628  -0.61   6.57   5.96   5.50   4.80   4.32   4.27   4.26   4.40
 0.800  0.56818 4825.  4.628  -0.61   6.57   5.96   5.50   4.80   4.32   4.26   4.26   4.40
 0.800  0.63156 4825.  4.627  -0.61   6.56   5.96   5.50   4.80   4.32   4.26   4.25   4.40
 0.800  0.72662 4826.  4.626  -0.60   6.56   5.95   5.49   4.79   4.32   4.26   4.25   4.39
 0.800  0.82169 4827.  4.625  -0.60   6.56   5.95   5.49   4.79   4.32   4.26   4.25   4.39
 0.800  0.91675 4828.  4.625  -0.60   6.55   5.95   5.49   4.79   4.31   4.25   4.25   4.39
 0.800  1.01182 4831.  4.624  -0.60   6.55   5.94   5.48   4.78   4.31   4.25   4.24   4.39
 0.800  1.13857 4833.  4.623  -0.60   6.54   5.94   5.48   4.78   4.31   4.25   4.24   4.38
 0.800  1.26532 4835.  4.622  -0.60   6.54   5.93   5.47   4.78   4.31   4.25   4.24   4.38
 0.800  1.42376 4837.  4.621  -0.59   6.53   5.93   5.47   4.77   4.30   4.24   4.23   4.38
 0.800  1.61389 4841.  4.620  -0.59   6.52   5.92   5.46   4.77   4.30   4.24   4.23   4.37
 0.800  1.80402 4844.  4.618  -0.59   6.52   5.91   5.46   4.76   4.29   4.24   4.23   4.37
 0.800  2.02583 4848.  4.617  -0.59   6.51   5.91   5.45   4.76   4.29   4.23   4.22   4.36
 0.800  2.24765 4853.  4.616  -0.58   6.50   5.90   5.44   4.75   4.28   4.23   4.22   4.36
 0.800  2.53284 4858.  4.614  -0.58   6.48   5.89   5.43   4.74   4.28   4.22   4.21   4.35
 0.800  2.84972 4865.  4.612  -0.58   6.47   5.88   5.42   4.73   4.27   4.21   4.20   4.34
 0.800  3.16661 4871.  4.610  -0.57   6.46   5.86   5.41   4.73   4.26   4.21   4.20   4.34
 0.800  3.57855 4880.  4.608  -0.57   6.44   5.85   5.40   4.72   4.26   4.20   4.19   4.33
 0.800  3.99050 4888.  4.605  -0.56   6.42   5.83   5.38   4.70   4.25   4.19   4.18   4.32
 0.800  4.49751 4898.  4.602  -0.55   6.40   5.81   5.36   4.69   4.23   4.18   4.17   4.30
 0.800  5.03620 4910.  4.598  -0.55   6.37   5.79   5.35   4.67   4.22   4.17   4.16   4.29
 0.800  5.63828 4923.  4.594  -0.54   6.34   5.77   5.32   4.66   4.21   4.15   4.14   4.28
 0.800  6.33541 4937.  4.589  -0.53   6.31   5.74   5.30   4.64   4.19   4.14   4.13   4.26
 0.800  7.09593 4955.  4.584  -0.52   6.27   5.71   5.27   4.61   4.17   4.12   4.11   4.24
 0.800  7.95151 4974.  4.577  -0.50   6.23   5.67   5.23   4.58   4.15   4.10   4.09   4.22
 0.800  8.93384 4997.  4.569  -0.49   6.18   5.62   5.19   4.55   4.12   4.07   4.06   4.19
 0.800 10.01120 5022.  4.560  -0.47   6.12   5.58   5.15   4.51   4.09   4.04   4.03   4.16

 0.850  0.00102 4200.  3.690   0.12   5.12   4.39   3.75   2.83   2.22   2.13   2.09   2.26
 0.850  0.00114 4187.  3.719   0.08   5.24   4.50   3.84   2.91   2.29   2.20   2.15   2.33
 0.850  0.00127 4176.  3.747   0.05   5.35   4.61   3.93   2.98   2.36   2.26   2.22   2.40
 0.850  0.00142 4166.  3.776   0.02   5.46   4.72   4.02   3.05   2.43   2.33   2.29   2.47
 0.850  0.00159 4156.  3.804  -0.02   5.57   4.82   4.10   3.13   2.50   2.40   2.35   2.54
 0.850  0.00180 4146.  3.838  -0.05   5.70   4.95   4.20   3.21   2.57   2.47   2.43   2.62
 0.850  0.00201 4136.  3.866  -0.09   5.80   5.05   4.29   3.28   2.64   2.54   2.50   2.69
 0.850  0.00228 4126.  3.899  -0.12   5.93   5.18   4.39   3.37   2.72   2.62   2.57   2.77
 0.850  0.00254 4116.  3.927  -0.16   6.04   5.28   4.48   3.44   2.79   2.68   2.64   2.83
 0.850  0.00283 4108.  3.956  -0.19   6.15   5.39   4.56   3.51   2.85   2.75   2.70   2.90
 0.850  0.00320 4097.  3.988  -0.22   6.27   5.51   4.66   3.59   2.93   2.82   2.78   2.98
 0.850  0.00357 4090.  4.016  -0.26   6.37   5.60   4.74   3.67   3.00   2.89   2.85   3.05
 0.850  0.00405 4079.  4.049  -0.29   6.48   5.71   4.84   3.76   3.09   2.98   2.93   3.13
 0.850  0.00451 4071.  4.077  -0.32   6.57   5.80   4.92   3.83   3.16   3.05   3.00   3.21
 0.850  0.00503 4063.  4.105  -0.36   6.66   5.89   5.00   3.91   3.24   3.12   3.08   3.28
 0.850  0.00573 4054.  4.138  -0.39   6.76   5.99   5.09   4.00   3.33   3.21   3.16   3.36
 0.850  0.00639 4047.  4.165  -0.42   6.85   6.07   5.17   4.07   3.40   3.28   3.23   3.43
 0.850  0.00710 4041.  4.191  -0.45   6.93   6.15   5.24   4.14   3.47   3.35   3.30   3.50
 0.850  0.00801 4036.  4.220  -0.48   7.01   6.23   5.32   4.21   3.54   3.42   3.37   3.57
 0.850  0.00900 4034.  4.248  -0.51   7.08   6.30   5.39   4.28   3.61   3.49   3.44   3.64
 0.850  0.01007 4036.  4.274  -0.54   7.14   6.36   5.45   4.35   3.68   3.56   3.51   3.70
 0.850  0.01123 4040.  4.298  -0.56   7.19   6.41   5.51   4.41   3.74   3.62   3.57   3.76
 0.850  0.01265 4051.  4.324  -0.58   7.23   6.45   5.56   4.47   3.80   3.68   3.63   3.82
 0.850  0.01418 4068.  4.348  -0.60   7.25   6.47   5.59   4.51   3.85   3.73   3.69   3.88
 0.850  0.01603 4095.  4.373  -0.61   7.24   6.47   5.61   4.55   3.90   3.78   3.74   3.93
 0.850  0.01799 4130.  4.394  -0.62   7.21   6.44   5.62   4.58   3.93   3.82   3.78   3.97
 0.850  0.02007 4175.  4.413  -0.62   7.15   6.39   5.60   4.60   3.96   3.85   3.82   4.01
 0.850  0.02249 4247.  4.431  -0.61   7.04   6.29   5.56   4.60   3.97   3.87   3.84   4.03
 0.850  0.02529 4348.  4.449  -0.58   6.87   6.13   5.48   4.58   3.98   3.89   3.86   4.04
 0.850  0.02821 4460.  4.464  -0.55   6.69   5.97   5.40   4.55   3.97   3.89   3.87   4.05
 0.850  0.03184 4608.  4.479  -0.51   6.46   5.79   5.27   4.49   3.96   3.89   3.87   4.03
 0.850  0.03549 4767.  4.489  -0.46   6.23   5.61   5.14   4.42   3.93   3.87   3.86   4.01
 0.850  0.03994 4973.  4.502  -0.40   5.98   5.42   4.98   4.33   3.90   3.84   3.83   3.96
 0.850  0.04524 5143.  4.527  -0.37   5.82   5.31   4.90   4.30   3.91   3.86   3.86   3.97
 0.850  0.05186 5117.  4.584  -0.43   6.00   5.48   5.06   4.46   4.06   4.01   4.00   4.12
 0.850  0.05748 5052.  4.610  -0.48   6.15   5.60   5.18   4.56   4.14   4.09   4.08   4.20
 0.850  0.06557 5028.  4.617  -0.50   6.19   5.65   5.22   4.59   4.17   4.11   4.11   4.23
 0.850  0.07087 5028.  4.617  -0.50   6.19   5.65   5.22   4.59   4.17   4.11   4.11   4.23
 0.850  0.08486 5029.  4.615  -0.50   6.19   5.64   5.22   4.58   4.16   4.11   4.10   4.23
 0.850  0.09401 5032.  4.615  -0.49   6.18   5.64   5.21   4.58   4.16   4.11   4.10   4.22
 0.850  0.10500 5033.  4.614  -0.49   6.18   5.63   5.21   4.58   4.16   4.10   4.10   4.22
 0.850  0.11818 5035.  4.614  -0.49   6.18   5.63   5.21   4.58   4.16   4.10   4.10   4.22
 0.850  0.13401 5036.  4.613  -0.49   6.17   5.63   5.20   4.57   4.15   4.10   4.09   4.22
 0.850  0.15299 5037.  4.612  -0.49   6.17   5.62   5.20   4.57   4.15   4.10   4.09   4.21
 0.850  0.17577 5038.  4.611  -0.49   6.17   5.62   5.20   4.57   4.15   4.10   4.09   4.21
 0.850  0.20311 5038.  4.610  -0.49   6.16   5.62   5.19   4.56   4.15   4.09   4.09   4.21
 0.850  0.23480 5038.  4.610  -0.49   6.16   5.62   5.19   4.56   4.15   4.09   4.09   4.21
 0.850  0.26649 5040.  4.609  -0.49   6.16   5.61   5.19   4.56   4.14   4.09   4.08   4.21
 0.850  0.29818 5040.  4.608  -0.48   6.16   5.61   5.19   4.56   4.14   4.09   4.08   4.21
 0.850  0.32986 5040.  4.608  -0.48   6.16   5.61   5.19   4.56   4.14   4.09   4.08   4.20
 0.850  0.36155 5040.  4.607  -0.48   6.15   5.61   5.19   4.56   4.14   4.09   4.08   4.20
 0.850  0.39324 5040.  4.607  -0.48   6.15   5.61   5.18   4.56   4.14   4.08   4.08   4.20
 0.850  0.42493 5040.  4.606  -0.48   6.15   5.61   5.18   4.55   4.14   4.08   4.08   4.20
 0.850  0.45662 5040.  4.606  -0.48   6.15   5.61   5.18   4.55   4.13   4.08   4.08   4.20
 0.850  0.51999 5041.  4.605  -0.48   6.15   5.60   5.18   4.55   4.13   4.08   4.07   4.20
 0.850  0.58337 5041.  4.604  -0.48   6.14   5.60   5.18   4.55   4.13   4.08   4.07   4.19
 0.850  0.64674 5042.  4.603  -0.48   6.14   5.60   5.17   4.55   4.13   4.08   4.07   4.19
 0.850  0.71012 5043.  4.603  -0.48   6.14   5.59   5.17   4.54   4.13   4.07   4.07   4.19
 0.850  0.80519 5044.  4.602  -0.48   6.13   5.59   5.17   4.54   4.12   4.07   4.06   4.19
 0.850  0.90025 5047.  4.601  -0.47   6.13   5.59   5.16   4.54   4.12   4.07   4.06   4.18
 0.850  1.02700 5049.  4.600  -0.47   6.12   5.58   5.16   4.53   4.12   4.06   4.06   4.18
 0.850  1.12207 5051.  4.599  -0.47   6.12   5.58   5.16   4.53   4.11   4.06   4.06   4.18
 0.850  1.28051 5055.  4.597  -0.47   6.11   5.57   5.15   4.52   4.11   4.06   4.05   4.17
 0.850  1.43895 5058.  4.596  -0.47   6.10   5.56   5.14   4.52   4.11   4.05   4.05   4.17
 0.850  1.59739 5062.  4.595  -0.46   6.10   5.56   5.14   4.51   4.10   4.05   4.04   4.16
 0.850  1.78752 5065.  4.593  -0.46   6.09   5.55   5.13   4.51   4.10   4.04   4.04   4.16
 0.850  2.00933 5071.  4.591  -0.46   6.07   5.54   5.12   4.50   4.09   4.04   4.03   4.15
 0.850  2.26284 5076.  4.589  -0.45   6.06   5.53   5.11   4.49   4.08   4.03   4.03   4.15
 0.850  2.51634 5082.  4.587  -0.45   6.05   5.52   5.10   4.48   4.07   4.02   4.02   4.14
 0.850  2.83322 5090.  4.584  -0.44   6.03   5.50   5.09   4.47   4.07   4.02   4.01   4.13
 0.850  3.18179 5098.  4.581  -0.44   6.02   5.49   5.07   4.46   4.06   4.01   4.00   4.12
 0.850  3.56205 5107.  4.578  -0.43   6.00   5.47   5.06   4.45   4.05   4.00   3.99   4.11
 0.850  4.00568 5118.  4.574  -0.42   5.97   5.45   5.04   4.43   4.03   3.98   3.98   4.09
 0.850  4.48100 5130.  4.569  -0.41   5.95   5.43   5.02   4.41   4.02   3.97   3.96   4.08
 0.850  5.01970 5143.  4.564  -0.41   5.92   5.40   4.99   4.39   4.00   3.95   3.95   4.06
 0.850  5.65346 5159.  4.558  -0.39   5.88   5.37   4.96   4.37   3.98   3.93   3.93   4.04
 0.850  6.31891 5176.  4.550  -0.38   5.84   5.33   4.93   4.34   3.96   3.91   3.91   4.02
 0.850  7.11111 5198.  4.542  -0.36   5.79   5.29   4.89   4.31   3.93   3.88   3.88   3.99
 0.850  7.96669 5223.  4.532  -0.35   5.74   5.24   4.85   4.27   3.90   3.85   3.85   3.96
 0.850  8.91734 5252.  4.520  -0.32   5.68   5.19   4.80   4.23   3.86   3.81   3.81   3.92
 0.850 10.02640 5287.  4.504  -0.30   5.60   5.12   4.73   4.17   3.81   3.77   3.77   3.87

 0.900  0.00101 4253.  3.694   0.16   4.97   4.25   3.64   2.74   2.15   2.06   2.02   2.19
 0.900  0.00113 4246.  3.723   0.13   5.07   4.35   3.72   2.81   2.22   2.13   2.09   2.26
 0.900  0.00126 4239.  3.751   0.10   5.16   4.44   3.80   2.89   2.28   2.19   2.15   2.33
 0.900  0.00143 4231.  3.785   0.06   5.28   4.55   3.90   2.97   2.36   2.27   2.23   2.41
 0.900  0.00160 4223.  3.813   0.03   5.38   4.65   3.98   3.04   2.43   2.33   2.29   2.48
 0.900  0.00178 4215.  3.842   0.00   5.48   4.74   4.06   3.11   2.50   2.40   2.36   2.55
 0.900  0.00202 4204.  3.875  -0.04   5.60   4.86   4.16   3.20   2.57   2.48   2.44   2.63
 0.900  0.00225 4194.  3.903  -0.07   5.71   4.96   4.25   3.27   2.64   2.54   2.50   2.69
 0.900  0.00255 4181.  3.937  -0.11   5.84   5.09   4.35   3.36   2.72   2.62   2.58   2.77
 0.900  0.00284 4172.  3.965  -0.15   5.95   5.20   4.43   3.43   2.79   2.68   2.64   2.84
 0.900  0.00322 4160.  3.998  -0.18   6.07   5.32   4.54   3.51   2.87   2.76   2.72   2.92
 0.900  0.00359 4151.  4.026  -0.21   6.17   5.41   4.62   3.59   2.94   2.83   2.79   2.99
 0.900  0.00400 4144.  4.054  -0.25   6.26   5.50   4.70   3.66   3.01   2.91   2.87   3.07
 0.900  0.00455 4135.  4.087  -0.28   6.36   5.60   4.79   3.75   3.10   2.99   2.95   3.15
 0.900  0.00508 4129.  4.114  -0.31   6.45   5.69   4.87   3.83   3.17   3.06   3.02   3.22
 0.900  0.00565 4124.  4.142  -0.34   6.53   5.77   4.94   3.90   3.24   3.13   3.09   3.29
 0.900  0.00639 4119.  4.172  -0.37   6.62   5.85   5.02   3.97   3.32   3.21   3.17   3.36
 0.900  0.00719 4116.  4.200  -0.40   6.70   5.93   5.10   4.05   3.39   3.28   3.24   3.44
 0.900  0.00807 4116.  4.227  -0.43   6.77   6.00   5.16   4.11   3.46   3.35   3.31   3.50
 0.900  0.00901 4119.  4.253  -0.45   6.82   6.06   5.22   4.18   3.52   3.41   3.37   3.56
 0.900  0.01003 4126.  4.277  -0.48   6.87   6.10   5.27   4.23   3.58   3.47   3.43   3.62
 0.900  0.01128 4139.  4.302  -0.50   6.90   6.13   5.32   4.29   3.64   3.53   3.49   3.68
 0.900  0.01262 4157.  4.326  -0.51   6.91   6.15   5.35   4.33   3.69   3.58   3.54   3.73
 0.900  0.01423 4185.  4.349  -0.52   6.90   6.15   5.37   4.37   3.73   3.63   3.59   3.78
 0.900  0.01594 4228.  4.370  -0.53   6.86   6.11   5.37   4.39   3.77   3.67   3.63   3.82
 0.900  0.01793 4291.  4.391  -0.52   6.78   6.03   5.34   4.41   3.79   3.70   3.67   3.86
 0.900  0.02002 4368.  4.409  -0.51   6.66   5.92   5.30   4.41   3.81   3.72   3.69   3.88
 0.900  0.02242 4465.  4.425  -0.49   6.52   5.80   5.23   4.39   3.81   3.73   3.71   3.89
 0.900  0.02515 4585.  4.439  -0.46   6.34   5.66   5.14   4.35   3.81   3.73   3.72   3.88
 0.900  0.02822 4737.  4.450  -0.41   6.12   5.49   5.01   4.28   3.78   3.72   3.71   3.86
 0.900  0.03168 4931.  4.458  -0.35   5.86   5.29   4.85   4.18   3.74   3.68   3.67   3.81
 0.900  0.03568 5151.  4.468  -0.28   5.60   5.09   4.69   4.09   3.70   3.65   3.65   3.76
 0.900  0.04034 5328.  4.497  -0.25   5.47   5.00   4.62   4.08   3.72   3.68   3.68   3.78
 0.900  0.04655 5276.  4.564  -0.34   5.70   5.21   4.83   4.27   3.90   3.86   3.86   3.96
 0.900  0.05183 5224.  4.586  -0.38   5.81   5.32   4.92   4.35   3.97   3.92   3.92   4.03
 0.900  0.05943 5218.  4.590  -0.38   5.83   5.33   4.94   4.36   3.98   3.94   3.93   4.04
 0.900  0.06440 5222.  4.591  -0.38   5.83   5.33   4.93   4.36   3.98   3.94   3.93   4.04
 0.900  0.07753 5226.  4.590  -0.38   5.82   5.32   4.93   4.35   3.98   3.93   3.93   4.04
 0.900  0.08612 5229.  4.589  -0.38   5.81   5.32   4.92   4.35   3.98   3.93   3.93   4.04
 0.900  0.09643 5231.  4.588  -0.38   5.81   5.31   4.92   4.35   3.97   3.93   3.93   4.04
 0.900  0.10880 5234.  4.588  -0.37   5.81   5.31   4.92   4.35   3.97   3.93   3.92   4.03
 0.900  0.12365 5236.  4.587  -0.37   5.80   5.31   4.91   4.34   3.97   3.92   3.92   4.03
 0.900  0.14147 5235.  4.587  -0.37   5.80   5.31   4.91   4.34   3.97   3.92   3.92   4.03
 0.900  0.16285 5234.  4.586  -0.37   5.80   5.30   4.91   4.34   3.97   3.92   3.92   4.03
 0.900  0.18851 5234.  4.585  -0.37   5.80   5.30   4.91   4.34   3.96   3.92   3.92   4.03
 0.900  0.21930 5235.  4.584  -0.37   5.79   5.30   4.91   4.34   3.96   3.92   3.92   4.02
 0.900  0.25099 5236.  4.583  -0.37   5.79   5.30   4.90   4.33   3.96   3.91   3.91   4.02
 0.900  0.28268 5237.  4.583  -0.37   5.79   5.29   4.90   4.33   3.96   3.91   3.91   4.02
 0.900  0.31436 5238.  4.582  -0.37   5.79   5.29   4.90   4.33   3.96   3.91   3.91   4.02
 0.900  0.34605 5238.  4.581  -0.37   5.78   5.29   4.90   4.33   3.95   3.91   3.91   4.02
 0.900  0.37774 5238.  4.581  -0.36   5.78   5.29   4.90   4.33   3.95   3.91   3.91   4.01
 0.900  0.40943 5240.  4.580  -0.36   5.78   5.29   4.89   4.32   3.95   3.91   3.90   4.01
 0.900  0.44112 5240.  4.580  -0.36   5.78   5.28   4.89   4.32   3.95   3.90   3.90   4.01
 0.900  0.47280 5240.  4.579  -0.36   5.78   5.28   4.89   4.32   3.95   3.90   3.90   4.01
 0.900  0.50449 5240.  4.579  -0.36   5.78   5.28   4.89   4.32   3.95   3.90   3.90   4.01
 0.900  0.56787 5241.  4.578  -0.36   5.77   5.28   4.89   4.32   3.94   3.90   3.90   4.01
 0.900  0.63124 5242.  4.577  -0.36   5.77   5.28   4.88   4.31   3.94   3.90   3.90   4.00
 0.900  0.72631 5244.  4.576  -0.36   5.76   5.27   4.88   4.31   3.94   3.89   3.89   4.00
 0.900  0.82137 5247.  4.575  -0.36   5.76   5.27   4.87   4.31   3.94   3.89   3.89   4.00
 0.900  0.91644 5248.  4.573  -0.35   5.75   5.26   4.87   4.30   3.93   3.89   3.89   3.99
 0.900  1.01150 5250.  4.572  -0.35   5.75   5.26   4.87   4.30   3.93   3.88   3.88   3.99
 0.900  1.13825 5254.  4.571  -0.35   5.74   5.25   4.86   4.29   3.92   3.88   3.88   3.99
 0.900  1.26501 5258.  4.570  -0.35   5.73   5.24   4.85   4.29   3.92   3.87   3.87   3.98
 0.900  1.42345 5261.  4.568  -0.34   5.72   5.24   4.85   4.28   3.91   3.87   3.87   3.98
 0.900  1.61358 5267.  4.566  -0.34   5.71   5.22   4.84   4.28   3.91   3.86   3.86   3.97
 0.900  1.80370 5272.  4.564  -0.34   5.70   5.22   4.83   4.27   3.90   3.86   3.86   3.96
 0.900  2.02552 5278.  4.561  -0.33   5.69   5.20   4.82   4.26   3.89   3.85   3.85   3.95
 0.900  2.24734 5284.  4.559  -0.33   5.67   5.19   4.81   4.25   3.88   3.84   3.84   3.95
 0.900  2.53253 5293.  4.556  -0.32   5.66   5.18   4.79   4.24   3.87   3.83   3.83   3.94
 0.900  2.84941 5302.  4.552  -0.32   5.64   5.16   4.78   4.22   3.86   3.82   3.82   3.92
 0.900  3.16629 5311.  4.548  -0.31   5.62   5.14   4.76   4.21   3.85   3.81   3.81   3.91
 0.900  3.57824 5324.  4.543  -0.30   5.59   5.12   4.74   4.19   3.84   3.79   3.79   3.90
 0.900  3.99018 5336.  4.538  -0.29   5.57   5.09   4.72   4.17   3.82   3.78   3.78   3.88
 0.900  4.49719 5353.  4.532  -0.28   5.53   5.06   4.69   4.15   3.80   3.76   3.76   3.86
 0.900  5.03589 5370.  4.525  -0.27   5.49   5.03   4.66   4.12   3.78   3.74   3.74   3.84
 0.900  5.63796 5390.  4.516  -0.25   5.45   4.99   4.62   4.09   3.75   3.71   3.71   3.81
 0.900  6.33510 5415.  4.506  -0.23   5.40   4.94   4.58   4.06   3.72   3.68   3.68   3.78
 0.900  7.09561 5443.  4.494  -0.21   5.34   4.89   4.53   4.01   3.68   3.64   3.64   3.74
 0.900  7.95119 5475.  4.478  -0.19   5.27   4.83   4.47   3.96   3.63   3.59   3.60   3.69
 0.900  8.93352 5517.  4.458  -0.15   5.17   4.74   4.39   3.89   3.57   3.53   3.54   3.63
 0.900 10.01090 5564.  4.431  -0.11   5.06   4.63   4.29   3.80   3.49   3.45   3.46   3.55

 0.950  0.00101 4303.  3.698   0.20   4.82   4.12   3.53   2.66   2.08   2.00   1.96   2.12
 0.950  0.00112 4296.  3.727   0.17   4.92   4.21   3.61   2.73   2.15   2.06   2.02   2.19
 0.950  0.00128 4288.  3.760   0.13   5.03   4.32   3.71   2.82   2.23   2.14   2.10   2.27
 0.950  0.00143 4282.  3.789   0.10   5.13   4.42   3.79   2.89   2.29   2.20   2.17   2.34
 0.950  0.00159 4275.  3.818   0.07   5.23   4.51   3.87   2.96   2.36   2.27   2.23   2.41
 0.950  0.00181 4266.  3.851   0.03   5.34   4.62   3.96   3.04   2.44   2.34   2.31   2.49
 0.950  0.00201 4258.  3.879   0.00   5.44   4.71   4.05   3.12   2.50   2.41   2.37   2.56
 0.950  0.00224 4250.  3.908  -0.03   5.54   4.81   4.13   3.19   2.57   2.48   2.44   2.63
 0.950  0.00254 4239.  3.941  -0.07   5.66   4.92   4.23   3.27   2.65   2.55   2.52   2.71
 0.950  0.00283 4230.  3.969  -0.10   5.77   5.02   4.31   3.34   2.72   2.62   2.58   2.78
 0.950  0.00321 4219.  4.003  -0.14   5.88   5.14   4.41   3.43   2.79   2.69   2.66   2.86
 0.950  0.00357 4211.  4.031  -0.17   5.97   5.22   4.49   3.50   2.87   2.77   2.73   2.93
 0.950  0.00399 4203.  4.059  -0.20   6.06   5.31   4.57   3.58   2.94   2.84   2.80   3.00
 0.950  0.00453 4197.  4.091  -0.24   6.16   5.41   4.66   3.66   3.02   2.92   2.89   3.09
 0.950  0.00504 4192.  4.118  -0.27   6.24   5.49   4.73   3.73   3.09   2.99   2.95   3.15
 0.950  0.00569 4188.  4.148  -0.30   6.33   5.57   4.81   3.81   3.17   3.07   3.03   3.23
 0.950  0.00640 4187.  4.176  -0.33   6.40   5.65   4.88   3.88   3.24   3.14   3.10   3.30
 0.950  0.00717 4189.  4.203  -0.35   6.46   5.71   4.94   3.95   3.31   3.20   3.17   3.36
 0.950  0.00800 4193.  4.228  -0.38   6.52   5.76   5.00   4.01   3.37   3.26   3.23   3.42
 0.950  0.00902 4202.  4.255  -0.40   6.56   5.81   5.06   4.07   3.43   3.33   3.29   3.49
 0.950  0.01013 4220.  4.280  -0.42   6.59   5.84   5.10   4.12   3.49   3.39   3.35   3.54
 0.950  0.01131 4244.  4.303  -0.43   6.60   5.85   5.12   4.16   3.53   3.44   3.40   3.59
 0.950  0.01272 4281.  4.326  -0.44   6.58   5.83   5.14   4.20   3.58   3.48   3.45   3.64
 0.950  0.01421 4326.  4.347  -0.44   6.53   5.80   5.14   4.22   3.61   3.52   3.49   3.68
 0.950  0.01595 4388.  4.367  -0.44   6.45   5.72   5.11   4.23   3.64   3.55   3.53   3.71
 0.950  0.01795 4471.  4.386  -0.42   6.35   5.64   5.07   4.23   3.65   3.57   3.55   3.73
 0.950  0.02003 4568.  4.400  -0.40   6.21   5.53   5.00   4.20   3.66   3.58   3.57   3.73
 0.950  0.02258 4702.  4.413  -0.36   6.02   5.38   4.89   4.15   3.64   3.58   3.56   3.72
 0.950  0.02519 4862.  4.420  -0.31   5.80   5.21   4.76   4.07   3.61   3.55   3.54   3.68
 0.950  0.02823 5066.  4.426  -0.25   5.54   5.01   4.59   3.97   3.56   3.51   3.50   3.62
 0.950  0.03163 5300.  4.432  -0.17   5.28   4.80   4.42   3.87   3.51   3.46   3.46   3.57
 0.950  0.03624 5508.  4.469  -0.14   5.15   4.72   4.36   3.87   3.54   3.51   3.51   3.60
 0.950  0.04025 5469.  4.527  -0.21   5.34   4.89   4.53   4.03   3.70   3.66   3.66   3.76
 0.950  0.04671 5406.  4.561  -0.27   5.49   5.03   4.66   4.14   3.80   3.76   3.76   3.86
 0.950  0.05347 5405.  4.564  -0.27   5.50   5.04   4.67   4.15   3.81   3.77   3.77   3.87
 0.950  0.05789 5408.  4.564  -0.27   5.49   5.04   4.67   4.15   3.81   3.77   3.77   3.87
 0.950  0.06319 5411.  4.564  -0.27   5.49   5.03   4.67   4.14   3.81   3.76   3.77   3.87
 0.950  0.07720 5414.  4.564  -0.27   5.48   5.03   4.66   4.14   3.80   3.76   3.77   3.86
 0.950  0.08636 5413.  4.563  -0.27   5.48   5.03   4.66   4.14   3.80   3.76   3.77   3.86
 0.950  0.09736 5413.  4.563  -0.27   5.48   5.03   4.66   4.14   3.80   3.76   3.76   3.86
 0.950  0.11056 5411.  4.562  -0.27   5.48   5.03   4.66   4.14   3.80   3.76   3.76   3.86
 0.950  0.12640 5413.  4.561  -0.27   5.48   5.02   4.66   4.14   3.80   3.76   3.76   3.86
 0.950  0.14541 5415.  4.560  -0.26   5.47   5.02   4.65   4.13   3.79   3.75   3.76   3.85
 0.950  0.16822 5419.  4.559  -0.26   5.47   5.01   4.65   4.13   3.79   3.75   3.75   3.85
 0.950  0.19559 5424.  4.558  -0.26   5.46   5.01   4.64   4.12   3.79   3.75   3.75   3.85
 0.950  0.22728 5429.  4.557  -0.26   5.45   5.00   4.64   4.12   3.78   3.74   3.75   3.84
 0.950  0.25897 5433.  4.557  -0.25   5.45   5.00   4.63   4.12   3.78   3.74   3.75   3.84
 0.950  0.29066 5434.  4.556  -0.25   5.45   5.00   4.63   4.11   3.78   3.74   3.74   3.84
 0.950  0.32235 5435.  4.556  -0.25   5.44   4.99   4.63   4.11   3.78   3.74   3.74   3.84
 0.950  0.35403 5435.  4.555  -0.25   5.44   4.99   4.63   4.11   3.78   3.74   3.74   3.83
 0.950  0.38572 5436.  4.554  -0.25   5.44   4.99   4.62   4.11   3.77   3.73   3.74   3.83
 0.950  0.41741 5438.  4.554  -0.25   5.44   4.99   4.62   4.11   3.77   3.73   3.74   3.83
 0.950  0.44910 5438.  4.553  -0.25   5.43   4.98   4.62   4.11   3.77   3.73   3.74   3.83
 0.950  0.48079 5439.  4.553  -0.25   5.43   4.98   4.62   4.10   3.77   3.73   3.73   3.83
 0.950  0.51247 5439.  4.552  -0.25   5.43   4.98   4.62   4.10   3.77   3.73   3.73   3.83
 0.950  0.57585 5441.  4.551  -0.25   5.43   4.98   4.61   4.10   3.77   3.73   3.73   3.82
 0.950  0.63923 5443.  4.550  -0.25   5.42   4.97   4.61   4.10   3.76   3.72   3.73   3.82
 0.950  0.73429 5445.  4.549  -0.24   5.42   4.97   4.61   4.09   3.76   3.72   3.72   3.82
 0.950  0.79767 5446.  4.548  -0.24   5.41   4.96   4.60   4.09   3.76   3.72   3.72   3.81
 0.950  0.89273 5450.  4.547  -0.24   5.41   4.96   4.60   4.08   3.75   3.71   3.72   3.81
 0.950  1.01948 5454.  4.545  -0.24   5.40   4.95   4.59   4.08   3.75   3.71   3.71   3.81
 0.950  1.14624 5458.  4.543  -0.23   5.39   4.94   4.58   4.07   3.74   3.70   3.71   3.80
 0.950  1.27299 5461.  4.541  -0.23   5.38   4.94   4.57   4.06   3.73   3.70   3.70   3.79
 0.950  1.43143 5468.  4.539  -0.23   5.37   4.93   4.57   4.06   3.73   3.69   3.69   3.79
 0.950  1.58987 5473.  4.537  -0.22   5.36   4.92   4.56   4.05   3.72   3.68   3.69   3.78
 0.950  1.78000 5479.  4.534  -0.22   5.35   4.90   4.54   4.04   3.71   3.67   3.68   3.77
 0.950  2.00181 5487.  4.531  -0.21   5.33   4.89   4.53   4.03   3.70   3.66   3.67   3.76
 0.950  2.25532 5495.  4.527  -0.21   5.31   4.87   4.52   4.02   3.69   3.65   3.66   3.75
 0.950  2.54051 5506.  4.523  -0.20   5.29   4.85   4.50   4.00   3.68   3.64   3.65   3.74
 0.950  2.82570 5517.  4.519  -0.19   5.27   4.83   4.48   3.99   3.67   3.63   3.63   3.72
 0.950  3.17427 5530.  4.514  -0.18   5.24   4.81   4.46   3.97   3.65   3.61   3.62   3.71
 0.950  3.55453 5544.  4.508  -0.17   5.21   4.78   4.43   3.95   3.63   3.59   3.60   3.69
 0.950  3.99816 5560.  4.500  -0.16   5.18   4.75   4.40   3.92   3.61   3.57   3.58   3.66
 0.950  4.47349 5578.  4.492  -0.14   5.14   4.72   4.37   3.89   3.58   3.54   3.55   3.64
 0.950  5.01218 5600.  4.482  -0.13   5.09   4.67   4.33   3.85   3.55   3.51   3.52   3.61
 0.950  5.64594 5626.  4.469  -0.11   5.03   4.62   4.28   3.81   3.51   3.48   3.48   3.57
 0.950  6.31139 5655.  4.453  -0.08   4.97   4.56   4.23   3.76   3.47   3.43   3.44   3.52
 0.950  7.10360 5690.  4.433  -0.05   4.89   4.48   4.15   3.70   3.41   3.37   3.38   3.46
 0.950  7.95918 5727.  4.406  -0.01   4.78   4.39   4.06   3.61   3.33   3.30   3.31   3.38
 0.950  8.94151 5753.  4.369   0.03   4.67   4.28   3.95   3.51   3.23   3.20   3.21   3.29
 0.950 10.01890 5753.  4.322   0.08   4.55   4.16   3.84   3.39   3.11   3.08   3.09   3.17

 1.000  0.00101 4350.  3.705   0.23   4.70   4.01   3.44   2.59   2.02   1.94   1.91   2.07
 1.000  0.00113 4344.  3.734   0.20   4.79   4.10   3.52   2.66   2.09   2.01   1.97   2.14
 1.000  0.00126 4337.  3.762   0.17   4.89   4.19   3.60   2.73   2.16   2.07   2.04   2.21
 1.000  0.00144 4329.  3.795   0.13   5.00   4.29   3.69   2.82   2.23   2.15   2.11   2.29
 1.000  0.00160 4323.  3.824   0.10   5.09   4.39   3.77   2.89   2.30   2.21   2.18   2.36
 1.000  0.00179 4316.  3.853   0.07   5.19   4.48   3.85   2.96   2.37   2.28   2.24   2.43
 1.000  0.00203 4308.  3.886   0.04   5.30   4.59   3.95   3.04   2.45   2.36   2.32   2.51
 1.000  0.00226 4300.  3.915   0.00   5.40   4.68   4.03   3.12   2.51   2.42   2.39   2.58
 1.000  0.00251 4292.  3.943  -0.03   5.50   4.77   4.11   3.19   2.58   2.49   2.45   2.64
 1.000  0.00285 4284.  3.976  -0.06   5.62   4.88   4.21   3.27   2.66   2.56   2.53   2.72
 1.000  0.00318 4276.  4.005  -0.10   5.71   4.98   4.29   3.34   2.72   2.63   2.59   2.79
 1.000  0.00361 4269.  4.038  -0.13   5.81   5.07   4.38   3.43   2.81   2.71   2.68   2.88
 1.000  0.00402 4264.  4.066  -0.16   5.89   5.15   4.46   3.50   2.88   2.78   2.75   2.95
 1.000  0.00447 4260.  4.092  -0.19   5.97   5.23   4.53   3.57   2.95   2.85   2.82   3.01
 1.000  0.00504 4257.  4.122  -0.22   6.05   5.31   4.60   3.65   3.02   2.93   2.89   3.09
 1.000  0.00566 4257.  4.150  -0.25   6.12   5.38   4.67   3.72   3.09   3.00   2.96   3.16
 1.000  0.00634 4261.  4.177  -0.28   6.19   5.44   4.74   3.78   3.16   3.06   3.03   3.22
 1.000  0.00717 4268.  4.206  -0.30   6.24   5.50   4.80   3.85   3.23   3.13   3.10   3.29
 1.000  0.00796 4280.  4.230  -0.32   6.28   5.54   4.84   3.90   3.28   3.19   3.15   3.35
 1.000  0.00893 4297.  4.255  -0.34   6.30   5.56   4.88   3.95   3.34   3.24   3.21   3.40
 1.000  0.01009 4325.  4.280  -0.35   6.31   5.57   4.91   4.00   3.39   3.30   3.27   3.46
 1.000  0.01133 4362.  4.303  -0.36   6.29   5.56   4.93   4.03   3.43   3.34   3.32   3.50
 1.000  0.01264 4408.  4.323  -0.36   6.25   5.52   4.92   4.05   3.47   3.38   3.36   3.54
 1.000  0.01416 4470.  4.343  -0.36   6.18   5.48   4.91   4.06   3.49   3.41   3.39   3.57
 1.000  0.01591 4552.  4.360  -0.34   6.08   5.40   4.86   4.06   3.51   3.43   3.41   3.58
 1.000  0.01789 4658.  4.375  -0.32   5.94   5.29   4.79   4.03   3.51   3.44   3.42   3.59
 1.000  0.02011 4793.  4.385  -0.28   5.75   5.15   4.68   3.97   3.49   3.43   3.41   3.57
 1.000  0.02252 4974.  4.391  -0.22   5.52   4.96   4.53   3.88   3.44   3.39   3.38   3.51
 1.000  0.02521 5186.  4.393  -0.15   5.26   4.76   4.36   3.77   3.39   3.34   3.34   3.45
 1.000  0.02827 5448.  4.397  -0.07   4.98   4.53   4.17   3.66   3.32   3.28   3.29   3.38
 1.000  0.03196 5665.  4.429  -0.03   4.84   4.44   4.10   3.64   3.35   3.31   3.32   3.40
 1.000  0.03642 5629.  4.507  -0.12   5.07   4.66   4.32   3.85   3.55   3.51   3.52   3.61
 1.000  0.03985 5594.  4.531  -0.16   5.17   4.75   4.40   3.93   3.62   3.58   3.59   3.68
 1.000  0.04479 5587.  4.539  -0.17   5.19   4.77   4.42   3.95   3.64   3.60   3.61   3.70
 1.000  0.05190 5589.  4.540  -0.17   5.19   4.77   4.43   3.95   3.64   3.61   3.62   3.70
 1.000  0.05655 5587.  4.540  -0.17   5.20   4.77   4.43   3.95   3.64   3.61   3.62   3.70
 1.000  0.06883 5585.  4.539  -0.17   5.20   4.77   4.43   3.95   3.64   3.60   3.61   3.70
 1.000  0.07687 5585.  4.538  -0.17   5.19   4.77   4.43   3.95   3.64   3.60   3.61   3.70
 1.000  0.08652 5586.  4.538  -0.16   5.19   4.77   4.42   3.95   3.64   3.60   3.61   3.69
 1.000  0.09810 5591.  4.537  -0.16   5.18   4.76   4.42   3.94   3.63   3.60   3.61   3.69
 1.000  0.11199 5596.  4.536  -0.16   5.18   4.76   4.41   3.94   3.63   3.59   3.60   3.69
 1.000  0.12866 5604.  4.535  -0.16   5.17   4.75   4.40   3.93   3.63   3.59   3.60   3.68
 1.000  0.14867 5612.  4.534  -0.15   5.16   4.74   4.40   3.93   3.62   3.59   3.60   3.68
 1.000  0.17267 5620.  4.534  -0.15   5.15   4.73   4.39   3.92   3.62   3.58   3.59   3.68
 1.000  0.20148 5622.  4.533  -0.15   5.14   4.73   4.39   3.92   3.62   3.58   3.59   3.67
 1.000  0.23317 5623.  4.532  -0.15   5.14   4.72   4.38   3.92   3.61   3.58   3.59   3.67
 1.000  0.26486 5626.  4.532  -0.15   5.14   4.72   4.38   3.91   3.61   3.58   3.59   3.67
 1.000  0.29655 5627.  4.531  -0.15   5.13   4.72   4.38   3.91   3.61   3.57   3.58   3.67
 1.000  0.32823 5629.  4.530  -0.14   5.13   4.72   4.38   3.91   3.61   3.57   3.58   3.66
 1.000  0.35992 5630.  4.530  -0.14   5.13   4.71   4.38   3.91   3.61   3.57   3.58   3.66
 1.000  0.39161 5630.  4.529  -0.14   5.13   4.71   4.37   3.90   3.60   3.57   3.58   3.66
 1.000  0.42330 5631.  4.528  -0.14   5.12   4.71   4.37   3.90   3.60   3.57   3.58   3.66
 1.000  0.45499 5632.  4.528  -0.14   5.12   4.71   4.37   3.90   3.60   3.57   3.58   3.66
 1.000  0.48668 5634.  4.527  -0.14   5.12   4.70   4.37   3.90   3.60   3.56   3.57   3.66
 1.000  0.51836 5634.  4.526  -0.14   5.12   4.70   4.36   3.90   3.60   3.56   3.57   3.65
 1.000  0.58174 5636.  4.525  -0.14   5.11   4.70   4.36   3.89   3.59   3.56   3.57   3.65
 1.000  0.64511 5639.  4.524  -0.14   5.11   4.69   4.36   3.89   3.59   3.56   3.57   3.65
 1.000  0.70849 5640.  4.523  -0.13   5.10   4.69   4.35   3.89   3.59   3.55   3.56   3.64
 1.000  0.80356 5644.  4.521  -0.13   5.09   4.68   4.35   3.88   3.58   3.55   3.56   3.64
 1.000  0.89862 5647.  4.520  -0.13   5.09   4.68   4.34   3.87   3.58   3.54   3.55   3.63
 1.000  1.02537 5652.  4.517  -0.12   5.08   4.67   4.33   3.87   3.57   3.54   3.55   3.63
 1.000  1.15212 5657.  4.515  -0.12   5.07   4.66   4.32   3.86   3.56   3.53   3.54   3.62
 1.000  1.27888 5661.  4.513  -0.12   5.06   4.65   4.31   3.85   3.56   3.52   3.53   3.61
 1.000  1.43732 5668.  4.510  -0.11   5.04   4.64   4.30   3.84   3.55   3.51   3.52   3.60
 1.000  1.59576 5674.  4.507  -0.11   5.03   4.62   4.29   3.83   3.54   3.51   3.52   3.60
 1.000  1.78589 5681.  4.504  -0.10   5.02   4.61   4.28   3.82   3.53   3.49   3.51   3.58
 1.000  2.00770 5690.  4.500  -0.09   5.00   4.59   4.26   3.81   3.52   3.48   3.49   3.57
 1.000  2.26121 5700.  4.495  -0.09   4.98   4.57   4.24   3.79   3.50   3.47   3.48   3.56
 1.000  2.51471 5711.  4.490  -0.08   4.95   4.55   4.22   3.77   3.49   3.45   3.47   3.54
 1.000  2.83159 5724.  4.484  -0.07   4.93   4.53   4.20   3.75   3.47   3.43   3.45   3.52
 1.000  3.18016 5739.  4.476  -0.06   4.89   4.50   4.17   3.73   3.45   3.41   3.43   3.50
 1.000  3.56042 5754.  4.468  -0.04   4.86   4.47   4.14   3.70   3.42   3.39   3.40   3.47
 1.000  4.00405 5773.  4.457  -0.03   4.81   4.42   4.10   3.67   3.39   3.36   3.37   3.44
 1.000  4.47937 5792.  4.444  -0.01   4.77   4.38   4.06   3.63   3.35   3.32   3.33   3.41
 1.000  5.01807 5814.  4.429   0.01   4.71   4.32   4.01   3.58   3.31   3.28   3.29   3.36
 1.000  5.65183 5840.  4.408   0.04   4.63   4.25   3.94   3.52   3.25   3.22   3.23   3.30
 1.000  6.31728 5864.  4.383   0.07   4.55   4.17   3.86   3.45   3.18   3.15   3.17   3.23
 1.000  7.10948 5878.  4.349   0.11   4.45   4.08   3.77   3.36   3.09   3.06   3.08   3.15
 1.000  7.96506 5868.  4.306   0.15   4.35   3.98   3.67   3.25   2.99   2.96   2.97   3.04

0.100  0.00102 3002.  3.453  -1.16  10.64   9.44   7.76   5.58   4.95   4.62   4.24   4.41
 0.100  0.00112 3000.  3.461  -1.17  10.66   9.47   7.78   5.60   4.97   4.64   4.26   4.43
 0.100  0.00127 2996.  3.473  -1.18  10.70   9.51   7.82   5.64   5.01   4.68   4.29   4.46
 0.100  0.00142 2992.  3.487  -1.20  10.76   9.56   7.87   5.68   5.05   4.72   4.33   4.50
 0.100  0.00159 2987.  3.506  -1.22  10.82   9.62   7.92   5.73   5.11   4.77   4.38   4.55
 0.100  0.00178 2992.  3.533  -1.25  10.86   9.66   7.97   5.80   5.17   4.84   4.45   4.62
 0.100  0.00200 2998.  3.575  -1.28  10.92   9.73   8.05   5.89   5.27   4.94   4.55   4.72
 0.100  0.00224 3005.  3.629  -1.33  11.01   9.83   8.16   6.02   5.40   5.07   4.68   4.85
 0.100  0.00254 3012.  3.688  -1.39  11.11   9.93   8.27   6.17   5.55   5.22   4.83   4.99
 0.100  0.00284 3019.  3.740  -1.44  11.20  10.02   8.37   6.29   5.67   5.34   4.95   5.12
 0.100  0.00317 3026.  3.787  -1.48  11.27  10.10   8.46   6.40   5.79   5.46   5.07   5.23
 0.100  0.00358 3035.  3.838  -1.53  11.34  10.18   8.55   6.52   5.91   5.58   5.19   5.35
 0.100  0.00402 3044.  3.885  -1.57  11.41  10.25   8.63   6.63   6.02   5.69   5.31   5.46
 0.100  0.00448 3054.  3.927  -1.60  11.46  10.31   8.70   6.72   6.12   5.79   5.41   5.56
 0.100  0.00505 3068.  3.973  -1.64  11.50  10.36   8.77   6.83   6.22   5.90   5.52   5.66
 0.100  0.00563 3079.  4.015  -1.68  11.55  10.42   8.84   6.92   6.32   6.00   5.62   5.76
 0.100  0.00638 3080.  4.061  -1.72  11.65  10.52   8.94   7.03   6.43   6.11   5.73   5.88
 0.100  0.00717 3083.  4.102  -1.76  11.73  10.60   9.03   7.13   6.53   6.21   5.84   5.98
 0.100  0.00797 3085.  4.139  -1.80  11.81  10.68   9.11   7.22   6.63   6.31   5.93   6.07
 0.100  0.00900 3088.  4.181  -1.84  11.89  10.77   9.20   7.33   6.73   6.41   6.03   6.17
 0.100  0.01004 3090.  4.218  -1.87  11.97  10.85   9.29   7.42   6.82   6.50   6.12   6.27
 0.100  0.01137 3091.  4.260  -1.92  12.06  10.94   9.38   7.52   6.93   6.61   6.23   6.37
 0.100  0.01271 3092.  4.297  -1.95  12.14  11.02   9.46   7.61   7.02   6.70   6.32   6.46
 0.100  0.01423 3092.  4.333  -1.99  12.23  11.11   9.55   7.71   7.11   6.80   6.41   6.56
 0.100  0.01594 3092.  4.370  -2.02  12.31  11.19   9.63   7.80   7.21   6.89   6.51   6.65
 0.100  0.01789 3092.  4.406  -2.06  12.39  11.27   9.72   7.89   7.30   6.98   6.60   6.74
 0.100  0.02010 3092.  4.443  -2.10  12.47  11.35   9.80   7.98   7.39   7.08   6.69   6.83
 0.100  0.02261 3092.  4.480  -2.13  12.56  11.44   9.89   8.08   7.49   7.17   6.79   6.93
 0.100  0.02546 3091.  4.517  -2.17  12.65  11.53   9.98   8.17   7.58   7.27   6.88   7.02
 0.100  0.02827 3087.  4.549  -2.21  12.75  11.62  10.07   8.25   7.67   7.35   6.96   7.10
 0.100  0.03191 3081.  4.585  -2.25  12.86  11.73  10.17   8.35   7.76   7.45   7.06   7.20
 0.100  0.03552 3076.  4.617  -2.28  12.96  11.83  10.26   8.44   7.85   7.53   7.14   7.29
 0.100  0.04019 3070.  4.653  -2.32  13.08  11.94  10.36   8.53   7.94   7.63   7.24   7.38
 0.100  0.04481 3064.  4.685  -2.36  13.18  12.04  10.46   8.62   8.03   7.72   7.32   7.47
 0.100  0.05080 3057.  4.721  -2.40  13.30  12.16  10.56   8.72   8.13   7.82   7.41   7.57
 0.100  0.05676 3050.  4.753  -2.43  13.41  12.26  10.66   8.80   8.21   7.90   7.50   7.65
 0.100  0.06347 3042.  4.784  -2.47  13.52  12.37  10.75   8.89   8.30   7.99   7.58   7.74
 0.100  0.07104 3035.  4.816  -2.50  13.63  12.47  10.85   8.98   8.39   8.07   7.66   7.83
 0.100  0.07955 3026.  4.848  -2.54  13.75  12.58  10.95   9.07   8.47   8.16   7.75   7.91
 0.100  0.08916 3016.  4.879  -2.58  13.87  12.70  11.05   9.15   8.56   8.25   7.83   8.00
 0.100  0.10002 3006.  4.910  -2.61  13.99  12.81  11.15   9.24   8.65   8.34   7.92   8.09
 0.100  0.11238 2994.  4.941  -2.65  14.12  12.94  11.26   9.33   8.74   8.43   8.00   8.18
 0.100  0.12652 2982.  4.972  -2.69  14.26  13.07  11.37   9.42   8.83   8.52   8.09   8.27
 0.100  0.14278 2969.  5.003  -2.73  14.40  13.20  11.48   9.52   8.92   8.61   8.17   8.36
 0.100  0.15870 2957.  5.030  -2.76  14.53  13.31  11.58   9.59   9.00   8.69   8.25   8.44
 0.100  0.18004 2942.  5.061  -2.80  14.68  13.45  11.70   9.69   9.09   8.78   8.33   8.53
 0.100  0.20131 2929.  5.087  -2.84  14.82  13.57  11.80   9.77   9.17   8.86   8.41   8.61
 0.100  0.22618 2914.  5.113  -2.87  14.95  13.70  11.91   9.85   9.25   8.94   8.48   8.69
 0.100  0.25603 2899.  5.139  -2.91  15.10  13.83  12.02   9.93   9.32   9.02   8.56   8.77
 0.100  0.28631 2885.  5.160  -2.94  15.23  13.95  12.11  10.00   9.39   9.09   8.62   8.84
 0.100  0.32397 2869.  5.181  -2.97  15.37  14.07  12.21  10.07   9.46   9.16   8.68   8.91
 0.100  0.36226 2857.  5.197  -2.99  15.48  14.16  12.29  10.12   9.51   9.21   8.73   8.96
 0.100  0.40834 2845.  5.212  -3.01  15.58  14.25  12.37  10.17   9.56   9.26   8.77   9.01
 0.100  0.45735 2836.  5.223  -3.03  15.66  14.33  12.42  10.21   9.60   9.30   8.81   9.05
 0.100  0.50874 2828.  5.231  -3.04  15.72  14.38  12.47  10.24   9.63   9.33   8.83   9.08
 0.100  0.57548 2822.  5.239  -3.05  15.77  14.43  12.51  10.27   9.65   9.35   8.86   9.10
 0.100  0.63890 2818.  5.243  -3.06  15.81  14.46  12.53  10.28   9.67   9.37   8.87   9.12
 0.100  0.72261 2815.  5.247  -3.06  15.83  14.48  12.55  10.29   9.68   9.38   8.88   9.13
 0.100  0.81767 2813.  5.249  -3.07  15.85  14.49  12.56  10.30   9.69   9.39   8.89   9.14
 0.100  0.91273 2812.  5.250  -3.07  15.86  14.50  12.57  10.31   9.69   9.39   8.89   9.14
 0.100  1.00780 2811.  5.250  -3.07  15.86  14.51  12.57  10.31   9.69   9.39   8.89   9.14
 0.100  1.13455 2811.  5.251  -3.07  15.86  14.51  12.57  10.31   9.69   9.39   8.89   9.14
 0.100  1.26130 2811.  5.251  -3.07  15.86  14.51  12.57  10.31   9.69   9.39   8.89   9.15
 0.100  1.41974 2811.  5.251  -3.07  15.87  14.51  12.57  10.31   9.69   9.39   8.89   9.15
 0.100  1.60987 2811.  5.251  -3.07  15.86  14.51  12.57  10.31   9.69   9.39   8.89   9.15
 0.100  1.80000 2811.  5.251  -3.07  15.86  14.51  12.57  10.31   9.69   9.39   8.89   9.15
 0.100  2.02182 2811.  5.251  -3.07  15.86  14.51  12.57  10.31   9.69   9.39   8.89   9.15
 0.100  2.24363 2811.  5.251  -3.07  15.86  14.51  12.57  10.31   9.69   9.39   8.89   9.15
 0.100  2.52883 2811.  5.251  -3.07  15.86  14.51  12.57  10.31   9.69   9.39   8.89   9.15
 0.100  2.84571 2811.  5.251  -3.07  15.86  14.51  12.57  10.31   9.69   9.39   8.89   9.14
 0.100  3.16259 2811.  5.251  -3.07  15.86  14.51  12.57  10.31   9.69   9.39   8.89   9.14
 0.100  3.57453 2811.  5.251  -3.07  15.86  14.51  12.57  10.31   9.69   9.39   8.89   9.14
 0.100  3.98648 2812.  5.251  -3.07  15.86  14.50  12.57  10.31   9.69   9.39   8.89   9.14
 0.100  4.49349 2812.  5.251  -3.07  15.86  14.50  12.57  10.31   9.69   9.39   8.89   9.14
 0.100  5.03219 2812.  5.251  -3.07  15.86  14.50  12.57  10.31   9.69   9.39   8.89   9.14
 0.100  5.63426 2812.  5.251  -3.07  15.86  14.50  12.57  10.31   9.69   9.39   8.89   9.14
 0.100  6.33140 2813.  5.251  -3.07  15.86  14.50  12.57  10.31   9.69   9.39   8.89   9.14
 0.100  7.09191 2813.  5.251  -3.07  15.86  14.50  12.57  10.31   9.69   9.39   8.89   9.14
 0.100  7.94749 2813.  5.251  -3.07  15.85  14.50  12.57  10.31   9.69   9.39   8.89   9.14
 0.100  8.92982 2813.  5.251  -3.07  15.85  14.50  12.56  10.31   9.69   9.39   8.89   9.14
 0.100 10.00720 2814.  5.251  -3.07  15.85  14.49  12.56  10.31   9.69   9.39   8.89   9.14
