  8.257848851158795E-011  0.000000000000000E+000           1           1
  7.818148465674640E-010  0.000000000000000E+000           2           1
  2.167701770985295E-009  0.000000000000000E+000           3           1
  3.848879743015440E-009  0.000000000000000E+000           4           1
  5.582572189697771E-009  0.000000000000000E+000           5           1
  7.039731502025272E-009  0.000000000000000E+000           6           1
  8.314751698186242E-009  0.000000000000000E+000           7           1
  9.841736775974864E-009  0.000000000000000E+000           8           1
  1.080853526252156E-008  0.000000000000000E+000           9           1
  1.160424974427186E-008  0.000000000000000E+000          10           1
  1.097476634362400E-008  0.000000000000000E+000          11           1
  5.421036497304592E-009  0.000000000000000E+000          12           1
  4.729405300968814E-009  0.000000000000000E+000          13           1
  1.038987384450187E-008  0.000000000000000E+000          14           1
  1.070246333340427E-008  0.000000000000000E+000          15           1
  9.674310855716172E-009  0.000000000000000E+000          16           1
  8.647838425017575E-009  0.000000000000000E+000          17           1
  4.104277682328273E-009  0.000000000000000E+000          18           1
  6.730601471575236E-009  0.000000000000000E+000          19           1
  5.593693734339211E-009  0.000000000000000E+000          20           1
  4.194009732638043E-009  0.000000000000000E+000          21           1
  2.853008704216634E-009  0.000000000000000E+000          22           1
  1.405791379283341E-009  0.000000000000000E+000          23           1
  6.199807204660946E-010  0.000000000000000E+000          24           1
  4.980598221665741E-010  0.000000000000000E+000          25           1
  2.780461572152511E-010  0.000000000000000E+000          26           1
  2.888706982457455E-010  0.000000000000000E+000          27           1
  3.196070488461499E-010  0.000000000000000E+000          28           1
  3.142087639550615E-010  0.000000000000000E+000          29           1
  2.308815289489092E-010  0.000000000000000E+000          30           1
  2.319776029878359E-011  0.000000000000000E+000          31           1
 -8.951726065302779E-011  0.000000000000000E+000          32           1
 -5.602311173026931E-009  0.000000000000000E+000          33           1
  6.865929986337795E-012  0.000000000000000E+000          34           1
  1.893889710135123E-012  0.000000000000000E+000          35           1
  1.086662971972999E-013  0.000000000000000E+000          36           1
  3.871443387265310E-014  0.000000000000000E+000          37           1
  4.149368662830388E-014  0.000000000000000E+000          38           1
  5.747351193410815E-015  0.000000000000000E+000          39           1
  3.466814406709146E-016  0.000000000000000E+000          40           1
  7.329222736820933E-017  0.000000000000000E+000          41           1
  1.147621286858740E-017  0.000000000000000E+000          42           1
  7.169779776889941E-019  0.000000000000000E+000          43           1
  1.809140088302300E-020  0.000000000000000E+000          44           1
  2.646906966535247E-021  0.000000000000000E+000          45           1
  1.235917001805593E-022  0.000000000000000E+000          46           1
  1.181282481707267E-023  0.000000000000000E+000          47           1
  2.142390367014987E-024  0.000000000000000E+000          48           1
  1.852687079016167E-025  0.000000000000000E+000          49           1
  3.337905198792955E-027  0.000000000000000E+000          50           1
  1.485911135716575E-028  0.000000000000000E+000          51           1
  3.284036543212260E-030  0.000000000000000E+000          52           1
 -1.636205228909325E-028  0.000000000000000E+000          53           1
  1.950626941243780E-033  0.000000000000000E+000          54           1
  3.488009775232450E-035  0.000000000000000E+000          55           1
 
