   TAUGH2OCO101   PATH_L         Temp@top        KAPPA         FH2O         INT    NST
   2.64462E-14   3.39352E+20   2.00764E+02   7.79313E-35   2.54954E-06      1      1
   2.90506E-14   3.39352E+20   2.00764E+02   8.56060E-35   2.54954E-06      1      1
   3.46636E-14   3.39352E+20   2.00764E+02   1.02146E-34   2.54954E-06      1      1
   4.57094E-14   3.39352E+20   2.00764E+02   1.34696E-34   2.54954E-06      1      1
   6.93217E-14   3.39352E+20   2.00764E+02   2.04276E-34   2.54954E-06      1      1
   9.89947E-14   3.39352E+20   2.00764E+02   2.91716E-34   2.54954E-06      1      1
   2.71115E-13   3.39352E+20   2.00764E+02   7.98919E-34   2.54954E-06      1      1
   1.10398E-12   3.39352E+20   2.00764E+02   3.25320E-33   2.54954E-06      1      1
   1.33717E-12   3.39352E+20   2.00764E+02   3.94035E-33   2.54954E-06      1      1
   2.30251E-12   3.39352E+20   2.00764E+02   6.78502E-33   2.54954E-06      1      1
   7.00527E-12   3.39352E+20   2.00764E+02   2.06430E-32   2.54954E-06      1      1
   1.75238E-11   3.39352E+20   2.00764E+02   5.16388E-32   2.54954E-06      1      1
   5.29307E-11   3.39352E+20   2.00764E+02   1.55976E-31   2.54954E-06      1      1
   1.98972E-10   3.39352E+20   2.00764E+02   5.86329E-31   2.54954E-06      1      1
   1.12381E-09   3.39352E+20   2.00764E+02   3.31163E-30   2.54954E-06      1      1
   2.40415E-08   3.39352E+20   2.00764E+02   7.08452E-29   2.54954E-06      1      1
 
   3.28456E-12   3.39352E+20   2.00764E+02   9.67890E-33   2.54954E-06      2      1
   3.29736E-12   3.39352E+20   2.00764E+02   9.71664E-33   2.54954E-06      2      1
   5.15835E-12   3.39352E+20   2.00764E+02   1.52006E-32   2.54954E-06      2      1
   7.32425E-12   3.39352E+20   2.00764E+02   2.15830E-32   2.54954E-06      2      1
   1.30699E-11   3.39352E+20   2.00764E+02   3.85142E-32   2.54954E-06      2      1
   1.85548E-11   3.39352E+20   2.00764E+02   5.46771E-32   2.54954E-06      2      1
   2.78122E-11   3.39352E+20   2.00764E+02   8.19567E-32   2.54954E-06      2      1
   3.98807E-11   3.39352E+20   2.00764E+02   1.17520E-31   2.54954E-06      2      1
   5.76861E-11   3.39352E+20   2.00764E+02   1.69989E-31   2.54954E-06      2      1
   9.24428E-11   3.39352E+20   2.00764E+02   2.72409E-31   2.54954E-06      2      1
   1.70560E-10   3.39352E+20   2.00764E+02   5.02603E-31   2.54954E-06      2      1
   3.01696E-10   3.39352E+20   2.00764E+02   8.89034E-31   2.54954E-06      2      1
   6.99668E-10   3.39352E+20   2.00764E+02   2.06177E-30   2.54954E-06      2      1
   2.51814E-09   3.39352E+20   2.00764E+02   7.42043E-30   2.54954E-06      2      1
   1.56417E-08   3.39352E+20   2.00764E+02   4.60929E-29   2.54954E-06      2      1
   5.70875E-07   3.39352E+20   2.00764E+02   1.68225E-27   2.54954E-06      2      1
 
   5.17339E-12   3.39352E+20   2.00764E+02   1.52449E-32   2.54954E-06      3      1
   7.10648E-12   3.39352E+20   2.00764E+02   2.09413E-32   2.54954E-06      3      1
   9.76023E-12   3.39352E+20   2.00764E+02   2.87613E-32   2.54954E-06      3      1
   1.13673E-11   3.39352E+20   2.00764E+02   3.34970E-32   2.54954E-06      3      1
   1.45907E-11   3.39352E+20   2.00764E+02   4.29958E-32   2.54954E-06      3      1
   1.88177E-11   3.39352E+20   2.00764E+02   5.54518E-32   2.54954E-06      3      1
   2.58934E-11   3.39352E+20   2.00764E+02   7.63025E-32   2.54954E-06      3      1
   3.26467E-11   3.39352E+20   2.00764E+02   9.62028E-32   2.54954E-06      3      1
   4.82349E-11   3.39352E+20   2.00764E+02   1.42138E-31   2.54954E-06      3      1
   8.32902E-11   3.39352E+20   2.00764E+02   2.45439E-31   2.54954E-06      3      1
   1.47849E-10   3.39352E+20   2.00764E+02   4.35680E-31   2.54954E-06      3      1
   3.27205E-10   3.39352E+20   2.00764E+02   9.64204E-31   2.54954E-06      3      1
   7.52950E-10   3.39352E+20   2.00764E+02   2.21879E-30   2.54954E-06      3      1
   2.34150E-09   3.39352E+20   2.00764E+02   6.89990E-30   2.54954E-06      3      1
   1.42755E-08   3.39352E+20   2.00764E+02   4.20668E-29   2.54954E-06      3      1
   4.53994E-07   3.39352E+20   2.00764E+02   1.33782E-27   2.54954E-06      3      1
 
   1.79484E-12   3.39352E+20   2.00764E+02   5.28901E-33   2.54954E-06      4      1
   3.36306E-12   3.39352E+20   2.00764E+02   9.91023E-33   2.54954E-06      4      1
   3.51698E-12   3.39352E+20   2.00764E+02   1.03638E-32   2.54954E-06      4      1
   3.81876E-12   3.39352E+20   2.00764E+02   1.12531E-32   2.54954E-06      4      1
   4.64947E-12   3.39352E+20   2.00764E+02   1.37010E-32   2.54954E-06      4      1
   5.88152E-12   3.39352E+20   2.00764E+02   1.73316E-32   2.54954E-06      4      1
   7.17263E-12   3.39352E+20   2.00764E+02   2.11362E-32   2.54954E-06      4      1
   9.66534E-12   3.39352E+20   2.00764E+02   2.84817E-32   2.54954E-06      4      1
   1.47763E-11   3.39352E+20   2.00764E+02   4.35425E-32   2.54954E-06      4      1
   2.66970E-11   3.39352E+20   2.00764E+02   7.86703E-32   2.54954E-06      4      1
   4.50272E-11   3.39352E+20   2.00764E+02   1.32686E-31   2.54954E-06      4      1
   8.10614E-11   3.39352E+20   2.00764E+02   2.38871E-31   2.54954E-06      4      1
   1.83967E-10   3.39352E+20   2.00764E+02   5.42111E-31   2.54954E-06      4      1
   6.20189E-10   3.39352E+20   2.00764E+02   1.82757E-30   2.54954E-06      4      1
   4.94579E-09   3.39352E+20   2.00764E+02   1.45742E-29   2.54954E-06      4      1
   1.58769E-07   3.39352E+20   2.00764E+02   4.67857E-28   2.54954E-06      4      1
 
   6.97641E-13   3.39352E+20   2.00764E+02   2.05580E-33   2.54954E-06      5      1
   8.86948E-13   3.39352E+20   2.00764E+02   2.61365E-33   2.54954E-06      5      1
   1.10318E-12   3.39352E+20   2.00764E+02   3.25084E-33   2.54954E-06      5      1
   1.33158E-12   3.39352E+20   2.00764E+02   3.92388E-33   2.54954E-06      5      1
   1.64031E-12   3.39352E+20   2.00764E+02   4.83366E-33   2.54954E-06      5      1
   1.90321E-12   3.39352E+20   2.00764E+02   5.60837E-33   2.54954E-06      5      1
   2.57776E-12   3.39352E+20   2.00764E+02   7.59610E-33   2.54954E-06      5      1
   4.28937E-12   3.39352E+20   2.00764E+02   1.26399E-32   2.54954E-06      5      1
   9.00556E-12   3.39352E+20   2.00764E+02   2.65375E-32   2.54954E-06      5      1
   1.57921E-11   3.39352E+20   2.00764E+02   4.65359E-32   2.54954E-06      5      1
   2.99625E-11   3.39352E+20   2.00764E+02   8.82931E-32   2.54954E-06      5      1
   5.80244E-11   3.39352E+20   2.00764E+02   1.70986E-31   2.54954E-06      5      1
   1.48109E-10   3.39352E+20   2.00764E+02   4.36446E-31   2.54954E-06      5      1
   4.93789E-10   3.39352E+20   2.00764E+02   1.45509E-30   2.54954E-06      5      1
   2.53386E-09   3.39352E+20   2.00764E+02   7.46674E-30   2.54954E-06      5      1
   8.08073E-08   3.39352E+20   2.00764E+02   2.38122E-28   2.54954E-06      5      1
 
   2.54079E-14   3.39352E+20   2.00764E+02   7.48718E-35   2.54954E-06      6      1
   2.78288E-14   3.39352E+20   2.00764E+02   8.20056E-35   2.54954E-06      6      1
   3.31778E-14   3.39352E+20   2.00764E+02   9.77679E-35   2.54954E-06      6      1
   4.34988E-14   3.39352E+20   2.00764E+02   1.28182E-34   2.54954E-06      6      1
   6.47193E-14   3.39352E+20   2.00764E+02   1.90714E-34   2.54954E-06      6      1
   1.17215E-13   3.39352E+20   2.00764E+02   3.45407E-34   2.54954E-06      6      1
   3.06072E-13   3.39352E+20   2.00764E+02   9.01931E-34   2.54954E-06      6      1
   5.73428E-13   3.39352E+20   2.00764E+02   1.68977E-33   2.54954E-06      6      1
   7.62597E-13   3.39352E+20   2.00764E+02   2.24721E-33   2.54954E-06      6      1
   1.18500E-12   3.39352E+20   2.00764E+02   3.49194E-33   2.54954E-06      6      1
   2.08528E-12   3.39352E+20   2.00764E+02   6.14489E-33   2.54954E-06      6      1
   3.72288E-12   3.39352E+20   2.00764E+02   1.09705E-32   2.54954E-06      6      1
   8.23980E-12   3.39352E+20   2.00764E+02   2.42810E-32   2.54954E-06      6      1
   3.29219E-11   3.39352E+20   2.00764E+02   9.70139E-32   2.54954E-06      6      1
   1.75968E-10   3.39352E+20   2.00764E+02   5.18539E-31   2.54954E-06      6      1
   5.61180E-09   3.39352E+20   2.00764E+02   1.65368E-29   2.54954E-06      6      1
 
   4.75341E-15   3.39352E+20   2.00764E+02   1.40073E-35   2.54954E-06      7      1
   5.62515E-15   3.39352E+20   2.00764E+02   1.65761E-35   2.54954E-06      7      1
   1.10499E-13   3.39352E+20   2.00764E+02   3.25617E-34   2.54954E-06      7      1
   1.26591E-13   3.39352E+20   2.00764E+02   3.73038E-34   2.54954E-06      7      1
   2.10970E-13   3.39352E+20   2.00764E+02   6.21685E-34   2.54954E-06      7      1
   2.64084E-13   3.39352E+20   2.00764E+02   7.78200E-34   2.54954E-06      7      1
   3.81337E-13   3.39352E+20   2.00764E+02   1.12372E-33   2.54954E-06      7      1
   7.35196E-13   3.39352E+20   2.00764E+02   2.16647E-33   2.54954E-06      7      1
   9.77268E-13   3.39352E+20   2.00764E+02   2.87980E-33   2.54954E-06      7      1
   1.75175E-12   3.39352E+20   2.00764E+02   5.16205E-33   2.54954E-06      7      1
   2.59742E-12   3.39352E+20   2.00764E+02   7.65406E-33   2.54954E-06      7      1
   4.97752E-12   3.39352E+20   2.00764E+02   1.46677E-32   2.54954E-06      7      1
   1.31190E-11   3.39352E+20   2.00764E+02   3.86589E-32   2.54954E-06      7      1
   4.73598E-11   3.39352E+20   2.00764E+02   1.39559E-31   2.54954E-06      7      1
   2.70342E-10   3.39352E+20   2.00764E+02   7.96641E-31   2.54954E-06      7      1
   1.38030E-08   3.39352E+20   2.00764E+02   4.06745E-29   2.54954E-06      7      1
 
   4.03346E-15   3.39352E+20   2.00764E+02   1.18858E-35   2.54954E-06      8      1
   4.50818E-15   3.39352E+20   2.00764E+02   1.32846E-35   2.54954E-06      8      1
   1.32663E-14   3.39352E+20   2.00764E+02   3.90931E-35   2.54954E-06      8      1
   2.47283E-14   3.39352E+20   2.00764E+02   7.28690E-35   2.54954E-06      8      1
   2.72664E-14   3.39352E+20   2.00764E+02   8.03483E-35   2.54954E-06      8      1
   3.21953E-14   3.39352E+20   2.00764E+02   9.48727E-35   2.54954E-06      8      1
   4.03115E-14   3.39352E+20   2.00764E+02   1.18789E-34   2.54954E-06      8      1
   5.87200E-14   3.39352E+20   2.00764E+02   1.73035E-34   2.54954E-06      8      1
   9.06599E-14   3.39352E+20   2.00764E+02   2.67155E-34   2.54954E-06      8      1
   1.59813E-13   3.39352E+20   2.00764E+02   4.70934E-34   2.54954E-06      8      1
   3.77415E-13   3.39352E+20   2.00764E+02   1.11216E-33   2.54954E-06      8      1
   8.35390E-13   3.39352E+20   2.00764E+02   2.46172E-33   2.54954E-06      8      1
   2.96524E-12   3.39352E+20   2.00764E+02   8.73793E-33   2.54954E-06      8      1
   1.03641E-11   3.39352E+20   2.00764E+02   3.05409E-32   2.54954E-06      8      1
   5.53337E-11   3.39352E+20   2.00764E+02   1.63057E-31   2.54954E-06      8      1
   2.01263E-09   3.39352E+20   2.00764E+02   5.93080E-30   2.54954E-06      8      1
 
   1.63931E-15   3.39352E+20   2.00764E+02   4.83069E-36   2.54954E-06      9      1
   5.50683E-15   3.39352E+20   2.00764E+02   1.62275E-35   2.54954E-06      9      1
   7.87645E-15   3.39352E+20   2.00764E+02   2.32102E-35   2.54954E-06      9      1
   1.39918E-14   3.39352E+20   2.00764E+02   4.12309E-35   2.54954E-06      9      1
   1.89549E-14   3.39352E+20   2.00764E+02   5.58562E-35   2.54954E-06      9      1
   2.05530E-14   3.39352E+20   2.00764E+02   6.05654E-35   2.54954E-06      9      1
   2.50161E-14   3.39352E+20   2.00764E+02   7.37171E-35   2.54954E-06      9      1
   3.27794E-14   3.39352E+20   2.00764E+02   9.65941E-35   2.54954E-06      9      1
   4.63318E-14   3.39352E+20   2.00764E+02   1.36530E-34   2.54954E-06      9      1
   7.40026E-14   3.39352E+20   2.00764E+02   2.18070E-34   2.54954E-06      9      1
   1.37597E-13   3.39352E+20   2.00764E+02   4.05468E-34   2.54954E-06      9      1
   2.89795E-13   3.39352E+20   2.00764E+02   8.53964E-34   2.54954E-06      9      1
   8.18935E-13   3.39352E+20   2.00764E+02   2.41323E-33   2.54954E-06      9      1
   3.34799E-12   3.39352E+20   2.00764E+02   9.86582E-33   2.54954E-06      9      1
   2.03652E-11   3.39352E+20   2.00764E+02   6.00120E-32   2.54954E-06      9      1
   6.49468E-10   3.39352E+20   2.00764E+02   1.91384E-30   2.54954E-06      9      1
 
   1.75233E-16   3.39352E+20   2.00764E+02   5.16373E-37   2.54954E-06     10      1
   1.75233E-16   3.39352E+20   2.00764E+02   5.16373E-37   2.54954E-06     10      1
   2.92545E-16   3.39352E+20   2.00764E+02   8.62070E-37   2.54954E-06     10      1
   4.29131E-16   3.39352E+20   2.00764E+02   1.26456E-36   2.54954E-06     10      1
   7.94605E-16   3.39352E+20   2.00764E+02   2.34153E-36   2.54954E-06     10      1
   2.58605E-15   3.39352E+20   2.00764E+02   7.62054E-36   2.54954E-06     10      1
   7.52496E-15   3.39352E+20   2.00764E+02   2.21745E-35   2.54954E-06     10      1
   9.98594E-15   3.39352E+20   2.00764E+02   2.94265E-35   2.54954E-06     10      1
   1.36018E-14   3.39352E+20   2.00764E+02   4.00817E-35   2.54954E-06     10      1
   2.39377E-14   3.39352E+20   2.00764E+02   7.05393E-35   2.54954E-06     10      1
   4.59512E-14   3.39352E+20   2.00764E+02   1.35408E-34   2.54954E-06     10      1
   8.73143E-14   3.39352E+20   2.00764E+02   2.57297E-34   2.54954E-06     10      1
   2.22954E-13   3.39352E+20   2.00764E+02   6.56998E-34   2.54954E-06     10      1
   6.83367E-13   3.39352E+20   2.00764E+02   2.01374E-33   2.54954E-06     10      1
   3.80345E-12   3.39352E+20   2.00764E+02   1.12080E-32   2.54954E-06     10      1
   1.21959E-10   3.39352E+20   2.00764E+02   3.59387E-31   2.54954E-06     10      1
 
   1.19205E-15   3.39352E+20   2.00764E+02   3.51273E-36   2.54954E-06     11      1
   1.19205E-15   3.39352E+20   2.00764E+02   3.51273E-36   2.54954E-06     11      1
   1.19205E-15   3.39352E+20   2.00764E+02   3.51273E-36   2.54954E-06     11      1
   4.92192E-15   3.39352E+20   2.00764E+02   1.45039E-35   2.54954E-06     11      1
   1.26786E-14   3.39352E+20   2.00764E+02   3.73611E-35   2.54954E-06     11      1
   7.96354E-14   3.39352E+20   2.00764E+02   2.34669E-34   2.54954E-06     11      1
   2.49260E-13   3.39352E+20   2.00764E+02   7.34516E-34   2.54954E-06     11      1
   1.01266E-12   3.39352E+20   2.00764E+02   2.98408E-33   2.54954E-06     11      1
   3.23542E-12   3.39352E+20   2.00764E+02   9.53409E-33   2.54954E-06     11      1
   9.09787E-12   3.39352E+20   2.00764E+02   2.68095E-32   2.54954E-06     11      1
   1.73732E-11   3.39352E+20   2.00764E+02   5.11951E-32   2.54954E-06     11      1
   3.07063E-11   3.39352E+20   2.00764E+02   9.04849E-32   2.54954E-06     11      1
   7.40673E-11   3.39352E+20   2.00764E+02   2.18261E-31   2.54954E-06     11      1
   2.41449E-10   3.39352E+20   2.00764E+02   7.11498E-31   2.54954E-06     11      1
   1.39810E-09   3.39352E+20   2.00764E+02   4.11991E-30   2.54954E-06     11      1
   4.38863E-08   3.39352E+20   2.00764E+02   1.29324E-28   2.54954E-06     11      1
 
   1.47958E-11   3.39352E+20   2.00764E+02   4.36002E-32   2.54954E-06     12      1
   2.65854E-11   3.39352E+20   2.00764E+02   7.83417E-32   2.54954E-06     12      1
   4.51628E-11   3.39352E+20   2.00764E+02   1.33085E-31   2.54954E-06     12      1
   7.39165E-11   3.39352E+20   2.00764E+02   2.17816E-31   2.54954E-06     12      1
   1.39382E-10   3.39352E+20   2.00764E+02   4.10728E-31   2.54954E-06     12      1
   3.38567E-10   3.39352E+20   2.00764E+02   9.97687E-31   2.54954E-06     12      1
   7.49324E-10   3.39352E+20   2.00764E+02   2.20810E-30   2.54954E-06     12      1
   1.74553E-09   3.39352E+20   2.00764E+02   5.14371E-30   2.54954E-06     12      1
   3.20736E-09   3.39352E+20   2.00764E+02   9.45141E-30   2.54954E-06     12      1
   4.28647E-09   3.39352E+20   2.00764E+02   1.26313E-29   2.54954E-06     12      1
   6.52578E-09   3.39352E+20   2.00764E+02   1.92301E-29   2.54954E-06     12      1
   1.22742E-08   3.39352E+20   2.00764E+02   3.61695E-29   2.54954E-06     12      1
   2.67384E-08   3.39352E+20   2.00764E+02   7.87923E-29   2.54954E-06     12      1
   7.96580E-08   3.39352E+20   2.00764E+02   2.34735E-28   2.54954E-06     12      1
   4.77997E-07   3.39352E+20   2.00764E+02   1.40856E-27   2.54954E-06     12      1
   1.53481E-05   3.39352E+20   2.00764E+02   4.52277E-26   2.54954E-06     12      1
 
   2.49426E-11   3.39352E+20   2.00764E+02   7.35005E-32   2.54954E-06     13      1
   3.45569E-11   3.39352E+20   2.00764E+02   1.01832E-31   2.54954E-06     13      1
   6.23993E-11   3.39352E+20   2.00764E+02   1.83878E-31   2.54954E-06     13      1
   1.12870E-10   3.39352E+20   2.00764E+02   3.32603E-31   2.54954E-06     13      1
   2.24015E-10   3.39352E+20   2.00764E+02   6.60124E-31   2.54954E-06     13      1
   4.82266E-10   3.39352E+20   2.00764E+02   1.42114E-30   2.54954E-06     13      1
   1.00762E-09   3.39352E+20   2.00764E+02   2.96925E-30   2.54954E-06     13      1
   2.20025E-09   3.39352E+20   2.00764E+02   6.48367E-30   2.54954E-06     13      1
   4.17256E-09   3.39352E+20   2.00764E+02   1.22956E-29   2.54954E-06     13      1
   5.81053E-09   3.39352E+20   2.00764E+02   1.71224E-29   2.54954E-06     13      1
   1.00231E-08   3.39352E+20   2.00764E+02   2.95359E-29   2.54954E-06     13      1
   2.29233E-08   3.39352E+20   2.00764E+02   6.75502E-29   2.54954E-06     13      1
   7.16551E-08   3.39352E+20   2.00764E+02   2.11153E-28   2.54954E-06     13      1
   2.98281E-07   3.39352E+20   2.00764E+02   8.78972E-28   2.54954E-06     13      1
   2.92992E-06   3.39352E+20   2.00764E+02   8.63384E-27   2.54954E-06     13      1
   8.23251E-05   3.39352E+20   2.00764E+02   2.42595E-25   2.54954E-06     13      1
 
   5.53176E-17   3.39352E+20   2.00764E+02   1.63009E-37   2.54954E-06     14      1
   6.61387E-17   3.39352E+20   2.00764E+02   1.94897E-37   2.54954E-06     14      1
   1.14289E-16   3.39352E+20   2.00764E+02   3.36786E-37   2.54954E-06     14      1
   8.60328E-16   3.39352E+20   2.00764E+02   2.53520E-36   2.54954E-06     14      1
   1.44458E-14   3.39352E+20   2.00764E+02   4.25688E-35   2.54954E-06     14      1
   6.23791E-14   3.39352E+20   2.00764E+02   1.83818E-34   2.54954E-06     14      1
   1.87670E-13   3.39352E+20   2.00764E+02   5.53025E-34   2.54954E-06     14      1
   6.50451E-13   3.39352E+20   2.00764E+02   1.91674E-33   2.54954E-06     14      1
   2.95758E-12   3.39352E+20   2.00764E+02   8.71535E-33   2.54954E-06     14      1
   9.74792E-12   3.39352E+20   2.00764E+02   2.87251E-32   2.54954E-06     14      1
   1.75843E-11   3.39352E+20   2.00764E+02   5.18173E-32   2.54954E-06     14      1
   3.00097E-11   3.39352E+20   2.00764E+02   8.84324E-32   2.54954E-06     14      1
   7.02874E-11   3.39352E+20   2.00764E+02   2.07122E-31   2.54954E-06     14      1
   2.47784E-10   3.39352E+20   2.00764E+02   7.30168E-31   2.54954E-06     14      1
   2.56841E-09   3.39352E+20   2.00764E+02   7.56855E-30   2.54954E-06     14      1
   1.36570E-07   3.39352E+20   2.00764E+02   4.02442E-28   2.54954E-06     14      1
 
   1.67897E-18   3.39352E+20   2.00764E+02   4.94758E-39   2.54954E-06     15      1
   2.08009E-18   3.39352E+20   2.00764E+02   6.12957E-39   2.54954E-06     15      1
   3.96610E-18   3.39352E+20   2.00764E+02   1.16873E-38   2.54954E-06     15      1
   4.32577E-18   3.39352E+20   2.00764E+02   1.27471E-38   2.54954E-06     15      1
   5.54942E-18   3.39352E+20   2.00764E+02   1.63530E-38   2.54954E-06     15      1
   8.04052E-18   3.39352E+20   2.00764E+02   2.36937E-38   2.54954E-06     15      1
   1.23364E-17   3.39352E+20   2.00764E+02   3.63528E-38   2.54954E-06     15      1
   2.05685E-17   3.39352E+20   2.00764E+02   6.06111E-38   2.54954E-06     15      1
   4.39480E-17   3.39352E+20   2.00764E+02   1.29505E-37   2.54954E-06     15      1
   1.09992E-16   3.39352E+20   2.00764E+02   3.24124E-37   2.54954E-06     15      1
   2.88732E-16   3.39352E+20   2.00764E+02   8.50831E-37   2.54954E-06     15      1
   1.00547E-15   3.39352E+20   2.00764E+02   2.96290E-36   2.54954E-06     15      1
   2.56347E-15   3.39352E+20   2.00764E+02   7.55401E-36   2.54954E-06     15      1
   9.17832E-15   3.39352E+20   2.00764E+02   2.70466E-35   2.54954E-06     15      1
   6.33195E-14   3.39352E+20   2.00764E+02   1.86589E-34   2.54954E-06     15      1
   2.54528E-12   3.39352E+20   2.00764E+02   7.50040E-33   2.54954E-06     15      1
 
   1.15392E-18   3.39352E+20   2.00764E+02   3.40035E-39   2.54954E-06     16      1
   1.55551E-18   3.39352E+20   2.00764E+02   4.58377E-39   2.54954E-06     16      1
   1.97333E-18   3.39352E+20   2.00764E+02   5.81499E-39   2.54954E-06     16      1
   2.20298E-18   3.39352E+20   2.00764E+02   6.49173E-39   2.54954E-06     16      1
   3.51480E-18   3.39352E+20   2.00764E+02   1.03574E-38   2.54954E-06     16      1
   4.63394E-18   3.39352E+20   2.00764E+02   1.36553E-38   2.54954E-06     16      1
   6.73217E-18   3.39352E+20   2.00764E+02   1.98383E-38   2.54954E-06     16      1
   1.48365E-17   3.39352E+20   2.00764E+02   4.37200E-38   2.54954E-06     16      1
   8.34617E-17   3.39352E+20   2.00764E+02   2.45944E-37   2.54954E-06     16      1
   1.31535E-15   3.39352E+20   2.00764E+02   3.87606E-36   2.54954E-06     16      1
   2.86577E-15   3.39352E+20   2.00764E+02   8.44483E-36   2.54954E-06     16      1
   5.82241E-15   3.39352E+20   2.00764E+02   1.71574E-35   2.54954E-06     16      1
   1.14266E-14   3.39352E+20   2.00764E+02   3.36719E-35   2.54954E-06     16      1
   3.38989E-14   3.39352E+20   2.00764E+02   9.98929E-35   2.54954E-06     16      1
   1.96151E-13   3.39352E+20   2.00764E+02   5.78015E-34   2.54954E-06     16      1
   6.90863E-12   3.39352E+20   2.00764E+02   2.03583E-32   2.54954E-06     16      1
 
   6.22693E-17   3.39352E+20   2.00764E+02   1.83495E-37   2.54954E-06     17      1
   1.16567E-16   3.39352E+20   2.00764E+02   3.43498E-37   2.54954E-06     17      1
   3.18392E-16   3.39352E+20   2.00764E+02   9.38233E-37   2.54954E-06     17      1
   1.22295E-15   3.39352E+20   2.00764E+02   3.60379E-36   2.54954E-06     17      1
   4.52780E-15   3.39352E+20   2.00764E+02   1.33425E-35   2.54954E-06     17      1
   1.05135E-14   3.39352E+20   2.00764E+02   3.09810E-35   2.54954E-06     17      1
   1.64580E-14   3.39352E+20   2.00764E+02   4.84982E-35   2.54954E-06     17      1
   2.16263E-14   3.39352E+20   2.00764E+02   6.37282E-35   2.54954E-06     17      1
   2.91312E-14   3.39352E+20   2.00764E+02   8.58434E-35   2.54954E-06     17      1
   4.04137E-14   3.39352E+20   2.00764E+02   1.19091E-34   2.54954E-06     17      1
   6.51347E-14   3.39352E+20   2.00764E+02   1.91938E-34   2.54954E-06     17      1
   1.25194E-13   3.39352E+20   2.00764E+02   3.68919E-34   2.54954E-06     17      1
   2.96274E-13   3.39352E+20   2.00764E+02   8.73057E-34   2.54954E-06     17      1
   9.79711E-13   3.39352E+20   2.00764E+02   2.88700E-33   2.54954E-06     17      1
   5.87023E-12   3.39352E+20   2.00764E+02   1.72983E-32   2.54954E-06     17      1
   1.92033E-10   3.39352E+20   2.00764E+02   5.65881E-31   2.54954E-06     17      1
 
   3.22945E-17   3.39352E+20   2.00764E+02   9.51650E-38   2.54954E-06     18      1
   4.45671E-17   3.39352E+20   2.00764E+02   1.31330E-37   2.54954E-06     18      1
   6.65304E-17   3.39352E+20   2.00764E+02   1.96051E-37   2.54954E-06     18      1
   1.17610E-16   3.39352E+20   2.00764E+02   3.46571E-37   2.54954E-06     18      1
   3.03560E-16   3.39352E+20   2.00764E+02   8.94528E-37   2.54954E-06     18      1
   7.71340E-16   3.39352E+20   2.00764E+02   2.27298E-36   2.54954E-06     18      1
   2.60538E-15   3.39352E+20   2.00764E+02   7.67751E-36   2.54954E-06     18      1
   7.14748E-15   3.39352E+20   2.00764E+02   2.10621E-35   2.54954E-06     18      1
   1.55676E-14   3.39352E+20   2.00764E+02   4.58744E-35   2.54954E-06     18      1
   2.87440E-14   3.39352E+20   2.00764E+02   8.47025E-35   2.54954E-06     18      1
   4.18086E-14   3.39352E+20   2.00764E+02   1.23201E-34   2.54954E-06     18      1
   7.35613E-14   3.39352E+20   2.00764E+02   2.16770E-34   2.54954E-06     18      1
   1.70464E-13   3.39352E+20   2.00764E+02   5.02321E-34   2.54954E-06     18      1
   5.55660E-13   3.39352E+20   2.00764E+02   1.63741E-33   2.54954E-06     18      1
   3.32044E-12   3.39352E+20   2.00764E+02   9.78464E-33   2.54954E-06     18      1
   1.28997E-10   3.39352E+20   2.00764E+02   3.80127E-31   2.54954E-06     18      1
 
   7.67394E-17   3.39352E+20   2.00764E+02   2.26135E-37   2.54954E-06     19      1
   1.46079E-16   3.39352E+20   2.00764E+02   4.30464E-37   2.54954E-06     19      1
   2.32391E-16   3.39352E+20   2.00764E+02   6.84808E-37   2.54954E-06     19      1
   5.69364E-16   3.39352E+20   2.00764E+02   1.67779E-36   2.54954E-06     19      1
   1.33057E-15   3.39352E+20   2.00764E+02   3.92092E-36   2.54954E-06     19      1
   4.86757E-15   3.39352E+20   2.00764E+02   1.43437E-35   2.54954E-06     19      1
   1.55222E-14   3.39352E+20   2.00764E+02   4.57406E-35   2.54954E-06     19      1
   3.09827E-14   3.39352E+20   2.00764E+02   9.12996E-35   2.54954E-06     19      1
   5.00425E-14   3.39352E+20   2.00764E+02   1.47465E-34   2.54954E-06     19      1
   6.58955E-14   3.39352E+20   2.00764E+02   1.94180E-34   2.54954E-06     19      1
   1.01629E-13   3.39352E+20   2.00764E+02   2.99480E-34   2.54954E-06     19      1
   1.90314E-13   3.39352E+20   2.00764E+02   5.60815E-34   2.54954E-06     19      1
   4.53145E-13   3.39352E+20   2.00764E+02   1.33532E-33   2.54954E-06     19      1
   1.50712E-12   3.39352E+20   2.00764E+02   4.44116E-33   2.54954E-06     19      1
   9.02141E-12   3.39352E+20   2.00764E+02   2.65842E-32   2.54954E-06     19      1
   3.10429E-10   3.39352E+20   2.00764E+02   9.14770E-31   2.54954E-06     19      1
 
   1.13749E-18   3.39352E+20   2.00764E+02   3.35195E-39   2.54954E-06     20      1
   1.35659E-18   3.39352E+20   2.00764E+02   3.99758E-39   2.54954E-06     20      1
   1.92827E-18   3.39352E+20   2.00764E+02   5.68219E-39   2.54954E-06     20      1
   3.60006E-18   3.39352E+20   2.00764E+02   1.06086E-38   2.54954E-06     20      1
   4.85535E-18   3.39352E+20   2.00764E+02   1.43077E-38   2.54954E-06     20      1
   6.86108E-18   3.39352E+20   2.00764E+02   2.02182E-38   2.54954E-06     20      1
   1.09665E-17   3.39352E+20   2.00764E+02   3.23159E-38   2.54954E-06     20      1
   2.26892E-17   3.39352E+20   2.00764E+02   6.68602E-38   2.54954E-06     20      1
   5.85852E-17   3.39352E+20   2.00764E+02   1.72638E-37   2.54954E-06     20      1
   1.16211E-16   3.39352E+20   2.00764E+02   3.42450E-37   2.54954E-06     20      1
   1.69483E-16   3.39352E+20   2.00764E+02   4.99431E-37   2.54954E-06     20      1
   3.25326E-16   3.39352E+20   2.00764E+02   9.58667E-37   2.54954E-06     20      1
   7.74540E-16   3.39352E+20   2.00764E+02   2.28241E-36   2.54954E-06     20      1
   2.43490E-15   3.39352E+20   2.00764E+02   7.17515E-36   2.54954E-06     20      1
   1.41728E-14   3.39352E+20   2.00764E+02   4.17643E-35   2.54954E-06     20      1
   4.52129E-13   3.39352E+20   2.00764E+02   1.33233E-33   2.54954E-06     20      1
 
   3.68844E-17   3.39352E+20   2.00764E+02   1.08691E-37   2.54954E-06     21      1
   4.24158E-17   3.39352E+20   2.00764E+02   1.24990E-37   2.54954E-06     21      1
   5.60252E-17   3.39352E+20   2.00764E+02   1.65094E-37   2.54954E-06     21      1
   8.89614E-17   3.39352E+20   2.00764E+02   2.62150E-37   2.54954E-06     21      1
   1.18439E-16   3.39352E+20   2.00764E+02   3.49014E-37   2.54954E-06     21      1
   1.49582E-16   3.39352E+20   2.00764E+02   4.40788E-37   2.54954E-06     21      1
   2.40423E-16   3.39352E+20   2.00764E+02   7.08477E-37   2.54954E-06     21      1
   4.37552E-16   3.39352E+20   2.00764E+02   1.28937E-36   2.54954E-06     21      1
   6.70375E-16   3.39352E+20   2.00764E+02   1.97545E-36   2.54954E-06     21      1
   1.53948E-15   3.39352E+20   2.00764E+02   4.53653E-36   2.54954E-06     21      1
   2.42724E-15   3.39352E+20   2.00764E+02   7.15255E-36   2.54954E-06     21      1
   4.97701E-15   3.39352E+20   2.00764E+02   1.46662E-35   2.54954E-06     21      1
   1.26958E-14   3.39352E+20   2.00764E+02   3.74119E-35   2.54954E-06     21      1
   3.98420E-14   3.39352E+20   2.00764E+02   1.17406E-34   2.54954E-06     21      1
   2.23351E-13   3.39352E+20   2.00764E+02   6.58168E-34   2.54954E-06     21      1
   8.13695E-12   3.39352E+20   2.00764E+02   2.39779E-32   2.54954E-06     21      1
 
   1.17109E-16   3.39352E+20   2.00764E+02   3.45095E-37   2.54954E-06     22      1
   1.29121E-16   3.39352E+20   2.00764E+02   3.80492E-37   2.54954E-06     22      1
   1.43980E-16   3.39352E+20   2.00764E+02   4.24278E-37   2.54954E-06     22      1
   2.98870E-16   3.39352E+20   2.00764E+02   8.80707E-37   2.54954E-06     22      1
   5.20313E-16   3.39352E+20   2.00764E+02   1.53325E-36   2.54954E-06     22      1
   7.68731E-16   3.39352E+20   2.00764E+02   2.26529E-36   2.54954E-06     22      1
   1.52075E-15   3.39352E+20   2.00764E+02   4.48132E-36   2.54954E-06     22      1
   4.53547E-15   3.39352E+20   2.00764E+02   1.33651E-35   2.54954E-06     22      1
   7.99663E-15   3.39352E+20   2.00764E+02   2.35644E-35   2.54954E-06     22      1
   1.38223E-14   3.39352E+20   2.00764E+02   4.07315E-35   2.54954E-06     22      1
   2.53534E-14   3.39352E+20   2.00764E+02   7.47110E-35   2.54954E-06     22      1
   6.97269E-14   3.39352E+20   2.00764E+02   2.05471E-34   2.54954E-06     22      1
   2.15930E-13   3.39352E+20   2.00764E+02   6.36301E-34   2.54954E-06     22      1
   6.92490E-13   3.39352E+20   2.00764E+02   2.04062E-33   2.54954E-06     22      1
   4.15725E-12   3.39352E+20   2.00764E+02   1.22505E-32   2.54954E-06     22      1
   1.76959E-10   3.39352E+20   2.00764E+02   5.21460E-31   2.54954E-06     22      1
 
   3.18071E-15   3.39352E+20   2.00764E+02   9.37287E-36   2.54954E-06     23      1
   3.85733E-15   3.39352E+20   2.00764E+02   1.13667E-35   2.54954E-06     23      1
   5.70584E-15   3.39352E+20   2.00764E+02   1.68139E-35   2.54954E-06     23      1
   1.16228E-14   3.39352E+20   2.00764E+02   3.42499E-35   2.54954E-06     23      1
   2.33700E-14   3.39352E+20   2.00764E+02   6.88663E-35   2.54954E-06     23      1
   4.41430E-14   3.39352E+20   2.00764E+02   1.30080E-34   2.54954E-06     23      1
   6.94086E-14   3.39352E+20   2.00764E+02   2.04532E-34   2.54954E-06     23      1
   9.40345E-14   3.39352E+20   2.00764E+02   2.77100E-34   2.54954E-06     23      1
   1.47994E-13   3.39352E+20   2.00764E+02   4.36106E-34   2.54954E-06     23      1
   2.33548E-13   3.39352E+20   2.00764E+02   6.88216E-34   2.54954E-06     23      1
   4.03646E-13   3.39352E+20   2.00764E+02   1.18946E-33   2.54954E-06     23      1
   7.90214E-13   3.39352E+20   2.00764E+02   2.32859E-33   2.54954E-06     23      1
   1.95088E-12   3.39352E+20   2.00764E+02   5.74883E-33   2.54954E-06     23      1
   6.31486E-12   3.39352E+20   2.00764E+02   1.86086E-32   2.54954E-06     23      1
   3.56604E-11   3.39352E+20   2.00764E+02   1.05084E-31   2.54954E-06     23      1
   1.52151E-09   3.39352E+20   2.00764E+02   4.48357E-30   2.54954E-06     23      1
 
   4.32218E-13   3.39352E+20   2.00764E+02   1.27365E-33   2.54954E-06     24      1
   4.75827E-13   3.39352E+20   2.00764E+02   1.40216E-33   2.54954E-06     24      1
   6.20185E-13   3.39352E+20   2.00764E+02   1.82756E-33   2.54954E-06     24      1
   1.08856E-12   3.39352E+20   2.00764E+02   3.20775E-33   2.54954E-06     24      1
   1.56141E-12   3.39352E+20   2.00764E+02   4.60115E-33   2.54954E-06     24      1
   2.11985E-12   3.39352E+20   2.00764E+02   6.24676E-33   2.54954E-06     24      1
   2.95630E-12   3.39352E+20   2.00764E+02   8.71160E-33   2.54954E-06     24      1
   4.48547E-12   3.39352E+20   2.00764E+02   1.32177E-32   2.54954E-06     24      1
   6.93999E-12   3.39352E+20   2.00764E+02   2.04507E-32   2.54954E-06     24      1
   1.20638E-11   3.39352E+20   2.00764E+02   3.55494E-32   2.54954E-06     24      1
   2.30105E-11   3.39352E+20   2.00764E+02   6.78070E-32   2.54954E-06     24      1
   4.53016E-11   3.39352E+20   2.00764E+02   1.33494E-31   2.54954E-06     24      1
   1.05215E-10   3.39352E+20   2.00764E+02   3.10046E-31   2.54954E-06     24      1
   3.27645E-10   3.39352E+20   2.00764E+02   9.65502E-31   2.54954E-06     24      1
   2.06134E-09   3.39352E+20   2.00764E+02   6.07432E-30   2.54954E-06     24      1
   7.29209E-08   3.39352E+20   2.00764E+02   2.14883E-28   2.54954E-06     24      1
 
   8.70620E-14   3.39352E+20   2.00764E+02   2.56553E-34   2.54954E-06     25      1
   8.70620E-14   3.39352E+20   2.00764E+02   2.56553E-34   2.54954E-06     25      1
   8.70620E-14   3.39352E+20   2.00764E+02   2.56553E-34   2.54954E-06     25      1
   1.22822E-13   3.39352E+20   2.00764E+02   3.61932E-34   2.54954E-06     25      1
   1.94934E-13   3.39352E+20   2.00764E+02   5.74429E-34   2.54954E-06     25      1
   5.51337E-13   3.39352E+20   2.00764E+02   1.62467E-33   2.54954E-06     25      1
   1.77405E-12   3.39352E+20   2.00764E+02   5.22776E-33   2.54954E-06     25      1
   2.70087E-12   3.39352E+20   2.00764E+02   7.95889E-33   2.54954E-06     25      1
   3.77422E-12   3.39352E+20   2.00764E+02   1.11218E-32   2.54954E-06     25      1
   6.09782E-12   3.39352E+20   2.00764E+02   1.79690E-32   2.54954E-06     25      1
   1.09221E-11   3.39352E+20   2.00764E+02   3.21851E-32   2.54954E-06     25      1
   2.51013E-11   3.39352E+20   2.00764E+02   7.39681E-32   2.54954E-06     25      1
   6.69189E-11   3.39352E+20   2.00764E+02   1.97196E-31   2.54954E-06     25      1
   2.15774E-10   3.39352E+20   2.00764E+02   6.35840E-31   2.54954E-06     25      1
   1.19200E-09   3.39352E+20   2.00764E+02   3.51258E-30   2.54954E-06     25      1
   3.04304E-08   3.39352E+20   2.00764E+02   8.96719E-29   2.54954E-06     25      1
 
   4.55451E-13   3.39352E+20   2.00764E+02   1.34212E-33   2.54954E-06     26      1
   5.55426E-13   3.39352E+20   2.00764E+02   1.63672E-33   2.54954E-06     26      1
   1.09773E-12   3.39352E+20   2.00764E+02   3.23479E-33   2.54954E-06     26      1
   1.84745E-12   3.39352E+20   2.00764E+02   5.44403E-33   2.54954E-06     26      1
   2.13490E-12   3.39352E+20   2.00764E+02   6.29111E-33   2.54954E-06     26      1
   2.72879E-12   3.39352E+20   2.00764E+02   8.04116E-33   2.54954E-06     26      1
   3.69491E-12   3.39352E+20   2.00764E+02   1.08881E-32   2.54954E-06     26      1
   5.17455E-12   3.39352E+20   2.00764E+02   1.52483E-32   2.54954E-06     26      1
   7.92537E-12   3.39352E+20   2.00764E+02   2.33544E-32   2.54954E-06     26      1
   1.22056E-11   3.39352E+20   2.00764E+02   3.59674E-32   2.54954E-06     26      1
   2.28753E-11   3.39352E+20   2.00764E+02   6.74086E-32   2.54954E-06     26      1
   4.87964E-11   3.39352E+20   2.00764E+02   1.43793E-31   2.54954E-06     26      1
   1.28863E-10   3.39352E+20   2.00764E+02   3.79733E-31   2.54954E-06     26      1
   4.17994E-10   3.39352E+20   2.00764E+02   1.23174E-30   2.54954E-06     26      1
   2.45166E-09   3.39352E+20   2.00764E+02   7.22452E-30   2.54954E-06     26      1
   1.43562E-07   3.39352E+20   2.00764E+02   4.23047E-28   2.54954E-06     26      1
 
   7.80832E-15   3.39352E+20   2.00764E+02   2.30095E-35   2.54954E-06     27      1
   9.48469E-15   3.39352E+20   2.00764E+02   2.79494E-35   2.54954E-06     27      1
   1.39975E-14   3.39352E+20   2.00764E+02   4.12476E-35   2.54954E-06     27      1
   2.87560E-14   3.39352E+20   2.00764E+02   8.47379E-35   2.54954E-06     27      1
   7.63516E-14   3.39352E+20   2.00764E+02   2.24992E-34   2.54954E-06     27      1
   1.36236E-13   3.39352E+20   2.00764E+02   4.01459E-34   2.54954E-06     27      1
   2.28350E-13   3.39352E+20   2.00764E+02   6.72899E-34   2.54954E-06     27      1
   4.12750E-13   3.39352E+20   2.00764E+02   1.21629E-33   2.54954E-06     27      1
   6.18773E-13   3.39352E+20   2.00764E+02   1.82339E-33   2.54954E-06     27      1
   9.91611E-13   3.39352E+20   2.00764E+02   2.92207E-33   2.54954E-06     27      1
   1.93618E-12   3.39352E+20   2.00764E+02   5.70553E-33   2.54954E-06     27      1
   4.00168E-12   3.39352E+20   2.00764E+02   1.17921E-32   2.54954E-06     27      1
   1.06740E-11   3.39352E+20   2.00764E+02   3.14541E-32   2.54954E-06     27      1
   3.13458E-11   3.39352E+20   2.00764E+02   9.23694E-32   2.54954E-06     27      1
   1.82399E-10   3.39352E+20   2.00764E+02   5.37490E-31   2.54954E-06     27      1
   5.87028E-09   3.39352E+20   2.00764E+02   1.72985E-29   2.54954E-06     27      1
 
   2.01386E-15   3.39352E+20   2.00764E+02   5.93442E-36   2.54954E-06     28      1
   2.43190E-15   3.39352E+20   2.00764E+02   7.16631E-36   2.54954E-06     28      1
   3.47389E-15   3.39352E+20   2.00764E+02   1.02368E-35   2.54954E-06     28      1
   4.69412E-15   3.39352E+20   2.00764E+02   1.38326E-35   2.54954E-06     28      1
   5.59568E-15   3.39352E+20   2.00764E+02   1.64893E-35   2.54954E-06     28      1
   8.06553E-15   3.39352E+20   2.00764E+02   2.37674E-35   2.54954E-06     28      1
   1.00634E-14   3.39352E+20   2.00764E+02   2.96548E-35   2.54954E-06     28      1
   1.56886E-14   3.39352E+20   2.00764E+02   4.62310E-35   2.54954E-06     28      1
   3.08495E-14   3.39352E+20   2.00764E+02   9.09069E-35   2.54954E-06     28      1
   4.23490E-14   3.39352E+20   2.00764E+02   1.24794E-34   2.54954E-06     28      1
   7.31800E-14   3.39352E+20   2.00764E+02   2.15646E-34   2.54954E-06     28      1
   1.50282E-13   3.39352E+20   2.00764E+02   4.42851E-34   2.54954E-06     28      1
   3.53170E-13   3.39352E+20   2.00764E+02   1.04072E-33   2.54954E-06     28      1
   1.21924E-12   3.39352E+20   2.00764E+02   3.59285E-33   2.54954E-06     28      1
   7.17615E-12   3.39352E+20   2.00764E+02   2.11466E-32   2.54954E-06     28      1
   2.61907E-10   3.39352E+20   2.00764E+02   7.71784E-31   2.54954E-06     28      1
 
   2.41522E-17   3.39352E+20   2.00764E+02   7.11714E-38   2.54954E-06     29      1
   3.17371E-17   3.39352E+20   2.00764E+02   9.35224E-38   2.54954E-06     29      1
   4.95385E-17   3.39352E+20   2.00764E+02   1.45979E-37   2.54954E-06     29      1
   7.85051E-17   3.39352E+20   2.00764E+02   2.31338E-37   2.54954E-06     29      1
   1.18058E-16   3.39352E+20   2.00764E+02   3.47893E-37   2.54954E-06     29      1
   2.14591E-16   3.39352E+20   2.00764E+02   6.32355E-37   2.54954E-06     29      1
   3.91309E-16   3.39352E+20   2.00764E+02   1.15311E-36   2.54954E-06     29      1
   6.82113E-16   3.39352E+20   2.00764E+02   2.01004E-36   2.54954E-06     29      1
   9.19284E-16   3.39352E+20   2.00764E+02   2.70894E-36   2.54954E-06     29      1
   1.53091E-15   3.39352E+20   2.00764E+02   4.51128E-36   2.54954E-06     29      1
   3.15205E-15   3.39352E+20   2.00764E+02   9.28842E-36   2.54954E-06     29      1
   1.18875E-14   3.39352E+20   2.00764E+02   3.50298E-35   2.54954E-06     29      1
   8.19042E-14   3.39352E+20   2.00764E+02   2.41354E-34   2.54954E-06     29      1
   9.85236E-13   3.39352E+20   2.00764E+02   2.90328E-33   2.54954E-06     29      1
   3.85960E-12   3.39352E+20   2.00764E+02   1.13734E-32   2.54954E-06     29      1
   9.67685E-11   3.39352E+20   2.00764E+02   2.85156E-31   2.54954E-06     29      1
 
   2.44029E-18   3.39352E+20   2.00764E+02   7.19103E-39   2.54954E-06     30      1
   2.60118E-18   3.39352E+20   2.00764E+02   7.66512E-39   2.54954E-06     30      1
   3.21134E-18   3.39352E+20   2.00764E+02   9.46313E-39   2.54954E-06     30      1
   2.16236E-17   3.39352E+20   2.00764E+02   6.37202E-38   2.54954E-06     30      1
   1.30381E-16   3.39352E+20   2.00764E+02   3.84206E-37   2.54954E-06     30      1
   2.06114E-15   3.39352E+20   2.00764E+02   6.07373E-36   2.54954E-06     30      1
   9.28165E-15   3.39352E+20   2.00764E+02   2.73510E-35   2.54954E-06     30      1
   5.63123E-14   3.39352E+20   2.00764E+02   1.65940E-34   2.54954E-06     30      1
   1.82873E-13   3.39352E+20   2.00764E+02   5.38889E-34   2.54954E-06     30      1
   7.21932E-13   3.39352E+20   2.00764E+02   2.12738E-33   2.54954E-06     30      1
   2.67936E-12   3.39352E+20   2.00764E+02   7.89552E-33   2.54954E-06     30      1
   5.21654E-12   3.39352E+20   2.00764E+02   1.53720E-32   2.54954E-06     30      1
   1.29966E-11   3.39352E+20   2.00764E+02   3.82984E-32   2.54954E-06     30      1
   5.40448E-11   3.39352E+20   2.00764E+02   1.59259E-31   2.54954E-06     30      1
   5.07765E-10   3.39352E+20   2.00764E+02   1.49628E-30   2.54954E-06     30      1
   2.71428E-08   3.39352E+20   2.00764E+02   7.99841E-29   2.54954E-06     30      1
 
   2.36046E-17   3.39352E+20   2.00764E+02   6.95578E-38   2.54954E-06     31      1
   2.41443E-17   3.39352E+20   2.00764E+02   7.11481E-38   2.54954E-06     31      1
   2.44639E-17   3.39352E+20   2.00764E+02   7.20899E-38   2.54954E-06     31      1
   2.03989E-15   3.39352E+20   2.00764E+02   6.01112E-36   2.54954E-06     31      1
   5.47083E-15   3.39352E+20   2.00764E+02   1.61214E-35   2.54954E-06     31      1
   2.10109E-14   3.39352E+20   2.00764E+02   6.19148E-35   2.54954E-06     31      1
   1.14827E-12   3.39352E+20   2.00764E+02   3.38370E-33   2.54954E-06     31      1
   4.39104E-11   3.39352E+20   2.00764E+02   1.29395E-31   2.54954E-06     31      1
   5.29979E-10   3.39352E+20   2.00764E+02   1.56174E-30   2.54954E-06     31      1
   7.69583E-09   3.39352E+20   2.00764E+02   2.26780E-29   2.54954E-06     31      1
   3.52130E-08   3.39352E+20   2.00764E+02   1.03765E-28   2.54954E-06     31      1
   8.08241E-08   3.39352E+20   2.00764E+02   2.38172E-28   2.54954E-06     31      1
   1.59022E-07   3.39352E+20   2.00764E+02   4.68603E-28   2.54954E-06     31      1
   4.87774E-07   3.39352E+20   2.00764E+02   1.43737E-27   2.54954E-06     31      1
   2.71962E-06   3.39352E+20   2.00764E+02   8.01415E-27   2.54954E-06     31      1
   1.29908E-04   3.39352E+20   2.00764E+02   3.82810E-25   2.54954E-06     31      1
 
   1.18592E-20   3.39352E+20   2.00764E+02   3.49465E-41   2.54954E-06     32      1
   1.35452E-20   3.39352E+20   2.00764E+02   3.99150E-41   2.54954E-06     32      1
   4.60232E-20   3.39352E+20   2.00764E+02   1.35621E-40   2.54954E-06     32      1
   1.14890E-17   3.39352E+20   2.00764E+02   3.38558E-38   2.54954E-06     32      1
   4.64851E-17   3.39352E+20   2.00764E+02   1.36982E-37   2.54954E-06     32      1
   9.98493E-17   3.39352E+20   2.00764E+02   2.94235E-37   2.54954E-06     32      1
   3.98337E-16   3.39352E+20   2.00764E+02   1.17381E-36   2.54954E-06     32      1
   1.30303E-15   3.39352E+20   2.00764E+02   3.83975E-36   2.54954E-06     32      1
   2.73991E-15   3.39352E+20   2.00764E+02   8.07395E-36   2.54954E-06     32      1
   4.37048E-15   3.39352E+20   2.00764E+02   1.28789E-35   2.54954E-06     32      1
   9.05908E-15   3.39352E+20   2.00764E+02   2.66952E-35   2.54954E-06     32      1
   3.40573E-14   3.39352E+20   2.00764E+02   1.00360E-34   2.54954E-06     32      1
   1.91668E-13   3.39352E+20   2.00764E+02   5.64806E-34   2.54954E-06     32      1
   1.40939E-12   3.39352E+20   2.00764E+02   4.15318E-33   2.54954E-06     32      1
   6.02586E-12   3.39352E+20   2.00764E+02   1.77569E-32   2.54954E-06     32      1
   1.39460E-11   3.39352E+20   2.00764E+02   4.10958E-32   2.54954E-06     32      1
 
   4.16159E-22   3.39352E+20   2.00764E+02   1.22633E-42   2.54954E-06     33      1
   5.72254E-22   3.39352E+20   2.00764E+02   1.68631E-42   2.54954E-06     33      1
   1.01913E-21   3.39352E+20   2.00764E+02   3.00315E-42   2.54954E-06     33      1
   2.96746E-21   3.39352E+20   2.00764E+02   8.74449E-42   2.54954E-06     33      1
   7.62127E-21   3.39352E+20   2.00764E+02   2.24583E-41   2.54954E-06     33      1
   1.62447E-20   3.39352E+20   2.00764E+02   4.78696E-41   2.54954E-06     33      1
   2.50777E-20   3.39352E+20   2.00764E+02   7.38988E-41   2.54954E-06     33      1
   4.10836E-20   3.39352E+20   2.00764E+02   1.21065E-40   2.54954E-06     33      1
   7.40181E-20   3.39352E+20   2.00764E+02   2.18116E-40   2.54954E-06     33      1
   1.29255E-19   3.39352E+20   2.00764E+02   3.80888E-40   2.54954E-06     33      1
   2.36491E-19   3.39352E+20   2.00764E+02   6.96890E-40   2.54954E-06     33      1
   4.70428E-19   3.39352E+20   2.00764E+02   1.38625E-39   2.54954E-06     33      1
   1.25816E-18   3.39352E+20   2.00764E+02   3.70753E-39   2.54954E-06     33      1
   4.04460E-18   3.39352E+20   2.00764E+02   1.19186E-38   2.54954E-06     33      1
   2.71109E-17   3.39352E+20   2.00764E+02   7.98901E-38   2.54954E-06     33      1
   4.63201E-15   3.39352E+20   2.00764E+02   1.36496E-35   2.54954E-06     33      1
 
   1.63238E-19   3.39352E+20   2.00764E+02   4.81029E-40   2.54954E-06     34      1
   2.81014E-19   3.39352E+20   2.00764E+02   8.28090E-40   2.54954E-06     34      1
   3.56521E-19   3.39352E+20   2.00764E+02   1.05059E-39   2.54954E-06     34      1
   7.59780E-19   3.39352E+20   2.00764E+02   2.23891E-39   2.54954E-06     34      1
   3.51075E-18   3.39352E+20   2.00764E+02   1.03454E-38   2.54954E-06     34      1
   1.04092E-17   3.39352E+20   2.00764E+02   3.06737E-38   2.54954E-06     34      1
   2.10384E-17   3.39352E+20   2.00764E+02   6.19958E-38   2.54954E-06     34      1
   5.74552E-17   3.39352E+20   2.00764E+02   1.69308E-37   2.54954E-06     34      1
   6.68844E-16   3.39352E+20   2.00764E+02   1.97094E-36   2.54954E-06     34      1
   3.34584E-15   3.39352E+20   2.00764E+02   9.85947E-36   2.54954E-06     34      1
   8.13993E-15   3.39352E+20   2.00764E+02   2.39867E-35   2.54954E-06     34      1
   1.96583E-14   3.39352E+20   2.00764E+02   5.79287E-35   2.54954E-06     34      1
   5.52420E-14   3.39352E+20   2.00764E+02   1.62787E-34   2.54954E-06     34      1
   1.72233E-13   3.39352E+20   2.00764E+02   5.07535E-34   2.54954E-06     34      1
   9.62114E-13   3.39352E+20   2.00764E+02   2.83515E-33   2.54954E-06     34      1
   6.19581E-11   3.39352E+20   2.00764E+02   1.82577E-31   2.54954E-06     34      1
 
   1.05547E-16   3.39352E+20   2.00764E+02   3.11024E-37   2.54954E-06     35      1
   3.67623E-16   3.39352E+20   2.00764E+02   1.08331E-36   2.54954E-06     35      1
   5.55166E-16   3.39352E+20   2.00764E+02   1.63596E-36   2.54954E-06     35      1
   1.01478E-15   3.39352E+20   2.00764E+02   2.99035E-36   2.54954E-06     35      1
   3.26268E-15   3.39352E+20   2.00764E+02   9.61443E-36   2.54954E-06     35      1
   7.72696E-15   3.39352E+20   2.00764E+02   2.27697E-35   2.54954E-06     35      1
   1.20960E-14   3.39352E+20   2.00764E+02   3.56443E-35   2.54954E-06     35      1
   2.08700E-14   3.39352E+20   2.00764E+02   6.14996E-35   2.54954E-06     35      1
   3.57520E-14   3.39352E+20   2.00764E+02   1.05354E-34   2.54954E-06     35      1
   6.24400E-14   3.39352E+20   2.00764E+02   1.83997E-34   2.54954E-06     35      1
   1.13190E-13   3.39352E+20   2.00764E+02   3.33546E-34   2.54954E-06     35      1
   2.28183E-13   3.39352E+20   2.00764E+02   6.72408E-34   2.54954E-06     35      1
   5.51246E-13   3.39352E+20   2.00764E+02   1.62441E-33   2.54954E-06     35      1
   1.97202E-12   3.39352E+20   2.00764E+02   5.81112E-33   2.54954E-06     35      1
   1.34613E-11   3.39352E+20   2.00764E+02   3.96677E-32   2.54954E-06     35      1
   2.14785E-09   3.39352E+20   2.00764E+02   6.32925E-30   2.54954E-06     35      1
 
   2.84903E-15   3.39352E+20   2.00764E+02   8.39549E-36   2.54954E-06     36      1
   6.24697E-15   3.39352E+20   2.00764E+02   1.84085E-35   2.54954E-06     36      1
   1.68061E-14   3.39352E+20   2.00764E+02   4.95240E-35   2.54954E-06     36      1
   5.91360E-14   3.39352E+20   2.00764E+02   1.74261E-34   2.54954E-06     36      1
   2.21521E-13   3.39352E+20   2.00764E+02   6.52777E-34   2.54954E-06     36      1
   1.21334E-12   3.39352E+20   2.00764E+02   3.57545E-33   2.54954E-06     36      1
   7.57440E-12   3.39352E+20   2.00764E+02   2.23202E-32   2.54954E-06     36      1
   4.10833E-11   3.39352E+20   2.00764E+02   1.21064E-31   2.54954E-06     36      1
   1.53177E-10   3.39352E+20   2.00764E+02   4.51381E-31   2.54954E-06     36      1
   4.72929E-10   3.39352E+20   2.00764E+02   1.39362E-30   2.54954E-06     36      1
   1.00736E-09   3.39352E+20   2.00764E+02   2.96848E-30   2.54954E-06     36      1
   1.86891E-09   3.39352E+20   2.00764E+02   5.50728E-30   2.54954E-06     36      1
   4.15969E-09   3.39352E+20   2.00764E+02   1.22577E-29   2.54954E-06     36      1
   1.47394E-08   3.39352E+20   2.00764E+02   4.34338E-29   2.54954E-06     36      1
   1.02102E-07   3.39352E+20   2.00764E+02   3.00873E-28   2.54954E-06     36      1
   6.01912E-06   3.39352E+20   2.00764E+02   1.77371E-26   2.54954E-06     36      1
 
   2.59617E-16   3.39352E+20   2.00764E+02   7.65037E-37   2.54954E-06     37      1
   1.23070E-15   3.39352E+20   2.00764E+02   3.62661E-36   2.54954E-06     37      1
   5.46673E-15   3.39352E+20   2.00764E+02   1.61093E-35   2.54954E-06     37      1
   1.59065E-14   3.39352E+20   2.00764E+02   4.68731E-35   2.54954E-06     37      1
   3.62278E-14   3.39352E+20   2.00764E+02   1.06756E-34   2.54954E-06     37      1
   9.09905E-14   3.39352E+20   2.00764E+02   2.68130E-34   2.54954E-06     37      1
   3.09441E-13   3.39352E+20   2.00764E+02   9.11858E-34   2.54954E-06     37      1
   7.64121E-13   3.39352E+20   2.00764E+02   2.25170E-33   2.54954E-06     37      1
   1.58650E-12   3.39352E+20   2.00764E+02   4.67508E-33   2.54954E-06     37      1
   2.75423E-12   3.39352E+20   2.00764E+02   8.11614E-33   2.54954E-06     37      1
   5.23483E-12   3.39352E+20   2.00764E+02   1.54259E-32   2.54954E-06     37      1
   1.01198E-11   3.39352E+20   2.00764E+02   2.98208E-32   2.54954E-06     37      1
   2.50842E-11   3.39352E+20   2.00764E+02   7.39178E-32   2.54954E-06     37      1
   8.53372E-11   3.39352E+20   2.00764E+02   2.51471E-31   2.54954E-06     37      1
   6.38628E-10   3.39352E+20   2.00764E+02   1.88190E-30   2.54954E-06     37      1
   8.21646E-08   3.39352E+20   2.00764E+02   2.42122E-28   2.54954E-06     37      1
 
   1.08044E-20   3.39352E+20   2.00764E+02   3.18381E-41   2.54954E-06     38      1
   1.66173E-20   3.39352E+20   2.00764E+02   4.89675E-41   2.54954E-06     38      1
   2.92562E-20   3.39352E+20   2.00764E+02   8.62119E-41   2.54954E-06     38      1
   9.68929E-20   3.39352E+20   2.00764E+02   2.85523E-40   2.54954E-06     38      1
   3.46063E-19   3.39352E+20   2.00764E+02   1.01977E-39   2.54954E-06     38      1
   1.47593E-18   3.39352E+20   2.00764E+02   4.34924E-39   2.54954E-06     38      1
   5.09880E-18   3.39352E+20   2.00764E+02   1.50251E-38   2.54954E-06     38      1
   1.82211E-17   3.39352E+20   2.00764E+02   5.36938E-38   2.54954E-06     38      1
   5.86126E-17   3.39352E+20   2.00764E+02   1.72719E-37   2.54954E-06     38      1
   1.69304E-16   3.39352E+20   2.00764E+02   4.98904E-37   2.54954E-06     38      1
   4.01118E-16   3.39352E+20   2.00764E+02   1.18201E-36   2.54954E-06     38      1
   1.05385E-15   3.39352E+20   2.00764E+02   3.10547E-36   2.54954E-06     38      1
   2.78787E-15   3.39352E+20   2.00764E+02   8.21528E-36   2.54954E-06     38      1
   9.16226E-15   3.39352E+20   2.00764E+02   2.69992E-35   2.54954E-06     38      1
   6.63957E-14   3.39352E+20   2.00764E+02   1.95654E-34   2.54954E-06     38      1
   4.82231E-12   3.39352E+20   2.00764E+02   1.42103E-32   2.54954E-06     38      1
 
   5.22253E-19   3.39352E+20   2.00764E+02   1.53897E-39   2.54954E-06     39      1
   1.26956E-18   3.39352E+20   2.00764E+02   3.74112E-39   2.54954E-06     39      1
   3.29736E-18   3.39352E+20   2.00764E+02   9.71663E-39   2.54954E-06     39      1
   1.06545E-17   3.39352E+20   2.00764E+02   3.13967E-38   2.54954E-06     39      1
   3.43171E-17   3.39352E+20   2.00764E+02   1.01125E-37   2.54954E-06     39      1
   7.44158E-17   3.39352E+20   2.00764E+02   2.19288E-37   2.54954E-06     39      1
   1.74447E-16   3.39352E+20   2.00764E+02   5.14059E-37   2.54954E-06     39      1
   7.09383E-16   3.39352E+20   2.00764E+02   2.09040E-36   2.54954E-06     39      1
   1.08985E-14   3.39352E+20   2.00764E+02   3.21155E-35   2.54954E-06     39      1
   1.17003E-13   3.39352E+20   2.00764E+02   3.44783E-34   2.54954E-06     39      1
   6.62646E-13   3.39352E+20   2.00764E+02   1.95268E-33   2.54954E-06     39      1
   2.61894E-12   3.39352E+20   2.00764E+02   7.71745E-33   2.54954E-06     39      1
   7.06938E-12   3.39352E+20   2.00764E+02   2.08320E-32   2.54954E-06     39      1
   2.10414E-11   3.39352E+20   2.00764E+02   6.20045E-32   2.54954E-06     39      1
   1.46708E-10   3.39352E+20   2.00764E+02   4.32317E-31   2.54954E-06     39      1
   8.41561E-09   3.39352E+20   2.00764E+02   2.47990E-29   2.54954E-06     39      1
 
   3.19094E-15   3.39352E+20   2.00764E+02   9.40302E-36   2.54954E-06     40      1
   8.92975E-15   3.39352E+20   2.00764E+02   2.63141E-35   2.54954E-06     40      1
   2.03108E-14   3.39352E+20   2.00764E+02   5.98518E-35   2.54954E-06     40      1
   4.11488E-14   3.39352E+20   2.00764E+02   1.21257E-34   2.54954E-06     40      1
   7.29635E-14   3.39352E+20   2.00764E+02   2.15008E-34   2.54954E-06     40      1
   1.32574E-13   3.39352E+20   2.00764E+02   3.90667E-34   2.54954E-06     40      1
   2.56268E-13   3.39352E+20   2.00764E+02   7.55169E-34   2.54954E-06     40      1
   5.33641E-13   3.39352E+20   2.00764E+02   1.57253E-33   2.54954E-06     40      1
   1.27414E-12   3.39352E+20   2.00764E+02   3.75462E-33   2.54954E-06     40      1
   3.71949E-12   3.39352E+20   2.00764E+02   1.09605E-32   2.54954E-06     40      1
   1.04817E-11   3.39352E+20   2.00764E+02   3.08873E-32   2.54954E-06     40      1
   2.39044E-11   3.39352E+20   2.00764E+02   7.04413E-32   2.54954E-06     40      1
   5.56161E-11   3.39352E+20   2.00764E+02   1.63889E-31   2.54954E-06     40      1
   1.88245E-10   3.39352E+20   2.00764E+02   5.54719E-31   2.54954E-06     40      1
   1.50695E-09   3.39352E+20   2.00764E+02   4.44067E-30   2.54954E-06     40      1
   1.41853E-07   3.39352E+20   2.00764E+02   4.18010E-28   2.54954E-06     40      1
 
   1.45900E-18   3.39352E+20   2.00764E+02   4.29937E-39   2.54954E-06     41      1
   3.16816E-18   3.39352E+20   2.00764E+02   9.33590E-39   2.54954E-06     41      1
   7.32042E-18   3.39352E+20   2.00764E+02   2.15717E-38   2.54954E-06     41      1
   2.36484E-17   3.39352E+20   2.00764E+02   6.96869E-38   2.54954E-06     41      1
   5.53152E-17   3.39352E+20   2.00764E+02   1.63002E-37   2.54954E-06     41      1
   1.35310E-16   3.39352E+20   2.00764E+02   3.98729E-37   2.54954E-06     41      1
   3.71658E-16   3.39352E+20   2.00764E+02   1.09520E-36   2.54954E-06     41      1
   1.07543E-15   3.39352E+20   2.00764E+02   3.16907E-36   2.54954E-06     41      1
   3.92915E-15   3.39352E+20   2.00764E+02   1.15784E-35   2.54954E-06     41      1
   2.03205E-14   3.39352E+20   2.00764E+02   5.98803E-35   2.54954E-06     41      1
   9.50459E-14   3.39352E+20   2.00764E+02   2.80080E-34   2.54954E-06     41      1
   2.67213E-13   3.39352E+20   2.00764E+02   7.87420E-34   2.54954E-06     41      1
   7.03251E-13   3.39352E+20   2.00764E+02   2.07233E-33   2.54954E-06     41      1
   2.80989E-12   3.39352E+20   2.00764E+02   8.28016E-33   2.54954E-06     41      1
   2.15934E-11   3.39352E+20   2.00764E+02   6.36313E-32   2.54954E-06     41      1
   2.77821E-09   3.39352E+20   2.00764E+02   8.18681E-30   2.54954E-06     41      1
 
   1.72627E-20   3.39352E+20   2.00764E+02   5.08694E-41   2.54954E-06     42      1
   5.32313E-20   3.39352E+20   2.00764E+02   1.56861E-40   2.54954E-06     42      1
   2.26123E-19   3.39352E+20   2.00764E+02   6.66336E-40   2.54954E-06     42      1
   2.34473E-18   3.39352E+20   2.00764E+02   6.90943E-39   2.54954E-06     42      1
   1.08129E-16   3.39352E+20   2.00764E+02   3.18634E-37   2.54954E-06     42      1
   6.02046E-16   3.39352E+20   2.00764E+02   1.77410E-36   2.54954E-06     42      1
   2.40227E-15   3.39352E+20   2.00764E+02   7.07900E-36   2.54954E-06     42      1
   8.55863E-15   3.39352E+20   2.00764E+02   2.52205E-35   2.54954E-06     42      1
   2.95471E-14   3.39352E+20   2.00764E+02   8.70692E-35   2.54954E-06     42      1
   7.34193E-14   3.39352E+20   2.00764E+02   2.16351E-34   2.54954E-06     42      1
   2.07989E-13   3.39352E+20   2.00764E+02   6.12900E-34   2.54954E-06     42      1
   4.54161E-13   3.39352E+20   2.00764E+02   1.33832E-33   2.54954E-06     42      1
   9.78455E-13   3.39352E+20   2.00764E+02   2.88330E-33   2.54954E-06     42      1
   3.32448E-12   3.39352E+20   2.00764E+02   9.79655E-33   2.54954E-06     42      1
   2.39879E-11   3.39352E+20   2.00764E+02   7.06872E-32   2.54954E-06     42      1
   3.26864E-09   3.39352E+20   2.00764E+02   9.63200E-30   2.54954E-06     42      1
 
   4.18648E-19   3.39352E+20   2.00764E+02   1.23367E-39   2.54954E-06     43      1
   2.71649E-18   3.39352E+20   2.00764E+02   8.00493E-39   2.54954E-06     43      1
   5.64725E-17   3.39352E+20   2.00764E+02   1.66412E-37   2.54954E-06     43      1
   1.93346E-16   3.39352E+20   2.00764E+02   5.69749E-37   2.54954E-06     43      1
   6.17063E-16   3.39352E+20   2.00764E+02   1.81836E-36   2.54954E-06     43      1
   1.59737E-15   3.39352E+20   2.00764E+02   4.70712E-36   2.54954E-06     43      1
   3.62138E-15   3.39352E+20   2.00764E+02   1.06714E-35   2.54954E-06     43      1
   7.78987E-15   3.39352E+20   2.00764E+02   2.29551E-35   2.54954E-06     43      1
   1.82359E-14   3.39352E+20   2.00764E+02   5.37374E-35   2.54954E-06     43      1
   4.41166E-14   3.39352E+20   2.00764E+02   1.30002E-34   2.54954E-06     43      1
   1.12669E-13   3.39352E+20   2.00764E+02   3.32012E-34   2.54954E-06     43      1
   3.18685E-13   3.39352E+20   2.00764E+02   9.39097E-34   2.54954E-06     43      1
   1.08325E-12   3.39352E+20   2.00764E+02   3.19212E-33   2.54954E-06     43      1
   5.09991E-12   3.39352E+20   2.00764E+02   1.50284E-32   2.54954E-06     43      1
   5.42884E-11   3.39352E+20   2.00764E+02   1.59977E-31   2.54954E-06     43      1
   5.15304E-09   3.39352E+20   2.00764E+02   1.51849E-29   2.54954E-06     43      1
 
   4.83962E-18   3.39352E+20   2.00764E+02   1.42613E-38   2.54954E-06     44      1
   1.43601E-17   3.39352E+20   2.00764E+02   4.23163E-38   2.54954E-06     44      1
   6.19139E-17   3.39352E+20   2.00764E+02   1.82447E-37   2.54954E-06     44      1
   3.78623E-16   3.39352E+20   2.00764E+02   1.11572E-36   2.54954E-06     44      1
   2.88619E-15   3.39352E+20   2.00764E+02   8.50500E-36   2.54954E-06     44      1
   8.56683E-15   3.39352E+20   2.00764E+02   2.52446E-35   2.54954E-06     44      1
   2.90429E-14   3.39352E+20   2.00764E+02   8.55834E-35   2.54954E-06     44      1
   6.99583E-14   3.39352E+20   2.00764E+02   2.06152E-34   2.54954E-06     44      1
   1.49564E-13   3.39352E+20   2.00764E+02   4.40733E-34   2.54954E-06     44      1
   2.85515E-13   3.39352E+20   2.00764E+02   8.41353E-34   2.54954E-06     44      1
   5.55356E-13   3.39352E+20   2.00764E+02   1.63652E-33   2.54954E-06     44      1
   1.18519E-12   3.39352E+20   2.00764E+02   3.49250E-33   2.54954E-06     44      1
   3.10843E-12   3.39352E+20   2.00764E+02   9.15988E-33   2.54954E-06     44      1
   1.38799E-11   3.39352E+20   2.00764E+02   4.09011E-32   2.54954E-06     44      1
   2.34743E-10   3.39352E+20   2.00764E+02   6.91737E-31   2.54954E-06     44      1
   2.52777E-08   3.39352E+20   2.00764E+02   7.44880E-29   2.54954E-06     44      1
 
   3.23078E-21   3.39352E+20   2.00764E+02   9.52042E-42   2.54954E-06     45      1
   6.97578E-21   3.39352E+20   2.00764E+02   2.05561E-41   2.54954E-06     45      1
   2.62238E-20   3.39352E+20   2.00764E+02   7.72759E-41   2.54954E-06     45      1
   6.54056E-20   3.39352E+20   2.00764E+02   1.92736E-40   2.54954E-06     45      1
   1.91979E-19   3.39352E+20   2.00764E+02   5.65723E-40   2.54954E-06     45      1
   9.94477E-19   3.39352E+20   2.00764E+02   2.93051E-39   2.54954E-06     45      1
   4.17148E-18   3.39352E+20   2.00764E+02   1.22925E-38   2.54954E-06     45      1
   3.02959E-17   3.39352E+20   2.00764E+02   8.92757E-38   2.54954E-06     45      1
   2.45338E-16   3.39352E+20   2.00764E+02   7.22958E-37   2.54954E-06     45      1
   1.37950E-15   3.39352E+20   2.00764E+02   4.06508E-36   2.54954E-06     45      1
   4.73610E-15   3.39352E+20   2.00764E+02   1.39563E-35   2.54954E-06     45      1
   1.65293E-14   3.39352E+20   2.00764E+02   4.87084E-35   2.54954E-06     45      1
   5.59593E-14   3.39352E+20   2.00764E+02   1.64900E-34   2.54954E-06     45      1
   2.46201E-13   3.39352E+20   2.00764E+02   7.25504E-34   2.54954E-06     45      1
   2.73089E-12   3.39352E+20   2.00764E+02   8.04736E-33   2.54954E-06     45      1
   2.02084E-10   3.39352E+20   2.00764E+02   5.95498E-31   2.54954E-06     45      1
 
   1.90293E-18   3.39352E+20   2.00764E+02   5.60754E-39   2.54954E-06     46      1
   7.79776E-18   3.39352E+20   2.00764E+02   2.29784E-38   2.54954E-06     46      1
   1.59230E-17   3.39352E+20   2.00764E+02   4.69218E-38   2.54954E-06     46      1
   6.82005E-17   3.39352E+20   2.00764E+02   2.00972E-37   2.54954E-06     46      1
   2.05362E-16   3.39352E+20   2.00764E+02   6.05158E-37   2.54954E-06     46      1
   3.99797E-16   3.39352E+20   2.00764E+02   1.17812E-36   2.54954E-06     46      1
   8.65103E-16   3.39352E+20   2.00764E+02   2.54928E-36   2.54954E-06     46      1
   2.01943E-15   3.39352E+20   2.00764E+02   5.95083E-36   2.54954E-06     46      1
   4.04243E-15   3.39352E+20   2.00764E+02   1.19122E-35   2.54954E-06     46      1
   7.34096E-15   3.39352E+20   2.00764E+02   2.16323E-35   2.54954E-06     46      1
   1.42446E-14   3.39352E+20   2.00764E+02   4.19759E-35   2.54954E-06     46      1
   2.85214E-14   3.39352E+20   2.00764E+02   8.40465E-35   2.54954E-06     46      1
   7.77288E-14   3.39352E+20   2.00764E+02   2.29050E-34   2.54954E-06     46      1
   3.82524E-13   3.39352E+20   2.00764E+02   1.12722E-33   2.54954E-06     46      1
   6.69069E-12   3.39352E+20   2.00764E+02   1.97160E-32   2.54954E-06     46      1
   5.13523E-10   3.39352E+20   2.00764E+02   1.51324E-30   2.54954E-06     46      1
 
   9.32667E-19   3.39352E+20   2.00764E+02   2.74837E-39   2.54954E-06     47      1
   1.46089E-18   3.39352E+20   2.00764E+02   4.30493E-39   2.54954E-06     47      1
   3.65631E-18   3.39352E+20   2.00764E+02   1.07744E-38   2.54954E-06     47      1
   6.78462E-18   3.39352E+20   2.00764E+02   1.99929E-38   2.54954E-06     47      1
   1.33801E-17   3.39352E+20   2.00764E+02   3.94283E-38   2.54954E-06     47      1
   2.93980E-17   3.39352E+20   2.00764E+02   8.66297E-38   2.54954E-06     47      1
   6.90384E-17   3.39352E+20   2.00764E+02   2.03441E-37   2.54954E-06     47      1
   2.60962E-16   3.39352E+20   2.00764E+02   7.69001E-37   2.54954E-06     47      1
   8.74770E-16   3.39352E+20   2.00764E+02   2.57776E-36   2.54954E-06     47      1
   2.88322E-15   3.39352E+20   2.00764E+02   8.49625E-36   2.54954E-06     47      1
   8.41108E-15   3.39352E+20   2.00764E+02   2.47857E-35   2.54954E-06     47      1
   1.99556E-14   3.39352E+20   2.00764E+02   5.88051E-35   2.54954E-06     47      1
   5.33526E-14   3.39352E+20   2.00764E+02   1.57219E-34   2.54954E-06     47      1
   2.69462E-13   3.39352E+20   2.00764E+02   7.94048E-34   2.54954E-06     47      1
   4.54878E-12   3.39352E+20   2.00764E+02   1.34043E-32   2.54954E-06     47      1
   2.99667E-10   3.39352E+20   2.00764E+02   8.83056E-31   2.54954E-06     47      1
 
   7.64628E-22   3.39352E+20   2.00764E+02   2.25320E-42   2.54954E-06     48      1
   3.88544E-21   3.39352E+20   2.00764E+02   1.14496E-41   2.54954E-06     48      1
   1.90423E-20   3.39352E+20   2.00764E+02   5.61137E-41   2.54954E-06     48      1
   4.08677E-20   3.39352E+20   2.00764E+02   1.20429E-40   2.54954E-06     48      1
   1.74226E-19   3.39352E+20   2.00764E+02   5.13407E-40   2.54954E-06     48      1
   2.98775E-18   3.39352E+20   2.00764E+02   8.80428E-39   2.54954E-06     48      1
   1.68164E-17   3.39352E+20   2.00764E+02   4.95545E-38   2.54954E-06     48      1
   5.90447E-17   3.39352E+20   2.00764E+02   1.73992E-37   2.54954E-06     48      1
   1.57534E-16   3.39352E+20   2.00764E+02   4.64218E-37   2.54954E-06     48      1
   4.22009E-16   3.39352E+20   2.00764E+02   1.24357E-36   2.54954E-06     48      1
   9.92288E-16   3.39352E+20   2.00764E+02   2.92406E-36   2.54954E-06     48      1
   2.30535E-15   3.39352E+20   2.00764E+02   6.79338E-36   2.54954E-06     48      1
   6.34151E-15   3.39352E+20   2.00764E+02   1.86871E-35   2.54954E-06     48      1
   2.29230E-14   3.39352E+20   2.00764E+02   6.75492E-35   2.54954E-06     48      1
   2.01591E-13   3.39352E+20   2.00764E+02   5.94047E-34   2.54954E-06     48      1
   7.15370E-11   3.39352E+20   2.00764E+02   2.10805E-31   2.54954E-06     48      1
 
   6.61188E-21   3.39352E+20   2.00764E+02   1.94838E-41   2.54954E-06     49      1
   4.28299E-20   3.39352E+20   2.00764E+02   1.26211E-40   2.54954E-06     49      1
   4.69440E-19   3.39352E+20   2.00764E+02   1.38334E-39   2.54954E-06     49      1
   1.36658E-18   3.39352E+20   2.00764E+02   4.02703E-39   2.54954E-06     49      1
   2.75212E-18   3.39352E+20   2.00764E+02   8.10991E-39   2.54954E-06     49      1
   5.54813E-18   3.39352E+20   2.00764E+02   1.63492E-38   2.54954E-06     49      1
   9.97689E-18   3.39352E+20   2.00764E+02   2.93998E-38   2.54954E-06     49      1
   2.15948E-17   3.39352E+20   2.00764E+02   6.36353E-38   2.54954E-06     49      1
   6.27210E-17   3.39352E+20   2.00764E+02   1.84826E-37   2.54954E-06     49      1
   2.21188E-16   3.39352E+20   2.00764E+02   6.51793E-37   2.54954E-06     49      1
   5.72425E-16   3.39352E+20   2.00764E+02   1.68682E-36   2.54954E-06     49      1
   1.36069E-15   3.39352E+20   2.00764E+02   4.00968E-36   2.54954E-06     49      1
   3.80158E-15   3.39352E+20   2.00764E+02   1.12024E-35   2.54954E-06     49      1
   1.72940E-14   3.39352E+20   2.00764E+02   5.09618E-35   2.54954E-06     49      1
   2.99486E-13   3.39352E+20   2.00764E+02   8.82522E-34   2.54954E-06     49      1
   3.18179E-11   3.39352E+20   2.00764E+02   9.37605E-32   2.54954E-06     49      1
 
   1.50019E-18   3.39352E+20   2.00764E+02   4.42073E-39   2.54954E-06     50      1
   7.68669E-18   3.39352E+20   2.00764E+02   2.26511E-38   2.54954E-06     50      1
   1.92122E-17   3.39352E+20   2.00764E+02   5.66142E-38   2.54954E-06     50      1
   6.89259E-17   3.39352E+20   2.00764E+02   2.03110E-37   2.54954E-06     50      1
   2.71350E-16   3.39352E+20   2.00764E+02   7.99611E-37   2.54954E-06     50      1
   6.36971E-16   3.39352E+20   2.00764E+02   1.87702E-36   2.54954E-06     50      1
   1.26343E-15   3.39352E+20   2.00764E+02   3.72305E-36   2.54954E-06     50      1
   2.54953E-15   3.39352E+20   2.00764E+02   7.51293E-36   2.54954E-06     50      1
   4.73480E-15   3.39352E+20   2.00764E+02   1.39525E-35   2.54954E-06     50      1
   8.94260E-15   3.39352E+20   2.00764E+02   2.63520E-35   2.54954E-06     50      1
   1.74244E-14   3.39352E+20   2.00764E+02   5.13460E-35   2.54954E-06     50      1
   3.78910E-14   3.39352E+20   2.00764E+02   1.11657E-34   2.54954E-06     50      1
   1.15765E-13   3.39352E+20   2.00764E+02   3.41135E-34   2.54954E-06     50      1
   7.01128E-13   3.39352E+20   2.00764E+02   2.06608E-33   2.54954E-06     50      1
   2.23501E-11   3.39352E+20   2.00764E+02   6.58610E-32   2.54954E-06     50      1
   8.36967E-10   3.39352E+20   2.00764E+02   2.46637E-30   2.54954E-06     50      1
 
   4.50575E-21   3.39352E+20   2.00764E+02   1.32775E-41   2.54954E-06     51      1
   7.26406E-21   3.39352E+20   2.00764E+02   2.14056E-41   2.54954E-06     51      1
   2.00363E-20   3.39352E+20   2.00764E+02   5.90426E-41   2.54954E-06     51      1
   7.74770E-20   3.39352E+20   2.00764E+02   2.28308E-40   2.54954E-06     51      1
   2.89446E-19   3.39352E+20   2.00764E+02   8.52936E-40   2.54954E-06     51      1
   8.40815E-19   3.39352E+20   2.00764E+02   2.47770E-39   2.54954E-06     51      1
   2.26319E-18   3.39352E+20   2.00764E+02   6.66915E-39   2.54954E-06     51      1
   5.19223E-18   3.39352E+20   2.00764E+02   1.53004E-38   2.54954E-06     51      1
   1.02420E-17   3.39352E+20   2.00764E+02   3.01811E-38   2.54954E-06     51      1
   2.08290E-17   3.39352E+20   2.00764E+02   6.13786E-38   2.54954E-06     51      1
   4.33637E-17   3.39352E+20   2.00764E+02   1.27784E-37   2.54954E-06     51      1
   1.00291E-16   3.39352E+20   2.00764E+02   2.95535E-37   2.54954E-06     51      1
   2.91494E-16   3.39352E+20   2.00764E+02   8.58973E-37   2.54954E-06     51      1
   1.33222E-15   3.39352E+20   2.00764E+02   3.92578E-36   2.54954E-06     51      1
   3.54559E-14   3.39352E+20   2.00764E+02   1.04481E-34   2.54954E-06     51      1
   3.64142E-12   3.39352E+20   2.00764E+02   1.07305E-32   2.54954E-06     51      1
 
   7.31830E-20   3.39352E+20   2.00764E+02   2.15655E-40   2.54954E-06     52      1
   5.87831E-19   3.39352E+20   2.00764E+02   1.73221E-39   2.54954E-06     52      1
   6.99188E-18   3.39352E+20   2.00764E+02   2.06036E-38   2.54954E-06     52      1
   2.24001E-17   3.39352E+20   2.00764E+02   6.60084E-38   2.54954E-06     52      1
   4.41445E-17   3.39352E+20   2.00764E+02   1.30085E-37   2.54954E-06     52      1
   7.42197E-17   3.39352E+20   2.00764E+02   2.18710E-37   2.54954E-06     52      1
   1.18094E-16   3.39352E+20   2.00764E+02   3.47998E-37   2.54954E-06     52      1
   2.05781E-16   3.39352E+20   2.00764E+02   6.06393E-37   2.54954E-06     52      1
   3.54011E-16   3.39352E+20   2.00764E+02   1.04320E-36   2.54954E-06     52      1
   6.29584E-16   3.39352E+20   2.00764E+02   1.85525E-36   2.54954E-06     52      1
   1.23704E-15   3.39352E+20   2.00764E+02   3.64531E-36   2.54954E-06     52      1
   2.92145E-15   3.39352E+20   2.00764E+02   8.60889E-36   2.54954E-06     52      1
   9.99271E-15   3.39352E+20   2.00764E+02   2.94464E-35   2.54954E-06     52      1
   8.12597E-14   3.39352E+20   2.00764E+02   2.39455E-34   2.54954E-06     52      1
   1.97858E-12   3.39352E+20   2.00764E+02   5.83047E-33   2.54954E-06     52      1
   5.86832E-11   3.39352E+20   2.00764E+02   1.72927E-31   2.54954E-06     52      1
 
   1.79758E-25   3.39352E+20   2.00764E+02   5.29709E-46   2.54954E-06     53      1
   1.79758E-25   3.39352E+20   2.00764E+02   5.29709E-46   2.54954E-06     53      1
   1.79758E-25   3.39352E+20   2.00764E+02   5.29709E-46   2.54954E-06     53      1
   1.79758E-25   3.39352E+20   2.00764E+02   5.29709E-46   2.54954E-06     53      1
   1.79758E-25   3.39352E+20   2.00764E+02   5.29709E-46   2.54954E-06     53      1
   1.79758E-25   3.39352E+20   2.00764E+02   5.29709E-46   2.54954E-06     53      1
   1.79758E-25   3.39352E+20   2.00764E+02   5.29709E-46   2.54954E-06     53      1
   3.51099E-21   3.39352E+20   2.00764E+02   1.03461E-41   2.54954E-06     53      1
   9.60670E-21   3.39352E+20   2.00764E+02   2.83089E-41   2.54954E-06     53      1
   3.18610E-20   3.39352E+20   2.00764E+02   9.38876E-41   2.54954E-06     53      1
   8.87165E-20   3.39352E+20   2.00764E+02   2.61429E-40   2.54954E-06     53      1
   1.87460E-19   3.39352E+20   2.00764E+02   5.52404E-40   2.54954E-06     53      1
   5.51334E-19   3.39352E+20   2.00764E+02   1.62466E-39   2.54954E-06     53      1
   2.21694E-18   3.39352E+20   2.00764E+02   6.53284E-39   2.54954E-06     53      1
   1.18115E-17   3.39352E+20   2.00764E+02   3.48059E-38   2.54954E-06     53      1
   8.30352E-15   3.39352E+20   2.00764E+02   2.44687E-35   2.54954E-06     53      1
 
   4.14520E-21   3.39352E+20   2.00764E+02   1.22150E-41   2.54954E-06     54      1
   3.04443E-20   3.39352E+20   2.00764E+02   8.97130E-41   2.54954E-06     54      1
   1.97605E-19   3.39352E+20   2.00764E+02   5.82301E-40   2.54954E-06     54      1
   9.84498E-19   3.39352E+20   2.00764E+02   2.90111E-39   2.54954E-06     54      1
   6.66908E-18   3.39352E+20   2.00764E+02   1.96524E-38   2.54954E-06     54      1
   2.74891E-17   3.39352E+20   2.00764E+02   8.10045E-38   2.54954E-06     54      1
   7.26104E-17   3.39352E+20   2.00764E+02   2.13968E-37   2.54954E-06     54      1
   1.39508E-16   3.39352E+20   2.00764E+02   4.11102E-37   2.54954E-06     54      1
   2.67753E-16   3.39352E+20   2.00764E+02   7.89011E-37   2.54954E-06     54      1
   5.28023E-16   3.39352E+20   2.00764E+02   1.55597E-36   2.54954E-06     54      1
   1.14201E-15   3.39352E+20   2.00764E+02   3.36528E-36   2.54954E-06     54      1
   2.91083E-15   3.39352E+20   2.00764E+02   8.57761E-36   2.54954E-06     54      1
   1.15050E-14   3.39352E+20   2.00764E+02   3.39028E-35   2.54954E-06     54      1
   1.11914E-13   3.39352E+20   2.00764E+02   3.29786E-34   2.54954E-06     54      1
   1.77719E-12   3.39352E+20   2.00764E+02   5.23701E-33   2.54954E-06     54      1
   4.98289E-11   3.39352E+20   2.00764E+02   1.46835E-31   2.54954E-06     54      1
 
   2.46135E-21   3.39352E+20   2.00764E+02   7.25307E-42   2.54954E-06     55      1
   8.43221E-21   3.39352E+20   2.00764E+02   2.48479E-41   2.54954E-06     55      1
   1.51463E-20   3.39352E+20   2.00764E+02   4.46329E-41   2.54954E-06     55      1
   2.24980E-20   3.39352E+20   2.00764E+02   6.62969E-41   2.54954E-06     55      1
   3.89708E-20   3.39352E+20   2.00764E+02   1.14839E-40   2.54954E-06     55      1
   6.60969E-20   3.39352E+20   2.00764E+02   1.94774E-40   2.54954E-06     55      1
   1.36469E-19   3.39352E+20   2.00764E+02   4.02147E-40   2.54954E-06     55      1
   2.85258E-19   3.39352E+20   2.00764E+02   8.40595E-40   2.54954E-06     55      1
   7.49999E-19   3.39352E+20   2.00764E+02   2.21009E-39   2.54954E-06     55      1
   1.83419E-18   3.39352E+20   2.00764E+02   5.40498E-39   2.54954E-06     55      1
   4.22540E-18   3.39352E+20   2.00764E+02   1.24514E-38   2.54954E-06     55      1
   9.18971E-18   3.39352E+20   2.00764E+02   2.70801E-38   2.54954E-06     55      1
   2.35535E-17   3.39352E+20   2.00764E+02   6.94073E-38   2.54954E-06     55      1
   1.38228E-16   3.39352E+20   2.00764E+02   4.07328E-37   2.54954E-06     55      1
   1.76371E-14   3.39352E+20   2.00764E+02   5.19728E-35   2.54954E-06     55      1
   3.12085E-13   3.39352E+20   2.00764E+02   9.19648E-34   2.54954E-06     55      1
 
