2.500E+04  9.83E+05  2.01E-12  5.61E-03  1.70E-06  3.30E-04
7.500E+04  9.25E+05  2.41E-12  4.34E-03  1.69E-06  3.30E-04
1.250E+05  8.70E+05  2.94E-12  3.23E-03  1.68E-06  3.30E-04
1.750E+05  8.18E+05  3.65E-12  2.36E-03  1.68E-06  3.30E-04
2.250E+05  7.68E+05  4.66E-12  1.69E-03  1.67E-06  3.30E-04
2.750E+05  7.20E+05  6.10E-12  1.18E-03  1.66E-06  3.30E-04
3.250E+05  6.75E+05  8.16E-12  8.11E-04  1.66E-06  3.30E-04
3.750E+05  6.32E+05  1.10E-11  5.42E-04  1.65E-06  3.30E-04
4.250E+05  5.91E+05  1.46E-11  3.53E-04  1.65E-06  3.30E-04
4.750E+05  5.52E+05  1.88E-11  2.23E-04  1.65E-06  3.30E-04
5.250E+05  5.15E+05  2.34E-11  1.37E-04  1.64E-06  3.30E-04
5.750E+05  4.80E+05  2.85E-11  8.11E-05  1.64E-06  3.30E-04
6.250E+05  4.46E+05  3.42E-11  4.64E-05  1.64E-06  3.30E-04
6.750E+05  4.14E+05  4.12E-11  2.55E-05  1.64E-06  3.30E-04
7.250E+05  3.84E+05  5.03E-11  1.34E-05  1.63E-06  3.30E-04
7.750E+05  3.56E+05  6.28E-11  6.73E-06  1.63E-06  3.30E-04
8.250E+05  3.29E+05  8.08E-11  3.21E-06  1.63E-06  3.30E-04
8.750E+05  3.03E+05  1.07E-10  1.44E-06  1.63E-06  3.30E-04
9.250E+05  2.79E+05  1.40E-10  6.07E-07  1.63E-06  3.30E-04
9.750E+05  2.56E+05  1.81E-10  2.38E-07  1.63E-06  3.30E-04
1.025E+06  2.34E+05  2.52E-10  8.61E-08  1.63E-06  3.30E-04
1.075E+06  2.14E+05  3.59E-10  2.85E-08  1.63E-06  3.30E-04
1.125E+06  1.95E+05  3.76E-10  2.42E-08  1.63E-06  3.30E-04
1.175E+06  1.78E+05  3.46E-10  2.33E-08  1.63E-06  3.30E-04
1.225E+06  1.62E+05  3.02E-10  2.45E-08  1.62E-06  3.30E-04
1.275E+06  1.48E+05  2.57E-10  2.65E-08  1.62E-06  3.30E-04
1.325E+06  1.34E+05  2.16E-10  2.91E-08  1.61E-06  3.30E-04
1.375E+06  1.23E+05  1.80E-10  3.21E-08  1.61E-06  3.30E-04
1.425E+06  1.12E+05  1.51E-10  3.52E-08  1.60E-06  3.30E-04
1.475E+06  1.02E+05  1.26E-10  3.86E-08  1.58E-06  3.30E-04
1.525E+06  9.28E+04  1.06E-10  4.24E-08  1.57E-06  3.30E-04
1.575E+06  8.46E+04  8.92E-11  4.65E-08  1.56E-06  3.30E-04
1.625E+06  7.71E+04  7.48E-11  5.10E-08  1.54E-06  3.30E-04
1.675E+06  7.03E+04  6.27E-11  5.60E-08  1.52E-06  3.30E-04
1.725E+06  6.41E+04  5.25E-11  6.14E-08  1.50E-06  3.30E-04
1.775E+06  5.84E+04  4.40E-11  6.74E-08  1.49E-06  3.30E-04
1.825E+06  5.33E+04  3.68E-11  7.39E-08  1.47E-06  3.30E-04
1.875E+06  4.86E+04  3.08E-11  8.11E-08  1.45E-06  3.30E-04
1.925E+06  4.43E+04  2.58E-11  8.89E-08  1.43E-06  3.30E-04
1.975E+06  4.04E+04  2.16E-11  9.73E-08  1.41E-06  3.30E-04
2.025E+06  3.68E+04  1.83E-11  1.04E-07  1.39E-06  3.30E-04
2.075E+06  3.35E+04  1.58E-11  1.08E-07  1.37E-06  3.30E-04
2.125E+06  3.06E+04  1.38E-11  1.10E-07  1.35E-06  3.30E-04
2.175E+06  2.79E+04  1.21E-11  1.10E-07  1.34E-06  3.30E-04
2.225E+06  2.54E+04  1.08E-11  1.08E-07  1.32E-06  3.30E-04
2.275E+06  2.32E+04  9.66E-12  1.04E-07  1.30E-06  3.30E-04
2.325E+06  2.11E+04  8.74E-12  9.92E-08  1.29E-06  3.30E-04
2.375E+06  1.93E+04  7.99E-12  9.29E-08  1.28E-06  3.30E-04
2.425E+06  1.76E+04  7.36E-12  8.57E-08  1.26E-06  3.30E-04
2.475E+06  1.60E+04  6.86E-12  7.79E-08  1.25E-06  3.30E-04
2.525E+06  1.46E+04  6.47E-12  6.98E-08  1.23E-06  3.30E-04
2.575E+06  1.33E+04  6.21E-12  6.16E-08  1.22E-06  3.30E-04
2.625E+06  1.21E+04  6.08E-12  5.35E-08  1.20E-06  3.30E-04
2.675E+06  1.11E+04  6.10E-12  4.59E-08  1.19E-06  3.30E-04
2.725E+06  1.01E+04  6.28E-12  3.88E-08  1.17E-06  3.30E-04
2.775E+06  9.21E+03  6.64E-12  3.24E-08  1.16E-06  3.30E-04
2.825E+06  8.39E+03  7.19E-12  2.69E-08  1.14E-06  3.30E-04
2.875E+06  7.66E+03  7.99E-12  2.20E-08  1.13E-06  3.30E-04
2.925E+06  6.98E+03  9.10E-12  1.79E-08  1.11E-06  3.30E-04
2.975E+06  6.37E+03  1.06E-11  1.44E-08  1.09E-06  3.30E-04
3.025E+06  5.81E+03  1.26E-11  1.15E-08  1.07E-06  3.30E-04
3.075E+06  5.29E+03  1.52E-11  9.14E-09  1.06E-06  3.30E-04
3.125E+06  4.83E+03  1.86E-11  7.26E-09  1.04E-06  3.30E-04
3.175E+06  4.40E+03  2.30E-11  5.76E-09  1.01E-06  3.30E-04
3.225E+06  4.02E+03  2.87E-11  4.58E-09  9.93E-07  3.30E-04
3.275E+06  3.66E+03  3.59E-11  3.66E-09  9.70E-07  3.30E-04
3.325E+06  3.34E+03  4.46E-11  2.97E-09  9.46E-07  3.30E-04
3.375E+06  3.05E+03  5.44E-11  2.47E-09  9.21E-07  3.30E-04
3.425E+06  2.78E+03  6.45E-11  2.14E-09  8.94E-07  3.30E-04
3.475E+06  2.53E+03  7.32E-11  1.96E-09  8.67E-07  3.30E-04
3.525E+06  2.31E+03  7.87E-11  1.93E-09  8.38E-07  3.30E-04
3.575E+06  2.11E+03  7.96E-11  2.06E-09  8.08E-07  3.30E-04
3.625E+06  1.92E+03  7.61E-11  2.34E-09  7.78E-07  3.30E-04
3.675E+06  1.75E+03  6.96E-11  2.79E-09  7.46E-07  3.30E-04
3.725E+06  1.60E+03  6.19E-11  3.43E-09  7.13E-07  3.30E-04
3.775E+06  1.46E+03  5.45E-11  4.27E-09  6.79E-07  3.30E-04
3.825E+06  1.33E+03  4.82E-11  5.34E-09  6.44E-07  3.30E-04
3.875E+06  1.21E+03  4.35E-11  6.63E-09  6.08E-07  3.30E-04
3.925E+06  1.11E+03  4.02E-11  8.10E-09  5.71E-07  3.30E-04
3.975E+06  1.01E+03  3.83E-11  9.74E-09  5.33E-07  3.30E-04
4.025E+06  9.21E+02  3.77E-11  1.15E-08  4.95E-07  3.30E-04
4.075E+06  8.40E+02  3.84E-11  1.33E-08  4.57E-07  3.30E-04
4.125E+06  7.67E+02  4.01E-11  1.50E-08  4.18E-07  3.30E-04
4.175E+06  6.99E+02  4.30E-11  1.67E-08  3.81E-07  3.30E-04
4.225E+06  6.38E+02  4.71E-11  1.81E-08  3.44E-07  3.30E-04
4.275E+06  5.82E+02  5.24E-11  1.92E-08  3.08E-07  3.30E-04
4.325E+06  5.31E+02  5.92E-11  2.00E-08  2.75E-07  3.30E-04
4.375E+06  4.84E+02  6.75E-11  2.05E-08  2.44E-07  3.30E-04
4.425E+06  4.42E+02  7.76E-11  2.06E-08  2.15E-07  3.30E-04
4.475E+06  4.03E+02  8.98E-11  2.04E-08  1.88E-07  3.30E-04
4.525E+06  3.68E+02  1.05E-10  1.99E-08  1.63E-07  3.30E-04
4.575E+06  3.36E+02  1.22E-10  1.92E-08  1.41E-07  3.30E-04
4.625E+06  3.06E+02  1.43E-10  1.82E-08  1.21E-07  3.30E-04
4.675E+06  2.79E+02  1.67E-10  1.71E-08  1.04E-07  3.30E-04
4.725E+06  2.55E+02  1.97E-10  1.59E-08  8.84E-08  3.30E-04
4.775E+06  2.33E+02  2.36E-10  1.45E-08  7.51E-08  3.30E-04
4.825E+06  2.12E+02  2.92E-10  1.30E-08  6.35E-08  3.30E-04
4.875E+06  1.94E+02  3.73E-10  1.15E-08  5.35E-08  3.30E-04
4.925E+06  1.77E+02  4.85E-10  1.00E-08  4.50E-08  3.30E-04
4.975E+06  1.61E+02  6.26E-10  8.59E-09  3.77E-08  3.30E-04
5.025E+06  1.47E+02  7.90E-10  7.28E-09  3.16E-08  3.30E-04
5.075E+06  1.34E+02  9.69E-10  6.12E-09  2.64E-08  3.30E-04
5.125E+06  1.22E+02  1.15E-09  5.10E-09  2.21E-08  3.30E-04
5.175E+06  1.12E+02  1.33E-09  4.23E-09  1.84E-08  3.30E-04
5.225E+06  1.02E+02  1.51E-09  3.49E-09  1.53E-08  3.30E-04
5.275E+06  9.30E+01  1.67E-09  2.86E-09  1.27E-08  3.30E-04
5.325E+06  8.49E+01  1.81E-09  2.34E-09  1.06E-08  3.30E-04
5.375E+06  7.75E+01  1.93E-09  1.92E-09  8.81E-09  3.30E-04
5.425E+06  7.07E+01  2.03E-09  1.56E-09  7.34E-09  3.30E-04
5.475E+06  6.45E+01  2.10E-09  1.27E-09  6.12E-09  3.30E-04
5.525E+06  5.89E+01  2.14E-09  1.04E-09  5.11E-09  3.30E-04
5.575E+06  5.37E+01  2.16E-09  8.50E-10  4.28E-09  3.30E-04
5.625E+06  4.90E+01  2.15E-09  6.96E-10  3.60E-09  3.30E-04
5.675E+06  4.48E+01  2.11E-09  5.71E-10  3.03E-09  3.30E-04
5.725E+06  4.08E+01  2.05E-09  4.70E-10  2.56E-09  3.30E-04
5.775E+06  3.73E+01  1.96E-09  3.88E-10  2.18E-09  3.30E-04
5.825E+06  3.40E+01  1.86E-09  3.22E-10  1.86E-09  3.30E-04
5.875E+06  3.10E+01  1.74E-09  2.68E-10  1.59E-09  3.30E-04
5.925E+06  2.83E+01  1.61E-09  2.25E-10  1.37E-09  3.30E-04
5.975E+06  2.59E+01  1.48E-09  1.89E-10  1.18E-09  3.30E-04
6.025E+06  2.36E+01  1.34E-09  1.60E-10  1.03E-09  3.30E-04
6.075E+06  2.15E+01  1.20E-09  1.36E-10  9.01E-10  3.30E-04
6.125E+06  1.97E+01  1.07E-09  1.17E-10  7.91E-10  3.30E-04
6.175E+06  1.80E+01  9.46E-10  1.00E-10  6.99E-10  3.30E-04
6.225E+06  1.64E+01  8.29E-10  8.67E-11  6.21E-10  3.30E-04
6.275E+06  1.50E+01  7.21E-10  7.55E-11  5.54E-10  3.30E-04
6.325E+06  1.37E+01  6.23E-10  6.61E-11  4.97E-10  3.30E-04
6.375E+06  1.25E+01  5.35E-10  5.81E-11  4.47E-10  3.30E-04
6.425E+06  1.14E+01  4.57E-10  5.14E-11  4.05E-10  3.30E-04
6.475E+06  1.04E+01  3.89E-10  4.58E-11  3.69E-10  3.30E-04
6.525E+06  9.48E+00  3.30E-10  4.09E-11  3.37E-10  3.30E-04
6.575E+06  8.65E+00  2.78E-10  3.68E-11  3.09E-10  3.30E-04
6.625E+06  7.90E+00  2.34E-10  3.33E-11  2.85E-10  3.30E-04
6.675E+06  7.21E+00  1.97E-10  3.02E-11  2.64E-10  3.30E-04
6.725E+06  6.58E+00  1.65E-10  2.76E-11  2.46E-10  3.30E-04
6.775E+06  6.01E+00  1.38E-10  2.54E-11  2.30E-10  3.30E-04
6.825E+06  5.49E+00  1.15E-10  2.34E-11  2.15E-10  3.30E-04
6.875E+06  5.01E+00  9.62E-11  2.15E-11  2.02E-10  3.30E-04
6.925E+06  4.57E+00  8.01E-11  1.98E-11  1.89E-10  3.30E-04
6.975E+06  4.17E+00  6.66E-11  1.82E-11  1.77E-10  3.30E-04
7.025E+06  3.81E+00  5.53E-11  1.68E-11  1.65E-10  3.30E-04
7.075E+06  3.48E+00  4.59E-11  1.54E-11  1.55E-10  3.30E-04
7.125E+06  3.18E+00  3.80E-11  1.42E-11  1.45E-10  3.30E-04
7.175E+06  2.90E+00  3.14E-11  1.31E-11  1.36E-10  3.30E-04
7.225E+06  2.65E+00  2.60E-11  1.20E-11  1.27E-10  3.30E-04
7.275E+06  2.42E+00  2.14E-11  1.11E-11  1.19E-10  3.30E-04
7.325E+06  2.21E+00  1.77E-11  1.02E-11  1.11E-10  3.30E-04
7.375E+06  2.02E+00  1.46E-11  9.36E-12  1.04E-10  3.30E-04
7.425E+06  1.84E+00  1.20E-11  8.61E-12  9.73E-11  3.30E-04
7.475E+06  1.68E+00  9.86E-12  7.92E-12  9.10E-11  3.30E-04
7.525E+06  1.53E+00  8.10E-12  7.29E-12  8.51E-11  3.30E-04
7.575E+06  1.40E+00  6.66E-12  6.70E-12  7.97E-11  3.30E-04
7.625E+06  1.28E+00  5.46E-12  6.17E-12  7.45E-11  3.30E-04
7.675E+06  1.17E+00  4.48E-12  5.67E-12  6.97E-11  3.30E-04
7.725E+06  1.07E+00  3.67E-12  5.22E-12  6.52E-11  3.30E-04
7.775E+06  9.74E-01  3.01E-12  4.80E-12  6.10E-11  3.30E-04
7.825E+06  8.90E-01  2.47E-12  4.41E-12  5.71E-11  3.30E-04
7.875E+06  8.12E-01  2.02E-12  4.06E-12  5.34E-11  3.30E-04
7.925E+06  7.42E-01  1.65E-12  3.73E-12  5.00E-11  3.30E-04
7.975E+06  6.78E-01  1.35E-12  3.43E-12  4.67E-11  3.30E-04
8.025E+06  6.19E-01  1.10E-12  3.16E-12  4.37E-11  3.30E-04
8.075E+06  5.65E-01  9.03E-13  2.90E-12  4.09E-11  3.30E-04
8.125E+06  5.16E-01  7.38E-13  2.67E-12  3.83E-11  3.30E-04
8.175E+06  4.71E-01  6.03E-13  2.46E-12  3.58E-11  3.30E-04
8.225E+06  4.30E-01  4.92E-13  2.26E-12  3.35E-11  3.30E-04
8.275E+06  3.93E-01  4.02E-13  2.08E-12  3.13E-11  3.30E-04
8.325E+06  3.59E-01  3.28E-13  1.91E-12  2.93E-11  3.30E-04
8.375E+06  3.28E-01  2.68E-13  1.76E-12  2.74E-11  3.30E-04
8.425E+06  2.99E-01  2.18E-13  1.62E-12  2.56E-11  3.30E-04
8.475E+06  2.74E-01  1.78E-13  1.49E-12  2.40E-11  3.30E-04
8.525E+06  2.50E-01  1.45E-13  1.37E-12  2.24E-11  3.30E-04
8.575E+06  2.28E-01  1.18E-13  1.26E-12  2.10E-11  3.30E-04
8.625E+06  2.08E-01  9.65E-14  1.16E-12  1.96E-11  3.30E-04
8.675E+06  1.90E-01  7.87E-14  1.06E-12  1.84E-11  3.30E-04
8.725E+06  1.74E-01  6.41E-14  9.77E-13  1.72E-11  3.30E-04
8.775E+06  1.59E-01  5.23E-14  8.99E-13  1.61E-11  3.30E-04
8.825E+06  1.45E-01  4.26E-14  8.27E-13  1.50E-11  3.30E-04
8.875E+06  1.33E-01  3.47E-14  7.60E-13  1.41E-11  3.30E-04
8.925E+06  1.21E-01  2.83E-14  7.00E-13  1.32E-11  3.30E-04
8.975E+06  1.11E-01  2.31E-14  6.44E-13  1.23E-11  3.30E-04
9.025E+06  1.01E-01  1.88E-14  5.92E-13  1.15E-11  3.30E-04
9.075E+06  9.23E-02  1.53E-14  5.45E-13  1.08E-11  3.30E-04
9.125E+06  8.43E-02  1.25E-14  5.02E-13  1.01E-11  3.30E-04
9.175E+06  7.70E-02  1.02E-14  4.62E-13  9.50E-12  3.30E-04
9.225E+06  7.04E-02  8.33E-15  4.26E-13  8.90E-12  3.30E-04
9.275E+06  6.43E-02  6.81E-15  3.93E-13  8.36E-12  3.30E-04
9.325E+06  5.87E-02  5.56E-15  3.62E-13  7.85E-12  3.30E-04
9.375E+06  5.36E-02  4.54E-15  3.34E-13  7.38E-12  3.30E-04
9.425E+06  4.90E-02  3.72E-15  3.09E-13  6.94E-12  3.30E-04
9.475E+06  4.48E-02  3.04E-15  2.86E-13  6.54E-12  3.30E-04
9.525E+06  4.09E-02  2.49E-15  2.66E-13  6.18E-12  3.30E-04
9.575E+06  3.74E-02  2.05E-15  2.47E-13  5.85E-12  3.30E-04
9.625E+06  3.41E-02  1.68E-15  2.31E-13  5.55E-12  3.30E-04
9.675E+06  3.12E-02  1.38E-15  2.16E-13  5.29E-12  3.30E-04
9.725E+06  2.85E-02  1.14E-15  2.04E-13  5.06E-12  3.30E-04
9.775E+06  2.60E-02  9.43E-16  1.93E-13  4.86E-12  3.30E-04
9.825E+06  2.38E-02  7.81E-16  1.84E-13  4.70E-12  3.30E-04
9.875E+06  2.17E-02  6.48E-16  1.77E-13  4.58E-12  3.30E-04
9.925E+06  1.99E-02  5.40E-16  1.73E-13  4.49E-12  3.30E-04
9.975E+06  1.82E-02  4.55E-16  1.71E-13  4.44E-12  3.30E-04
