2.500E+04  9.83E+05  2.56E-12  5.61E-03  5.00E-04  1.00E-02
7.500E+04  9.25E+05  2.17E-12  4.34E-03  5.00E-04  1.00E-02
1.250E+05  8.69E+05  1.98E-12  3.23E-03  5.00E-04  1.00E-02
1.750E+05  8.17E+05  1.88E-12  2.36E-03  5.00E-04  1.00E-02
2.250E+05  7.67E+05  1.72E-12  1.69E-03  5.00E-04  1.00E-02
2.750E+05  7.19E+05  1.24E-12  1.18E-03  5.00E-04  1.00E-02
3.250E+05  6.73E+05  3.37E-13  8.11E-04  4.99E-04  1.00E-02
3.750E+05  6.30E+05  1.56E-14  5.42E-04  4.99E-04  1.00E-02
4.250E+05  5.89E+05  6.14E-16  3.53E-04  4.99E-04  1.00E-02
4.750E+05  5.50E+05  3.64E-17  2.23E-04  4.99E-04  1.00E-02
5.250E+05  5.13E+05  4.80E-18  1.37E-04  4.99E-04  1.00E-02
5.750E+05  4.78E+05  4.01E-18  8.11E-05  4.99E-04  1.00E-02
6.250E+05  4.44E+05  1.43E-17  4.64E-05  4.99E-04  1.00E-02
6.750E+05  4.12E+05  5.01E-17  2.55E-05  4.99E-04  1.00E-02
7.250E+05  3.82E+05  1.56E-16  1.34E-05  4.99E-04  1.00E-02
7.750E+05  3.54E+05  4.63E-16  6.73E-06  4.99E-04  1.00E-02
8.250E+05  3.27E+05  1.49E-15  3.21E-06  4.99E-04  1.00E-02
8.750E+05  3.01E+05  5.77E-15  1.44E-06  4.99E-04  1.00E-02
9.250E+05  2.77E+05  2.32E-14  6.07E-07  4.99E-04  1.00E-02
9.750E+05  2.54E+05  7.09E-14  2.38E-07  4.99E-04  1.00E-02
1.025E+06  2.32E+05  1.65E-13  8.60E-08  4.99E-04  1.00E-02
1.075E+06  2.12E+05  3.26E-13  2.84E-08  4.99E-04  1.00E-02
1.125E+06  1.93E+05  4.58E-13  2.44E-08  4.99E-04  1.00E-02
1.175E+06  1.76E+05  5.82E-13  2.36E-08  4.99E-04  1.00E-02
1.225E+06  1.60E+05  7.00E-13  2.49E-08  4.99E-04  1.00E-02
1.275E+06  1.46E+05  8.21E-13  2.70E-08  4.99E-04  1.00E-02
1.325E+06  1.33E+05  9.50E-13  2.97E-08  4.99E-04  1.00E-02
1.375E+06  1.21E+05  1.09E-12  3.27E-08  4.99E-04  1.00E-02
1.425E+06  1.10E+05  1.24E-12  3.59E-08  4.99E-04  1.00E-02
1.475E+06  1.01E+05  1.40E-12  3.94E-08  4.99E-04  1.00E-02
1.525E+06  9.16E+04  1.57E-12  4.31E-08  4.99E-04  1.00E-02
1.575E+06  8.35E+04  1.76E-12  4.73E-08  4.98E-04  1.00E-02
1.625E+06  7.60E+04  1.96E-12  5.13E-08  4.98E-04  1.00E-02
1.675E+06  6.93E+04  2.20E-12  5.32E-08  4.98E-04  1.00E-02
1.725E+06  6.31E+04  2.50E-12  5.33E-08  4.97E-04  1.00E-02
1.775E+06  5.75E+04  2.86E-12  5.20E-08  4.97E-04  1.00E-02
1.825E+06  5.24E+04  3.28E-12  4.99E-08  4.96E-04  1.00E-02
1.875E+06  4.78E+04  3.75E-12  4.74E-08  4.96E-04  1.00E-02
1.925E+06  4.35E+04  4.29E-12  4.47E-08  4.95E-04  1.00E-02
1.975E+06  3.96E+04  4.86E-12  4.23E-08  4.95E-04  1.00E-02
2.025E+06  3.61E+04  5.48E-12  4.01E-08  4.94E-04  1.00E-02
2.075E+06  3.29E+04  6.14E-12  3.82E-08  4.94E-04  1.00E-02
2.125E+06  3.00E+04  6.83E-12  3.66E-08  4.93E-04  1.00E-02
2.175E+06  2.73E+04  7.55E-12  3.53E-08  4.93E-04  1.00E-02
2.225E+06  2.49E+04  8.30E-12  3.42E-08  4.92E-04  1.00E-02
2.275E+06  2.27E+04  9.07E-12  3.34E-08  4.92E-04  1.00E-02
2.325E+06  2.07E+04  9.86E-12  3.29E-08  4.91E-04  1.00E-02
2.375E+06  1.89E+04  1.07E-11  3.25E-08  4.90E-04  1.00E-02
2.425E+06  1.72E+04  1.15E-11  3.22E-08  4.90E-04  1.00E-02
2.475E+06  1.57E+04  1.24E-11  3.22E-08  4.89E-04  1.00E-02
2.525E+06  1.43E+04  1.33E-11  3.22E-08  4.88E-04  1.00E-02
2.575E+06  1.30E+04  1.43E-11  3.24E-08  4.88E-04  1.00E-02
2.625E+06  1.18E+04  1.52E-11  3.27E-08  4.87E-04  1.00E-02
2.675E+06  1.08E+04  1.62E-11  3.31E-08  4.86E-04  1.00E-02
2.725E+06  9.84E+03  1.73E-11  3.36E-08  4.86E-04  1.00E-02
2.775E+06  8.97E+03  1.83E-11  3.42E-08  4.85E-04  1.00E-02
2.825E+06  8.18E+03  1.94E-11  3.49E-08  4.84E-04  1.00E-02
2.875E+06  7.45E+03  2.06E-11  3.57E-08  4.83E-04  1.00E-02
2.925E+06  6.79E+03  2.18E-11  3.67E-08  4.82E-04  1.00E-02
2.975E+06  6.19E+03  2.30E-11  3.77E-08  4.82E-04  1.00E-02
3.025E+06  5.64E+03  2.44E-11  3.88E-08  4.81E-04  1.00E-02
3.075E+06  5.14E+03  2.59E-11  3.99E-08  4.80E-04  1.00E-02
3.125E+06  4.69E+03  2.76E-11  4.10E-08  4.79E-04  1.00E-02
3.175E+06  4.27E+03  2.97E-11  4.21E-08  4.78E-04  1.00E-02
3.225E+06  3.90E+03  3.23E-11  4.30E-08  4.76E-04  1.00E-02
3.275E+06  3.55E+03  3.53E-11  4.37E-08  4.75E-04  1.00E-02
3.325E+06  3.24E+03  3.90E-11  4.42E-08  4.74E-04  1.00E-02
3.375E+06  2.95E+03  4.31E-11  4.45E-08  4.73E-04  1.00E-02
3.425E+06  2.69E+03  4.79E-11  4.45E-08  4.72E-04  1.00E-02
3.475E+06  2.45E+03  5.31E-11  4.43E-08  4.70E-04  1.00E-02
3.525E+06  2.23E+03  5.89E-11  4.40E-08  4.69E-04  1.00E-02
3.575E+06  2.04E+03  6.50E-11  4.34E-08  4.67E-04  1.00E-02
3.625E+06  1.86E+03  7.15E-11  4.27E-08  4.66E-04  1.00E-02
3.675E+06  1.69E+03  7.83E-11  4.18E-08  4.64E-04  1.00E-02
3.725E+06  1.54E+03  8.52E-11  4.09E-08  4.63E-04  1.00E-02
3.775E+06  1.41E+03  9.23E-11  3.99E-08  4.61E-04  1.00E-02
3.825E+06  1.28E+03  9.93E-11  3.88E-08  4.59E-04  1.00E-02
3.875E+06  1.17E+03  1.06E-10  3.78E-08  4.57E-04  1.00E-02
3.925E+06  1.07E+03  1.13E-10  3.67E-08  4.55E-04  1.00E-02
3.975E+06  9.72E+02  1.19E-10  3.58E-08  4.53E-04  1.00E-02
4.025E+06  8.86E+02  1.24E-10  3.49E-08  4.51E-04  1.00E-02
4.075E+06  8.08E+02  1.29E-10  3.42E-08  4.49E-04  1.00E-02
4.125E+06  7.37E+02  1.32E-10  3.36E-08  4.47E-04  1.00E-02
4.175E+06  6.72E+02  1.34E-10  3.33E-08  4.45E-04  1.00E-02
4.225E+06  6.13E+02  1.35E-10  3.34E-08  4.42E-04  1.00E-02
4.275E+06  5.59E+02  1.34E-10  3.38E-08  4.40E-04  1.00E-02
4.325E+06  5.09E+02  1.31E-10  3.47E-08  4.37E-04  1.00E-02
4.375E+06  4.64E+02  1.26E-10  3.62E-08  4.34E-04  1.00E-02
4.425E+06  4.23E+02  1.20E-10  3.83E-08  4.32E-04  1.00E-02
4.475E+06  3.86E+02  1.12E-10  4.13E-08  4.29E-04  1.00E-02
4.525E+06  3.52E+02  1.03E-10  4.54E-08  4.26E-04  1.00E-02
4.575E+06  3.21E+02  9.27E-11  5.06E-08  4.23E-04  1.00E-02
4.625E+06  2.93E+02  8.23E-11  5.72E-08  4.19E-04  1.00E-02
4.675E+06  2.67E+02  7.17E-11  6.54E-08  4.16E-04  1.00E-02
4.725E+06  2.43E+02  6.12E-11  7.55E-08  4.12E-04  1.00E-02
4.775E+06  2.22E+02  5.12E-11  8.78E-08  4.09E-04  1.00E-02
4.825E+06  2.02E+02  4.19E-11  1.03E-07  4.05E-04  1.00E-02
4.875E+06  1.85E+02  3.36E-11  1.21E-07  4.01E-04  1.00E-02
4.925E+06  1.68E+02  2.63E-11  1.42E-07  3.97E-04  1.00E-02
4.975E+06  1.54E+02  2.03E-11  1.67E-07  3.92E-04  1.00E-02
5.025E+06  1.40E+02  1.54E-11  1.96E-07  3.88E-04  1.00E-02
5.075E+06  1.28E+02  1.15E-11  2.30E-07  3.83E-04  1.00E-02
5.125E+06  1.17E+02  8.53E-12  2.69E-07  3.78E-04  1.00E-02
5.175E+06  1.06E+02  6.27E-12  3.13E-07  3.72E-04  1.00E-02
5.225E+06  9.69E+01  4.60E-12  3.63E-07  3.67E-04  1.00E-02
5.275E+06  8.84E+01  3.38E-12  4.19E-07  3.61E-04  1.00E-02
5.325E+06  8.06E+01  2.49E-12  4.81E-07  3.55E-04  1.00E-02
5.375E+06  7.35E+01  1.85E-12  5.50E-07  3.48E-04  1.00E-02
5.425E+06  6.71E+01  1.39E-12  6.26E-07  3.42E-04  1.00E-02
5.475E+06  6.12E+01  1.06E-12  7.08E-07  3.35E-04  1.00E-02
5.525E+06  5.58E+01  8.14E-13  7.97E-07  3.27E-04  1.00E-02
5.575E+06  5.09E+01  6.37E-13  8.93E-07  3.20E-04  1.00E-02
5.625E+06  4.64E+01  5.07E-13  9.96E-07  3.12E-04  1.00E-02
5.675E+06  4.23E+01  4.10E-13  1.10E-06  3.04E-04  1.00E-02
5.725E+06  3.86E+01  3.38E-13  1.22E-06  2.96E-04  1.00E-02
5.775E+06  3.52E+01  2.84E-13  1.33E-06  2.87E-04  1.00E-02
5.825E+06  3.21E+01  2.44E-13  1.45E-06  2.79E-04  1.00E-02
5.875E+06  2.93E+01  2.18E-13  1.56E-06  2.70E-04  1.00E-02
5.925E+06  2.67E+01  2.04E-13  1.67E-06  2.61E-04  1.00E-02
5.975E+06  2.44E+01  2.10E-13  1.77E-06  2.51E-04  1.00E-02
6.025E+06  2.23E+01  2.47E-13  1.85E-06  2.42E-04  1.00E-02
6.075E+06  2.03E+01  3.47E-13  1.91E-06  2.33E-04  1.00E-02
6.125E+06  1.85E+01  5.58E-13  1.95E-06  2.23E-04  1.00E-02
6.175E+06  1.69E+01  9.35E-13  1.96E-06  2.14E-04  1.00E-02
6.225E+06  1.54E+01  1.50E-12  1.95E-06  2.04E-04  1.00E-02
6.275E+06  1.41E+01  2.21E-12  1.91E-06  1.95E-04  1.00E-02
6.325E+06  1.28E+01  2.99E-12  1.86E-06  1.86E-04  1.00E-02
6.375E+06  1.17E+01  3.77E-12  1.80E-06  1.78E-04  1.00E-02
6.425E+06  1.07E+01  4.49E-12  1.73E-06  1.69E-04  1.00E-02
6.475E+06  9.75E+00  5.10E-12  1.65E-06  1.61E-04  1.00E-02
6.525E+06  8.89E+00  5.59E-12  1.58E-06  1.54E-04  1.00E-02
6.575E+06  8.11E+00  5.94E-12  1.50E-06  1.46E-04  1.00E-02
6.625E+06  7.40E+00  6.17E-12  1.42E-06  1.39E-04  1.00E-02
6.675E+06  6.76E+00  6.28E-12  1.35E-06  1.33E-04  1.00E-02
6.725E+06  6.16E+00  6.30E-12  1.28E-06  1.27E-04  1.00E-02
6.775E+06  5.62E+00  6.24E-12  1.21E-06  1.21E-04  1.00E-02
6.825E+06  5.13E+00  6.12E-12  1.15E-06  1.16E-04  1.00E-02
6.875E+06  4.68E+00  5.98E-12  1.08E-06  1.10E-04  1.00E-02
6.925E+06  4.27E+00  5.81E-12  1.02E-06  1.05E-04  1.00E-02
6.975E+06  3.90E+00  5.62E-12  9.60E-07  1.00E-04  1.00E-02
7.025E+06  3.56E+00  5.41E-12  9.01E-07  9.50E-05  1.00E-02
7.075E+06  3.25E+00  5.19E-12  8.44E-07  9.01E-05  1.00E-02
7.125E+06  2.96E+00  4.96E-12  7.90E-07  8.54E-05  1.00E-02
7.175E+06  2.70E+00  4.73E-12  7.38E-07  8.08E-05  1.00E-02
7.225E+06  2.47E+00  4.49E-12  6.88E-07  7.64E-05  1.00E-02
7.275E+06  2.25E+00  4.25E-12  6.41E-07  7.22E-05  1.00E-02
7.325E+06  2.05E+00  4.02E-12  5.97E-07  6.82E-05  1.00E-02
7.375E+06  1.88E+00  3.78E-12  5.55E-07  6.43E-05  1.00E-02
7.425E+06  1.71E+00  3.55E-12  5.15E-07  6.06E-05  1.00E-02
7.475E+06  1.56E+00  3.33E-12  4.78E-07  5.71E-05  1.00E-02
7.525E+06  1.43E+00  3.11E-12  4.44E-07  5.37E-05  1.00E-02
7.575E+06  1.30E+00  2.91E-12  4.11E-07  5.06E-05  1.00E-02
7.625E+06  1.19E+00  2.71E-12  3.81E-07  4.76E-05  1.00E-02
7.675E+06  1.08E+00  2.51E-12  3.53E-07  4.47E-05  1.00E-02
7.725E+06  9.89E-01  2.33E-12  3.27E-07  4.20E-05  1.00E-02
7.775E+06  9.03E-01  2.16E-12  3.02E-07  3.95E-05  1.00E-02
7.825E+06  8.24E-01  1.99E-12  2.80E-07  3.70E-05  1.00E-02
7.875E+06  7.52E-01  1.84E-12  2.59E-07  3.48E-05  1.00E-02
7.925E+06  6.86E-01  1.69E-12  2.39E-07  3.26E-05  1.00E-02
7.975E+06  6.27E-01  1.56E-12  2.21E-07  3.06E-05  1.00E-02
8.025E+06  5.72E-01  1.43E-12  2.04E-07  2.87E-05  1.00E-02
8.075E+06  5.22E-01  1.31E-12  1.88E-07  2.69E-05  1.00E-02
8.125E+06  4.77E-01  1.20E-12  1.74E-07  2.52E-05  1.00E-02
8.175E+06  4.35E-01  1.09E-12  1.61E-07  2.37E-05  1.00E-02
8.225E+06  3.97E-01  9.95E-13  1.48E-07  2.22E-05  1.00E-02
8.275E+06  3.62E-01  9.05E-13  1.37E-07  2.08E-05  1.00E-02
8.325E+06  3.31E-01  8.21E-13  1.26E-07  1.95E-05  1.00E-02
8.375E+06  3.02E-01  7.44E-13  1.17E-07  1.82E-05  1.00E-02
8.425E+06  2.76E-01  6.73E-13  1.08E-07  1.71E-05  1.00E-02
8.475E+06  2.52E-01  6.08E-13  9.92E-08  1.60E-05  1.00E-02
8.525E+06  2.30E-01  5.48E-13  9.15E-08  1.50E-05  1.00E-02
8.575E+06  2.10E-01  4.93E-13  8.44E-08  1.40E-05  1.00E-02
8.625E+06  1.92E-01  4.42E-13  7.79E-08  1.31E-05  1.00E-02
8.675E+06  1.75E-01  3.96E-13  7.18E-08  1.23E-05  1.00E-02
8.725E+06  1.60E-01  3.54E-13  6.63E-08  1.15E-05  1.00E-02
8.775E+06  1.46E-01  3.16E-13  6.11E-08  1.08E-05  1.00E-02
8.825E+06  1.33E-01  2.82E-13  5.64E-08  1.01E-05  1.00E-02
8.875E+06  1.21E-01  2.50E-13  5.20E-08  9.47E-06  1.00E-02
8.925E+06  1.11E-01  2.22E-13  4.80E-08  8.87E-06  1.00E-02
8.975E+06  1.01E-01  1.96E-13  4.42E-08  8.31E-06  1.00E-02
9.025E+06  9.25E-02  1.73E-13  4.08E-08  7.78E-06  1.00E-02
9.075E+06  8.44E-02  1.53E-13  3.77E-08  7.30E-06  1.00E-02
9.125E+06  7.71E-02  1.34E-13  3.48E-08  6.84E-06  1.00E-02
9.175E+06  7.04E-02  1.18E-13  3.21E-08  6.41E-06  1.00E-02
9.225E+06  6.43E-02  1.03E-13  2.97E-08  6.02E-06  1.00E-02
9.275E+06  5.87E-02  9.03E-14  2.74E-08  5.65E-06  1.00E-02
9.325E+06  5.36E-02  7.88E-14  2.54E-08  5.31E-06  1.00E-02
9.375E+06  4.89E-02  6.86E-14  2.35E-08  4.99E-06  1.00E-02
9.425E+06  4.47E-02  5.97E-14  2.18E-08  4.70E-06  1.00E-02
9.475E+06  4.08E-02  5.18E-14  2.02E-08  4.43E-06  1.00E-02
9.525E+06  3.72E-02  4.49E-14  1.88E-08  4.19E-06  1.00E-02
9.575E+06  3.40E-02  3.89E-14  1.75E-08  3.96E-06  1.00E-02
9.625E+06  3.11E-02  3.36E-14  1.64E-08  3.76E-06  1.00E-02
9.675E+06  2.84E-02  2.91E-14  1.54E-08  3.59E-06  1.00E-02
9.725E+06  2.59E-02  2.51E-14  1.45E-08  3.43E-06  1.00E-02
9.775E+06  2.37E-02  2.17E-14  1.38E-08  3.30E-06  1.00E-02
9.825E+06  2.16E-02  1.87E-14  1.32E-08  3.19E-06  1.00E-02
9.875E+06  1.97E-02  1.62E-14  1.27E-08  3.11E-06  1.00E-02
9.925E+06  1.80E-02  1.40E-14  1.24E-08  3.05E-06  1.00E-02
9.975E+06  1.65E-02  1.22E-14  1.23E-08  3.02E-06  1.00E-02
