 TGO        SEFF         PALB    FH2O              FTIR(1)         FTSO(1)
 220.0     0.48933     0.29011 2.82920E-06         118.106         241.362
 220.0     0.48933     0.29011 2.82920E-06         118.106         241.362
 240.0     0.60359     0.26334 4.49397E-06         151.178         250.465
 260.0     0.70795     0.22216 5.76409E-06         187.227         264.465
 280.0     0.80029     0.17636 8.66874E-06         224.109         280.037
 300.0     0.82522     0.11595 1.95222E-05         248.042         300.578
 320.0     0.82886     0.06503 9.81710E-05         263.488         317.891
 340.0     0.85434     0.04291 1.60563E-03         278.013         325.411
 360.0     0.86168     0.02958 1.14622E-01         284.304         329.942
 380.0     0.86444     0.02105 3.52613E-01         287.725         332.844
 400.0     0.86629     0.01654 5.59963E-01         289.666         334.375
 420.0     0.86775     0.01425 7.09016E-01         290.831         335.154
 440.0     0.86937     0.01358 8.08709E-01         291.571         335.382
 460.0     0.87105     0.01373 8.70364E-01         292.092         335.333
 480.0     0.87244     0.01406 9.10454E-01         292.457         335.219
 500.0     0.87356     0.01440 9.34393E-01         292.732         335.102
 520.0     0.87452     0.01470 9.50253E-01         292.965         335.001
 540.0     0.87532     0.01496 9.63247E-01         293.157         334.914
 580.0     0.87653     0.01525 9.74208E-01         293.477         334.815
 620.0     0.87753     0.01538 9.83103E-01         293.774         334.772
 800.0     0.87851     0.01558 9.79759E-01         294.038         334.702
1000.0     0.87980     0.01726 9.76571E-01         293.966         334.130
1200.0     0.88228     0.01884 9.53019E-01         294.324         333.596
1400.0     2.93971     0.01986 9.84812E-01         979.648         333.246
1600.0     2.98899     0.02045 9.83874E-01         995.472         333.046
