 TGO        SEFF         PALB    FH2O              FTIR(1)         FTSO(1)
 220.0     0.48757     0.28755 2.82920E-06         118.106         242.232
 220.0     0.48757     0.28755 2.82920E-06         118.106         242.232
 240.0     0.60089     0.26003 4.49397E-06         151.178         251.589
 260.0     0.70414     0.21795 5.76409E-06         187.227         265.896
 280.0     0.79552     0.17143 8.66874E-06         224.109         281.715
 300.0     0.81928     0.10954 1.95222E-05         248.042         302.757
 320.0     0.82277     0.05811 9.81710E-05         263.488         320.244
 340.0     0.84865     0.03649 1.60563E-03         278.013         327.594
 360.0     0.85639     0.02359 1.14622E-01         284.304         331.978
 380.0     0.85951     0.01543 3.52613E-01         287.725         334.753
 400.0     0.86156     0.01114 5.59963E-01         289.666         336.213
 420.0     0.86301     0.00883 7.09016E-01         290.831         336.997
 440.0     0.86451     0.00804 8.08709E-01         291.571         337.268
 460.0     0.86601     0.00798 8.70364E-01         292.092         337.285
 480.0     0.86720     0.00811 9.10454E-01         292.457         337.242
 500.0     0.86815     0.00826 9.34393E-01         292.732         337.190
 520.0     0.86897     0.00841 9.50253E-01         292.965         337.142
 540.0     0.86965     0.00854 9.63247E-01         293.157         337.097
 580.0     0.87073     0.00869 9.74208E-01         293.477         337.046
 620.0     0.87167     0.00875 9.83103E-01         293.774         337.025
 800.0     0.87257     0.00889 9.79759E-01         294.038         336.979
1000.0     0.87341     0.01009 9.76571E-01         293.966         336.571
1200.0     0.87545     0.01119 9.53019E-01         294.324         336.196
1400.0     2.91617     0.01195 9.84812E-01         979.648         335.937
1600.0     2.96461     0.01240 9.83874E-01         995.472         335.785
