 TGO        SEFF         PALB    FH2O              FTIR(1)         FTSO(1)
 220.0     0.53587     0.35176 2.82920E-06         118.106         220.402
 220.0     0.53587     0.35176 2.82920E-06         118.106         220.402
 240.0     0.67452     0.34080 4.49397E-06         151.178         224.128
 260.0     0.81184     0.32170 5.76409E-06         187.227         230.622
 280.0     0.93643     0.29611 8.66874E-06         224.109         239.324
 300.0     0.98743     0.26118 1.95222E-05         248.042         251.198
 320.0     1.00025     0.22523 9.81710E-05         263.488         263.423
 340.0     1.02498     0.20225 1.60563E-03         278.013         271.237
 360.0     1.02892     0.18731 1.14622E-01         284.304         276.313
 380.0     1.03154     0.17963 3.52613E-01         287.725         278.927
 400.0     1.03914     0.18013 5.59963E-01         289.666         278.754
 420.0     1.05185     0.18678 7.09016E-01         290.831         276.494
 440.0     1.06688     0.19620 8.08709E-01         291.571         273.293
 460.0     1.08249     0.20638 8.70364E-01         292.092         269.832
 480.0     1.09669     0.21567 9.10454E-01         292.457         266.673
 500.0     1.10857     0.22335 9.34393E-01         292.732         264.062
 520.0     1.11799     0.22927 9.50253E-01         292.965         262.047
 540.0     1.12534     0.23381 9.63247E-01         293.157         260.504
 580.0     1.13425     0.23899 9.74208E-01         293.477         258.742
 620.0     1.13902     0.24142 9.83103E-01         293.774         257.917
 800.0     1.14242     0.24300 9.79759E-01         294.038         257.381
1000.0     1.15018     0.24829 9.76571E-01         293.966         255.583
1200.0     1.16223     0.25517 9.53019E-01         294.324         253.241
1400.0     3.89816     0.26085 9.84812E-01         979.648         251.310
1600.0     3.98149     0.26463 9.83874E-01         995.472         250.025
