 TGO        SEFF         PALB    FH2O              FTIR(1)         FTSO(1)
 220.0     0.56375     0.38382 2.82920E-06         118.106         209.500
 220.0     0.56375     0.38382 2.82920E-06         118.106         209.500
 240.0     0.71331     0.37665 4.49397E-06         151.178         211.939
 260.0     0.86512     0.36348 5.76409E-06         187.227         216.417
 280.0     1.00583     0.34467 8.66874E-06         224.109         222.811
 300.0     1.07058     0.31856 1.95222E-05         248.042         231.690
 320.0     1.09275     0.29081 9.81710E-05         263.488         241.124
 340.0     1.12436     0.27275 1.60563E-03         278.013         247.264
 360.0     1.13406     0.26266 1.14622E-01         284.304         250.697
 380.0     1.14483     0.26081 3.52613E-01         287.725         251.326
 400.0     1.16404     0.26810 5.59963E-01         289.666         248.845
 420.0     1.19130     0.28197 7.09016E-01         290.831         244.129
 440.0     1.22189     0.29817 8.08709E-01         291.571         238.623
 460.0     1.25263     0.31417 8.70364E-01         292.092         233.183
 480.0     1.28025     0.32813 9.10454E-01         292.457         228.438
 500.0     1.30322     0.33935 9.34393E-01         292.732         224.621
 520.0     1.32130     0.34787 9.50253E-01         292.965         221.724
 540.0     1.33532     0.35429 9.63247E-01         293.157         219.541
 580.0     1.35226     0.36169 9.74208E-01         293.477         217.027
 620.0     1.36113     0.36520 9.83103E-01         293.774         215.831
 800.0     1.36694     0.36733 9.79759E-01         294.038         215.107
1000.0     1.37747     0.37232 9.76571E-01         293.966         213.410
1200.0     1.39473     0.37933 9.53019E-01         294.324         211.027
1400.0     4.68938     0.38557 9.84812E-01         979.648         208.908
1600.0     4.79852     0.38984 9.83874E-01         995.472         207.454
