 TGO        SEFF         PALB    FH2O              FTIR(1)         FTSO(1)
 220.0     0.48614     0.28545 2.82920E-06         118.106         242.948
 220.0     0.48614     0.28545 2.82920E-06         118.106         242.948
 240.0     0.59876     0.25740 4.49397E-06         151.178         252.485
 260.0     0.70124     0.21473 5.76409E-06         187.227         266.993
 280.0     0.79205     0.16780 8.66874E-06         224.109         282.947
 300.0     0.81450     0.10431 1.95222E-05         248.042         304.534
 320.0     0.81757     0.05211 9.81710E-05         263.488         322.282
 340.0     0.84385     0.03101 1.60563E-03         278.013         329.458
 360.0     0.85210     0.01868 1.14622E-01         284.304         333.649
 380.0     0.85570     0.01105 3.52613E-01         287.725         336.244
 400.0     0.85810     0.00715 5.59963E-01         289.666         337.568
 420.0     0.85969     0.00501 7.09016E-01         290.831         338.296
 440.0     0.86122     0.00425 8.08709E-01         291.571         338.555
 460.0     0.86266     0.00414 8.70364E-01         292.092         338.594
 480.0     0.86376     0.00416 9.10454E-01         292.457         338.584
 500.0     0.86462     0.00422 9.34393E-01         292.732         338.566
 520.0     0.86536     0.00427 9.50253E-01         292.965         338.548
 540.0     0.86597     0.00433 9.63247E-01         293.157         338.529
 580.0     0.86697     0.00439 9.74208E-01         293.477         338.508
 620.0     0.86787     0.00442 9.83103E-01         293.774         338.499
 800.0     0.86872     0.00449 9.79759E-01         294.038         338.475
1000.0     0.86907     0.00514 9.76571E-01         293.966         338.254
1200.0     0.87067     0.00576 9.53019E-01         294.324         338.043
1400.0     2.89954     0.00629 9.84812E-01         979.648         337.863
1600.0     2.94738     0.00662 9.83874E-01         995.472         337.748
