 TGO        SEFF         PALB    FH2O              FTIR(1)         FTSO(1)
 220.0     0.53578     0.35165 2.82920E-06         118.106         220.439
 220.0     0.53578     0.35165 2.82920E-06         118.106         220.439
 240.0     0.67438     0.34066 4.49397E-06         151.178         224.173
 260.0     0.81160     0.32150 5.76409E-06         187.227         230.688
 280.0     0.93604     0.29581 8.66874E-06         224.109         239.422
 300.0     0.98697     0.26083 1.95222E-05         248.042         251.317
 320.0     1.00063     0.22552 9.81710E-05         263.488         263.323
 340.0     1.02635     0.20331 1.60563E-03         278.013         270.874
 360.0     1.03125     0.18914 1.14622E-01         284.304         275.690
 380.0     1.03483     0.18223 3.52613E-01         287.725         278.042
 400.0     1.04334     0.18343 5.59963E-01         289.666         277.634
 420.0     1.05683     0.19061 7.09016E-01         290.831         275.191
 440.0     1.07255     0.20044 8.08709E-01         291.571         271.850
 460.0     1.08869     0.21089 8.70364E-01         292.092         268.296
 480.0     1.10327     0.22034 9.10454E-01         292.457         265.082
 500.0     1.11542     0.22811 9.34393E-01         292.732         262.442
 520.0     1.12502     0.23409 9.50253E-01         292.965         260.409
 540.0     1.13250     0.23865 9.63247E-01         293.157         258.857
 580.0     1.14159     0.24389 9.74208E-01         293.477         257.078
 620.0     1.14647     0.24634 9.83103E-01         293.774         256.242
 800.0     1.14993     0.24793 9.79759E-01         294.038         255.701
1000.0     1.15749     0.25303 9.76571E-01         293.966         253.968
1200.0     1.16926     0.25965 9.53019E-01         294.324         251.718
1400.0     3.92077     0.26511 9.84812E-01         979.648         249.861
1600.0     4.00389     0.26874 9.83874E-01         995.472         248.627
