 TGO        SEFF         PALB    FH2O              FTIR(1)         FTSO(1)
 220.0     0.49375     0.29647 2.82920E-06         118.106         239.200
 220.0     0.49375     0.29647 2.82920E-06         118.106         239.200
 240.0     0.61073     0.27196 4.49397E-06         151.178         247.535
 260.0     0.71861     0.23371 5.76409E-06         187.227         260.539
 280.0     0.81397     0.19020 8.66874E-06         224.109         275.330
 300.0     0.84157     0.13313 1.95222E-05         248.042         294.736
 320.0     0.84527     0.08318 9.81710E-05         263.488         311.720
 340.0     0.86948     0.05957 1.60563E-03         278.013         319.746
 360.0     0.87549     0.04489 1.14622E-01         284.304         324.737
 380.0     0.87715     0.03523 3.52613E-01         287.725         328.021
 400.0     0.87840     0.03010 5.59963E-01         289.666         329.765
 420.0     0.87984     0.02780 7.09016E-01         290.831         330.549
 440.0     0.88171     0.02739 8.08709E-01         291.571         330.688
 460.0     0.88383     0.02799 8.70364E-01         292.092         330.484
 480.0     0.88571     0.02884 9.10454E-01         292.457         330.194
 500.0     0.88729     0.02966 9.34393E-01         292.732         329.915
 520.0     0.88863     0.03035 9.50253E-01         292.965         329.680
 540.0     0.88974     0.03093 9.63247E-01         293.157         329.485
 580.0     0.89131     0.03157 9.74208E-01         293.477         329.266
 620.0     0.89247     0.03185 9.83103E-01         293.774         329.171
 800.0     0.89361     0.03221 9.79759E-01         294.038         329.047
1000.0     0.89603     0.03507 9.76571E-01         293.966         328.076
1200.0     0.89972     0.03786 9.53019E-01         294.324         327.128
1400.0     3.00021     0.03963 9.84812E-01         979.648         326.527
1600.0     3.05188     0.04064 9.83874E-01         995.472         326.183
