 TGO        SEFF         PALB    FH2O              FTIR(1)         FTSO(1)
 220.0     0.49175     0.29360 2.82920E-06         118.106         240.176
 220.0     0.49175     0.29360 2.82920E-06         118.106         240.176
 240.0     0.60751     0.26809 4.49397E-06         151.178         248.850
 260.0     0.71377     0.22851 5.76409E-06         187.227         262.307
 280.0     0.80767     0.18389 8.66874E-06         224.109         277.477
 300.0     0.83407     0.12533 1.95222E-05         248.042         297.387
 320.0     0.83774     0.07494 9.81710E-05         263.488         314.522
 340.0     0.86243     0.05188 1.60563E-03         278.013         322.362
 360.0     0.86893     0.03769 1.14622E-01         284.304         327.187
 380.0     0.87101     0.02843 3.52613E-01         287.725         330.335
 400.0     0.87244     0.02348 5.59963E-01         289.666         332.018
 420.0     0.87381     0.02108 7.09016E-01         290.831         332.832
 440.0     0.87549     0.02047 8.08709E-01         291.571         333.039
 460.0     0.87735     0.02080 8.70364E-01         292.092         332.926
 480.0     0.87895     0.02137 9.10454E-01         292.457         332.733
 500.0     0.88029     0.02194 9.34393E-01         292.732         332.541
 520.0     0.88143     0.02242 9.50253E-01         292.965         332.376
 540.0     0.88237     0.02283 9.63247E-01         293.157         332.237
 580.0     0.88375     0.02329 9.74208E-01         293.477         332.080
 620.0     0.88483     0.02349 9.83103E-01         293.774         332.013
 800.0     0.88589     0.02379 9.79759E-01         294.038         331.913
1000.0     0.88785     0.02618 9.76571E-01         293.966         331.100
1200.0     0.89101     0.02845 9.53019E-01         294.324         330.326
1400.0     2.97007     0.02988 9.84812E-01         979.648         329.840
1600.0     3.02057     0.03069 9.83874E-01         995.472         329.565
