 TGO        SEFF         PALB    FH2O              FTIR(1)         FTSO(1)
 220.0     0.48957     0.29045 2.82920E-06         118.106         241.246
 220.0     0.48957     0.29045 2.82920E-06         118.106         241.246
 240.0     0.60401     0.26385 4.49397E-06         151.178         250.291
 260.0     0.70861     0.22289 5.76409E-06         187.227         264.217
 280.0     0.80109     0.17719 8.66874E-06         224.109         279.756
 300.0     0.82618     0.11698 1.95222E-05         248.042         300.227
 320.0     0.82989     0.06619 9.81710E-05         263.488         317.497
 340.0     0.85525     0.04393 1.60563E-03         278.013         325.065
 360.0     0.86242     0.03042 1.14622E-01         284.304         329.659
 380.0     0.86505     0.02173 3.52613E-01         287.725         332.612
 400.0     0.86680     0.01712 5.59963E-01         289.666         334.180
 420.0     0.86821     0.01477 7.09016E-01         290.831         334.979
 440.0     0.86980     0.01407 8.08709E-01         291.571         335.217
 460.0     0.87147     0.01420 8.70364E-01         292.092         335.171
 480.0     0.87286     0.01454 9.10454E-01         292.457         335.055
 500.0     0.87399     0.01489 9.34393E-01         292.732         334.936
 520.0     0.87496     0.01520 9.50253E-01         292.965         334.832
 540.0     0.87577     0.01547 9.63247E-01         293.157         334.742
 580.0     0.87699     0.01577 9.74208E-01         293.477         334.639
 620.0     0.87800     0.01590 9.83103E-01         293.774         334.595
 800.0     0.87898     0.01611 9.79759E-01         294.038         334.522
1000.0     0.88037     0.01790 9.76571E-01         293.966         333.914
1200.0     0.88294     0.01957 9.53019E-01         294.324         333.347
1400.0     2.94205     0.02064 9.84812E-01         979.648         332.981
1600.0     2.99144     0.02125 9.83874E-01         995.472         332.773
