 TGO        SEFF         PALB    FH2O              FTIR(1)         FTSO(1)
 220.0     0.49011     0.29124 2.82920E-06         118.106         240.978
 220.0     0.49011     0.29124 2.82920E-06         118.106         240.978
 240.0     0.60501     0.26507 4.49397E-06         151.178         249.875
 260.0     0.71030     0.22474 5.76409E-06         187.227         263.590
 280.0     0.80342     0.17958 8.66874E-06         224.109         278.943
 300.0     0.82889     0.11987 1.95222E-05         248.042         299.245
 320.0     0.83238     0.06897 9.81710E-05         263.488         316.549
 340.0     0.85734     0.04626 1.60563E-03         278.013         324.272
 360.0     0.86425     0.03247 1.14622E-01         284.304         328.959
 380.0     0.86663     0.02352 3.52613E-01         287.725         332.004
 400.0     0.86817     0.01867 5.59963E-01         289.666         333.652
 420.0     0.86946     0.01618 7.09016E-01         290.831         334.498
 440.0     0.87096     0.01538 8.08709E-01         291.571         334.769
 460.0     0.87260     0.01548 8.70364E-01         292.092         334.738
 480.0     0.87399     0.01582 9.10454E-01         292.457         334.623
 500.0     0.87513     0.01618 9.34393E-01         292.732         334.499
 520.0     0.87612     0.01650 9.50253E-01         292.965         334.389
 540.0     0.87695     0.01679 9.63247E-01         293.157         334.292
 580.0     0.87819     0.01711 9.74208E-01         293.477         334.183
 620.0     0.87920     0.01725 9.83103E-01         293.774         334.137
 800.0     0.88021     0.01749 9.79759E-01         294.038         334.054
1000.0     0.88193     0.01964 9.76571E-01         293.966         333.323
1200.0     0.88479     0.02163 9.53019E-01         294.324         332.647
1400.0     2.94869     0.02285 9.84812E-01         979.648         332.232
1600.0     2.99839     0.02352 9.83874E-01         995.472         332.002
