
    OUTPUT FILES FOR THE Sun  

 Solar Constant= 1.000   F_CH4= 1.6768E-06  F_CO2= 3.3000E-04  F_O2= 2.0714E-01  F_N2= 7.6937E-01  F_H2= 9.8637E-61  F_AR= 9.8637E-03  IO3 =  1   IUP=  1
 ICONSERV= 0  FAC= 4.0  ND=101  SRFALB= 0.320  G= 980.0  IMW= 2

 FNO2 = 1.000E-60

 NST=     1 JCONV= 71 CHG=1.41E-01 dt0=2.50E+03 DIVF(1)=-1.00E+00 DIVFrms= 1.20E-01 DT(ND)=-2.88E+01 T(ND)=2.5920E+02

 TIME= 5.000E+03  TIME IN DAYS = 5.787E-02

 PLANETARY ALBEDO:  ALBP = 0.2794

  J     P         ALT         T        CONVEC       DT          TOLD        FH20       FSAVE        FO3        TCOOL       THEAT
  1 1.0765E-04 ********** **********  0.00E+00  -1.2406E+15  2.0000E+02  4.0000E-06  4.0000E-06  9.0000E-07 -2.1438E+16  7.2991E+00
  2 1.2468E-04 ********** **********  0.00E+00   0.0000E+00  2.0000E+02  4.0000E-06  4.0000E-06  9.0000E-07 -0.0000E+00  3.6199E+00
  3 1.4424E-04 5.2966E+01 2.0000E+02  0.00E+00   0.0000E+00  2.0000E+02  4.0000E-06  4.0000E-06  9.0000E-07 -0.0000E+00  2.0826E+00
  4 1.6668E-04 5.2109E+01 2.0000E+02  0.00E+00   0.0000E+00  2.0000E+02  4.0000E-06  4.0000E-06  9.0000E-07 -0.0000E+00  1.3310E+00
  5 1.9241E-04 5.1260E+01 2.0000E+02  0.00E+00   0.0000E+00  2.0000E+02  4.0000E-06  4.0000E-06  9.0000E-07 -0.0000E+00  9.7624E-01
  6 2.2185E-04 5.0417E+01 2.0000E+02  0.00E+00   0.0000E+00  2.0000E+02  4.0000E-06  4.0000E-06  9.0000E-07 -0.0000E+00  8.2133E-01
  7 2.5552E-04 4.9581E+01 2.0000E+02  0.00E+00   0.0000E+00  2.0000E+02  4.0000E-06  4.0000E-06  9.0000E-07 -0.0000E+00  7.6172E-01
  8 2.9397E-04 4.8752E+01 2.0000E+02  0.00E+00   0.0000E+00  2.0000E+02  4.0000E-06  4.0000E-06  9.0000E-07 -0.0000E+00  7.4357E-01
  9 3.3782E-04 4.7929E+01 2.0000E+02  0.00E+00   0.0000E+00  2.0000E+02  4.0000E-06  4.0000E-06  9.6311E-07 -0.0000E+00  7.4101E-01
 10 3.8779E-04 4.7114E+01 2.0000E+02  0.00E+00   0.0000E+00  2.0000E+02  4.0000E-06  4.0000E-06  1.0949E-06 -0.0000E+00  7.4282E-01
 11 4.4465E-04 4.6305E+01 2.0000E+02  0.00E+00   0.0000E+00  2.0000E+02  4.0000E-06  4.0000E-06  1.2256E-06 -0.0000E+00  7.4458E-01
 12 5.0928E-04 4.5503E+01 2.0000E+02  0.00E+00   0.0000E+00  2.0000E+02  4.0000E-06  4.0000E-06  1.3553E-06 -0.0000E+00  7.4466E-01
 13 5.8266E-04 4.4707E+01 2.0000E+02  0.00E+00   0.0000E+00  2.0000E+02  4.0000E-06  4.0000E-06  1.4839E-06 -0.0000E+00  7.4240E-01
 14 6.6587E-04 4.3919E+01 2.0000E+02  0.00E+00   0.0000E+00  2.0000E+02  4.0000E-06  4.0000E-06  1.6115E-06 -0.0000E+00  7.3751E-01
 15 7.6011E-04 4.3137E+01 2.0000E+02  0.00E+00   0.0000E+00  2.0000E+02  4.0000E-06  4.0000E-06  1.7379E-06 -0.0000E+00  7.2985E-01
 16 8.6673E-04 4.2362E+01 2.0000E+02  0.00E+00   0.0000E+00  2.0000E+02  4.0000E-06  4.0000E-06  1.8633E-06 -0.0000E+00  7.1937E-01
 17 9.8719E-04 4.1594E+01 2.0000E+02  0.00E+00   0.0000E+00  2.0000E+02  4.0000E-06  4.0000E-06  1.9877E-06 -0.0000E+00  7.0607E-01
 18 1.1232E-03 4.0833E+01 2.0000E+02  0.00E+00   0.0000E+00  2.0000E+02  4.0000E-06  4.0000E-06  2.3026E-06 -0.0000E+00  6.9904E-01
 19 1.2764E-03 4.0078E+01 2.0000E+02  0.00E+00   0.0000E+00  2.0000E+02  4.0000E-06  4.0000E-06  2.6360E-06 -0.0000E+00  6.8785E-01
 20 1.4490E-03 3.9330E+01 2.0000E+02  0.00E+00   0.0000E+00  2.0000E+02  4.0000E-06  4.0000E-06  2.9664E-06 -0.0000E+00  6.7273E-01
 21 1.6430E-03 3.8589E+01 2.0000E+02  0.00E+00   0.0000E+00  2.0000E+02  4.0000E-06  4.0000E-06  3.2939E-06 -0.0000E+00  6.5596E-01
 22 1.8610E-03 3.7855E+01 2.0000E+02  0.00E+00   0.0000E+00  2.0000E+02  4.0000E-06  4.0000E-06  3.6185E-06 -0.0000E+00  6.4020E-01
 23 2.1056E-03 3.7127E+01 2.0000E+02  0.00E+00   0.0000E+00  2.0000E+02  4.0000E-06  4.0000E-06  3.9402E-06 -0.0000E+00  6.2769E-01
 24 2.3796E-03 3.6406E+01 2.0000E+02  0.00E+00   0.0000E+00  2.0000E+02  4.0000E-06  4.0000E-06  4.2590E-06 -0.0000E+00  6.1964E-01
 25 2.6863E-03 3.5692E+01 2.0000E+02  0.00E+00   0.0000E+00  2.0000E+02  4.0000E-06  4.0000E-06  4.5749E-06 -0.0000E+00  6.1595E-01
 26 3.0292E-03 3.4984E+01 2.0000E+02  0.00E+00   0.0000E+00  2.0000E+02  4.0000E-06  4.0000E-06  4.8879E-06 -0.0000E+00  6.1535E-01
 27 3.4120E-03 3.4283E+01 2.0000E+02  0.00E+00   0.0000E+00  2.0000E+02  4.0000E-06  4.0000E-06  5.0660E-06 -0.0000E+00  6.1599E-01
 28 3.8389E-03 3.3589E+01 2.0000E+02  0.00E+00   0.0000E+00  2.0000E+02  4.0000E-06  4.0000E-06  5.1684E-06 -0.0000E+00  6.1613E-01
 29 4.3144E-03 3.2902E+01 2.0000E+02  0.00E+00   0.0000E+00  2.0000E+02  4.0000E-06  4.0000E-06  5.2698E-06 -0.0000E+00  6.1462E-01
 30 4.8435E-03 3.2221E+01 2.0000E+02  0.00E+00   0.0000E+00  2.0000E+02  4.0000E-06  4.0000E-06  5.3703E-06 -0.0000E+00  6.1093E-01
 31 5.4313E-03 3.1547E+01 2.0000E+02  0.00E+00   0.0000E+00  2.0000E+02  4.0000E-06  4.0000E-06  5.4698E-06 -0.0000E+00  6.0484E-01
 32 6.0837E-03 3.0880E+01 2.0000E+02  0.00E+00   0.0000E+00  2.0000E+02  4.0000E-06  4.0000E-06  5.5683E-06 -0.0000E+00  5.9609E-01
 33 6.8069E-03 3.0219E+01 2.0000E+02  0.00E+00   0.0000E+00  2.0000E+02  4.0000E-06  4.0000E-06  5.6659E-06 -0.0000E+00  5.8409E-01
 34 7.6076E-03 2.9566E+01 2.0000E+02  0.00E+00   0.0000E+00  2.0000E+02  4.0000E-06  4.0000E-06  5.7625E-06 -0.0000E+00  5.6798E-01
 35 8.4930E-03 2.8918E+01 2.0000E+02  0.00E+00   0.0000E+00  2.0000E+02  4.0000E-06  4.0000E-06  5.8581E-06 -0.0000E+00  5.4686E-01
 36 9.4708E-03 2.8278E+01 2.0000E+02  0.00E+00   0.0000E+00  2.0000E+02  4.0000E-06  4.0000E-06  5.9528E-06 -0.0000E+00  5.2020E-01
 37 1.0550E-02 2.7644E+01 2.0000E+02  0.00E+00   0.0000E+00  2.0000E+02  4.0000E-06  4.0000E-06  5.8745E-06 -0.0000E+00  4.8760E-01
 38 1.1738E-02 2.7017E+01 2.0000E+02  0.00E+00   0.0000E+00  2.0000E+02  4.0000E-06  4.0000E-06  5.6242E-06 -0.0000E+00  4.5067E-01
 39 1.3046E-02 2.6396E+01 2.0000E+02  0.00E+00   0.0000E+00  2.0000E+02  4.0000E-06  4.0000E-06  5.3764E-06 -0.0000E+00  4.1264E-01
 40 1.4483E-02 2.5782E+01 2.0008E+02  0.00E+00   0.0000E+00  2.0000E+02  4.0000E-06  4.0000E-06  5.1313E-06 -0.0000E+00  3.7636E-01
 41 1.6061E-02 2.5175E+01 2.0015E+02  0.00E+00   3.0288E-01  2.0000E+02  4.0000E-06  4.0000E-06  4.8888E-06 -0.0000E+00  3.4458E-01
 42 1.7791E-02 2.4574E+01 2.0008E+02  0.00E+00   0.0000E+00  2.0000E+02  4.0000E-06  4.0000E-06  4.6489E-06 -0.0000E+00  3.1922E-01
 43 1.9686E-02 2.3980E+01 2.0000E+02  0.00E+00   0.0000E+00  2.0000E+02  4.0000E-06  4.0000E-06  4.4116E-06 -0.0000E+00  3.0111E-01
 44 2.1757E-02 2.3392E+01 2.0000E+02  0.00E+00   0.0000E+00  2.0000E+02  4.0000E-06  4.0000E-06  4.1769E-06 -0.0000E+00  2.8983E-01
 45 2.4021E-02 2.2812E+01 2.0000E+02  0.00E+00   0.0000E+00  2.0000E+02  4.0000E-06  4.0000E-06  3.9448E-06 -0.0000E+00  2.8401E-01
 46 2.6490E-02 2.2238E+01 2.0000E+02  0.00E+00   0.0000E+00  2.0000E+02  4.0000E-06  4.0000E-06  3.7154E-06 -0.0000E+00  2.8175E-01
 47 2.9180E-02 2.1670E+01 2.0000E+02  0.00E+00   0.0000E+00  2.0000E+02  4.0000E-06  4.0000E-06  3.4885E-06 -0.0000E+00  2.8117E-01
 48 3.2108E-02 2.1110E+01 2.0000E+02  0.00E+00   0.0000E+00  2.0000E+02  4.0000E-06  4.0000E-06  3.2630E-06 -0.0000E+00  2.8077E-01
 49 3.5290E-02 2.0556E+01 2.0000E+02  0.00E+00   0.0000E+00  2.0000E+02  4.0000E-06  4.0000E-06  3.0332E-06 -0.0000E+00  2.7964E-01
 50 3.8744E-02 2.0008E+01 2.0000E+02  0.00E+00   0.0000E+00  2.0000E+02  4.0000E-06  4.0000E-06  2.8061E-06 -0.0000E+00  2.7728E-01
 51 4.2489E-02 1.9467E+01 2.0003E+02  0.00E+00   0.0000E+00  2.0000E+02  4.0000E-06  4.0000E-06  2.5816E-06 -0.0000E+00  2.7346E-01
 52 4.6544E-02 1.8933E+01 2.0006E+02  0.00E+00   1.1889E-01  2.0000E+02  4.0000E-06  4.0000E-06  2.3599E-06 -0.0000E+00  2.6808E-01
 53 5.0930E-02 1.8405E+01 2.0003E+02  0.00E+00   0.0000E+00  2.0000E+02  4.0000E-06  4.0000E-06  2.1410E-06 -0.0000E+00  2.6112E-01
 54 5.5666E-02 1.7884E+01 2.0000E+02  0.00E+00   0.0000E+00  2.0000E+02  4.0000E-06  4.0000E-06  1.9247E-06 -0.0000E+00  2.5258E-01
 55 6.0776E-02 1.7370E+01 2.0000E+02  0.00E+00   0.0000E+00  2.0000E+02  4.0000E-06  4.0000E-06  1.7111E-06 -0.0000E+00  2.4258E-01
 56 6.6280E-02 1.6862E+01 2.0000E+02  0.00E+00   0.0000E+00  2.0000E+02  4.0000E-06  4.0000E-06  1.5002E-06 -0.0000E+00  2.3133E-01
 57 7.2203E-02 1.6361E+01 2.0000E+02  0.00E+00   0.0000E+00  2.0000E+02  4.0000E-06  4.0000E-06  1.2921E-06 -0.0000E+00  2.1920E-01
 58 7.8567E-02 1.5866E+01 2.0002E+02  0.00E+00   0.0000E+00  2.0000E+02  4.0000E-06  4.0000E-06  1.0866E-06 -0.0000E+00  2.0665E-01
 59 8.5397E-02 1.5378E+01 2.0004E+02  0.00E+00   7.0987E-02  2.0000E+02  4.0000E-06  4.0000E-06  8.8391E-07 -0.0000E+00  1.9422E-01
 60 9.2718E-02 1.4897E+01 2.0002E+02  0.00E+00   0.0000E+00  2.0000E+02  4.0000E-06  4.0000E-06  6.8389E-07 -0.0000E+00  1.8241E-01
 61 1.0055E-01 1.4422E+01 2.0000E+02  0.00E+00   0.0000E+00  2.0000E+02  4.0000E-06  4.0000E-06  4.9794E-07 -0.0000E+00  1.7149E-01
 62 1.0893E-01 1.3954E+01 2.0000E+02  0.00E+00   0.0000E+00  2.0000E+02  4.0000E-06  4.0000E-06  4.6805E-07 -0.0000E+00  1.5956E-01
 63 1.1787E-01 1.3492E+01 2.0000E+02  0.00E+00   0.0000E+00  2.0000E+02  4.0000E-06  4.0000E-06  4.3858E-07 -0.0000E+00  1.4972E-01
 64 1.2741E-01 1.3037E+01 2.0001E+02  0.00E+00   0.0000E+00  2.0000E+02  4.0000E-06  4.0000E-06  4.0953E-07 -0.0000E+00  1.4181E-01
 65 1.3756E-01 1.2589E+01 2.0002E+02  0.00E+00   4.7981E-02  2.0000E+02  4.0000E-06  4.0000E-06  3.8089E-07 -0.0000E+00  1.3556E-01
 66 1.4836E-01 1.2147E+01 2.0001E+02  0.00E+00   0.0000E+00  2.0000E+02  4.0000E-06  4.0000E-06  3.5267E-07 -0.0000E+00  1.3069E-01
 67 1.5983E-01 1.1711E+01 2.0000E+02  0.00E+00   0.0000E+00  2.0000E+02  4.0000E-06  4.0000E-06  3.2486E-07 -0.0000E+00  1.2688E-01
 68 1.7199E-01 1.1283E+01 2.0000E+02  0.00E+00   0.0000E+00  2.0000E+02  4.0000E-06  4.0000E-06  2.9747E-07 -0.0000E+00  1.2385E-01
 69 1.8487E-01 1.0861E+01 2.0000E+02  0.00E+00   0.0000E+00  2.0000E+02  4.0000E-06  4.0000E-06  2.7050E-07 -0.0000E+00  1.2137E-01
 70 1.9849E-01 1.0451E+01 1.9378E+02  0.00E+00   0.0000E+00  2.0000E+02  4.0000E-06  4.0000E-06  2.4394E-07 -0.0000E+00  1.1924E-01
 71 2.1288E-01 1.0067E+01 1.8236E+02  1.00E+00  -2.8800E+01  2.0393E+02  4.0000E-06  4.0000E-06  2.1780E-07 -0.0000E+00  1.1795E-01
 72 2.2806E-01 9.7031E+00 1.7920E+02  1.00E+00  -2.8800E+01  2.0800E+02  4.0000E-06  4.0000E-06  1.9207E-07 -0.0000E+00  1.1853E-01
 73 2.4405E-01 9.3443E+00 1.8327E+02  1.00E+00  -2.8800E+01  2.1207E+02  4.0000E-06  6.9894E-06  1.6676E-07 -0.0000E+00  1.4089E-01
 74 2.6087E-01 8.9836E+00 1.8734E+02  1.00E+00  -2.8800E+01  2.1614E+02  4.0000E-06  1.2118E-05  1.4187E-07 -0.0000E+00  1.7834E-01
 75 2.7854E-01 8.6211E+00 1.9140E+02  1.00E+00  -2.8800E+01  2.2020E+02  4.0000E-06  2.0541E-05  1.1739E-07 -0.0000E+00  2.3142E-01
 76 2.9708E-01 8.2573E+00 1.9543E+02  1.00E+00  -2.8800E+01  2.2423E+02  4.0000E-06  3.4035E-05  9.3331E-08 -0.0000E+00  2.9938E-01
 77 3.1649E-01 7.8924E+00 1.9941E+02  1.00E+00  -2.8800E+01  2.2821E+02  4.0000E-06  5.5103E-05  6.9974E-08 -0.0000E+00  3.7783E-01
 78 3.3680E-01 7.5268E+00 2.0333E+02  1.00E+00  -2.8800E+01  2.3213E+02  4.0000E-06  8.7119E-05  6.8084E-08 -0.0000E+00  4.6195E-01
 79 3.5802E-01 7.1608E+00 2.0717E+02  1.00E+00  -2.8800E+01  2.3597E+02  4.0000E-06  1.3442E-04  6.6227E-08 -0.0000E+00  5.4979E-01
 80 3.8014E-01 6.7950E+00 2.1091E+02  1.00E+00  -2.8800E+01  2.3971E+02  6.1486E-06  2.0227E-04  6.4404E-08 -0.0000E+00  6.3662E-01
 81 4.0319E-01 6.4297E+00 2.1452E+02  1.00E+00  -2.8800E+01  2.4332E+02  1.0066E-05  2.9670E-04  6.2615E-08 -0.0000E+00  7.1202E-01
 82 4.2715E-01 6.0653E+00 2.1799E+02  1.00E+00  -2.8800E+01  2.4679E+02  1.5917E-05  4.2420E-04  6.0859E-08 -0.0000E+00  7.7022E-01
 83 4.5204E-01 5.7025E+00 2.2131E+02  1.00E+00  -2.8800E+01  2.5011E+02  2.4327E-05  5.9132E-04  5.9138E-08 -0.0000E+00  8.1330E-01
 84 4.7784E-01 5.3416E+00 2.2446E+02  1.00E+00  -2.8800E+01  2.5326E+02  3.5985E-05  8.0425E-04  5.7450E-08 -0.0000E+00  8.4359E-01
 85 5.0455E-01 4.9831E+00 2.2744E+02  1.00E+00  -2.8800E+01  2.5624E+02  5.1608E-05  1.0686E-03  5.5797E-08 -0.0000E+00  8.6337E-01
 86 5.3217E-01 4.6275E+00 2.3025E+02  1.00E+00  -2.8800E+01  2.5905E+02  7.1917E-05  1.3890E-03  5.4177E-08 -0.0000E+00  8.7459E-01
 87 5.6067E-01 4.2752E+00 2.3291E+02  1.00E+00  -2.8800E+01  2.6171E+02  9.7607E-05  1.7693E-03  5.2591E-08 -0.0000E+00  8.7949E-01
 88 5.9003E-01 3.9266E+00 2.3541E+02  1.00E+00  -2.8800E+01  2.6421E+02  1.2933E-04  2.2125E-03  5.1039E-08 -0.0000E+00  8.8116E-01
 89 6.2025E-01 3.5822E+00 2.3776E+02  1.00E+00  -2.8800E+01  2.6656E+02  1.6769E-04  2.7208E-03  4.9520E-08 -0.0000E+00  8.8208E-01
 90 6.5129E-01 3.2422E+00 2.3998E+02  1.00E+00  -2.8800E+01  2.6878E+02  2.1323E-04  3.2956E-03  4.8036E-08 -0.0000E+00  8.8204E-01
 91 6.8312E-01 2.9070E+00 2.4208E+02  1.00E+00  -2.8800E+01  2.7088E+02  2.6643E-04  3.9378E-03  4.6585E-08 -0.0000E+00  8.7839E-01
 92 7.1570E-01 2.5769E+00 2.4406E+02  1.00E+00  -2.8800E+01  2.7286E+02  3.2771E-04  4.6478E-03  4.5169E-08 -0.0000E+00  8.6916E-01
 93 7.4901E-01 2.2520E+00 2.4614E+02  1.00E+00  -2.8800E+01  2.7494E+02  4.0558E-04  5.5017E-03  4.3786E-08 -0.0000E+00  8.6033E-01
 94 7.8299E-01 1.9325E+00 2.4813E+02  1.00E+00  -2.8800E+01  2.7693E+02  4.9604E-04  6.3230E-03  4.2437E-08 -0.0000E+00  8.3417E-01
 95 8.1760E-01 1.6185E+00 2.5005E+02  1.00E+00  -2.8800E+01  2.7885E+02  6.0015E-04  7.2167E-03  4.1122E-08 -0.0000E+00  8.0930E-01
 96 8.5280E-01 1.3104E+00 2.5187E+02  1.00E+00  -2.8800E+01  2.8067E+02  7.1783E-04  8.2428E-03  3.9841E-08 -0.0000E+00  7.9335E-01
 97 8.8852E-01 1.0082E+00 2.5362E+02  1.00E+00  -2.8800E+01  2.8242E+02  8.4965E-04  9.2246E-03  3.8593E-08 -0.0000E+00  7.7774E-01
 98 9.2470E-01 7.1234E-01 2.5530E+02  1.00E+00  -2.8800E+01  2.8410E+02  9.9743E-04  1.0355E-02  3.7380E-08 -0.0000E+00  7.7785E-01
 99 9.6128E-01 4.2286E-01 2.5691E+02  1.00E+00  -2.8800E+01  2.8571E+02  1.1601E-03  1.1569E-02  3.6200E-08 -0.0000E+00  7.9108E-01
100 9.9821E-01 1.3997E-01 2.5845E+02  1.00E+00  -2.8800E+01  2.8725E+02  1.3382E-03  1.2733E-02  3.5055E-08 -0.0000E+00  8.1474E-01
101 1.0169E+00 0.0000E+00 2.5920E+02  1.00E+00  -2.8800E+01  2.8800E+02  1.4342E-03  1.3303E-02  3.4490E-08  0.0000E+00  0.0000E+00
  J     P         ALT         T        CONVEC       DT          TOLD        FH20       FSAVE        FO3        TCOOL       THEAT

 FCO2
  3.30E-04 3.30E-04 3.30E-04 3.30E-04 3.30E-04 3.30E-04 3.30E-04 3.30E-04 3.30E-04 3.30E-04
  3.30E-04 3.30E-04 3.30E-04 3.30E-04 3.30E-04 3.30E-04 3.30E-04 3.30E-04 3.30E-04 3.30E-04
  3.30E-04 3.30E-04 3.30E-04 3.30E-04 3.30E-04 3.30E-04 3.30E-04 3.30E-04 3.30E-04 3.30E-04
  3.30E-04 3.30E-04 3.30E-04 3.30E-04 3.30E-04 3.30E-04 3.30E-04 3.30E-04 3.30E-04 3.30E-04
  3.30E-04 3.30E-04 3.30E-04 3.30E-04 3.30E-04 3.30E-04 3.30E-04 3.30E-04 3.30E-04 3.30E-04
  3.30E-04 3.30E-04 3.30E-04 3.30E-04 3.30E-04 3.30E-04 3.30E-04 3.30E-04 3.30E-04 3.30E-04
  3.30E-04 3.30E-04 3.30E-04 3.30E-04 3.30E-04 3.30E-04 3.30E-04 3.30E-04 3.30E-04 3.30E-04
  3.30E-04 3.30E-04 3.30E-04 3.30E-04 3.30E-04 3.30E-04 3.30E-04 3.30E-04 3.30E-04 3.30E-04
  3.30E-04 3.30E-04 3.30E-04 3.30E-04 3.30E-04 3.30E-04 3.30E-04 3.30E-04 3.30E-04 3.30E-04
  3.30E-04 3.30E-04 3.30E-04 3.30E-04 3.30E-04 3.30E-04 3.30E-04 3.30E-04 3.30E-04 3.30E-04
  3.30E-04

  J    PF         ALT       FTOTAL       FTIR       FDNIR       FUPIR       FTSOL       FDNSOL       FUPSOL       DIVF
  1 1.0000E-04 ********** -4.0683E+16 -4.0683E+16  0.0000E+00  4.0683E+16  2.4627E+05  3.4178E+05  9.5508E+04 -1.0000E+00
  2 1.1588E-04 **********  2.4576E+05  0.0000E+00  6.4528E+18  6.4528E+18  2.4626E+05  3.4176E+05  9.5508E+04  3.8086E-14
  3 1.3414E-04 5.2966E+01  2.4576E+05  0.0000E+00  6.4528E+18  6.4528E+18  2.4625E+05  3.4176E+05  9.5507E+04  3.8086E-14
  4 1.5510E-04 5.2109E+01  2.4576E+05  0.0000E+00  6.4528E+18  6.4528E+18  2.4624E+05  3.4175E+05  9.5507E+04  3.8086E-14
  5 1.7913E-04 5.1260E+01  2.4576E+05  0.0000E+00  6.4528E+18  6.4528E+18  2.4624E+05  3.4175E+05  9.5506E+04  3.8086E-14
  6 2.0666E-04 5.0417E+01  2.4576E+05  0.0000E+00  6.4528E+18  6.4528E+18  2.4624E+05  3.4174E+05  9.5506E+04  3.8086E-14
  7 2.3816E-04 4.9581E+01  2.4576E+05  0.0000E+00  6.4528E+18  6.4528E+18  2.4623E+05  3.4174E+05  9.5505E+04  3.8086E-14
  8 2.7414E-04 4.8752E+01  2.4576E+05  0.0000E+00  6.4528E+18  6.4528E+18  2.4623E+05  3.4173E+05  9.5504E+04  3.8086E-14
  9 3.1522E-04 4.7929E+01  2.4576E+05  0.0000E+00  6.4528E+18  6.4528E+18  2.4623E+05  3.4173E+05  9.5503E+04  3.8086E-14
 10 3.6204E-04 4.7114E+01  2.4576E+05  0.0000E+00  6.4528E+18  6.4528E+18  2.4622E+05  3.4172E+05  9.5502E+04  3.8086E-14
 11 4.1536E-04 4.6305E+01  2.4576E+05  0.0000E+00  6.4528E+18  6.4528E+18  2.4622E+05  3.4172E+05  9.5501E+04  3.8086E-14
 12 4.7600E-04 4.5503E+01  2.4576E+05  0.0000E+00  6.4528E+18  6.4528E+18  2.4621E+05  3.4171E+05  9.5499E+04  3.8086E-14
 13 5.4489E-04 4.4707E+01  2.4576E+05  0.0000E+00  6.4528E+18  6.4528E+18  2.4621E+05  3.4170E+05  9.5498E+04  3.8086E-14
 14 6.2305E-04 4.3919E+01  2.4576E+05  0.0000E+00  6.4528E+18  6.4528E+18  2.4620E+05  3.4169E+05  9.5496E+04  3.8086E-14
 15 7.1163E-04 4.3137E+01  2.4576E+05  0.0000E+00  6.4528E+18  6.4528E+18  2.4619E+05  3.4168E+05  9.5494E+04  3.8086E-14
 16 8.1190E-04 4.2362E+01  2.4576E+05  0.0000E+00  6.4528E+18  6.4528E+18  2.4618E+05  3.4167E+05  9.5491E+04  3.8086E-14
 17 9.2526E-04 4.1594E+01  2.4576E+05  0.0000E+00  6.4528E+18  6.4528E+18  2.4617E+05  3.4166E+05  9.5489E+04  3.8086E-14
 18 1.0533E-03 4.0833E+01  2.4576E+05  0.0000E+00  6.4528E+18  6.4528E+18  2.4616E+05  3.4165E+05  9.5486E+04  3.8086E-14
 19 1.1977E-03 4.0078E+01  2.4576E+05  0.0000E+00  6.4528E+18  6.4528E+18  2.4615E+05  3.4163E+05  9.5482E+04  3.8086E-14
 20 1.3603E-03 3.9330E+01  2.4576E+05  0.0000E+00  6.4528E+18  6.4528E+18  2.4614E+05  3.4161E+05  9.5478E+04  3.8086E-14
 21 1.5434E-03 3.8589E+01  2.4576E+05  0.0000E+00  6.4528E+18  6.4528E+18  2.4612E+05  3.4160E+05  9.5474E+04  3.8086E-14
 22 1.7491E-03 3.7855E+01  2.4576E+05  0.0000E+00  6.4528E+18  6.4528E+18  2.4611E+05  3.4157E+05  9.5469E+04  3.8086E-14
 23 1.9801E-03 3.7127E+01  2.4576E+05  0.0000E+00  6.4528E+18  6.4528E+18  2.4609E+05  3.4155E+05  9.5464E+04  3.8086E-14
 24 2.2390E-03 3.6406E+01  2.4576E+05  0.0000E+00  6.4528E+18  6.4528E+18  2.4607E+05  3.4153E+05  9.5458E+04  3.8086E-14
 25 2.5290E-03 3.5692E+01  2.4576E+05  0.0000E+00  6.4528E+18  6.4528E+18  2.4605E+05  3.4150E+05  9.5451E+04  3.8086E-14
 26 2.8534E-03 3.4984E+01  2.4576E+05  0.0000E+00  6.4528E+18  6.4528E+18  2.4602E+05  3.4147E+05  9.5443E+04  3.8086E-14
 27 3.2158E-03 3.4283E+01  2.4576E+05  0.0000E+00  6.4528E+18  6.4528E+18  2.4600E+05  3.4143E+05  9.5435E+04  3.8086E-14
 28 3.6202E-03 3.3589E+01  2.4576E+05  0.0000E+00  6.4528E+18  6.4528E+18  2.4597E+05  3.4139E+05  9.5425E+04  3.8086E-14
 29 4.0709E-03 3.2902E+01  2.4576E+05  0.0000E+00  6.4528E+18  6.4528E+18  2.4593E+05  3.4135E+05  9.5415E+04  3.8086E-14
 30 4.5726E-03 3.2221E+01  2.4576E+05  0.0000E+00  6.4528E+18  6.4528E+18  2.4590E+05  3.4130E+05  9.5403E+04  3.8086E-14
 31 5.1304E-03 3.1547E+01  2.4576E+05  0.0000E+00  6.4528E+18  6.4528E+18  2.4586E+05  3.4125E+05  9.5390E+04  3.8086E-14
 32 5.7499E-03 3.0880E+01  2.4576E+05  0.0000E+00  6.4528E+18  6.4528E+18  2.4581E+05  3.4119E+05  9.5375E+04  3.8086E-14
 33 6.4369E-03 3.0219E+01  2.4576E+05  0.0000E+00  6.4528E+18  6.4528E+18  2.4576E+05  3.4112E+05  9.5359E+04  3.8086E-14
 34 7.1981E-03 2.9566E+01  2.4576E+05  0.0000E+00  6.4528E+18  6.4528E+18  2.4571E+05  3.4105E+05  9.5341E+04  3.8086E-14
 35 8.0403E-03 2.8918E+01  2.4576E+05  0.0000E+00  6.4528E+18  6.4528E+18  2.4566E+05  3.4098E+05  9.5322E+04  3.8086E-14
 36 8.9711E-03 2.8278E+01  2.4576E+05  0.0000E+00  6.4528E+18  6.4528E+18  2.4560E+05  3.4090E+05  9.5300E+04  3.8086E-14
 37 9.9984E-03 2.7644E+01  2.4576E+05  0.0000E+00  6.4528E+18  6.4528E+18  2.4553E+05  3.4081E+05  9.5276E+04  3.8086E-14
 38 1.1131E-02 2.7017E+01  2.4576E+05  0.0000E+00  6.4528E+18  6.4528E+18  2.4547E+05  3.4072E+05  9.5250E+04  3.8086E-14
 39 1.2378E-02 2.6396E+01  2.4576E+05  0.0000E+00  6.4528E+18  6.4528E+18  2.4540E+05  3.4062E+05  9.5221E+04  3.8086E-14
 40 1.3750E-02 2.5782E+01  2.4576E+05  0.0000E+00  6.4528E+18  6.4528E+18  2.4533E+05  3.4052E+05  9.5190E+04  3.8086E-14
 41 1.5256E-02 2.5175E+01  2.4576E+05  0.0000E+00  6.4528E+18  6.4528E+18  2.4527E+05  3.4042E+05  9.5155E+04  3.8086E-14
 42 1.6909E-02 2.4574E+01  2.4474E+05  0.0000E+00  6.4528E+18  6.4528E+18  2.4520E+05  3.4032E+05  9.5117E+04  3.7927E-14
 43 1.8720E-02 2.3980E+01  2.4474E+05  0.0000E+00  6.4528E+18  6.4528E+18  2.4513E+05  3.4021E+05  9.5076E+04  3.7927E-14
 44 2.0701E-02 2.3392E+01  2.4474E+05  0.0000E+00  6.4528E+18  6.4528E+18  2.4506E+05  3.4009E+05  9.5031E+04  3.7927E-14
 45 2.2867E-02 2.2812E+01  2.4474E+05  0.0000E+00  6.4528E+18  6.4528E+18  2.4498E+05  3.3997E+05  9.4982E+04  3.7927E-14
 46 2.5232E-02 2.2238E+01  2.4474E+05  0.0000E+00  6.4528E+18  6.4528E+18  2.4491E+05  3.3983E+05  9.4928E+04  3.7927E-14
 47 2.7810E-02 2.1670E+01  2.4474E+05  0.0000E+00  6.4528E+18  6.4528E+18  2.4482E+05  3.3969E+05  9.4870E+04  3.7927E-14
 48 3.0617E-02 2.1110E+01  2.4474E+05  0.0000E+00  6.4528E+18  6.4528E+18  2.4473E+05  3.3953E+05  9.4807E+04  3.7927E-14
 49 3.3670E-02 2.0556E+01  2.4474E+05  0.0000E+00  6.4528E+18  6.4528E+18  2.4462E+05  3.3936E+05  9.4739E+04  3.7927E-14
 50 3.6987E-02 2.0008E+01  2.4474E+05  0.0000E+00  6.4528E+18  6.4528E+18  2.4452E+05  3.3918E+05  9.4665E+04  3.7927E-14
 51 4.0585E-02 1.9467E+01  2.4474E+05  0.0000E+00  6.4528E+18  6.4528E+18  2.4440E+05  3.3898E+05  9.4586E+04  3.7927E-14
 52 4.4483E-02 1.8933E+01  2.4474E+05  0.0000E+00  6.4528E+18  6.4528E+18  2.4427E+05  3.3877E+05  9.4500E+04  3.7927E-14
 53 4.8701E-02 1.8405E+01  2.4371E+05  0.0000E+00  6.4528E+18  6.4528E+18  2.4414E+05  3.3855E+05  9.4408E+04  3.7769E-14
 54 5.3260E-02 1.7884E+01  2.4371E+05  0.0000E+00  6.4528E+18  6.4528E+18  2.4400E+05  3.3831E+05  9.4309E+04  3.7769E-14
 55 5.8181E-02 1.7370E+01  2.4371E+05  0.0000E+00  6.4528E+18  6.4528E+18  2.4385E+05  3.3805E+05  9.4202E+04  3.7769E-14
 56 6.3486E-02 1.6862E+01  2.4371E+05  0.0000E+00  6.4528E+18  6.4528E+18  2.4370E+05  3.3779E+05  9.4088E+04  3.7769E-14
 57 6.9198E-02 1.6361E+01  2.4371E+05  0.0000E+00  6.4528E+18  6.4528E+18  2.4354E+05  3.3751E+05  9.3967E+04  3.7769E-14
 58 7.5339E-02 1.5866E+01  2.4371E+05  0.0000E+00  6.4528E+18  6.4528E+18  2.4338E+05  3.3722E+05  9.3836E+04  3.7769E-14
 59 8.1934E-02 1.5378E+01  2.4371E+05  0.0000E+00  6.4528E+18  6.4528E+18  2.4322E+05  3.3692E+05  9.3697E+04  3.7769E-14
 60 8.9007E-02 1.4897E+01  2.4269E+05  0.0000E+00  6.4528E+18  6.4528E+18  2.4306E+05  3.3661E+05  9.3550E+04  3.7610E-14
 61 9.6583E-02 1.4422E+01  2.4269E+05  0.0000E+00  6.4528E+18  6.4528E+18  2.4290E+05  3.3629E+05  9.3392E+04  3.7610E-14
 62 1.0469E-01 1.3954E+01  2.4269E+05  0.0000E+00  6.4528E+18  6.4528E+18  2.4273E+05  3.3596E+05  9.3226E+04  3.7610E-14
 63 1.1335E-01 1.3492E+01  2.4269E+05  0.0000E+00  6.4528E+18  6.4528E+18  2.4257E+05  3.3562E+05  9.3049E+04  3.7610E-14
 64 1.2258E-01 1.3037E+01  2.4269E+05  0.0000E+00  6.4528E+18  6.4528E+18  2.4241E+05  3.3527E+05  9.2861E+04  3.7610E-14
 65 1.3243E-01 1.2589E+01  2.4269E+05  0.0000E+00  6.4528E+18  6.4528E+18  2.4224E+05  3.3491E+05  9.2663E+04  3.7610E-14
 66 1.4290E-01 1.2147E+01  2.4166E+05  0.0000E+00  6.4528E+18  6.4528E+18  2.4208E+05  3.3453E+05  9.2454E+04  3.7451E-14
 67 1.5403E-01 1.1711E+01  2.4166E+05  0.0000E+00  6.4528E+18  6.4528E+18  2.4190E+05  3.3414E+05  9.2234E+04  3.7451E-14
 68 1.6584E-01 1.1283E+01  2.4166E+05  0.0000E+00  6.4528E+18  6.4528E+18  2.4173E+05  3.3373E+05  9.2001E+04  3.7451E-14
 69 1.7836E-01 1.0861E+01  2.4166E+05  0.0000E+00  6.4528E+18  6.4528E+18  2.4154E+05  3.3330E+05  9.1757E+04  3.7451E-14
 70 1.9161E-01 1.0451E+01  2.4166E+05  0.0000E+00  6.4528E+18  6.4528E+18  2.4135E+05  3.3286E+05  9.1501E+04  3.7451E-14
 71 2.0562E-01 1.0067E+01  2.4166E+05  0.0000E+00  6.4528E+18  6.4528E+18  2.4116E+05  3.3239E+05  9.1232E+04  3.7451E-14
 72 2.2040E-01 9.7031E+00  2.4064E+05  0.0000E+00  6.4528E+18  6.4528E+18  2.4095E+05  3.3190E+05  9.0950E+04  3.7293E-14
 73 2.3599E-01 9.3443E+00  2.4064E+05  0.0000E+00  6.4528E+18  6.4528E+18  2.4073E+05  3.3139E+05  9.0655E+04  3.7293E-14
 74 2.5239E-01 8.9836E+00  2.4064E+05  0.0000E+00  6.4528E+18  6.4528E+18  2.4046E+05  3.3081E+05  9.0347E+04  3.7293E-14
 75 2.6964E-01 8.6211E+00  2.3962E+05  0.0000E+00  6.4528E+18  6.4528E+18  2.4010E+05  3.3012E+05  9.0026E+04  3.7134E-14
 76 2.8774E-01 8.2573E+00  2.3962E+05  0.0000E+00  6.4528E+18  6.4528E+18  2.3961E+05  3.2930E+05  8.9691E+04  3.7134E-14
 77 3.0672E-01 7.8924E+00  2.3859E+05  0.0000E+00  6.4528E+18  6.4528E+18  2.3894E+05  3.2828E+05  8.9342E+04  3.6975E-14
 78 3.2658E-01 7.5268E+00  2.3757E+05  0.0000E+00  6.4528E+18  6.4528E+18  2.3805E+05  3.2703E+05  8.8980E+04  3.6816E-14
 79 3.4734E-01 7.1608E+00  2.3654E+05  0.0000E+00  6.4528E+18  6.4528E+18  2.3692E+05  3.2552E+05  8.8605E+04  3.6658E-14
 80 3.6902E-01 6.7950E+00  2.3552E+05  0.0000E+00  6.4528E+18  6.4528E+18  2.3551E+05  3.2373E+05  8.8216E+04  3.6499E-14
 81 3.9160E-01 6.4297E+00  2.3347E+05  0.0000E+00  6.4528E+18  6.4528E+18  2.3381E+05  3.2163E+05  8.7815E+04  3.6182E-14
 82 4.1511E-01 6.0653E+00  2.3142E+05  0.0000E+00  6.4528E+18  6.4528E+18  2.3184E+05  3.1924E+05  8.7401E+04  3.5864E-14
 83 4.3954E-01 5.7025E+00  2.2938E+05  0.0000E+00  6.4528E+18  6.4528E+18  2.2962E+05  3.1659E+05  8.6976E+04  3.5547E-14
 84 4.6489E-01 5.3416E+00  2.2733E+05  0.0000E+00  6.4528E+18  6.4528E+18  2.2718E+05  3.1372E+05  8.6540E+04  3.5230E-14
 85 4.9115E-01 4.9831E+00  2.2426E+05  0.0000E+00  6.4528E+18  6.4528E+18  2.2457E+05  3.1066E+05  8.6095E+04  3.4753E-14
 86 5.1832E-01 4.6275E+00  2.2221E+05  0.0000E+00  6.4528E+18  6.4528E+18  2.2179E+05  3.0744E+05  8.5643E+04  3.4436E-14
 87 5.4638E-01 4.2752E+00  2.1914E+05  0.0000E+00  6.4528E+18  6.4528E+18  2.1889E+05  3.0408E+05  8.5185E+04  3.3960E-14
 88 5.7532E-01 3.9266E+00  2.1606E+05  0.0000E+00  6.4528E+18  6.4528E+18  2.1589E+05  3.0061E+05  8.4724E+04  3.3484E-14
 89 6.0512E-01 3.5822E+00  2.1299E+05  0.0000E+00  6.4528E+18  6.4528E+18  2.1278E+05  2.9705E+05  8.4264E+04  3.3008E-14
 90 6.3576E-01 3.2422E+00  2.0992E+05  0.0000E+00  6.4528E+18  6.4528E+18  2.0959E+05  2.9339E+05  8.3807E+04  3.2532E-14
 91 6.6720E-01 2.9070E+00  2.0582E+05  0.0000E+00  6.4528E+18  6.4528E+18  2.0631E+05  2.8967E+05  8.3358E+04  3.1897E-14
 92 6.9941E-01 2.5769E+00  2.0275E+05  0.0000E+00  6.4528E+18  6.4528E+18  2.0296E+05  2.8588E+05  8.2922E+04  3.1421E-14
 93 7.3237E-01 2.2520E+00  1.9968E+05  0.0000E+00  6.4528E+18  6.4528E+18  1.9957E+05  2.8208E+05  8.2503E+04  3.0945E-14
 94 7.6602E-01 1.9325E+00  1.9661E+05  0.0000E+00  6.4528E+18  6.4528E+18  1.9615E+05  2.7826E+05  8.2112E+04  3.0469E-14
 95 8.0033E-01 1.6185E+00  1.9251E+05  0.0000E+00  6.4528E+18  6.4528E+18  1.9276E+05  2.7451E+05  8.1753E+04  2.9834E-14
 96 8.3525E-01 1.3104E+00  1.8944E+05  0.0000E+00  6.4528E+18  6.4528E+18  1.8941E+05  2.7085E+05  8.1436E+04  2.9358E-14
 97 8.7072E-01 1.0082E+00  1.8637E+05  0.0000E+00  6.4528E+18  6.4528E+18  1.8608E+05  2.6726E+05  8.1175E+04  2.8882E-14
 98 9.0668E-01 7.1234E-01  1.8227E+05  0.0000E+00  6.4528E+18  6.4528E+18  1.8277E+05  2.6375E+05  8.0984E+04  2.8247E-14
 99 9.4308E-01 4.2286E-01  1.7920E+05  0.0000E+00  6.4528E+18  6.4528E+18  1.7942E+05  2.6030E+05  8.0886E+04  2.7771E-14
100 9.7984E-01 1.3997E-01  1.7613E+05  0.0000E+00  6.4528E+18  6.4528E+18  1.7597E+05  2.5689E+05  8.0917E+04  2.7295E-14
101 1.0169E+00 0.0000E+00  1.7203E+05  0.0000E+00  6.4528E+18  6.4528E+18  1.7239E+05  2.5351E+05  8.1125E+04  2.6660E-14

