   83.480638480618182        4196.2200000000003     
   146.11436127444773        2523.8099999999999     
   484.79053425654757        12112.299999999999     
   1086.1505743588843        18868.500000000000     
   1531.0875780071601        12882.700000000001     
   3608.1891971751775        53686.800000000003     
   7894.0179441657674        94384.500000000000     
   17419.340156064791        172820.00000000000     
   18439.133818129798        16903.200000000001     
   20308.606283027701        29769.299999999999     
   24492.320806853306        65275.900000000001     
   26630.553450194086        32769.000000000000     
   31104.503749351647        64941.000000000000     
   33619.928416364120        34831.000000000000     
   38211.294813651308        81260.300000000003     
   41063.063604780138        38562.099999999999     
   44867.582180380137        63343.599999999999     
   47111.055913512479        47526.300000000003     
   48417.147709340192        61905.699999999997     
   49635.799759040703        56411.099999999999     
   51315.754389489288        22895.700000000001     
   52282.047891952257        36421.900000000001     
   52293.385390294774        38511.000000000000     
   54517.847698736688        46020.900000000001     
   54517.909821049208        44781.800000000003     
   55035.834922192895        39378.199999999997     
   55463.996936464726        29053.700000000001     
   55469.830896924599        30473.700000000001     
   55482.995567612932        19132.599999999999     
   55766.396297318730        16607.400000000001     
   55766.397278019089        18959.200000000001     
   55766.397278036369        9153.1800000000003     
   55766.397278047014        10435.799999999999     
   55767.263932496615        8968.2500000000000     
   55767.263932496615        5999.9399999999996     
   55767.339931464005        5085.0799999999999     
   55767.382561075319        1434.4500000000000     
   55767.400519587551        11708.600000000000     
   330.41462067119090        4196.2200000000003     
   578.54876123175143        2523.8099999999999     
   1923.7591499846844        12112.299999999999     
   4330.9118554621418        18868.500000000000     
   6127.6811637160299        12882.700000000001     
   14657.658786531307        53686.800000000003     
   32312.368475198047        94384.500000000000     
   69045.677122968307        172820.00000000000     
   72795.156458521538        16903.200000000001     
   79510.218420665769        29769.299999999999     
   94339.819446366571        65275.900000000001     
   101840.37989795618        32769.000000000000     
   116998.24662374807        64941.000000000000     
   125269.37404095958        34831.000000000000     
   142567.86602121612        81260.300000000003     
   151786.11241953511        38562.099999999999     
   165552.85450175870        63343.599999999999     
   174301.25957696850        47526.300000000003     
   181295.99948900886        61905.699999999997     
   189287.52172286491        56411.099999999999     
   194720.54107797975        22895.700000000001     
   198954.81325037344        36421.900000000001     
   199330.20393818832        38511.000000000000     
   208186.24947348158        46020.900000000001     
   208194.10633350199        44781.800000000003     
   210856.67821148341        39378.199999999997     
   212892.20359077980        29053.700000000001     
   213056.70128354902        30473.700000000001     
   213261.49644380918        19132.599999999999     
   214506.77687390166        16607.400000000001     
   214507.92913394680        18959.200000000001     
   214507.92913405827        9153.1800000000003     
   214507.92913414285        10435.799999999999     
   214556.01794501432        8968.2500000000000     
   214556.01794501432        5999.9399999999996     
   214569.24751889758        5085.0799999999999     
   214573.84477078213        1434.4500000000000     
   214592.79722334689        11708.600000000000     
   650.20964343073115        4196.2200000000003     
   1137.6396326738150        2523.8099999999999     
   3771.4057244222140        12112.299999999999     
   8443.4377054943434        18868.500000000000     
   11895.715976734178        12882.700000000001     
   27908.651842890798        53686.800000000003     
   59601.725420718554        94384.500000000000     
   122553.53760121731        172820.00000000000     
   128865.27742111655        16903.200000000001     
   140095.28539936076        29769.299999999999     
   164796.92699454381        65275.900000000001     
   177244.57426402753        32769.000000000000     
   202197.37132137149        64941.000000000000     
   215717.86207497556        34831.000000000000     
   245016.83545298301        81260.300000000003     
   260024.52376343845        38562.099999999999     
   283118.35586212215        63343.599999999999     
   298358.31158864195        47526.300000000003     
   311978.97712323681        61905.699999999997     
   327496.57442229276        56411.099999999999     
   336346.40997691220        22895.700000000001     
   344084.04768110754        36421.900000000001     
   345367.62500123261        38511.000000000000     
   360705.69286682364        46020.900000000001     
   360776.13085207529        44781.800000000003     
   366222.53909017437        39378.199999999997     
   370032.84284085000        29053.700000000001     
   370551.80607071135        30473.700000000001     
   371118.85220690514        19132.599999999999     
   373502.91580838186        16607.400000000001     
   373518.57791455369        18959.200000000001     
   373518.57826501335        9153.1800000000003     
   373518.57851873833        10435.799999999999     
   373687.31497147179        8968.2500000000000     
   373687.31497147179        5999.9399999999996     
   373737.99174295703        5085.0799999999999     
   373756.86900256108        1434.4500000000000     
   373854.58016560820        11708.600000000000     
   982.09499237940463        4196.2200000000003     
   1711.9265687137292        2523.8099999999999     
   5621.5301690707365        12112.299999999999     
   12460.682565091025        18868.500000000000     
   17457.624112071240        12882.700000000001     
   40194.430157482042        53686.800000000003     
   83987.467956147026        94384.500000000000     
   169015.99582253816        172820.00000000000     
   177473.23220488854        16903.200000000001     
   192478.45411185003        29769.299999999999     
   225427.23467771051        65275.900000000001     
   242003.74514305399        32769.000000000000     
   275122.59197969653        64941.000000000000     
   293015.64276784833        34831.000000000000     
   332387.93832644413        81260.300000000003     
   352215.77150016185        38562.099999999999     
   383132.82616501220        63343.599999999999     
   403970.01304893172        47526.300000000003     
   423650.19729024882        61905.699999999997     
   445749.14418345317        56411.099999999999     
   457444.56395094626        22895.700000000001     
   468350.19512805319        36421.900000000001     
   470791.52365382528        38511.000000000000     
   491636.99828110053        46020.900000000001     
   491844.42872553901        44781.800000000003     
   500008.77690769255        39378.199999999997     
   505476.90880808374        29053.700000000001     
   506447.00324743171        30473.700000000001     
   507430.43642924877        19132.599999999999     
   510857.77308413503        16607.400000000001     
   510906.30029990827        18959.200000000001     
   510906.31142997358        9153.1800000000003     
   510906.31869901385        10435.799999999999     
   511231.88227296469        8968.2500000000000     
   511231.88227300631        5999.9399999999996     
   511332.19762245694        5085.0799999999999     
   511371.19155103056        1434.4500000000000     
   511576.69402685098        11708.600000000000     
   1259.6898208015650        4196.2200000000003     
   2187.1733338060267        2523.8099999999999     
   7118.4455185701427        12112.299999999999     
   15654.875735920108        18868.500000000000     
   21844.720230322891        12882.700000000001     
   49678.858273530357        53686.800000000003     
   102482.76772281424        94384.500000000000     
   203806.53226759701        172820.00000000000     
   213844.26249676442        16903.200000000001     
   231629.15483189278        29769.299999999999     
   270648.36991132156        65275.900000000001     
   290262.99609156378        32769.000000000000     
   329388.42461630615        64941.000000000000     
   350496.78929125104        34831.000000000000     
   397297.40466916322        81260.300000000003     
   420669.12188784196        38562.099999999999     
   457354.77338208037        63343.599999999999     
   482370.41164041974        47526.300000000003     
   506711.91946075228        61905.699999999997     
   533741.65219602536        56411.099999999999     
   547529.43676364294        22895.700000000001     
   560878.04034242651        36421.900000000001     
   564378.44965198217        38511.000000000000     
   589307.54588278662        46020.900000000001     
   589679.92372684064        44781.800000000003     
   600010.58404024341        39378.199999999997     
   606789.55437282124        29053.700000000001     
   608179.59302401589        30473.700000000001     
   609522.73753422452        19132.599999999999     
   613753.37658113276        16607.400000000001     
   613839.58263019309        18959.200000000001     
   613839.64359054330        9153.1800000000003     
   613839.68084157421        10435.799999999999     
   614310.55746712931        8968.2500000000000     
   614310.55746847414        5999.9399999999996     
   614457.94457112323        5085.0799999999999     
   614516.16389794624        1434.4500000000000     
   614819.28370371251        11708.600000000000     
   1431.3379591324660        4196.2200000000003     
   2478.9899209316568        2523.8099999999999     
   8024.8866277926745        12112.299999999999     
   17570.246209668941        18868.500000000000     
   24464.182480077456        12882.700000000001     
   55280.273688892761        53686.800000000003     
   113313.15116581335        94384.500000000000     
   224056.88035009301        172820.00000000000     
   235007.50670820003        16903.200000000001     
   254397.61590526323        29769.299999999999     
   296921.96320874232        65275.900000000001     
   318290.59188524343        32769.000000000000     
   360883.29766251391        64941.000000000000     
   383847.46808357339        34831.000000000000     
   434940.71087970881        81260.300000000003     
   460357.74683412234        38562.099999999999     
   500376.95887737349        63343.599999999999     
   527821.05412647314        47526.300000000003     
   554913.53325211816        61905.699999999997     
   584812.46523922402        56411.099999999999     
   599807.89295555442        22895.700000000001     
   614603.75554179831        36421.900000000001     
   618788.30539022479        38511.000000000000     
   646083.48309376917        46020.900000000001     
   646578.30382695457        44781.800000000003     
   658212.47826546431        39378.199999999997     
   665779.79385030037        29053.700000000001     
   667444.96513711184        30473.700000000001     
   669013.09851716086        19132.599999999999     
   673718.73912415816        16607.400000000001     
   673831.75466737768        18959.200000000001     
   673831.88819878618        9153.1800000000003     
   673831.96700950689        10435.799999999999     
   674397.46365452325        8968.2500000000000     
   674397.46366107895        5999.9399999999996     
   674576.01606305386        5085.0799999999999     
   674646.88838001131        1434.4500000000000     
   675011.97395855049        11708.600000000000     
   83.213009688911910        4196.2200000000003     
   145.67711387611121        2523.8099999999999     
   483.54316145718411        12112.299999999999     
   1083.6963503808561        18868.500000000000     
   1527.8492518318628        12882.700000000001     
   3601.8681024051248        53686.800000000003     
   7879.6578647915894        94384.500000000000     
   17363.914345687150        172820.00000000000     
   18367.231364371404        16903.200000000001     
   20232.346432707214        29769.299999999999     
   24168.837951595546        65275.900000000001     
   26304.014925622017        32769.000000000000     
   30550.666191880075        64941.000000000000     
   33052.739048629068        34831.000000000000     
   36463.678417054260        81260.300000000003     
   39312.287929334278        38562.099999999999     
   42126.257175941792        63343.599999999999     
   44302.131344906418        47526.300000000003     
   44752.029350505647        61905.699999999997     
   45770.868221285571        56411.099999999999     
   47440.875242337301        22895.700000000001     
   48092.309298311477        36421.900000000001     
   48096.643961797919        38511.000000000000     
   49947.005576089388        46020.900000000001     
   49947.005692218343        44781.800000000003     
   50262.056964523450        39378.199999999997     
   50666.743098650026        29053.700000000001     
   50669.714253074555        30473.700000000001     
   50669.900485214275        19132.599999999999     
   50869.421012967752        16607.400000000001     
   50869.421804306039        18959.200000000001     
   50869.421804306039        9153.1800000000003     
   50869.421804306039        10435.799999999999     
   50869.422280609302        8968.2500000000000     
   50869.422280609302        5999.9399999999996     
   50869.478153541058        5085.0799999999999     
   50869.509789323216        1434.4500000000000     
   50869.520709596683        11708.600000000000     
   329.35387654285171        4196.2200000000003     
   576.80608334414092        2523.8099999999999     
   1918.6758927250858        12112.299999999999     
   4320.5625700370456        18868.500000000000     
   6113.7412817013474        12882.700000000001     
   14629.205086196156        53686.800000000003     
   32256.147793886186        94384.500000000000     
   68904.155845320638        172820.00000000000     
   72625.496751886691        16903.200000000001     
   79333.893733277975        29769.299999999999     
   93734.224868598263        65275.900000000001     
   101230.70270738828        32769.000000000000     
   116042.06235899162        64941.000000000000     
   124296.55093072585        34831.000000000000     
   138935.17987076560        81260.300000000003     
   148149.88304286508        38562.099999999999     
   159732.25506982303        63343.599999999999     
   168377.66666956065        47526.300000000003     
   171817.37718519763        61905.699999999997     
   178731.77512868523        56411.099999999999     
   184153.14184663835        22895.700000000001     
   187294.74598184507        36421.900000000001     
   187491.03647453192        38511.000000000000     
   195516.63029120269        46020.900000000001     
   195516.63109998708        44781.800000000003     
   197527.70078696244        39378.199999999997     
   199525.50279181436        29053.700000000001     
   199649.78807404550        30473.700000000001     
   199684.20333167980        19132.599999999999     
   200758.20452896770        16607.400000000001     
   200759.09638238751        18959.200000000001     
   200759.09638238751        9153.1800000000003     
   200759.09638238751        10435.799999999999     
   200759.92209510156        8968.2500000000000     
   200759.92209510156        5999.9399999999996     
   200771.82090945938        5085.0799999999999     
   200775.97711629031        1434.4500000000000     
   200791.27453152084        11708.600000000000     
   648.12717071929580        4196.2200000000003     
   1134.2390389462580        2523.8099999999999     
   3761.7199845470077        12112.299999999999     
   8424.4465471021540        18868.500000000000     
   11870.769727244529        12882.700000000001     
   27862.440881234266        53686.800000000003     
   59521.175434006422        94384.500000000000     
   122376.31660440467        172820.00000000000     
   128656.67858099134        16903.200000000001     
   139879.79944193026        29769.299999999999     
   164097.54235744770        65275.900000000001     
   176541.17443836748        32769.000000000000     
   201114.19249032543        64941.000000000000     
   214617.47303706052        34831.000000000000     
   240534.75601467851        81260.300000000003     
   255538.98208439699        38562.099999999999     
   275834.58408919448        63343.599999999999     
   290957.84702124813        47526.300000000003     
   298507.84161226504        61905.699999999997     
   312258.69925158110        56411.099999999999     
   321096.51539445063        22895.700000000001     
   327217.00204836461        36421.900000000001     
   327974.43747145339        38511.000000000000     
   342255.93224647123        46020.900000000001     
   342256.09091916773        44781.800000000003     
   346302.51331795921        39378.199999999997     
   350068.91581601009        29053.700000000001     
   350484.69739895314        30473.700000000001     
   350624.49856408243        19132.599999999999     
   352786.46258609823        16607.400000000001     
   352799.05127592705        18959.200000000001     
   352799.05127592705        9153.1800000000003     
   352799.05127592705        10435.799999999999     
   352809.44481881743        8968.2500000000000     
   352809.44481881749        5999.9399999999996     
   352856.88000337430        5085.0799999999999     
   352874.57927383605        1434.4500000000000     
   352959.23773777176        11708.600000000000     
   979.02346480805409        4196.2200000000003     
   1706.9968125014327        2523.8099999999999     
   5608.0855292257393        12112.299999999999     
   12435.357398619750        18868.500000000000     
   17425.032380918761        12882.700000000001     
   40137.734912473068        53686.800000000003     
   83894.674559851672        94384.500000000000     
   168822.78942701098        172820.00000000000     
   177247.18771356996        16903.200000000001     
   192245.64136951492        29769.299999999999     
   224684.67127336503        65275.900000000001     
   241257.37301892307        32769.000000000000     
   273981.10427594703        64941.000000000000     
   291856.79914871161        34831.000000000000     
   327435.11534454790        81260.300000000003     
   347259.61029224255        38562.099999999999     
   375010.57313341019        63343.599999999999     
   395723.86407070269        47526.300000000003     
   407356.24484328623        61905.699999999997     
   427224.47759981244        56411.099999999999     
   438907.73583243153        22895.700000000001     
   447782.77906530187        36421.900000000001     
   449318.11234247481        38511.000000000000     
   468978.58780961041        46020.900000000001     
   468980.26310621656        44781.800000000003     
   474941.00122321572        39378.199999999997     
   480361.52092619485        29053.700000000001     
   481139.28408379934        30473.700000000001     
   481419.78415366978        19132.599999999999     
   484594.97454979370        16607.400000000001     
   484634.57220742939        18959.200000000001     
   484634.57220742939        9153.1800000000003     
   484634.57220742939        10435.799999999999     
   484666.47434957750        8968.2500000000000     
   484666.47434960911        5999.9399999999996     
   484761.88593468047        5085.0799999999999     
   484798.98488844372        1434.4500000000000     
   484982.53891699202        11708.600000000000     
   1255.8701423642979        4196.2200000000003     
   2181.1301652723700        2523.8099999999999     
   7102.4988995634303        12112.299999999999     
   15625.629378295049        18868.500000000000     
   21807.560001441630        12882.700000000001     
   49616.567710503718        53686.800000000003     
   102384.22291897393        94384.500000000000     
   203606.36132258546        172820.00000000000     
   213610.49823709091        16903.200000000001     
   231388.78719325725        29769.299999999999     
   269884.38580381213        65275.900000000001     
   289495.39268316509        32769.000000000000     
   328217.61213419511        64941.000000000000     
   349308.59441191354        34831.000000000000     
   392077.50775753194        81260.300000000003     
   415445.99163432780        38562.099999999999     
   448746.24468767451        63343.599999999999     
   473634.04086984653        47526.300000000003     
   488549.16921357124        61905.699999999997     
   513056.71197303000        56411.099999999999     
   526832.27066303324        22895.700000000001     
   537834.42741848051        36421.900000000001     
   540113.06292614806        38511.000000000000     
   563783.71513830079        46020.900000000001     
   563789.18483627168        44781.800000000003     
   571268.14166845521        39378.199999999997     
   577997.24603112321        29053.700000000001     
   579102.39474680275        30473.700000000001     
   579517.13702828577        19132.599999999999     
   583478.11138133728        16607.400000000001     
   583549.01684841351        18959.200000000001     
   583549.01684841351        9153.1800000000003     
   583549.01684841351        10435.799999999999     
   583606.13849820860        8968.2500000000000     
   583606.13849922805        5999.9399999999996     
   583747.39873449784        5085.0799999999999     
   583803.18470353039        1434.4500000000000     
   584078.05868576560        11708.600000000000     
   1427.0916383732015        4196.2200000000003     
   2472.3259723252477        2523.8099999999999     
   8007.6181086295819        12112.299999999999     
   17539.018253000017        18868.500000000000     
   24424.765323045671        12882.700000000001     
   55215.432895196485        53686.800000000003     
   113212.25920770082        94384.500000000000     
   223854.03725255092        172820.00000000000     
   234770.71069726546        16903.200000000001     
   254154.33015491662        29769.299999999999     
   296148.29957126983        65275.900000000001     
   317513.42717146908        32769.000000000000     
   359699.01545533433        64941.000000000000     
   382645.80709223758        34831.000000000000     
   429588.57755056839        81260.300000000003     
   455002.44389520702        38562.099999999999     
   491524.52044126199        63343.599999999999     
   518838.85876441828        47526.300000000003     
   535736.47461435013        61905.699999999997     
   562960.75885582878        56411.099999999999     
   577943.93299753778        22895.700000000001     
   590204.07210127451        36421.900000000001     
   592973.44515898114        38511.000000000000     
   618973.71076892479        46020.900000000001     
   618983.22358362761        44781.800000000003     
   627378.76512544660        39378.199999999997     
   634895.05235340632        29053.700000000001     
   636210.91374107869        30473.700000000001     
   636715.19245077658        19132.599999999999     
   641142.35135435639        16607.400000000001     
   641235.68226568378        18959.200000000001     
   641235.68226568378        9153.1800000000003     
   641235.68226568378        10435.799999999999     
   641311.18154537689        8968.2500000000000     
   641311.18155034911        5999.9399999999996     
   641482.90719380765        5085.0799999999999     
   641551.03940747539        1434.4500000000000     
   641884.42903716536        11708.600000000000     
   83.214931027319750        4196.2200000000003     
   145.68025312676980        2523.8099999999999     
   483.55211320910928        12112.299999999999     
   1083.7139490366978        18868.500000000000     
   1527.8724604366939        12882.700000000001     
   3601.9132918323730        53686.800000000003     
   7879.7342639344879        94384.500000000000     
   17363.888443258016        172820.00000000000     
   18367.096163681301        16903.200000000001     
   20232.209631677491        29769.299999999999     
   24166.948237232231        65275.900000000001     
   26302.138133634675        32769.000000000000     
   30547.097765189545        64941.000000000000     
   33049.083546421083        34831.000000000000     
   36452.354011163363        81260.300000000003     
   39300.966075829623        38562.099999999999     
   42108.700844043589        63343.599999999999     
   44284.031313982458        47526.300000000003     
   44730.218735215429        61905.699999999997     
   45747.931698393724        56411.099999999999     
   47417.840830451794        22895.700000000001     
   48067.645569641667        36421.900000000001     
   48071.946291530985        38511.000000000000     
   49919.468601428161        46020.900000000001     
   49919.468709834007        44781.800000000003     
   50232.515282087516        39378.199999999997     
   50636.711310679486        29053.700000000001     
   50639.657405668084        30473.700000000001     
   50639.834179313795        19132.599999999999     
   50838.496382413563        16607.400000000001     
   50838.497171142939        18959.200000000001     
   50838.497171142939        9153.1800000000003     
   50838.497171142939        10435.799999999999     
   50838.497632403567        8968.2500000000000     
   50838.497632403567        5999.9399999999996     
   50838.553116808325        5085.0799999999999     
   50838.584563003227        1434.4500000000000     
   50838.595369203824        11708.600000000000     
   329.36147847855909        4196.2200000000003     
   576.81857289792219        2523.8099999999999     
   1918.7123033593120        12112.299999999999     
   4320.6366254776485        18868.500000000000     
   6113.8409678851976        12882.700000000001     
   14629.408114913836        53686.800000000003     
   32256.455611136964        94384.500000000000     
   68904.175097124171        172820.00000000000     
   72625.308044420890        16903.200000000001     
   79333.698113569495        29769.299999999999     
   93730.538832838603        65275.900000000001     
   101227.03296246610        32769.000000000000     
   116035.54148372822        64941.000000000000     
   124289.91293394621        34831.000000000000     
   138909.01234790226        81260.300000000003     
   148123.71711530897        38562.099999999999     
   159690.47556143708        63343.599999999999     
   168335.07596612565        47526.300000000003     
   171756.96619428784        61905.699999999997     
   178664.81487338030        56411.099999999999     
   184086.06392278563        22895.700000000001     
   187220.39519790921        36421.900000000001     
   187415.73928473965        38511.000000000000     
   195434.29161985766        46020.900000000001     
   195434.29235176713        44781.800000000003     
   197440.14215048641        39378.199999999997     
   199437.07599532005        29053.700000000001     
   199560.90329989104        30473.700000000001     
   199594.56670862911        19132.599999999999     
   200666.40315291856        16607.400000000001     
   200667.29078004189        18959.200000000001     
   200667.29078004189        9153.1800000000003     
   200667.29078004189        10435.799999999999     
   200668.07698167732        8968.2500000000000     
   200668.07698167732        5999.9399999999996     
   200679.94725929777        5085.0799999999999     
   200684.09490372275        1434.4500000000000     
   200699.32474748333        11708.600000000000     
   648.14209009814954        4196.2200000000003     
   1134.2634043150979        2523.8099999999999     
   3761.7893596923532        12112.299999999999     
   8424.5824685238313        18868.500000000000     
   11870.948182325870        12882.700000000001     
   27862.770861374851        53686.800000000003     
   59521.623576460886        94384.500000000000     
   122376.37818926689        172820.00000000000     
   128656.49900574904        16903.200000000001     
   139879.60809334682        29769.299999999999     
   164093.28398047440        65275.900000000001     
   176536.93082686883        32769.000000000000     
   201106.74119997933        64941.000000000000     
   214609.89509854402        34831.000000000000     
   240501.39964702947        81260.300000000003     
   255505.62586713891        38562.099999999999     
   275780.46075387194        63343.599999999999     
   290902.84019726556        47526.300000000003     
   298420.24749864591        61905.699999999997     
   312159.27127783839        56411.099999999999     
   320996.96497123770        22895.700000000001     
   327105.47455030843        36421.900000000001     
   327859.87889805937        38511.000000000000     
   342132.12296992587        46020.900000000001     
   342132.27109920129        44781.800000000003     
   346171.30245860055        39378.199999999997     
   349936.68571282667        29053.700000000001     
   350351.47283130814        30473.700000000001     
   350489.26992049871        19132.599999999999     
   352648.16984312847        16607.400000000001     
   352660.71615920408        18959.200000000001     
   352660.71615920408        9153.1800000000003     
   352660.71615920408        10435.799999999999     
   352670.79367865145        8968.2500000000000     
   352670.79367865151        5999.9399999999996     
   352718.15782456147        5085.0799999999999     
   352735.83457542374        1434.4500000000000     
   352820.24402775761        11708.600000000000     
   979.04547158100058        4196.2200000000003     
   1707.0321392752451        2523.8099999999999     
   5608.1818556643921        12112.299999999999     
   12435.538724446913        18868.500000000000     
   17425.265631978607        12882.700000000001     
   40138.139998641927        53686.800000000003     
   83895.191453522537        94384.500000000000     
   168822.85383066375        172820.00000000000     
   177246.99317917204        16903.200000000001     
   192245.43101314432        29769.299999999999     
   224680.10804035369        65275.900000000001     
   241252.82258731138        32769.000000000000     
   273973.17352096032        64941.000000000000     
   291848.73628072871        34831.000000000000     
   327397.54296851635        81260.300000000003     
   347222.03678544587        38562.099999999999     
   374949.07410903898        63343.599999999999     
   395661.44892440969        47526.300000000003     
   407248.66219481674        61905.699999999997     
   427101.28430719371        56411.099999999999     
   438784.41792464477        22895.700000000001     
   447644.52775642427        36421.900000000001     
   449174.36558903864        38511.000000000000     
   468824.28135801642        46020.900000000001     
   468825.87082998699        44781.800000000003     
   474776.51424114907        39378.199999999997     
   480195.92965543002        29053.700000000001     
   480972.24682268070        30473.700000000001     
   481249.39291365747        19132.599999999999     
   484420.96182717348        16607.400000000001     
   484460.44897340122        18959.200000000001     
   484460.44897340122        9153.1800000000003     
   484460.44897340122        10435.799999999999     
   484491.59466115164        8968.2500000000000     
   484491.59466118319        5999.9399999999996     
   484586.89763834851        5085.0799999999999     
   484623.96095467726        1434.4500000000000     
   484807.09030003217        11708.600000000000     
   1255.8975135701057        4196.2200000000003     
   2181.1734785195663        2523.8099999999999     
   7102.6131794314297        12112.299999999999     
   15625.838839428636        18868.500000000000     
   21807.826030353728        12882.700000000001     
   49617.012948067459        53686.800000000003     
   102384.76992664443        94384.500000000000     
   203606.41166938262        172820.00000000000     
   213610.27913770024        16903.200000000001     
   231388.54929505230        29769.299999999999     
   269879.63699858915        65275.900000000001     
   289490.65506129985        32769.000000000000     
   328209.39996519475        64941.000000000000     
   349300.24671716319        34831.000000000000     
   392037.42798223678        81260.300000000003     
   415405.90976724797        38562.099999999999     
   448680.31443020579        63343.599999999999     
   473567.17753085424        47526.300000000003     
   488428.24695240398        61905.699999999997     
   512917.73460643459        56411.099999999999     
   526693.16753394622        22895.700000000001     
   537678.61557511927        36421.900000000001     
   539949.68741882558        38511.000000000000     
   563609.00794746401        46020.900000000001     
   563614.23697112757        44781.800000000003     
   571080.37351909559        39378.199999999997     
   577808.32372949878        29053.700000000001     
   578911.68229263660        30473.700000000001     
   579321.83426137629        19132.599999999999     
   583278.85611909186        16607.400000000001     
   583349.58235272521        18959.200000000001     
   583349.58235272521        9153.1800000000003     
   583349.58235272521        10435.799999999999     
   583405.51979523501        8968.2500000000000     
   583405.51979625062        5999.9399999999996     
   583546.64344919322        5085.0799999999999     
   583602.38404870371        1434.4500000000000     
   583876.70744120074        11708.600000000000     
   1427.1220699830305        4196.2200000000003     
   2472.3737403097075        2523.8099999999999     
   8007.7418787937677        12112.299999999999     
   17539.241941411448        18868.500000000000     
   24425.047556652615        12882.700000000001     
   55215.896458132651        53686.800000000003     
   113212.81736374140        94384.500000000000     
   223854.07431486546        172820.00000000000     
   234770.47286491087        16903.200000000001     
   254154.07180566152        29769.299999999999     
   296143.45182833914        65275.900000000001     
   317508.58963684313        32769.000000000000     
   359690.65691140702        64941.000000000000     
   382637.31119493325        34831.000000000000     
   429547.21707827935        81260.300000000003     
   454961.08077201870        38562.099999999999     
   491456.31457715319        63343.599999999999     
   518769.71171096520        47526.300000000003     
   535608.30957885203        61905.699999999997     
   562813.23784126691        56411.099999999999     
   577796.28566273942        22895.700000000001     
   590038.79582449747        36421.900000000001     
   592799.34956142562        38511.000000000000     
   618787.89305722760        46020.900000000001     
   618797.01803350123        44781.800000000003     
   627177.90455055365        39378.199999999997     
   634693.01255007985        29053.700000000001     
   636006.87005458632        30473.700000000001     
   636505.74457687035        19132.599999999999     
   640928.78308821050        16607.400000000001     
   641021.88878374966        18959.200000000001     
   641021.88878374966        9153.1800000000003     
   641021.88878374966        10435.799999999999     
   641095.91903156240        8968.2500000000000     
   641095.91903651704        5999.9399999999996     
   641267.49194668652        5085.0799999999999     
   641335.57326297893        1434.4500000000000     
   641668.34286175121        11708.600000000000     
   83.215774918441397        4196.2200000000003     
   145.68163182784588        2523.8099999999999     
   483.55603762298472        12112.299999999999     
   1083.7216341177345        18868.500000000000     
   1527.8825714527252        12882.700000000001     
   3601.9328231246036        53686.800000000003     
   7879.7316906464512        94384.500000000000     
   17363.308105870245        172820.00000000000     
   18366.163336395402        16903.200000000001     
   20231.231002297933        29769.299999999999     
   24160.765004058860        65275.900000000001     
   26295.948503439060        32769.000000000000     
   30535.965260744590        64941.000000000000     
   33037.665120588004        34831.000000000000     
   36420.046549987652        81260.300000000003     
   39268.633009051191        38562.099999999999     
   42059.427019465773        63343.599999999999     
   44233.167464962768        47526.300000000003     
   44669.745818041527        61905.699999999997     
   45684.373300530366        56411.099999999999     
   47354.002406845262        22895.700000000001     
   47999.546924087575        36421.900000000001     
   48003.758637054598        38511.000000000000     
   49843.639039682545        46020.900000000001     
   49843.639130476891        44781.800000000003     
   50151.685632301233        39378.199999999997     
   50554.542204489830        29053.700000000001     
   50557.425108854528        30473.700000000001     
   50557.580721766055        19132.599999999999     
   50754.070131468747        16607.400000000001     
   50754.070912295792        18959.200000000001     
   50754.070912295792        9153.1800000000003     
   50754.070912295792        10435.799999999999     
   50754.071337020243        8968.2500000000000     
   50754.071337020243        5999.9399999999996     
   50754.125816179512        5085.0799999999999     
   50754.156830741871        1434.4500000000000     
   50754.167356261823        11708.600000000000     
   329.36484011898949        4196.2200000000003     
   576.82409717422854        2523.8099999999999     
   1918.7283869894900        12112.299999999999     
   4320.6692333502297        18868.500000000000     
   6113.8847720998074        12882.700000000001     
   14629.496666115705        53686.800000000003     
   32256.464001937162        94384.500000000000     
   68902.851078417836        172820.00000000000     
   72623.345443314756        16903.200000000001     
   79331.657908987283        29769.299999999999     
   93718.380087660684        65275.900000000001     
   101214.86400521308        32769.000000000000     
   116015.13883015339        64941.000000000000     
   124269.13868048252        34831.000000000000     
   138834.80792188982        81260.300000000003     
   148049.48178702869        38562.099999999999     
   159573.59366998397        63343.599999999999     
   168215.76186953869        47526.300000000003     
   171590.89432658919        61905.699999999997     
   178480.99967297370        56411.099999999999     
   183901.91120348065        22895.700000000001     
   187016.78033200119        36421.900000000001     
   187209.60953787266        38511.000000000000     
   195208.85595214920        46020.900000000001     
   195208.85651966702        44781.800000000003     
   197201.39835053193        39378.199999999997     
   199195.77489547414        29053.700000000001     
   199318.41652074829        30473.700000000001     
   199350.28403779666        19132.599999999999     
   200416.16736428763        16607.400000000001     
   200417.04226347647        18959.200000000001     
   200417.04226347647        9153.1800000000003     
   200417.04226347647        10435.799999999999     
   200417.73596567946        8968.2500000000000     
   200417.73596567946        5999.9399999999996     
   200429.53164553520        5085.0799999999999     
   200433.65917675209        1434.4500000000000     
   200448.71987309167        11708.600000000000     
   648.14870723200033        4196.2200000000003     
   1134.2742119263039        2523.8099999999999     
   3761.8200799583619        12112.299999999999     
   8424.6424537446801        18868.500000000000     
   11871.026776174007        12882.700000000001     
   27862.915129513018        53686.800000000003     
   59521.649012955859        94384.500000000000     
   122374.78944873725        172820.00000000000     
   128654.18232144069        16903.200000000001     
   139877.20302235731        29769.299999999999     
   164079.15271713090        65275.900000000001     
   176522.78730417221        32769.000000000000     
   201083.36139315111        64941.000000000000     
   214586.12116518104        34831.000000000000     
   240406.71585075872        81260.300000000003     
   255410.90940169632        38562.099999999999     
   275628.74889513693        63343.599999999999     
   290748.42853494070        47526.300000000003     
   298179.77777339495        61905.699999999997     
   311886.67278606619        56411.099999999999     
   320724.01540016371        22895.700000000001     
   326800.15948287200        36421.900000000001     
   327546.45383371145        38511.000000000000     
   341793.15297706227        46020.900000000001     
   341793.27722195548        44781.800000000003     
   345813.35894581501        39378.199999999997     
   349575.62550206936        29053.700000000001     
   349987.80559908628        30473.700000000001     
   350120.74320973456        19132.599999999999     
   352270.96609706571        16607.400000000001     
   352283.38684755290        18959.200000000001     
   352283.38684755290        9153.1800000000003     
   352283.38684755290        10435.799999999999     
   352292.70009390719        8968.2500000000000     
   352292.70009390725        5999.9399999999996     
   352339.87587302254        5085.0799999999999     
   352357.49990633741        1434.4500000000000     
   352441.28179865808        11708.600000000000     
   979.05524518771801        4196.2200000000003     
   1707.0478277355405        2523.8099999999999     
   5608.2245509256682        12112.299999999999     
   12435.618819851279        18868.500000000000     
   17425.368453783558        12882.700000000001     
   40138.317309945516        53686.800000000003     
   83895.222190858098        94384.500000000000     
   168821.11861864146        172820.00000000000     
   177244.48494353518        16903.200000000001     
   192242.82834344648        29769.299999999999     
   224664.99570894550        65275.900000000001     
   241237.69649529105        32769.000000000000     
   273948.33383852331        64941.000000000000     
   291823.49134524690        34831.000000000000     
   327290.83490706689        81260.300000000003     
   347115.29498004762        38562.099999999999     
   374776.45588910952        63343.599999999999     
   395486.00070268085        47526.300000000003     
   406953.40092395456        61905.699999999997     
   426763.54005298077        56411.099999999999     
   438446.31671658787        22895.700000000001     
   447265.89892671886        36421.900000000001     
   448780.96773560019        38511.000000000000     
   468401.60783508793        46020.900000000001     
   468402.99730865518        44781.800000000003     
   474327.70141760382        39378.199999999997     
   479743.62696063658        29053.700000000001     
   480516.12848581816        30473.700000000001     
   480785.08926578879        19132.599999999999     
   483946.26739485015        16607.400000000001     
   483985.43059525406        18959.200000000001     
   483985.43059525406        9153.1800000000003     
   483985.43059525406        10435.799999999999     
   484014.72498824098        8968.2500000000000     
   484014.72498827201        5999.9399999999996     
   484109.73562240211        5085.0799999999999     
   484146.71578341606        1434.4500000000000     
   484328.77051781572        11708.600000000000     
   1255.9096771985148        4196.2200000000003     
   2181.1927242794100        2523.8099999999999     
   7102.6638540875183        12112.299999999999     
   15625.931402238904        18868.500000000000     
   21807.943354300551        12882.700000000001     
   49617.207956785671        53686.800000000003     
   102384.79930461713        94384.500000000000     
   203604.58593440201        172820.00000000000     
   213607.65482322016        16903.200000000001     
   231385.82684717956        29769.299999999999     
   269863.97806257324        65275.900000000001     
   289474.98131113726        32769.000000000000     
   328183.75611809047        64941.000000000000     
   349274.19130501006        34831.000000000000     
   391923.58271369786        81260.300000000003     
   415292.03006024787        38562.099999999999     
   448495.11455479951        63343.599999999999     
   473379.07821448660        47526.300000000003     
   488096.37842319463        61905.699999999997     
   512536.64522975672        56411.099999999999     
   526311.71821991063        22895.700000000001     
   537251.72882170812        36421.900000000001     
   539502.42207665299        38511.000000000000     
   563130.25439323077        46020.900000000001     
   563134.91507960530        44781.800000000003     
   570568.03935079370        39378.199999999997     
   577292.25222105486        29053.700000000001     
   578390.87608117447        30473.700000000001     
   578789.78038895107        19132.599999999999     
   582735.38249082281        16607.400000000001     
   582805.58726118749        18959.200000000001     
   582805.58726118749        9153.1800000000003     
   582805.58726118749        10435.799999999999     
   582858.61223259289        8968.2500000000000     
   582858.61223359406        5999.9399999999996     
   582999.36403329810        5085.0799999999999     
   583054.99881013995        1434.4500000000000     
   583327.92562666791        11708.600000000000     
   1427.1355973170773        4196.2200000000003     
   2472.3949705238865        2523.8099999999999     
   8007.7967719697135        12112.299999999999     
   17539.340810311842        18868.500000000000     
   24425.172052950918        12882.700000000001     
   55216.099555237874        53686.800000000003     
   113212.84417422756        94384.500000000000     
   223852.20003937578        172820.00000000000     
   234767.78708220870        16903.200000000001     
   254151.28593266718        29769.299999999999     
   296127.51955657778        65275.900000000001     
   317492.64195472165        32769.000000000000     
   359664.61398226593        64941.000000000000     
   382610.85349605203        34831.000000000000     
   429429.73525607755        81260.300000000003     
   454843.56413283129        38562.099999999999     
   491264.65126381972        63343.599999999999     
   518575.11554331239        47526.300000000003     
   535256.55723455094        61905.699999999997     
   562408.66641362105        56411.099999999999     
   577391.35289011523        22895.700000000001     
   589585.88266261178        36421.900000000001     
   592322.64619657258        38511.000000000000     
   618278.57899486844        46020.900000000001     
   618286.78269521985        44781.800000000003     
   626629.87919668935        39378.199999999997     
   634141.11511086416        29053.700000000001     
   635449.67145149084        30473.700000000001     
   635935.27423235448        19132.599999999999     
   640346.36698248703        16607.400000000001     
   640438.82004003995        18959.200000000001     
   640438.82004003995        9153.1800000000003     
   640438.82004003995        10435.799999999999     
   640509.22997135273        8968.2500000000000     
   640509.22997623961        5999.9399999999996     
   640680.38431617722        5085.0799999999999     
   640748.34686022636        1434.4500000000000     
   641079.54180539306        11708.600000000000     
   83.216974264705840        4196.2200000000003     
   145.68359144197342        2523.8099999999999     
   483.56161621321496        12112.299999999999     
   1083.7325591431863        18868.500000000000     
   1527.8969449810652        12882.700000000001     
   3601.9605802756000        53686.800000000003     
   7879.7232506031578        94384.500000000000     
   17362.423081073597        172820.00000000000     
   18364.753828045395        16903.200000000001     
   20229.754197946899        29769.299999999999     
   24151.711594150052        65275.900000000001     
   26286.886252849021        32769.000000000000     
   30519.776151561193        64941.000000000000     
   33021.060954945831        34831.000000000000     
   36374.725183903705        81260.300000000003     
   39223.275845517426        38562.099999999999     
   41990.859522894680        63343.599999999999     
   44162.349426462781        47526.300000000003     
   44586.345402609499        61905.699999999997     
   45596.791050811029        56411.099999999999     
   47266.037837442716        22895.700000000001     
   47905.922792613783        36421.900000000001     
   47910.017294230362        38511.000000000000     
   49739.563666430498        46020.900000000001     
   49739.563738065190        44781.800000000003     
   50041.196439324420        39378.199999999997     
   50442.209177123215        29053.700000000001     
   50445.011065117498        30473.700000000001     
   50445.143403447742        19132.599999999999     
   50638.800445620902        16607.400000000001     
   50638.801215130596        18959.200000000001     
   50638.801215130596        9153.1800000000003     
   50638.801215130596        10435.799999999999     
   50638.801595418605        8968.2500000000000     
   50638.801595418605        5999.9399999999996     
   50638.854758356247        5085.0799999999999     
   50638.885255653004        1434.4500000000000     
   50638.895428765107        11708.600000000000     
   329.36961133496061        4196.2200000000003     
   576.83193686716720        2523.8099999999999     
   1918.7512044527839        12112.299999999999     
   4320.7154798417569        18868.500000000000     
   6113.9468878716507        12882.700000000001     
   14629.622168181035        53686.800000000003     
   32256.469965403572        94384.500000000000     
   68900.914229830727        172820.00000000000     
   72620.482176073740        16903.200000000001     
   79328.683520967636        29769.299999999999     
   93700.846750942466        65275.900000000001     
   101197.31691479668        32769.000000000000     
   115985.76444652380        64941.000000000000     
   124239.23000948969        34831.000000000000     
   138731.06802096154        81260.300000000003     
   147945.69896804151        38562.099999999999     
   159411.01989391277        63343.599999999999     
   168049.73569578852        47526.300000000003     
   171362.77319426392        61905.699999999997     
   178228.96596330369        56411.099999999999     
   183649.41567505721        22895.700000000001     
   186738.09734982846        36421.900000000001     
   186927.57445504487        38511.000000000000     
   194900.25754316855        46020.900000000001     
   194900.25794864813        44781.800000000003     
   196875.33307272368        39378.199999999997     
   198866.03782514669        29053.700000000001     
   198987.11545430182        30473.700000000001     
   199016.78798833332        19132.599999999999     
   200074.45486935860        16607.400000000001     
   200075.31164848397        18959.200000000001     
   200075.31164848397        9153.1800000000003     
   200075.31164848397        10435.799999999999     
   200075.89919438295        8968.2500000000000     
   200075.89919438295        5999.9399999999996     
   200087.59573016700        5085.0799999999999     
   200091.69849837388        1434.4500000000000     
   200106.54197613048        11708.600000000000     
   648.15809225381622        4196.2200000000003     
   1134.2895385802781        2523.8099999999999     
   3761.8636337089019        12112.299999999999     
   8424.7274788055820        18868.500000000000     
   11871.138164726908        12882.700000000001     
   27863.119522267931        53686.800000000003     
   59521.680965502121        94384.500000000000     
   122372.48775264171        172820.00000000000     
   128650.83039962662        16903.200000000001     
   139873.72526673111        29769.299999999999     
   164058.82974720726        65275.900000000001     
   176502.44784107956        32769.000000000000     
   201049.75577064714        64941.000000000000     
   214551.95015996124        34831.000000000000     
   240274.02752606949        81260.300000000003     
   255278.17576363825        38562.099999999999     
   275417.04635554284        63343.599999999999     
   290532.89225613244        47526.300000000003     
   297849.37962191249        61905.699999999997     
   311512.67557058786        56411.099999999999     
   320349.53758299770        22895.700000000001     
   326381.62395870814        36421.900000000001     
   327117.05209499225        38511.000000000000     
   341328.37387014483        46020.900000000001     
   341328.47218990378        44781.800000000003     
   345323.69788496039        39378.199999999997     
   349081.41339805181        29053.700000000001     
   349490.12142505439        30473.700000000001     
   349617.00107340375        19132.599999999999     
   351755.01820896019        16607.400000000001     
   351767.26085767359        18959.200000000001     
   351767.26085767359        9153.1800000000003     
   351767.26085767359        10435.799999999999     
   351775.64877031103        8968.2500000000000     
   351775.64877031109        5999.9399999999996     
   351822.57191820932        5085.0799999999999     
   351840.13136986713        1434.4500000000000     
   351923.10125866078        11708.600000000000     
   979.06910245348411        4196.2200000000003     
   1707.0700694344041        2523.8099999999999     
   5608.2850678616123        12112.299999999999     
   12435.732328089989        18868.500000000000     
   17425.514155540954        12882.700000000001     
   40138.568493901308        53686.800000000003     
   83895.263194687199        94384.500000000000     
   168818.61707526847        172820.00000000000     
   177240.87119584481        16903.200000000001     
   192239.08052984942        29769.299999999999     
   224643.29402886832        65275.900000000001     
   241215.97628241911        32769.000000000000     
   273912.66520597273        64941.000000000000     
   291787.24205979274        34831.000000000000     
   327141.01834986237        81260.300000000003     
   346965.43164387892        38562.099999999999     
   374535.03329896822        63343.599999999999     
   395240.55938276387        47526.300000000003     
   406547.31650581525        61905.699999999997     
   426299.56110462430        56411.099999999999     
   437981.84904545487        22895.700000000001     
   446745.97499363846        36421.900000000001     
   448241.16034143441        38511.000000000000     
   467821.10930227925        46020.900000000001     
   467822.27113003965        44781.800000000003     
   473713.12289470516        39378.199999999997     
   479123.88371761644        29053.700000000001     
   479891.28493182187        30473.700000000001     
   480150.00182158547        19132.599999999999     
   483296.43994417170        16607.400000000001     
   483335.14584733883        18959.200000000001     
   483335.14584733883        9153.1800000000003     
   483335.14584733883        10435.799999999999     
   483362.15576907102        8968.2500000000000     
   483362.15576910123        5999.9399999999996     
   483456.77107695176        5085.0799999999999     
   483493.64982355561        1434.4500000000000     
   483674.30845257873        11708.600000000000     
   1255.9269204235056        4196.2200000000003     
   2181.2200054596369        2523.8099999999999     
   7102.7356738522476        12112.299999999999     
   15626.062568850648        18868.500000000000     
   21808.109595512949        12882.700000000001     
   49617.484204900473        53686.800000000003     
   102384.83946311453        94384.500000000000     
   203601.96138519797        172820.00000000000     
   213603.88311555737        16903.200000000001     
   231381.91604246700        29769.299999999999     
   269841.51260000595        65275.900000000001     
   289452.49587543495        32769.000000000000     
   328146.95743646077        64941.000000000000     
   349236.80334258208        34831.000000000000     
   391763.55146198638        81260.300000000003     
   415131.95107959758        38562.099999999999     
   448235.71596765384        63343.599999999999     
   473115.56247399631        47526.300000000003     
   487639.55728068459        61905.699999999997     
   512012.57614908135        56411.099999999999     
   525787.15630188433        22895.700000000001     
   536664.84553186549        36421.900000000001     
   538888.02156566770        38511.000000000000     
   562471.99507538520        46020.900000000001     
   562475.99443971249        44781.800000000003     
   569866.11541982228        39378.199999999997     
   576584.74524918548        29053.700000000001     
   577677.04126402317        30473.700000000001     
   578061.84890709235        19132.599999999999     
   581991.18008590676        16607.400000000001     
   582060.65166418091        18959.200000000001     
   582060.65166418091        9153.1800000000003     
   582060.65166418091        10435.799999999999     
   582110.05572361080        8968.2500000000000     
   582110.05572458962        5999.9399999999996     
   582250.30166211212        5085.0799999999999     
   582305.80757464305        1434.4500000000000     
   582576.91577150999        11708.600000000000     
   1427.1547724332559        4196.2200000000003     
   2472.4250629121598        2523.8099999999999     
   8007.8745672317336        12112.299999999999     
   17539.480908795245        18868.500000000000     
   24425.348452751787        12882.700000000001     
   55216.387260139702        53686.800000000003     
   113212.88129986913        94384.500000000000     
   223849.50963228141        172820.00000000000     
   234763.93188910541        16903.200000000001     
   254147.28898217130        29769.299999999999     
   296104.67360690446        65275.900000000001     
   317469.77521454450        32769.000000000000     
   359627.25666163274        64941.000000000000     
   382572.90252451994        34831.000000000000     
   429264.48629825021        81260.300000000003     
   454678.26692752639        38562.099999999999     
   490995.99144967308        63343.599999999999     
   518302.29129411944        47526.300000000003     
   534772.13783192367        61905.699999999997     
   561851.98752881028        56411.099999999999     
   576834.17923031352        22895.700000000001     
   588962.83930987492        36421.900000000001     
   591667.43253438000        38511.000000000000     
   617577.89474047720        46020.900000000001     
   617585.01600582688        44781.800000000003     
   625878.89167384256        39378.199999999997     
   633384.31316690391        29053.700000000001     
   634685.79395301524        30473.700000000001     
   635154.74766831100        19132.599999999999     
   639548.78384797205        16607.400000000001     
   639640.32131902431        18959.200000000001     
   639640.32131902431        9153.1800000000003     
   639640.32131902431        10435.799999999999     
   639706.21725251898        8968.2500000000000     
   639706.21725730132        5999.9399999999996     
   639876.80024951743        5085.0799999999999     
   639944.61819525470        1434.4500000000000     
   640273.76024567639        11708.600000000000     
   83.218273246474467        4196.2200000000003     
   145.68571387546427        2523.8099999999999     
   483.56765799886267        12112.299999999999     
   1083.7443898137831        18868.500000000000     
   1527.9125087244443        12882.700000000001     
   3601.9906258773394        53686.800000000003     
   7879.7094514141299        94384.500000000000     
   17361.407109911946        172820.00000000000     
   18363.145756556340        16903.200000000001     
   20228.070600294770        29769.299999999999     
   24141.631999663816        65275.900000000001     
   26276.796992256946        32769.000000000000     
   30501.836584089826        64941.000000000000     
   33002.659954711766        34831.000000000000     
   36325.837245106275        81260.300000000003     
   39174.348922672638        38562.099999999999     
   41917.370126200592        63343.599999999999     
   44086.404599199217        47526.300000000003     
   44497.605639416710        61905.699999999997     
   45503.643503003499        56411.099999999999     
   47172.481175597415        22895.700000000001     
   47806.482612933331        36421.900000000001     
   47810.457139337050        38511.000000000000     
   49629.103895181877        46020.900000000001     
   49629.103950902616        44781.800000000003     
   49924.225071734130        39378.199999999997     
   50323.220448498738        29053.700000000001     
   50325.940111294600        30473.700000000001     
   50326.052526253210        19132.599999999999     
   50516.797045260391        16607.400000000001     
   50516.797801971581        18959.200000000001     
   50516.797801971581        9153.1800000000003     
   50516.797801971581        10435.799999999999     
   50516.798139823433        8968.2500000000000     
   50516.798139823433        5999.9399999999996     
   50516.849940825603        5085.0799999999999     
   50516.879946877365        1434.4500000000000     
   50516.889766356770        11708.600000000000     
   329.37477798521275        4196.2200000000003     
   576.84042609108531        2523.8099999999999     
   1918.7759093709997        12112.299999999999     
   4320.7655433690670        18868.500000000000     
   6114.0141236713807        12882.700000000001     
   14629.757966777044        53686.800000000003     
   32256.469612617184        94384.500000000000     
   68898.748690670836        172820.00000000000     
   72617.287335068919        16903.200000000001     
   79325.366003126692        29769.299999999999     
   93681.478919926754        65275.900000000001     
   101177.93431714518        32769.000000000000     
   115953.35501536474        64941.000000000000     
   124206.23001472518        34831.000000000000     
   138619.29283447043        81260.300000000003     
   147833.87724105548        38562.099999999999     
   159236.62414845836        63343.599999999999     
   167871.55904895428        47526.300000000003     
   171120.56812164022        61905.699999999997     
   177961.80199881434        56411.099999999999     
   183381.75616325194        22895.700000000001     
   186443.10656075011        36421.900000000001     
   186629.10892331376        38511.000000000000     
   194573.36444515138        46020.900000000001     
   194573.36473100621        44781.800000000003     
   196530.26737860477        39378.199999999997     
   198516.80514510494        29053.700000000001     
   198636.24768748161        30473.700000000001     
   198663.80171400891        19132.599999999999     
   199712.58843092102        16607.400000000001     
   199713.42491180787        18959.200000000001     
   199713.42491180787        9153.1800000000003     
   199713.42491180787        10435.799999999999     
   199713.91863517440        8968.2500000000000     
   199713.91863517440        5999.9399999999996     
   199725.51078238321        5085.0799999999999     
   199729.58932694508        1434.4500000000000     
   199744.20951927861        11708.600000000000     
   648.16825425731668        4196.2200000000003     
   1134.3061337244126        2523.8099999999999     
   3761.9107866315476        12112.299999999999     
   8424.8195155944486        18868.500000000000     
   11871.258728066085        12882.700000000001     
   27863.340681195103        53686.800000000003     
   59521.709256532187        94384.500000000000     
   122369.92905119144        172820.00000000000     
   128647.10879584860        16903.200000000001     
   139869.86526962425        29769.299999999999     
   164036.40108948550        65275.900000000001     
   176480.00152752490        32769.000000000000     
   201012.68645093343        64941.000000000000     
   214514.25677480089        34831.000000000000     
   240130.71718145348        81260.300000000003     
   255134.81633269586        38562.099999999999     
   275189.25259172276        63343.599999999999     
   290300.89680963615        47526.300000000003     
   297498.55818509060        61905.699999999997     
   311116.04612905980        56411.099999999999     
   319952.39212216804        22895.700000000001     
   325937.93521560822        36421.900000000001     
   326662.05949802086        38511.000000000000     
   340835.32139152009        46020.900000000001     
   340835.39830708015        44781.800000000003     
   344804.83050431852        39378.199999999997     
   348557.30656572059        29053.700000000001     
   348962.34816683945        30473.700000000001     
   349083.24867538293        19132.599999999999     
   351207.85368326306        16607.400000000001     
   351219.89702588040        18959.200000000001     
   351219.89702588040        9153.1800000000003     
   351219.89702588040        10435.799999999999     
   351227.41412478464        8968.2500000000000     
   351227.41412478476        5999.9399999999996     
   351274.06882580323        5085.0799999999999     
   351291.56542169303        1434.4500000000000     
   351373.69425022963        11708.600000000000     
   979.08410644149353        4196.2200000000003     
   1707.0941511701999        2523.8099999999999     
   5608.3505840854305        12112.299999999999     
   12435.855194904505        18868.500000000000     
   17425.671856684832        12882.700000000001     
   40138.840286009181        53686.800000000003     
   83895.301895708166        94384.500000000000     
   168815.84450890293        172820.00000000000     
   177236.86918200162        16903.200000000001     
   192234.93135282898        29769.299999999999     
   224619.35789079420        65275.900000000001     
   241192.02032386715        32769.000000000000     
   273873.33067923028        64941.000000000000     
   291747.26708614849        34831.000000000000     
   326978.93489157595        81260.300000000003     
   346803.29753947374        38562.099999999999     
   374274.74287794391        63343.599999999999     
   394975.86348921200        47526.300000000003     
   406115.77261777164        61905.699999999997     
   425806.94843647094        56411.099999999999     
   437488.71151671227        22895.700000000001     
   446193.91789044323        36421.900000000001     
   447668.32737976074        38511.000000000000     
   467204.37327565619        46020.900000000001     
   467205.33632330154        44781.800000000003     
   473061.40177581814        39378.199999999997     
   478466.15021201031        29053.700000000001     
   479228.14456470212        30473.700000000001     
   479476.72025164985        19132.599999999999     
   482606.84186162689        16607.400000000001     
   482645.03792428417        18959.200000000001     
   482645.03792428417        9153.1800000000003     
   482645.03792428417        10435.799999999999     
   482669.84910420934        8968.2500000000000     
   482669.84910423862        5999.9399999999996     
   482764.04099201667        5085.0799999999999     
   482800.82148968964        1434.4500000000000     
   482980.02822830353        11708.600000000000     
   1255.9455902680729        4196.2200000000003     
   2181.2495431613065        2523.8099999999999     
   7102.8134258181726        12112.299999999999     
   15626.204549231443        18868.500000000000     
   21808.289527395769        12882.700000000001     
   49617.783121426517        53686.800000000003     
   102384.87772244665        94384.500000000000     
   203599.05766276681        172820.00000000000     
   213599.71254975349        16903.200000000001     
   231377.59296120121        29769.299999999999     
   269816.74453559221        65275.900000000001     
   289427.70645799511        32769.000000000000     
   328106.38666971109        64941.000000000000     
   349195.58290169016        34831.000000000000     
   391590.22719081375        81260.300000000003     
   414958.57515054359        38562.099999999999     
   447955.69070176582        63343.599999999999     
   472831.02346930158        47526.300000000003     
   487153.71838542446        61905.699999999997     
   511455.63937751169        56411.099999999999     
   525229.69019765453        22895.700000000001     
   536040.99149874109        36421.900000000001     
   538235.33025001816        38511.000000000000     
   561771.90281621180        46020.900000000001     
   561775.30951008759        44781.800000000003     
   569121.48169906787        39378.199999999997     
   575833.56251885486        29053.700000000001     
   576919.15033843694        30473.700000000001     
   577290.00126411463        19132.599999999999     
   581201.25182854454        16607.400000000001     
   581269.90895233676        18959.200000000001     
   581269.90895233676        9153.1800000000003     
   581269.90895233676        10435.799999999999     
   581315.79697192658        8968.2500000000000     
   581315.79697287874        5999.9399999999996     
   581455.49804034876        5085.0799999999999     
   581510.87929294584        1434.4500000000000     
   581780.09187096916        11708.600000000000     
   1427.1755338567723        4196.2200000000003     
   2472.4576441407144        2523.8099999999999     
   8007.9587879068249        12112.299999999999     
   17539.632557201607        18868.500000000000     
   24425.539379902133        12882.700000000001     
   55216.698576037117        53686.800000000003     
   113212.91655214968        94384.500000000000     
   223846.53580780918        172820.00000000000     
   234759.67240308522        16903.200000000001     
   254142.87415254585        29769.299999999999     
   296079.49223349814        65275.900000000001     
   317444.57161743793        32769.000000000000     
   359586.07641592674        64941.000000000000     
   382531.06793963537        34831.000000000000     
   429085.40687976213        81260.300000000003     
   454499.13529869280        38562.099999999999     
   490705.77412480989        63343.599999999999     
   518007.50827470422        47526.300000000003     
   534256.72370017425        61905.699999999997     
   561260.08799812582        56411.099999999999     
   576241.74826377095        22895.700000000001     
   588300.16765179660        36421.900000000001     
   590970.99772825511        38511.000000000000     
   616832.27471698658        46020.900000000001     
   616838.41479371779        44781.800000000003     
   625082.08213963092        39378.199999999997     
   632580.65477696829        29053.700000000001     
   633874.64440082712        30473.700000000001     
   634327.11189717799        19132.599999999999     
   638702.15904370183        16607.400000000001     
   638792.68164553470        18959.200000000001     
   638792.68164553470        9153.1800000000003     
   638792.68164553470        10435.799999999999     
   638854.17936603515        8968.2500000000000     
   638854.17937069421        5999.9399999999996     
   639024.14501572959        5085.0799999999999     
   639091.82310202147        1434.4500000000000     
   639418.82289987931        11708.600000000000     
   83.219390441976685        4196.2200000000003     
   145.68753920856346        2523.8099999999999     
   483.57285316692344        12112.299999999999     
   1083.7545598752677        18868.500000000000     
   1527.9258857945720        12882.700000000001     
   3602.0164379935741        53686.800000000003     
   7879.6936409052250        94384.500000000000     
   17360.480756935969        172820.00000000000     
   18361.684715438267        16903.200000000001     
   20226.541109248603        29769.299999999999     
   24132.616591037557        65275.900000000001     
   26267.772562087594        32769.000000000000     
   30485.824767717000        64941.000000000000     
   32986.233407273852        34831.000000000000     
   36282.847787740189        81260.300000000003     
   39131.324382028208        38562.099999999999     
   41852.986552051123        63343.599999999999     
   44019.836225030682        47526.300000000003     
   44420.227213016478        61905.699999999997     
   45422.422196852902        56411.099999999999     
   47090.895914299123        22895.700000000001     
   47719.797424409880        36421.900000000001     
   47723.670051418361        38511.000000000000     
   49532.779083697125        46020.900000000001     
   49532.779128270704        44781.800000000003     
   49822.310942793076        39378.199999999997     
   50219.460117003320        29053.700000000001     
   50222.109299630771        30473.700000000001     
   50222.207142849904        19132.599999999999     
   50410.430292380690        16607.400000000001     
   50410.431037095957        18959.200000000001     
   50410.431037095957        9153.1800000000003     
   50410.431037095957        10435.799999999999     
   50410.431341191448        8968.2500000000000     
   50410.431341191448        5999.9399999999996     
   50410.481949608082        5085.0799999999999     
   50410.511551745629        1434.4500000000000     
   50410.521069200498        11708.600000000000     
   329.37922470711385        4196.2200000000003     
   576.84773257632037        2523.8099999999999     
   1918.7971711809043        12112.299999999999     
   4320.8086222744423        18868.500000000000     
   6114.0719727003689        12882.700000000001     
   14629.874758821361        53686.800000000003     
   32256.460086857980        94384.500000000000     
   68896.790541068185        172820.00000000000     
   72614.404930384437        16903.200000000001     
   79322.373128677529        29769.299999999999     
   93664.157728464095        65275.900000000001     
   101160.59949906252        32769.000000000000     
   115924.39261373739        64941.000000000000     
   124176.73780192189        34831.000000000000     
   138520.84282336920        81260.300000000003     
   147735.38543121086        38562.099999999999     
   159083.45973316938        63343.599999999999     
   167715.01792966397        47526.300000000003     
   170909.24348582386        61905.699999999997     
   177728.95482272597        56411.099999999999     
   183148.46698528226        22895.700000000001     
   186186.22851447223        36421.900000000001     
   186369.24147433741        38511.000000000000     
   194288.37837268604        46020.900000000001     
   194288.37858354964        44781.800000000003     
   196229.33648821583        39378.199999999997     
   198211.96607144742        29053.700000000001     
   198329.97060445818        30473.700000000001     
   198355.78611323269        19132.599999999999     
   199396.62877069719        16607.400000000001     
   199397.44655416679        18959.200000000001     
   199397.44655416679        9153.1800000000003     
   199397.44655416679        10435.799999999999     
   199397.87019307876        8968.2500000000000     
   199397.87019307876        5999.9399999999996     
   199409.36939361747        5085.0799999999999     
   199413.42755735648        1434.4500000000000     
   199427.85278246476        11708.600000000000     
   648.17700298986779        4196.2200000000003     
   1134.3204210572321        2523.8099999999999     
   3761.9513786474263        12112.299999999999     
   8424.8987310649500        18868.500000000000     
   11871.362483784240        12882.700000000001     
   27863.530927528507        53686.800000000003     
   59521.722331195240        94384.500000000000     
   122367.61860549144        172820.00000000000     
   128643.75535383826        16903.200000000001     
   139866.38745109504        29769.299999999999     
   164016.33078088233        65275.900000000001     
   176459.91505573160        32769.000000000000     
   200979.53182348213        64941.000000000000     
   214480.54256561722        34831.000000000000     
   240004.25021389476        81260.300000000003     
   255008.30533009468        38562.099999999999     
   274988.72882348119        63343.599999999999     
   290096.61711786501        47526.300000000003     
   297192.49508316361        61905.699999999997     
   310770.27808486542        56411.099999999999     
   319606.16355183139        22895.700000000001     
   325551.11699658597        36421.900000000001     
   326265.50140091125        38511.000000000000     
   340405.02670104546        46020.900000000001     
   340405.08868365583        44781.800000000003     
   344351.95743276284        39378.199999999997     
   348099.47377113218        29053.700000000001     
   348501.26342627034        30473.700000000001     
   348617.15126960864        19132.599999999999     
   350729.62041928223        16607.400000000001     
   350741.47980927990        18959.200000000001     
   350741.47980927990        9153.1800000000003     
   350741.47980927990        10435.799999999999     
   350748.30576994736        8968.2500000000000     
   350748.30576994742        5999.9399999999996     
   350794.71973565168        5085.0799999999999     
   350812.16377192514        1434.4500000000000     
   350893.55334479513        11708.600000000000     
   979.09702550501856        4196.2200000000003     
   1707.1148864928530        2523.8099999999999     
   5608.4069897844474        12112.299999999999     
   12435.960954754766        18868.500000000000     
   17425.807584367238        12882.700000000001     
   40139.074109139328        53686.800000000003     
   83895.322897410253        94384.500000000000     
   168813.34330468506        172820.00000000000     
   177233.26596735138        16903.200000000001     
   192231.19603983086        29769.299999999999     
   224597.93501114243        65275.900000000001     
   241170.57939737343        32769.000000000000     
   273838.13961398124        64941.000000000000     
   291711.50192442967        34831.000000000000     
   326835.73536726064        81260.300000000003     
   346660.05261914898        38562.099999999999     
   374045.30997789546        63343.599999999999     
   394742.49102893966        47526.300000000003     
   405739.09989212244        61905.699999999997     
   425377.18423057935        56411.099999999999     
   437058.47878969123        22895.700000000001     
   445712.03797217528        36421.900000000001     
   447168.48772196518        38511.000000000000     
   466665.55302667094        46020.900000000001     
   466666.36964932107        44781.800000000003     
   472492.35543803673        39378.199999999997     
   477891.37231362972        29053.700000000001     
   478648.55485796509        30473.700000000001     
   478888.61009540665        19132.599999999999     
   482003.89154415834        16607.400000000001     
   482041.61788246082        18959.200000000001     
   482041.61788246082        9153.1800000000003     
   482041.61788246082        10435.799999999999     
   482064.64536636526        8968.2500000000000     
   482064.64536639367        5999.9399999999996     
   482158.45537196257        5085.0799999999999     
   482195.15414097771        1434.4500000000000     
   482373.08040045109        11708.600000000000     
   1255.9616667785999        4196.2200000000003     
   2181.2749776718879        2523.8099999999999     
   7102.8803686117390        12112.299999999999     
   15626.326766122540        18868.500000000000     
   21808.444394199149        12882.700000000001     
   49618.040291087818        53686.800000000003     
   102384.89777966322        94384.500000000000     
   203596.43998279073        172820.00000000000     
   213595.95975092927        16903.200000000001     
   231373.70336555579        29769.299999999999     
   269794.57666441676        65275.900000000001     
   289405.51921100076        32769.000000000000     
   328070.08614295430        64941.000000000000     
   349158.70012037677        34831.000000000000     
   391436.98457328230        81260.300000000003     
   414805.28625721997        38562.099999999999     
   447708.66294133454        63343.599999999999     
   472579.95862946595        47526.300000000003     
   486729.42256587697        61905.699999999997     
   510969.43116434780        56411.099999999999     
   524743.00942353148        22895.700000000001     
   535495.97524803132        36421.900000000001     
   537665.32565694081        38511.000000000000     
   561159.77095190203        46020.900000000001     
   561162.72992410441        44781.800000000003     
   568471.18646413542        39378.199999999997     
   575176.99423696334        29053.700000000001     
   576256.61121782742        30473.700000000001     
   576615.74666728592        19132.599999999999     
   580510.50773330533        16607.400000000001     
   580578.41631789855        18959.200000000001     
   580578.41631789855        9153.1800000000003     
   580578.41631789855        10435.799999999999     
   580621.42710567033        8968.2500000000000     
   580621.42710659746        5999.9399999999996     
   580760.63482073625        5085.0799999999999     
   580815.91258015484        1434.4500000000000     
   581083.45015146665        11708.600000000000     
   1427.1934118903691        4196.2200000000003     
   2472.4857000456022        2523.8099999999999     
   8008.0313014228796        12112.299999999999     
   17539.763098502117        18868.500000000000     
   24425.703713045477        12882.700000000001     
   55216.966418823031        53686.800000000003     
   113212.93374453027        94384.500000000000     
   223843.85604394026        172820.00000000000     
   234755.84087702565        16903.200000000001     
   254138.90335104364        29769.299999999999     
   296056.95481250767        65275.900000000001     
   317422.01406674151        32769.000000000000     
   359549.22969560249        64941.000000000000     
   382493.63484567229        34831.000000000000     
   428927.01449614251        81260.300000000003     
   454340.69615968148        38562.099999999999     
   490449.64645433344        63343.599999999999     
   517747.29674354359        47526.300000000003     
   533806.45775686880        61905.699999999997     
   560743.16424199147        56411.099999999999     
   575724.35004836274        22895.700000000001     
   587720.98787689186        36421.900000000001     
   590362.52516437019        38511.000000000000     
   616180.06724948133        46020.900000000001     
   616185.45786015317        44781.800000000003     
   624386.17311038915        39378.199999999997     
   631878.16835020389        29053.700000000001     
   633165.49685401935        30473.700000000001     
   633604.13280305034        19132.599999999999     
   637961.83896026877        16607.400000000001     
   638051.43028709595        18959.200000000001     
   638051.43028709595        9153.1800000000003     
   638051.43028709595        10435.799999999999     
   638109.31687011244        8968.2500000000000     
   638109.31687465543        5999.9399999999996     
   638278.72232867102        5085.0799999999999     
   638346.28435953637        1434.4500000000000     
   638671.38943281630        11708.600000000000     
   83.220319673137624        4196.2200000000003     
   145.68905730117245        2523.8099999999999     
   483.57717299519862        12112.299999999999     
   1083.7630131137962        18868.500000000000     
   1527.9370019479079        12882.700000000001     
   3602.0378750946920        53686.800000000003     
   7879.6775607624877        94384.500000000000     
   17359.671143251442        172820.00000000000     
   18360.410997475665        16903.200000000001     
   20225.207825294259        29769.299999999999     
   24124.856402152353        65275.900000000001     
   26260.004346440659        32769.000000000000     
   30472.062181826652        64941.000000000000     
   32972.112120640231        34831.000000000000     
   36246.315530737033        81260.300000000003     
   39094.761733063278        38562.099999999999     
   41798.434489062900        63343.599999999999     
   43963.410070985301        47526.300000000003     
   44354.911131146029        61905.699999999997     
   45353.863405280114        56411.099999999999     
   47022.024718261018        22895.700000000001     
   47646.628230416667        36421.900000000001     
   47650.416742229165        38511.000000000000     
   49451.420054486509        46020.900000000001     
   49451.420091276712        44781.800000000003     
   49736.288040744461        39378.199999999997     
   50131.794863995099        29053.700000000001     
   50134.385203662343        30473.700000000001     
   50134.472433529314        19132.599999999999     
   50320.574153863679        16607.400000000001     
   50320.574887517068        18959.200000000001     
   50320.574887517068        9153.1800000000003     
   50320.574887517068        10435.799999999999     
   50320.575165300215        8968.2500000000000     
   50320.575165300215        5999.9399999999996     
   50320.624750471587        5085.0799999999999     
   50320.654030455349        1434.4500000000000     
   50320.663297543069        11708.600000000000     
   329.38292681895501        4196.2200000000003     
   576.85381562589168        2523.8099999999999     
   1918.8148725219528        12112.299999999999     
   4320.8444805060690        18868.500000000000     
   6114.1201188737514        12882.700000000001     
   14629.971928151754        53686.800000000003     
   32256.445010708387        94384.500000000000     
   68895.087488947800        172820.00000000000     
   72611.902486226347        16903.200000000001     
   79319.774965053497        29769.299999999999     
   93649.233323330816        65275.900000000001     
   101145.66306619218        32769.000000000000     
   115899.45231461720        64941.000000000000     
   124151.33978119682        34831.000000000000     
   138437.02582982235        81260.300000000003     
   147651.53228045403        38562.099999999999     
   158953.36879490811        63343.599999999999     
   167582.02104670680        47526.300000000003     
   170730.68854296865        61905.699999999997     
   177532.40894637149        56411.099999999999     
   182951.54093225824        22895.700000000001     
   185969.53343573218        36421.900000000001     
   186150.04712545555        38511.000000000000     
   194047.66624203802        46020.900000000001     
   194047.66640506528        44781.800000000003     
   195975.05120893251        39378.199999999997     
   197954.12278652514        29053.700000000001     
   198070.90026617379        30473.700000000001     
   198095.31905526837        19132.599999999999     
   199129.29186906668        16607.400000000001     
   199130.09295595356        18959.200000000001     
   199130.09295595356        9153.1800000000003     
   199130.09295595356        10435.799999999999     
   199130.46470539822        8968.2500000000000     
   199130.46470539822        5999.9399999999996     
   199141.88298394170        5085.0799999999999     
   199145.92457011659        1434.4500000000000     
   199160.18509715176        11708.600000000000     
   648.18428999902289        4196.2200000000003     
   1134.3323212876585        2523.8099999999999     
   3761.9851868664400        12112.299999999999     
   8424.9646944896303        18868.500000000000     
   11871.448870072931        12882.700000000001     
   27863.689263337117        53686.800000000003     
   59521.724340004592        94384.500000000000     
   122365.61056242409        172820.00000000000     
   128640.84588823718        16903.200000000001     
   139863.37036963299        29769.299999999999     
   163999.02528783228        65275.900000000001     
   176442.59538258222        32769.000000000000     
   200950.95611158444        64941.000000000000     
   214451.48357119551        34831.000000000000     
   239896.40735927341        81260.300000000003     
   254900.42441792521        38562.099999999999     
   274818.08333172800        63343.599999999999     
   289922.73676157580        47526.300000000003     
   296933.91255929950        61905.699999999997     
   310478.36176664225        56411.099999999999     
   319313.85094900941        22895.700000000001     
   325224.48722645402        36421.900000000001     
   325930.71644723346        38511.000000000000     
