 1216.0 1216.0     3.3458302e-01    4.5119886e+01     9.3693365e-01
 1300.0 1350.0     4.0427289e-01    3.7345619e+01     9.3427761e-01
 1350.0 1400.0     4.3070366e-01    3.4822753e+01     9.3348131e-01
 1400.0 1450.0     4.4584679e-01    3.3258520e+01     9.3324037e-01
 1450.0 1500.0     4.5833692e-01    3.1948299e+01     9.3313272e-01
 1500.0 1550.0     4.7117695e-01    3.0689695e+01     9.3302506e-01
 1550.0 1600.0     4.8437668e-01    2.9480673e+01     9.3291741e-01
 1600.0 1650.0     4.9715662e-01    2.8383476e+01     9.3286355e-01
 1650.0 1700.0     5.0817062e-01    2.7493149e+01     9.3295125e-01
 1700.0 1750.0     5.1811724e-01    2.6732822e+01     9.3312672e-01
 1754.0 1770.0     5.2558070e-01    2.6181439e+01     9.3325657e-01
 1770.0 1786.0     5.2885100e-01    2.5947530e+01     9.3331272e-01
 1786.0 1802.0     5.3214164e-01    2.5715710e+01     9.3336887e-01
 1802.0 1818.0     5.3545275e-01    2.5485962e+01     9.3342502e-01
 1818.0 1835.0     5.3888926e-01    2.5251216e+01     9.3348293e-01
 1835.0 1852.0     5.4245262e-01    2.5011584e+01     9.3354259e-01
 1852.0 1869.0     5.4603954e-01    2.4774227e+01     9.3360225e-01
 1869.0 1887.0     5.4975711e-01    2.4532275e+01     9.3366366e-01
 1887.0 1905.0     5.5360691e-01    2.4285841e+01     9.3372683e-01
 1905.0 1923.0     5.5748368e-01    2.4041882e+01     9.3379000e-01
 1923.0 1942.0     5.6149682e-01    2.3793734e+01     9.3385493e-01
 1942.0 1961.0     5.6564809e-01    2.3541511e+01     9.3392161e-01
 1961.0 1980.0     5.6923980e-01    2.3311688e+01     9.3400489e-01
 1980.0 2000.0     5.7198086e-01    2.3110449e+01     9.3411760e-01
 2000.0 2020.0     5.7445145e-01    2.2917546e+01     9.3424313e-01
 2020.0 2041.0     5.7699501e-01    2.2721512e+01     9.3437180e-01
 2041.0 2062.0     5.7961214e-01    2.2522414e+01     9.3450360e-01
 2062.0 2083.0     5.8224115e-01    2.2325061e+01     9.3463541e-01
 2083.0 2105.0     5.8494526e-01    2.2124821e+01     9.3477036e-01
 2105.0 2128.0     5.8778858e-01    2.1917191e+01     9.3491158e-01
 2128.0 2151.0     5.9070922e-01    2.1706939e+01     9.3505594e-01
 2151.0 2174.0     5.9364437e-01    2.1498704e+01     9.3520030e-01
 2174.0 2200.0     5.9678750e-01    2.1279153e+01     9.3535407e-01
 2200.0 2222.0     5.9988144e-01    2.1066102e+01     9.3550471e-01
 2222.0 2247.0     6.0292762e-01    2.0859707e+01     9.3565221e-01
 2247.0 2273.0     6.0625020e-01    2.0637988e+01     9.3581226e-01
 2273.0 2299.0     6.0965659e-01    2.0414324e+01     9.3597545e-01
 2299.0 2326.0     6.1314837e-01    2.0188876e+01     9.3614178e-01
 2326.0 2353.0     6.1672641e-01    1.9961711e+01     9.3631125e-01
 2353.0 2381.0     6.2039238e-01    1.9732991e+01     9.3648385e-01
 2381.0 2410.0     6.2502302e-01    1.9472558e+01     9.3659930e-01
 2410.0 2439.0     6.3065952e-01    1.9182417e+01     9.3664713e-01
 2439.0 2469.0     6.3654172e-01    1.8888728e+01     9.3668834e-01
 2469.0 2500.0     6.4268100e-01    1.8589809e+01     9.3673095e-01
 2500.0 2532.0     6.4908373e-01    1.8286055e+01     9.3677495e-01
 2532.0 2564.0     6.5565289e-01    1.7982521e+01     9.3681965e-01
 2564.0 2597.0     6.6239328e-01    1.7679441e+01     9.3686505e-01
 2597.0 2632.0     6.6951951e-01    1.7367879e+01     9.3691255e-01
 2632.0 2667.0     6.7580329e-01    1.7053590e+01     9.3693462e-01
 2667.0 2703.0     6.8084994e-01    1.6741621e+01     9.3692410e-01
 2703.0 2740.0     6.8583609e-01    1.6426977e+01     9.3690758e-01
 2740.0 2778.0     6.9099687e-01    1.6109870e+01     9.3689060e-01
 2778.0 2817.0     6.9633568e-01    1.5790674e+01     9.3687317e-01
 2817.0 2857.0     7.0185603e-01    1.5469759e+01     9.3685529e-01
 2857.0 2899.0     7.0763260e-01    1.5143597e+01     9.3683672e-01
 2899.0 2941.0     7.1359876e-01    1.4816523e+01     9.3681771e-01
 2941.0 2985.0     7.1874853e-01    1.4496588e+01     9.3677535e-01
 2985.0 3030.0     7.2277301e-01    1.4182667e+01     9.3670110e-01
 3030.0 3077.0     7.2660714e-01    1.3867882e+01     9.3661645e-01
 3077.0 3125.0     7.3058754e-01    1.3550124e+01     9.3652905e-01
 3125.0 3175.0     7.3471660e-01    1.3229998e+01     9.3643889e-01
 3175.0 3225.0     7.3895373e-01    1.2911057e+01     9.3634688e-01
 3225.0 3275.0     7.4332185e-01    1.2600617e+01     9.3624923e-01
 3275.0 3325.0     7.4816196e-01    1.2300970e+01     9.3612803e-01
 3325.0 3375.0     7.5337336e-01    1.2010964e+01     9.3598894e-01
 3375.0 3425.0     7.5862107e-01    1.1727795e+01     9.3584986e-01
 3425.0 3450.0     7.6257737e-01    1.1519193e+01     9.3574554e-01
 3450.0 3550.0     7.6932345e-01    1.1191808e+01     9.3556509e-01
 3550.0 3650.0     7.8121720e-01    1.0775840e+01     9.3519797e-01
 3650.0 3750.0     7.9426734e-01    1.0465790e+01     9.3475508e-01
 3750.0 3850.0     8.0753547e-01    1.0164660e+01     9.3431219e-01
 3850.0 3950.0     8.2088356e-01    9.8914997e+00     9.3393861e-01
 3950.0 4050.0     8.3426516e-01    9.6509823e+00     9.3365621e-01
 4050.0 4150.0     8.4762258e-01    9.4224989e+00     9.3338063e-01
 4150.0 4250.0     8.6002211e-01    9.2007068e+00     9.3301637e-01
 4250.0 4350.0     8.7162919e-01    8.9851954e+00     9.3257850e-01
 4350.0 4450.0     8.8261783e-01    8.7624095e+00     9.3213250e-01
 4450.0 4550.0     8.9020129e-01    8.4905730e+00     9.3164946e-01
 4550.0 4650.0     8.9508921e-01    8.1851098e+00     9.3113754e-01
 4650.0 4750.0     9.0000397e-01    7.8906361e+00     9.3062562e-01
 4750.0 4850.0     9.0494572e-01    7.6067566e+00     9.3011370e-01
 4850.0 4950.0     9.0991460e-01    7.3330902e+00     9.2960179e-01
 4950.0 5050.0     9.1491076e-01    7.0692695e+00     9.2908987e-01
 5050.0 5150.0     9.1993436e-01    6.8149401e+00     9.2857795e-01
 5150.0 5250.0     9.2498554e-01    6.5697607e+00     9.2806603e-01
 5250.0 5350.0     9.3006446e-01    6.3334020e+00     9.2755411e-01
 5350.0 5450.0     9.3517126e-01    6.1055468e+00     9.2704219e-01
 5450.0 5550.0     9.4030610e-01    5.8858890e+00     9.2653028e-01
 5550.0 5650.0     9.4524260e-01    5.6754855e+00     9.2601505e-01
 5650.0 5750.0     9.4869038e-01    5.4813540e+00     9.2547775e-01
 5750.0 5850.0     9.5086437e-01    5.3012718e+00     9.2492170e-01
 5850.0 5950.0     9.5304334e-01    5.1271059e+00     9.2436565e-01
 5950.0 6050.0     9.5522729e-01    4.9586620e+00     9.2380960e-01
 6050.0 6150.0     9.5741626e-01    4.7957521e+00     9.2325355e-01
 6150.0 6250.0     9.5961024e-01    4.6381943e+00     9.2269750e-01
 6250.0 6350.0     9.6180925e-01    4.4858129e+00     9.2214145e-01
 6350.0 6450.0     9.6401329e-01    4.3384378e+00     9.2158540e-01
 6450.0 6550.0     9.6622239e-01    4.1959045e+00     9.2102935e-01
 6550.0 6650.0     9.6843655e-01    4.0580539e+00     9.2047330e-01
 6650.0 6750.0     9.7065579e-01    3.9247322e+00     9.1991725e-01
 6750.0 6850.0     9.7288011e-01    3.7957906e+00     9.1936120e-01
 6850.0 6950.0     9.7468375e-01    3.6766981e+00     9.1880025e-01
 6950.0 7050.0     9.7580402e-01    3.5703093e+00     9.1823138e-01
 7050.0 7150.0     9.7666451e-01    3.4703480e+00     9.1765950e-01
 7150.0 7250.0     9.7752576e-01    3.3731853e+00     9.1708762e-01
 7250.0 7350.0     9.7838777e-01    3.2787430e+00     9.1651574e-01
 7350.0 7450.0     9.7925054e-01    3.1869449e+00     9.1594386e-01
 7450.0 7550.0     9.8011406e-01    3.0977170e+00     9.1537199e-01
 7550.0 7650.0     9.8097835e-01    3.0109872e+00     9.1480011e-01
 7650.0 7750.0     9.8184341e-01    2.9266857e+00     9.1422823e-01
 7750.0 7850.0     9.8270922e-01    2.8447445e+00     9.1365635e-01
 7850.0 7950.0     9.8357580e-01    2.7650975e+00     9.1308447e-01
 7950.0 8050.0     9.8444314e-01    2.6876804e+00     9.1251260e-01
 8050.0 8150.0     9.8531125e-01    2.6124309e+00     9.1194072e-01
 8150.0 8250.0     9.8618012e-01    2.5392881e+00     9.1136884e-01
 8250.0 8350.0     9.8704976e-01    2.4681933e+00     9.1079696e-01
 8350.0 8450.0     9.8792017e-01    2.3990889e+00     9.1022508e-01
 8450.0 8550.0     9.8879134e-01    2.3319193e+00     9.0965321e-01
