 1216.0 1216.0     5.0955537e-01    1.4126609e+01     7.6509585e-01
 1300.0 1350.0     5.6658590e-01    1.1835742e+01     7.5162952e-01
 1350.0 1400.0     5.8392411e-01    1.0983321e+01     7.4705091e-01
 1400.0 1450.0     5.8777124e-01    1.0289391e+01     7.4457572e-01
 1450.0 1500.0     5.8828043e-01    9.6615235e+00     7.4260534e-01
 1500.0 1550.0     5.8879007e-01    9.0719693e+00     7.4063496e-01
 1550.0 1600.0     5.8930015e-01    8.5183903e+00     7.3866459e-01
 1600.0 1650.0     5.8978775e-01    8.0186815e+00     7.3707049e-01
 1650.0 1700.0     5.9021542e-01    7.5995776e+00     7.3646660e-01
 1700.0 1750.0     5.9060598e-01    7.2336568e+00     7.3647664e-01
 1754.0 1770.0     5.9089513e-01    6.9723615e+00     7.3648406e-01
 1770.0 1786.0     5.9102023e-01    6.8631233e+00     7.3648727e-01
 1786.0 1802.0     5.9114535e-01    6.7555965e+00     7.3649049e-01
 1802.0 1818.0     5.9127050e-01    6.6497544e+00     7.3649370e-01
 1818.0 1835.0     5.9139958e-01    6.5423675e+00     7.3649701e-01
 1835.0 1852.0     5.9153261e-01    6.4335133e+00     7.3650042e-01
 1852.0 1869.0     5.9166567e-01    6.3264704e+00     7.3650384e-01
 1869.0 1887.0     5.9180267e-01    6.2181656e+00     7.3650735e-01
 1887.0 1905.0     5.9194362e-01    6.1086736e+00     7.3651096e-01
 1905.0 1923.0     5.9208461e-01    6.0011097e+00     7.3651458e-01
 1923.0 1942.0     5.9222954e-01    5.8925577e+00     7.3651829e-01
 1942.0 1961.0     5.9237843e-01    5.7830887e+00     7.3652210e-01
 1961.0 1980.0     5.9222023e-01    5.6806211e+00     7.3654851e-01
 1980.0 2000.0     5.9155462e-01    5.5854675e+00     7.3661269e-01
 2000.0 2020.0     5.9068933e-01    5.4924342e+00     7.3669202e-01
 2020.0 2041.0     5.8980373e-01    5.3987024e+00     7.3677335e-01
 2041.0 2062.0     5.8889789e-01    5.3043233e+00     7.3685665e-01
 2062.0 2083.0     5.8799344e-01    5.2115941e+00     7.3693995e-01
 2083.0 2105.0     5.8706892e-01    5.1183556e+00     7.3702524e-01
 2105.0 2128.0     5.8610295e-01    5.0225663e+00     7.3711450e-01
 2128.0 2151.0     5.8511714e-01    4.9264809e+00     7.3720573e-01
 2151.0 2174.0     5.8413298e-01    4.8322337e+00     7.3729697e-01
 2174.0 2200.0     5.8308653e-01    4.7338837e+00     7.3739416e-01
 2200.0 2222.0     5.8206311e-01    4.6393446e+00     7.3748936e-01
 2222.0 2247.0     5.8106288e-01    4.5487366e+00     7.3758259e-01
 2247.0 2273.0     5.7997944e-01    4.4523781e+00     7.3768374e-01
 2273.0 2299.0     5.7887681e-01    4.3562116e+00     7.3778688e-01
 2299.0 2326.0     5.7775515e-01    4.2603527e+00     7.3789200e-01
 2326.0 2353.0     5.7661454e-01    4.1648345e+00     7.3799911e-01
 2353.0 2381.0     5.7545515e-01    4.0697683e+00     7.3810819e-01
 2381.0 2410.0     5.7526029e-01    3.9643482e+00     7.3816582e-01
 2410.0 2439.0     5.7616668e-01    3.8498265e+00     7.3816361e-01
 2439.0 2469.0     5.7720847e-01    3.7357090e+00     7.3815485e-01
 2469.0 2500.0     5.7828756e-01    3.6212785e+00     7.3814580e-01
 2500.0 2532.0     5.7940414e-01    3.5067745e+00     7.3813645e-01
 2532.0 2564.0     5.8054064e-01    3.3941313e+00     7.3812695e-01
 2564.0 2597.0     5.8169719e-01    3.2834587e+00     7.3811730e-01
 2597.0 2632.0     5.8290961e-01    3.1715666e+00     7.3810721e-01
 2632.0 2667.0     5.8336531e-01    3.0601421e+00     7.3803903e-01
 2667.0 2703.0     5.8285384e-01    2.9509477e+00     7.3789896e-01
 2703.0 2740.0     5.8215975e-01    2.8427042e+00     7.3774265e-01
 2740.0 2778.0     5.8144751e-01    2.7356290e+00     7.3758206e-01
 2778.0 2817.0     5.8071718e-01    2.6298929e+00     7.3741718e-01
 2817.0 2857.0     5.7996884e-01    2.5256564e+00     7.3724803e-01
 2857.0 2899.0     5.7919310e-01    2.4218552e+00     7.3707245e-01
 2899.0 2941.0     5.7839951e-01    2.3198931e+00     7.3689259e-01
 2941.0 2985.0     5.7711297e-01    2.2240607e+00     7.3665421e-01
 2985.0 3030.0     5.7515425e-01    2.1343755e+00     7.3633545e-01
 3030.0 3077.0     5.7297356e-01    2.0468304e+00     7.3598725e-01
 3077.0 3125.0     5.7073039e-01    1.9601779e+00     7.3562771e-01
 3125.0 3175.0     5.6842564e-01    1.8746503e+00     7.3525681e-01
 3175.0 3225.0     5.6608334e-01    1.7911858e+00     7.3487834e-01
 3225.0 3275.0     5.6411166e-01    1.7117133e+00     7.3448476e-01
 3275.0 3325.0     5.6365084e-01    1.6368788e+00     7.3402827e-01
 3325.0 3375.0     5.6433555e-01    1.5661523e+00     7.3352394e-01
 3375.0 3425.0     5.6502108e-01    1.4984818e+00     7.3301962e-01
 3425.0 3450.0     5.6553570e-01    1.4493896e+00     7.3264138e-01
 3450.0 3550.0     5.6678777e-01    1.3739660e+00     7.3200409e-01
 3550.0 3650.0     5.7352679e-01    1.2725991e+00     7.3090250e-01
 3650.0 3750.0     5.8495673e-01    1.1913817e+00     7.2972171e-01
 3750.0 3850.0     5.9661447e-01    1.1153476e+00     7.2854093e-01
 3850.0 3950.0     6.0998468e-01    1.0456700e+00     7.2728831e-01
 3950.0 4050.0     6.2561879e-01    9.8229828e-01     7.2594117e-01
 4050.0 4150.0     6.4208338e-01    9.2322856e-01     7.2455775e-01
 4150.0 4250.0     6.5867410e-01    8.6779132e-01     7.2309435e-01
 4250.0 4350.0     6.7543754e-01    8.1574892e-01     7.2156457e-01
 4350.0 4450.0     6.9154181e-01    7.6640339e-01     7.1999993e-01
 4450.0 4550.0     7.0303817e-01    7.1821050e-01     7.1827684e-01
 4550.0 4650.0     7.1083946e-01    6.7164243e-01     7.1643015e-01
 4650.0 4750.0     7.1872732e-01    6.2809379e-01     7.1458345e-01
 4750.0 4850.0     7.2670271e-01    5.8736880e-01     7.1273676e-01
 4850.0 4950.0     7.3476660e-01    5.4928437e-01     7.1089007e-01
 4950.0 5050.0     7.4291997e-01    5.1366931e-01     7.0904338e-01
 5050.0 5150.0     7.5116381e-01    4.8036349e-01     7.0719669e-01
 5150.0 5250.0     7.5949913e-01    4.4921719e-01     7.0534999e-01
 5250.0 5350.0     7.6792695e-01    4.2009038e-01     7.0350330e-01
 5350.0 5450.0     7.7644828e-01    3.9285213e-01     7.0165661e-01
 5450.0 5550.0     7.8506418e-01    3.6737998e-01     6.9980992e-01
 5550.0 5650.0     7.9356543e-01    3.4390179e-01     6.9794327e-01
 5650.0 5750.0     8.0074675e-01    3.2409729e-01     6.9594363e-01
 5750.0 5850.0     8.0679303e-01    3.0727425e-01     6.9383094e-01
 5850.0 5950.0     8.1288496e-01    2.9132445e-01     6.9171825e-01
 5950.0 6050.0     8.1902289e-01    2.7620257e-01     6.8960556e-01
 6050.0 6150.0     8.2520717e-01    2.6186562e-01     6.8749286e-01
 6150.0 6250.0     8.3143814e-01    2.4827286e-01     6.8538017e-01
 6250.0 6350.0     8.3771617e-01    2.3538567e-01     6.8326748e-01
 6350.0 6450.0     8.4404159e-01    2.2316742e-01     6.8115479e-01
 6450.0 6550.0     8.5041478e-01    2.1158338e-01     6.7904209e-01
 6550.0 6650.0     8.5683610e-01    2.0060064e-01     6.7692940e-01
 6650.0 6750.0     8.6330589e-01    1.9018799e-01     6.7481671e-01
 6750.0 6850.0     8.6982455e-01    1.8031583e-01     6.7270402e-01
 6850.0 6950.0     8.7544008e-01    1.7161229e-01     6.7053817e-01
 6950.0 7050.0     8.7955477e-01    1.6437428e-01     6.6828659e-01
 7050.0 7150.0     8.8310339e-01    1.5782919e-01     6.6600244e-01
 7150.0 7250.0     8.8666633e-01    1.5154473e-01     6.6371828e-01
 7250.0 7350.0     8.9024365e-01    1.4551049e-01     6.6143413e-01
 7350.0 7450.0     8.9383540e-01    1.3971653e-01     6.5914998e-01
 7450.0 7550.0     8.9744163e-01    1.3415327e-01     6.5686582e-01
 7550.0 7650.0     9.0106242e-01    1.2881154e-01     6.5458167e-01
 7650.0 7750.0     9.0469782e-01    1.2368250e-01     6.5229751e-01
 7750.0 7850.0     9.0834789e-01    1.1875769e-01     6.5001336e-01
 7850.0 7950.0     9.1201268e-01    1.1402897e-01     6.4772920e-01
 7950.0 8050.0     9.1569225e-01    1.0948855e-01     6.4544505e-01
 8050.0 8150.0     9.1938668e-01    1.0512892e-01     6.4316089e-01
 8150.0 8250.0     9.2309601e-01    1.0094288e-01     6.4087674e-01
 8250.0 8350.0     9.2682030e-01    9.6923515e-02     6.3859258e-01
 8350.0 8450.0     9.3055962e-01    9.3064198e-02     6.3630843e-01
 8450.0 8550.0     9.3431402e-01    8.9358553e-02     6.3402427e-01
