 1216.0 1216.0     3.5354864e-01    3.7869700e+01     9.2956281e-01
 1300.0 1350.0     4.2416581e-01    3.1509225e+01     9.2653516e-01
 1350.0 1400.0     4.5066491e-01    2.9426012e+01     9.2561637e-01
 1400.0 1450.0     4.6549779e-01    2.8112228e+01     9.2531604e-01
 1450.0 1500.0     4.7756349e-01    2.7004349e+01     9.2516415e-01
 1500.0 1550.0     4.8994194e-01    2.5940130e+01     9.2501226e-01
 1550.0 1600.0     5.0264123e-01    2.4917851e+01     9.2486037e-01
 1600.0 1650.0     5.1491090e-01    2.3988880e+01     9.2479636e-01
 1650.0 1700.0     5.2546082e-01    2.3231653e+01     9.2496364e-01
 1700.0 1750.0     5.3496833e-01    2.2582604e+01     9.2527431e-01
 1754.0 1770.0     5.4209490e-01    2.2112018e+01     9.2550420e-01
 1770.0 1786.0     5.4521450e-01    2.1912425e+01     9.2560361e-01
 1786.0 1802.0     5.4835205e-01    2.1714633e+01     9.2570303e-01
 1802.0 1818.0     5.5150766e-01    2.1518626e+01     9.2580244e-01
 1818.0 1835.0     5.5478119e-01    2.1318375e+01     9.2590496e-01
 1835.0 1852.0     5.5817394e-01    2.1113977e+01     9.2601059e-01
 1852.0 1869.0     5.6158744e-01    2.0911538e+01     9.2611622e-01
 1869.0 1887.0     5.6512346e-01    2.0705201e+01     9.2622495e-01
 1887.0 1905.0     5.6878341e-01    2.0495063e+01     9.2633679e-01
 1905.0 1923.0     5.7246706e-01    2.0287058e+01     9.2644864e-01
 1923.0 1942.0     5.7627824e-01    2.0075504e+01     9.2656358e-01
 1942.0 1961.0     5.8021848e-01    1.9860498e+01     9.2668164e-01
 1961.0 1980.0     5.8361105e-01    1.9663372e+01     9.2678730e-01
 1980.0 2000.0     5.8617040e-01    1.9488596e+01     9.2687542e-01
 2000.0 2020.0     5.8846211e-01    1.9320178e+01     9.2695839e-01
 2020.0 2041.0     5.9082051e-01    1.9149078e+01     9.2704343e-01
 2041.0 2062.0     5.9324613e-01    1.8975357e+01     9.2713055e-01
 2062.0 2083.0     5.9568170e-01    1.8803213e+01     9.2721767e-01
 2083.0 2105.0     5.9818574e-01    1.8628606e+01     9.2730686e-01
 2105.0 2128.0     6.0081752e-01    1.8447614e+01     9.2740020e-01
 2128.0 2151.0     6.0351962e-01    1.8264398e+01     9.2749561e-01
 2151.0 2174.0     6.0623388e-01    1.8083001e+01     9.2759102e-01
 2174.0 2200.0     6.0913900e-01    1.7891817e+01     9.2769266e-01
 2200.0 2222.0     6.1199736e-01    1.7706355e+01     9.2779222e-01
 2222.0 2247.0     6.1481013e-01    1.7526755e+01     9.2788971e-01
 2247.0 2273.0     6.1787660e-01    1.7333889e+01     9.2799549e-01
 2273.0 2299.0     6.2101880e-01    1.7139405e+01     9.2810335e-01
 2299.0 2326.0     6.2423803e-01    1.6943448e+01     9.2821328e-01
 2326.0 2353.0     6.2753500e-01    1.6746076e+01     9.2832529e-01
 2353.0 2381.0     6.3091109e-01    1.6547434e+01     9.2843937e-01
 2381.0 2410.0     6.3523240e-01    1.6320974e+01     9.2851779e-01
 2410.0 2439.0     6.4054341e-01    1.6068433e+01     9.2855387e-01
 2439.0 2469.0     6.4608718e-01    1.5812920e+01     9.2858591e-01
 2469.0 2500.0     6.5186933e-01    1.5553016e+01     9.2861904e-01
 2500.0 2532.0     6.5789538e-01    1.5289074e+01     9.2865325e-01
 2532.0 2564.0     6.6407367e-01    1.5025493e+01     9.2868800e-01
 2564.0 2597.0     6.7040835e-01    1.4762480e+01     9.2872329e-01
 2597.0 2632.0     6.7710058e-01    1.4492291e+01     9.2876022e-01
 2632.0 2667.0     6.8294725e-01    1.4217089e+01     9.2876833e-01
 2667.0 2703.0     6.8756625e-01    1.3940695e+01     9.2873987e-01
 2703.0 2740.0     6.9211037e-01    1.3661667e+01     9.2870424e-01
 2740.0 2778.0     6.9681027e-01    1.3380810e+01     9.2866764e-01
 2778.0 2817.0     7.0166870e-01    1.3098470e+01     9.2863006e-01
 2817.0 2857.0     7.0668853e-01    1.2814986e+01     9.2859150e-01
 2857.0 2899.0     7.1193721e-01    1.2527264e+01     9.2855148e-01
 2899.0 2941.0     7.1735384e-01    1.2239143e+01     9.2851049e-01
 2941.0 2985.0     7.2197985e-01    1.1956411e+01     9.2844283e-01
 2985.0 3030.0     7.2551910e-01    1.1677664e+01     9.2833868e-01
 3030.0 3077.0     7.2886312e-01    1.1398170e+01     9.2822216e-01
 3077.0 3125.0     7.3233228e-01    1.1116545e+01     9.2810185e-01
 3125.0 3175.0     7.3592838e-01    1.0833352e+01     9.2797774e-01
 3175.0 3225.0     7.3961589e-01    1.0551743e+01     9.2785109e-01
 3225.0 3275.0     7.4344709e-01    1.0278221e+01     9.2771806e-01
 3275.0 3325.0     7.4782227e-01    1.0014926e+01     9.2755842e-01
 3325.0 3375.0     7.5262231e-01    9.7607455e+00     9.2737856e-01
 3375.0 3425.0     7.5745317e-01    9.5130162e+00     9.2719870e-01
 3425.0 3450.0     7.6109373e-01    9.3307760e+00     9.2706381e-01
 3450.0 3550.0     7.6732629e-01    9.0454869e+00     9.2683623e-01
 3550.0 3650.0     7.7866454e-01    8.6830063e+00     9.2643939e-01
 3650.0 3750.0     7.9141425e-01    8.4129540e+00     9.2601094e-01
 3750.0 3850.0     8.0437272e-01    8.1513006e+00     9.2558249e-01
 3850.0 3950.0     8.1750174e-01    7.9141725e+00     9.2512936e-01
 3950.0 4050.0     8.3079004e-01    7.7054132e+00     9.2464377e-01
 4050.0 4150.0     8.4409068e-01    7.5072535e+00     9.2414611e-01
 4150.0 4250.0     8.5647141e-01    7.3144232e+00     9.2362333e-01
 4250.0 4350.0     8.6809221e-01    7.1267387e+00     9.2307970e-01
 4350.0 4450.0     8.7909254e-01    6.9335733e+00     9.2252635e-01
 4450.0 4550.0     8.8667461e-01    6.7001409e+00     9.2192884e-01
 4550.0 4650.0     8.9155057e-01    6.4395304e+00     9.2129689e-01
 4650.0 4750.0     8.9645335e-01    6.1890567e+00     9.2066495e-01
 4750.0 4850.0     9.0138308e-01    5.9483255e+00     9.2003300e-01
 4850.0 4950.0     9.0633992e-01    5.7169578e+00     9.1940105e-01
 4950.0 5050.0     9.1132403e-01    5.4945895e+00     9.1876910e-01
 5050.0 5150.0     9.1633554e-01    5.2808705e+00     9.1813716e-01
 5150.0 5250.0     9.2137460e-01    5.0754644e+00     9.1750521e-01
 5250.0 5350.0     9.2644138e-01    4.8780477e+00     9.1687326e-01
 5350.0 5450.0     9.3153603e-01    4.6883099e+00     9.1624131e-01
 5450.0 5550.0     9.3665869e-01    4.5059521e+00     9.1560937e-01
 5550.0 5650.0     9.4159092e-01    4.3320273e+00     9.1497302e-01
 5650.0 5750.0     9.4508760e-01    4.1734736e+00     9.1430733e-01
 5750.0 5850.0     9.4735591e-01    4.0280534e+00     9.1361670e-01
 5850.0 5950.0     9.4962967e-01    3.8877001e+00     9.1292607e-01
 5950.0 6050.0     9.5190888e-01    3.7522373e+00     9.1223544e-01
 6050.0 6150.0     9.5419356e-01    3.6214946e+00     9.1154481e-01
 6150.0 6250.0     9.5648372e-01    3.4953074e+00     9.1085418e-01
 6250.0 6350.0     9.5877938e-01    3.3735171e+00     9.1016355e-01
 6350.0 6450.0     9.6108056e-01    3.2559705e+00     9.0947293e-01
 6450.0 6550.0     9.6338725e-01    3.1425196e+00     9.0878230e-01
 6550.0 6650.0     9.6569948e-01    3.0330219e+00     9.0809167e-01
 6650.0 6750.0     9.6801726e-01    2.9273394e+00     9.0740104e-01
 6750.0 6850.0     9.7034060e-01    2.8253394e+00     9.0671041e-01
 6850.0 6950.0     9.7223470e-01    2.7317451e+00     9.0601061e-01
 6950.0 7050.0     9.7343116e-01    2.6490004e+00     9.0529604e-01
 7050.0 7150.0     9.7436246e-01    2.5716539e+00     9.0457584e-01
 7150.0 7250.0     9.7529465e-01    2.4965658e+00     9.0385565e-01
 7250.0 7350.0     9.7622773e-01    2.4236702e+00     9.0313546e-01
 7350.0 7450.0     9.7716170e-01    2.3529030e+00     9.0241526e-01
 7450.0 7550.0     9.7809657e-01    2.2842021e+00     9.0169507e-01
 7550.0 7650.0     9.7903233e-01    2.2175071e+00     9.0097487e-01
 7650.0 7750.0     9.7996899e-01    2.1527596e+00     9.0025468e-01
 7750.0 7850.0     9.8090654e-01    2.0899025e+00     8.9953448e-01
 7850.0 7950.0     9.8184499e-01    2.0288808e+00     8.9881429e-01
 7950.0 8050.0     9.8278434e-01    1.9696408e+00     8.9809410e-01
 8050.0 8150.0     9.8372458e-01    1.9121305e+00     8.9737390e-01
 8150.0 8250.0     9.8466573e-01    1.8562994e+00     8.9665371e-01
 8250.0 8350.0     9.8560777e-01    1.8020985e+00     8.9593351e-01
 8350.0 8450.0     9.8655072e-01    1.7494802e+00     8.9521332e-01
 8450.0 8550.0     9.8749457e-01    1.6983983e+00     8.9449313e-01
