 1216.0 1216.0     3.5010550e-01    3.9090497e+01     9.3096600e-01
 1300.0 1350.0     4.2060217e-01    3.2496140e+01     9.2800743e-01
 1350.0 1400.0     4.4710350e-01    3.0339689e+01     9.2711177e-01
 1400.0 1450.0     4.6199311e-01    2.8983575e+01     9.2682332e-01
 1450.0 1500.0     4.7413219e-01    2.7841279e+01     9.2668060e-01
 1500.0 1550.0     4.8659023e-01    2.6744002e+01     9.2653788e-01
 1550.0 1600.0     4.9937560e-01    2.5689972e+01     9.2639516e-01
 1600.0 1650.0     5.1173518e-01    2.4732512e+01     9.2633867e-01
 1650.0 1700.0     5.2237321e-01    2.3953049e+01     9.2650906e-01
 1700.0 1750.0     5.3196861e-01    2.3285628e+01     9.2682014e-01
 1754.0 1770.0     5.3916246e-01    2.2801696e+01     9.2705034e-01
 1770.0 1786.0     5.4231208e-01    2.2596430e+01     9.2714988e-01
 1786.0 1802.0     5.4548010e-01    2.2393013e+01     9.2724943e-01
 1802.0 1818.0     5.4866663e-01    2.2191426e+01     9.2734897e-01
 1818.0 1835.0     5.5197254e-01    2.1985470e+01     9.2745163e-01
 1835.0 1852.0     5.5539915e-01    2.1775242e+01     9.2755739e-01
 1852.0 1869.0     5.5884703e-01    2.1567024e+01     9.2766316e-01
 1869.0 1887.0     5.6241900e-01    2.1354791e+01     9.2777203e-01
 1887.0 1905.0     5.6611651e-01    2.1138643e+01     9.2788402e-01
 1905.0 1923.0     5.6983834e-01    2.0924683e+01     9.2799601e-01
 1923.0 1942.0     5.7368939e-01    2.0707066e+01     9.2811111e-01
 1942.0 1961.0     5.7767126e-01    2.0485893e+01     9.2822932e-01
 1961.0 1980.0     5.8110305e-01    2.0283353e+01     9.2833517e-01
 1980.0 2000.0     5.8369812e-01    2.0104207e+01     9.2842354e-01
 2000.0 2020.0     5.8602495e-01    1.9931749e+01     9.2850678e-01
 2020.0 2041.0     5.8841969e-01    1.9756534e+01     9.2859211e-01
 2041.0 2062.0     5.9088286e-01    1.9578623e+01     9.2867951e-01
 2062.0 2083.0     5.9335635e-01    1.9402315e+01     9.2876692e-01
 2083.0 2105.0     5.9589958e-01    1.9223472e+01     9.2885640e-01
 2105.0 2128.0     5.9857278e-01    1.9038076e+01     9.2895005e-01
 2128.0 2151.0     6.0131764e-01    1.8850388e+01     9.2904578e-01
 2151.0 2174.0     6.0407508e-01    1.8664551e+01     9.2914151e-01
 2174.0 2200.0     6.0702671e-01    1.8468671e+01     9.2924348e-01
 2200.0 2222.0     6.0993108e-01    1.8278640e+01     9.2934337e-01
 2222.0 2247.0     6.1278939e-01    1.8094600e+01     9.2944118e-01
 2247.0 2273.0     6.1590582e-01    1.7896951e+01     9.2954732e-01
 2273.0 2299.0     6.1909950e-01    1.7697628e+01     9.2965554e-01
 2299.0 2326.0     6.2237182e-01    1.7496778e+01     9.2976583e-01
 2326.0 2353.0     6.2572349e-01    1.7294460e+01     9.2987821e-01
 2353.0 2381.0     6.2915596e-01    1.7090822e+01     9.2999267e-01
 2381.0 2410.0     6.3353714e-01    1.6858731e+01     9.3007222e-01
 2410.0 2439.0     6.3891084e-01    1.6599966e+01     9.3011028e-01
 2439.0 2469.0     6.4451968e-01    1.6338131e+01     9.3014441e-01
 2469.0 2500.0     6.5037044e-01    1.6071761e+01     9.3017969e-01
 2500.0 2532.0     6.5646878e-01    1.5801215e+01     9.3021614e-01
 2532.0 2564.0     6.6272200e-01    1.5531002e+01     9.3025316e-01
 2564.0 2597.0     6.6913439e-01    1.5261332e+01     9.3029076e-01
 2597.0 2632.0     6.7590965e-01    1.4984263e+01     9.3033009e-01
 2632.0 2667.0     6.8183786e-01    1.4702418e+01     9.3034127e-01
 2667.0 2703.0     6.8653401e-01    1.4419794e+01     9.3031666e-01
 2703.0 2740.0     6.9115733e-01    1.4134495e+01     9.3028511e-01
 2740.0 2778.0     6.9593976e-01    1.3847258e+01     9.3025270e-01
 2778.0 2817.0     7.0088414e-01    1.3558433e+01     9.3021943e-01
 2817.0 2857.0     7.0599346e-01    1.3268366e+01     9.3018529e-01
 2857.0 2899.0     7.1133645e-01    1.2973886e+01     9.3014985e-01
 2899.0 2941.0     7.1685117e-01    1.2678918e+01     9.3011355e-01
 2941.0 2985.0     7.2157109e-01    1.2389612e+01     9.3005124e-01
 2985.0 3030.0     7.2519798e-01    1.2104597e+01     9.2995334e-01
 3030.0 3077.0     7.2863068e-01    1.1818806e+01     9.2984347e-01
 3077.0 3125.0     7.3219227e-01    1.1530737e+01     9.2973002e-01
 3125.0 3175.0     7.3588467e-01    1.1240965e+01     9.2961299e-01
 3175.0 3225.0     7.3967143e-01    1.0952710e+01     9.2949357e-01
 3225.0 3275.0     7.4359969e-01    1.0672634e+01     9.2936791e-01
 3275.0 3325.0     7.4805963e-01    1.0402939e+01     9.2921624e-01
 3325.0 3375.0     7.5293529e-01    1.0142491e+01     9.2904479e-01
 3375.0 3425.0     7.5784272e-01    9.8885636e+00     9.2887335e-01
 3425.0 3450.0     7.6154127e-01    9.7017140e+00     9.2874477e-01
 3450.0 3550.0     7.6786772e-01    9.4090603e+00     9.2852778e-01
 3550.0 3650.0     7.7930318e-01    9.0371347e+00     9.2814873e-01
 3650.0 3750.0     7.9209911e-01    8.7599185e+00     9.2773888e-01
 3750.0 3850.0     8.0510514e-01    8.4912059e+00     9.2732903e-01
 3850.0 3950.0     8.1826686e-01    8.2477417e+00     9.2689514e-01
 3950.0 4050.0     8.3156730e-01    8.0335407e+00     9.2642962e-01
 4050.0 4150.0     8.4487366e-01    7.8302058e+00     9.2595236e-01
 4150.0 4250.0     8.5725186e-01    7.6323508e+00     9.2545069e-01
 4250.0 4350.0     8.6886302e-01    7.4397708e+00     9.2492875e-01
 4350.0 4450.0     8.7985430e-01    7.2413817e+00     9.2439743e-01
 4450.0 4550.0     8.8743147e-01    7.0011189e+00     9.2382341e-01
 4550.0 4650.0     8.9230587e-01    6.7325060e+00     9.2321610e-01
 4650.0 4750.0     8.9720704e-01    6.4741990e+00     9.2260879e-01
 4750.0 4850.0     9.0213514e-01    6.2258026e+00     9.2200148e-01
 4850.0 4950.0     9.0709030e-01    5.9869363e+00     9.2139417e-01
 4950.0 5050.0     9.1207268e-01    5.7572347e+00     9.2078686e-01
 5050.0 5150.0     9.1708243e-01    5.5363461e+00     9.2017955e-01
 5150.0 5250.0     9.2211969e-01    5.3239324e+00     9.1957224e-01
 5250.0 5350.0     9.2718462e-01    5.1196683e+00     9.1896493e-01
 5350.0 5450.0     9.3227737e-01    4.9232413e+00     9.1835762e-01
 5450.0 5550.0     9.3739810e-01    4.7343506e+00     9.1775031e-01
 5550.0 5650.0     9.4232706e-01    4.5540549e+00     9.1713883e-01
 5650.0 5750.0     9.4581170e-01    4.3893371e+00     9.1649957e-01
 5750.0 5850.0     9.4806050e-01    4.2379529e+00     9.1583670e-01
 5850.0 5950.0     9.5031465e-01    4.0917898e+00     9.1517384e-01
 5950.0 6050.0     9.5257416e-01    3.9506678e+00     9.1451097e-01
 6050.0 6150.0     9.5483904e-01    3.8144129e+00     9.1384810e-01
 6150.0 6250.0     9.5710931e-01    3.6828573e+00     9.1318524e-01
 6250.0 6350.0     9.5938497e-01    3.5558390e+00     9.1252237e-01
 6350.0 6450.0     9.6166605e-01    3.4332014e+00     9.1185950e-01
 6450.0 6550.0     9.6395254e-01    3.3147935e+00     9.1119663e-01
 6550.0 6650.0     9.6624448e-01    3.2004693e+00     9.1053377e-01
 6650.0 6750.0     9.6854186e-01    3.0900881e+00     9.0987090e-01
 6750.0 6850.0     9.7084471e-01    2.9835138e+00     9.0920803e-01
 6850.0 6950.0     9.7272027e-01    2.8856119e+00     9.0853695e-01
 6950.0 7050.0     9.7390143e-01    2.7989037e+00     9.0785261e-01
 7050.0 7150.0     9.7481866e-01    2.7177799e+00     9.0716324e-01
 7150.0 7250.0     9.7573675e-01    2.6390073e+00     9.0647386e-01
 7250.0 7350.0     9.7665571e-01    2.5625179e+00     9.0578449e-01
 7350.0 7450.0     9.7757553e-01    2.4882456e+00     9.0509512e-01
 7450.0 7550.0     9.7849622e-01    2.4161259e+00     9.0440574e-01
 7550.0 7650.0     9.7941778e-01    2.3460965e+00     9.0371637e-01
 7650.0 7750.0     9.8034020e-01    2.2780969e+00     9.0302700e-01
 7750.0 7850.0     9.8126349e-01    2.2120682e+00     9.0233762e-01
 7850.0 7950.0     9.8218766e-01    2.1479533e+00     9.0164825e-01
 7950.0 8050.0     9.8311269e-01    2.0856967e+00     9.0095888e-01
 8050.0 8150.0     9.8403859e-01    2.0252446e+00     9.0026950e-01
 8150.0 8250.0     9.8496537e-01    1.9665446e+00     8.9958013e-01
 8250.0 8350.0     9.8589302e-01    1.9095460e+00     8.9889076e-01
 8350.0 8450.0     9.8682154e-01    1.8541994e+00     8.9820139e-01
 8450.0 8550.0     9.8775093e-01    1.8004570e+00     8.9751201e-01
