 1216.0 1216.0     3.6873709e-01    3.2927333e+01     9.2297366e-01
 1300.0 1350.0     4.3987812e-01    2.7507649e+01     9.1960450e-01
 1350.0 1400.0     4.6632335e-01    2.5717177e+01     9.1856947e-01
 1400.0 1450.0     4.8080241e-01    2.4569089e+01     9.1820607e-01
 1450.0 1500.0     4.9242262e-01    2.3594795e+01     9.1800387e-01
 1500.0 1550.0     5.0432368e-01    2.2659136e+01     9.1780167e-01
 1550.0 1600.0     5.1651236e-01    2.1760581e+01     9.1759947e-01
 1600.0 1650.0     5.2827528e-01    2.0943423e+01     9.1749461e-01
 1650.0 1700.0     5.3839049e-01    2.0275265e+01     9.1764591e-01
 1700.0 1750.0     5.4750581e-01    1.9701135e+01     9.1795603e-01
 1754.0 1770.0     5.5433283e-01    1.9284986e+01     9.1818552e-01
 1770.0 1786.0     5.5731898e-01    1.9108528e+01     9.1828476e-01
 1786.0 1802.0     5.6032121e-01    1.8933684e+01     9.1838400e-01
 1802.0 1818.0     5.6333962e-01    1.8760441e+01     9.1848323e-01
 1818.0 1835.0     5.6646965e-01    1.8583469e+01     9.1858557e-01
 1835.0 1852.0     5.6971244e-01    1.8402854e+01     9.1869102e-01
 1852.0 1869.0     5.7297380e-01    1.8223995e+01     9.1879646e-01
 1869.0 1887.0     5.7635087e-01    1.8041716e+01     9.1890500e-01
 1887.0 1905.0     5.7984490e-01    1.7856106e+01     9.1901664e-01
 1905.0 1923.0     5.8336011e-01    1.7672404e+01     9.1912829e-01
 1923.0 1942.0     5.8699548e-01    1.7485596e+01     9.1924303e-01
 1942.0 1961.0     5.9075236e-01    1.7295767e+01     9.1936088e-01
 1961.0 1980.0     5.9396999e-01    1.7120714e+01     9.1946550e-01
 1980.0 2000.0     5.9636601e-01    1.6963712e+01     9.1955119e-01
 2000.0 2020.0     5.9849548e-01    1.6811706e+01     9.1963116e-01
 2020.0 2041.0     6.0068618e-01    1.6657330e+01     9.1971313e-01
 2041.0 2062.0     6.0293852e-01    1.6500642e+01     9.1979711e-01
 2062.0 2083.0     6.0519931e-01    1.6345427e+01     9.1988108e-01
 2083.0 2105.0     6.0752281e-01    1.6188047e+01     9.1996705e-01
 2105.0 2128.0     6.0996393e-01    1.6024969e+01     9.2005702e-01
 2128.0 2151.0     6.1246933e-01    1.5859946e+01     9.2014899e-01
 2151.0 2174.0     6.1498502e-01    1.5696623e+01     9.2024096e-01
 2174.0 2200.0     6.1767651e-01    1.5524556e+01     9.2033893e-01
 2200.0 2222.0     6.2032365e-01    1.5357699e+01     9.2043489e-01
 2222.0 2247.0     6.2292746e-01    1.5196183e+01     9.2052886e-01
 2247.0 2273.0     6.2576498e-01    1.5022802e+01     9.2063083e-01
 2273.0 2299.0     6.2867132e-01    1.4848039e+01     9.2073479e-01
 2299.0 2326.0     6.3164756e-01    1.4672027e+01     9.2084076e-01
 2326.0 2353.0     6.3469433e-01    1.4494820e+01     9.2094872e-01
 2353.0 2381.0     6.3781276e-01    1.4316551e+01     9.2105869e-01
 2381.0 2410.0     6.4186429e-01    1.4113199e+01     9.2112944e-01
 2410.0 2439.0     6.4689708e-01    1.3886331e+01     9.2115400e-01
 2439.0 2469.0     6.5215268e-01    1.3656916e+01     9.2117391e-01
 2469.0 2500.0     6.5763135e-01    1.3423707e+01     9.2119449e-01
 2500.0 2532.0     6.6333796e-01    1.3187032e+01     9.2121575e-01
 2532.0 2564.0     6.6918546e-01    1.2950840e+01     9.2123735e-01
 2564.0 2597.0     6.7517750e-01    1.2715319e+01     9.2125928e-01
 2597.0 2632.0     6.8150396e-01    1.2473545e+01     9.2128223e-01
 2632.0 2667.0     6.8698591e-01    1.2225805e+01     9.2127310e-01
 2667.0 2703.0     6.9125248e-01    1.1975201e+01     9.2122366e-01
 2703.0 2740.0     6.9543360e-01    1.1722146e+01     9.2116586e-01
 2740.0 2778.0     6.9975560e-01    1.1467726e+01     9.2110648e-01
 2778.0 2817.0     7.0422081e-01    1.1212266e+01     9.2104552e-01
 2817.0 2857.0     7.0883161e-01    1.0956083e+01     9.2098297e-01
 2857.0 2899.0     7.1364964e-01    1.0696399e+01     9.2091804e-01
 2899.0 2941.0     7.1861873e-01    1.0436686e+01     9.2085154e-01
 2941.0 2985.0     7.2281938e-01    1.0181597e+01     9.2075515e-01
 2985.0 3030.0     7.2596589e-01    9.9296791e+00     9.2061779e-01
 3030.0 3077.0     7.2891398e-01    9.6772653e+00     9.2046606e-01
 3077.0 3125.0     7.3197070e-01    9.4233172e+00     9.2030938e-01
 3125.0 3175.0     7.3513746e-01    9.1683661e+00     9.2014775e-01
 3175.0 3225.0     7.3838282e-01    8.9152511e+00     9.1998282e-01
 3225.0 3275.0     7.4178318e-01    8.6698488e+00     9.1981079e-01
 3275.0 3325.0     7.4578787e-01    8.4341596e+00     9.1960919e-01
 3325.0 3375.0     7.5026242e-01    8.2071115e+00     9.1938512e-01
 3375.0 3425.0     7.5476382e-01    7.9861755e+00     9.1916105e-01
 3425.0 3450.0     7.5815503e-01    7.8238393e+00     9.1899300e-01
 3450.0 3550.0     7.6398443e-01    7.5702452e+00     9.1870981e-01
 3550.0 3650.0     7.7490832e-01    7.2478805e+00     9.1821991e-01
 3650.0 3750.0     7.8746578e-01    7.0076371e+00     9.1769444e-01
 3750.0 3850.0     8.0022675e-01    6.7753570e+00     9.1716896e-01
 3850.0 3950.0     8.1323307e-01    6.5647429e+00     9.1661557e-01
 3950.0 4050.0     8.2650175e-01    6.3789671e+00     9.1602544e-01
 4050.0 4150.0     8.3981517e-01    6.2027378e+00     9.1542161e-01
 4150.0 4250.0     8.5224691e-01    6.0313270e+00     9.1478906e-01
 4250.0 4350.0     8.6395158e-01    5.8646117e+00     9.1413266e-01
 4350.0 4450.0     8.7503194e-01    5.6938187e+00     9.1346485e-01
 4450.0 4550.0     8.8266481e-01    5.4896842e+00     9.1274516e-01
 4550.0 4650.0     8.8756793e-01    5.2633849e+00     9.1198501e-01
 4650.0 4750.0     8.9249828e-01    5.0464142e+00     9.1122486e-01
 4750.0 4850.0     8.9745603e-01    4.8383876e+00     9.1046471e-01
 4850.0 4950.0     9.0244131e-01    4.6389365e+00     9.0970456e-01
 4950.0 5050.0     9.0745428e-01    4.4477072e+00     9.0894441e-01
 5050.0 5150.0     9.1249510e-01    4.2643609e+00     9.0818426e-01
 5150.0 5250.0     9.1756392e-01    4.0885726e+00     9.0742411e-01
 5250.0 5350.0     9.2266090e-01    3.9200308e+00     9.0666396e-01
 5350.0 5450.0     9.2778619e-01    3.7584367e+00     9.0590382e-01
 5450.0 5550.0     9.3293996e-01    3.6035040e+00     9.0514367e-01
 5550.0 5650.0     9.3790879e-01    3.4562355e+00     9.0437782e-01
 5650.0 5750.0     9.4147609e-01    3.3232269e+00     9.0357400e-01
 5750.0 5850.0     9.4384403e-01    3.2023150e+00     9.0273791e-01
 5850.0 5950.0     9.4621793e-01    3.0858023e+00     9.0190182e-01
 5950.0 6050.0     9.4859780e-01    2.9735288e+00     9.0106573e-01
 6050.0 6150.0     9.5098365e-01    2.8653403e+00     9.0022964e-01
 6150.0 6250.0     9.5337551e-01    2.7610881e+00     8.9939354e-01
 6250.0 6350.0     9.5577338e-01    2.6606290e+00     8.9855745e-01
 6350.0 6450.0     9.5817728e-01    2.5638249e+00     8.9772136e-01
 6450.0 6550.0     9.6058723e-01    2.4705430e+00     8.9688527e-01
 6550.0 6650.0     9.6300324e-01    2.3806550e+00     8.9604918e-01
 6650.0 6750.0     9.6542533e-01    2.2940376e+00     8.9521308e-01
 6750.0 6850.0     9.6785351e-01    2.2105716e+00     8.9437699e-01
 6850.0 6950.0     9.6984164e-01    2.1343396e+00     8.9352632e-01
 6950.0 7050.0     9.7111422e-01    2.0674390e+00     8.9265213e-01
 7050.0 7150.0     9.7211487e-01    2.0051353e+00     8.9176901e-01
 7150.0 7250.0     9.7311655e-01    1.9447091e+00     8.9088589e-01
 7250.0 7350.0     9.7411926e-01    1.8861040e+00     8.9000277e-01
 7350.0 7450.0     9.7512301e-01    1.8292649e+00     8.8911965e-01
 7450.0 7550.0     9.7612779e-01    1.7741388e+00     8.8823652e-01
 7550.0 7650.0     9.7713360e-01    1.7206739e+00     8.8735340e-01
 7650.0 7750.0     9.7814045e-01    1.6688202e+00     8.8647028e-01
 7750.0 7850.0     9.7914834e-01    1.6185291e+00     8.8558716e-01
 7850.0 7950.0     9.8015727e-01    1.5697536e+00     8.8470403e-01
 7950.0 8050.0     9.8116724e-01    1.5224480e+00     8.8382091e-01
 8050.0 8150.0     9.8217825e-01    1.4765680e+00     8.8293779e-01
 8150.0 8250.0     9.8319029e-01    1.4320706e+00     8.8205467e-01
 8250.0 8350.0     9.8420339e-01    1.3889141e+00     8.8117155e-01
 8350.0 8450.0     9.8521752e-01    1.3470582e+00     8.8028842e-01
 8450.0 8550.0     9.8623270e-01    1.3064637e+00     8.7940530e-01
