 1216.0 1216.0     3.0061238e-01    6.1419834e+01     9.4831797e-01
 1300.0 1350.0     3.6859498e-01    5.0399787e+01     9.4590341e-01
 1350.0 1400.0     3.9479320e-01    4.6865148e+01     9.4519636e-01
 1400.0 1450.0     4.1023125e-01    4.4715671e+01     9.4501634e-01
 1450.0 1500.0     4.2317597e-01    4.2929822e+01     9.4496281e-01
 1500.0 1550.0     4.3652915e-01    4.1215296e+01     9.4490928e-01
 1550.0 1600.0     4.5030370e-01    3.9569245e+01     9.4485574e-01
 1600.0 1650.0     4.6368801e-01    3.8078099e+01     9.4486606e-01
 1650.0 1700.0     4.7526963e-01    3.6873746e+01     9.4504440e-01
 1700.0 1750.0     4.8576739e-01    3.5849254e+01     9.4532691e-01
 1754.0 1770.0     4.9365829e-01    3.5106373e+01     9.4553597e-01
 1770.0 1786.0     4.9712167e-01    3.4791254e+01     9.4562637e-01
 1786.0 1802.0     5.0060934e-01    3.4478963e+01     9.4571678e-01
 1802.0 1818.0     5.0412148e-01    3.4169476e+01     9.4580718e-01
 1818.0 1835.0     5.0776958e-01    3.3853270e+01     9.4590041e-01
 1835.0 1852.0     5.1155543e-01    3.3530498e+01     9.4599646e-01
 1852.0 1869.0     5.1536951e-01    3.3210803e+01     9.4609252e-01
 1869.0 1887.0     5.1932591e-01    3.2884935e+01     9.4619140e-01
 1887.0 1905.0     5.2342658e-01    3.2553045e+01     9.4629310e-01
 1905.0 1923.0     5.2755964e-01    3.2224504e+01     9.4639480e-01
 1923.0 1942.0     5.3184198e-01    3.1890340e+01     9.4649933e-01
 1942.0 1961.0     5.3627576e-01    3.1550703e+01     9.4660669e-01
 1961.0 1980.0     5.4014524e-01    3.1244682e+01     9.4670380e-01
 1980.0 2000.0     5.4315846e-01    3.0982817e+01     9.4678668e-01
 2000.0 2020.0     5.4590503e-01    3.0734310e+01     9.4686556e-01
 2020.0 2041.0     5.4873487e-01    3.0481684e+01     9.4694640e-01
 2041.0 2062.0     5.5164875e-01    3.0225024e+01     9.4702922e-01
 2062.0 2083.0     5.5457810e-01    2.9970524e+01     9.4711204e-01
 2083.0 2105.0     5.5759351e-01    2.9712211e+01     9.4719684e-01
 2105.0 2128.0     5.6076673e-01    2.9444268e+01     9.4728557e-01
 2128.0 2151.0     5.6402892e-01    2.9172840e+01     9.4737628e-01
 2151.0 2174.0     5.6731009e-01    2.8903914e+01     9.4746698e-01
 2174.0 2200.0     5.7082692e-01    2.8620261e+01     9.4756361e-01
 2200.0 2222.0     5.7429157e-01    2.8344903e+01     9.4765826e-01
 2222.0 2247.0     5.7770594e-01    2.8078037e+01     9.4775094e-01
 2247.0 2273.0     5.8143338e-01    2.7791242e+01     9.4785150e-01
 2273.0 2299.0     5.8525843e-01    2.7501811e+01     9.4795404e-01
 2299.0 2326.0     5.8918319e-01    2.7209944e+01     9.4805855e-01
 2326.0 2353.0     5.9320881e-01    2.6915727e+01     9.4816504e-01
 2353.0 2381.0     5.9733751e-01    2.6619361e+01     9.4827349e-01
 2381.0 2410.0     6.0246279e-01    2.6281900e+01     9.4835561e-01
 2410.0 2439.0     6.0862087e-01    2.5905911e+01     9.4840594e-01
 2439.0 2469.0     6.1504722e-01    2.5525106e+01     9.4845358e-01
 2469.0 2500.0     6.2176276e-01    2.5137277e+01     9.4850284e-01
 2500.0 2532.0     6.2877546e-01    2.4742917e+01     9.4855371e-01
 2532.0 2564.0     6.3597982e-01    2.4348582e+01     9.4860539e-01
 2564.0 2597.0     6.4338191e-01    2.3954568e+01     9.4865787e-01
 2597.0 2632.0     6.5121856e-01    2.3549240e+01     9.4871278e-01
 2632.0 2667.0     6.5822052e-01    2.3148124e+01     9.4874700e-01
 2667.0 2703.0     6.6397234e-01    2.2759404e+01     9.4875435e-01
 2703.0 2740.0     6.6968937e-01    2.2368435e+01     9.4875715e-01
 2740.0 2778.0     6.7561431e-01    2.1973749e+01     9.4876004e-01
 2778.0 2817.0     6.8175178e-01    2.1575782e+01     9.4876300e-01
 2817.0 2857.0     6.8810662e-01    2.1174967e+01     9.4876603e-01
 2857.0 2899.0     6.9476583e-01    2.0766854e+01     9.4876918e-01
 2899.0 2941.0     7.0165348e-01    2.0356844e+01     9.4877241e-01
 2941.0 2985.0     7.0768390e-01    1.9959807e+01     9.4875684e-01
 2985.0 3030.0     7.1252634e-01    1.9575877e+01     9.4871563e-01
 3030.0 3077.0     7.1718855e-01    1.9191625e+01     9.4866652e-01
 3077.0 3125.0     7.2203463e-01    1.8802715e+01     9.4861581e-01
 3125.0 3175.0     7.2706824e-01    1.8409822e+01     9.4856351e-01
 3175.0 3225.0     7.3224039e-01    1.8017289e+01     9.4851013e-01
 3225.0 3275.0     7.3752911e-01    1.7634252e+01     9.4845211e-01
 3275.0 3325.0     7.4319040e-01    1.7263982e+01     9.4837475e-01
 3325.0 3375.0     7.4914983e-01    1.6904983e+01     9.4828270e-01
 3375.0 3425.0     7.5515705e-01    1.6553449e+01     9.4819064e-01
 3425.0 3450.0     7.5968952e-01    1.6293930e+01     9.4812160e-01
 3450.0 3550.0     7.6737908e-01    1.5884789e+01     9.4800459e-01
 3550.0 3650.0     7.8034303e-01    1.5361936e+01     9.4779431e-01
 3650.0 3750.0     7.9404478e-01    1.4968418e+01     9.4756172e-01
 3750.0 3850.0     8.0798712e-01    1.4584982e+01     9.4732914e-01
 3850.0 3950.0     8.2189869e-01    1.4237976e+01     9.4707936e-01
 3950.0 4050.0     8.3568586e-01    1.3934125e+01     9.4680698e-01
 4050.0 4150.0     8.4940396e-01    1.3645666e+01     9.4652624e-01
 4150.0 4250.0     8.6208560e-01    1.3367017e+01     9.4622837e-01
 4250.0 4350.0     8.7390804e-01    1.3097234e+01     9.4591626e-01
 4350.0 4450.0     8.8510808e-01    1.2817554e+01     9.4559790e-01
 4450.0 4550.0     8.9286433e-01    1.2475646e+01     9.4525113e-01
 4550.0 4650.0     8.9789386e-01    1.2090206e+01     9.4488219e-01
 4650.0 4750.0     9.0295172e-01    1.1716674e+01     9.4451326e-01
 4750.0 4850.0     9.0803806e-01    1.1354682e+01     9.4414432e-01
 4850.0 4950.0     9.1315306e-01    1.1003874e+01     9.4377538e-01
 4950.0 5050.0     9.1829688e-01    1.0663905e+01     9.4340645e-01
 5050.0 5150.0     9.2346966e-01    1.0334439e+01     9.4303751e-01
 5150.0 5250.0     9.2867159e-01    1.0015152e+01     9.4266858e-01
 5250.0 5350.0     9.3390282e-01    9.7057300e+00     9.4229964e-01
 5350.0 5450.0     9.3916351e-01    9.4058674e+00     9.4193070e-01
 5450.0 5550.0     9.4445384e-01    9.1152691e+00     9.4156177e-01
 5550.0 5650.0     9.4952857e-01    8.8348285e+00     9.4119062e-01
 5650.0 5750.0     9.5298991e-01    8.5706799e+00     9.4080476e-01
 5750.0 5850.0     9.5507058e-01    8.3209184e+00     9.4040639e-01
 5850.0 5950.0     9.5715579e-01    8.0784353e+00     9.4000802e-01
 5950.0 6050.0     9.5924556e-01    7.8430185e+00     9.3960965e-01
 6050.0 6150.0     9.6133989e-01    7.6144621e+00     9.3921128e-01
 6150.0 6250.0     9.6343879e-01    7.3925661e+00     9.3881290e-01
 6250.0 6350.0     9.6554227e-01    7.1771364e+00     9.3841453e-01
 6350.0 6450.0     9.6765035e-01    6.9679847e+00     9.3801616e-01
 6450.0 6550.0     9.6976303e-01    6.7649280e+00     9.3761779e-01
 6550.0 6650.0     9.7188032e-01    6.5677886e+00     9.3721942e-01
 6650.0 6750.0     9.7400223e-01    6.3763941e+00     9.3682105e-01
 6750.0 6850.0     9.7612878e-01    6.1905772e+00     9.3642268e-01
 6850.0 6950.0     9.7783714e-01    6.0166533e+00     9.3602303e-01
 6950.0 7050.0     9.7886654e-01    5.8579711e+00     9.3562133e-01
 7050.0 7150.0     9.7963777e-01    5.7073465e+00     9.3521886e-01
 7150.0 7250.0     9.8040962e-01    5.5605948e+00     9.3481638e-01
 7250.0 7350.0     9.8118207e-01    5.4176166e+00     9.3441390e-01
 7350.0 7450.0     9.8195513e-01    5.2783147e+00     9.3401142e-01
 7450.0 7550.0     9.8272880e-01    5.1425946e+00     9.3360894e-01
 7550.0 7650.0     9.8350308e-01    5.0103643e+00     9.3320646e-01
 7650.0 7750.0     9.8427796e-01    4.8815340e+00     9.3280398e-01
 7750.0 7850.0     9.8505346e-01    4.7560162e+00     9.3240151e-01
 7850.0 7950.0     9.8582957e-01    4.6337259e+00     9.3199903e-01
 7950.0 8050.0     9.8660629e-01    4.5145800e+00     9.3159655e-01
 8050.0 8150.0     9.8738363e-01    4.3984977e+00     9.3119407e-01
 8150.0 8250.0     9.8816157e-01    4.2854002e+00     9.3079159e-01
 8250.0 8350.0     9.8894013e-01    4.1752107e+00     9.3038911e-01
 8350.0 8450.0     9.8971931e-01    4.0678545e+00     9.2998664e-01
 8450.0 8550.0     9.9049909e-01    3.9632587e+00     9.2958416e-01
