 1216.0 1216.0     4.2596787e-01    2.0116996e+01     8.8959428e-01
 1300.0 1350.0     4.9647617e-01    1.7004743e+01     8.8426960e-01
 1350.0 1400.0     5.2160189e-01    1.5934989e+01     8.8255045e-01
 1400.0 1450.0     5.3391631e-01    1.5192640e+01     8.8178309e-01
 1450.0 1500.0     5.4310198e-01    1.4545327e+01     8.8124415e-01
 1500.0 1550.0     5.5244568e-01    1.3925594e+01     8.8070522e-01
 1550.0 1600.0     5.6195013e-01    1.3332266e+01     8.8016628e-01
 1600.0 1650.0     5.7107713e-01    1.2790858e+01     8.7977017e-01
 1650.0 1700.0     5.7891801e-01    1.2340156e+01     8.7974991e-01
 1700.0 1750.0     5.8597401e-01    1.1947503e+01     8.7996267e-01
 1754.0 1770.0     5.9124101e-01    1.1663638e+01     8.8012012e-01
 1770.0 1786.0     5.9353750e-01    1.1543570e+01     8.8018820e-01
 1786.0 1802.0     5.9584291e-01    1.1424737e+01     8.8025629e-01
 1802.0 1818.0     5.9815728e-01    1.1307128e+01     8.8032437e-01
 1818.0 1835.0     6.0055353e-01    1.1187130e+01     8.8039458e-01
 1835.0 1852.0     6.0303228e-01    1.1064809e+01     8.8046692e-01
 1852.0 1869.0     6.0552126e-01    1.0943825e+01     8.8053926e-01
 1869.0 1887.0     6.0809434e-01    1.0820684e+01     8.8061373e-01
 1887.0 1905.0     6.1075218e-01    1.0695450e+01     8.8069032e-01
 1905.0 1923.0     6.1342163e-01    1.0571665e+01     8.8076692e-01
 1923.0 1942.0     6.1617757e-01    1.0445955e+01     8.8084564e-01
 1942.0 1961.0     6.1902070e-01    1.0318383e+01     8.8092649e-01
 1961.0 1980.0     6.2138053e-01    1.0198497e+01     8.8099156e-01
 1980.0 2000.0     6.2299737e-01    1.0086936e+01     8.8103245e-01
 2000.0 2020.0     6.2436256e-01    9.9773945e+00     8.8106495e-01
 2020.0 2041.0     6.2576503e-01    9.8663643e+00     8.8109825e-01
 2041.0 2062.0     6.2720493e-01    9.7538919e+00     8.8113237e-01
 2062.0 2083.0     6.2864814e-01    9.6427015e+00     8.8116650e-01
 2083.0 2105.0     6.3012920e-01    9.5301921e+00     8.8120143e-01
 2105.0 2128.0     6.3168287e-01    9.4138552e+00     8.8123799e-01
 2128.0 2151.0     6.3327500e-01    9.2963848e+00     8.8127536e-01
 2151.0 2174.0     6.3487113e-01    9.1803802e+00     8.8131273e-01
 2174.0 2200.0     6.3657593e-01    9.0584515e+00     8.8135254e-01
 2200.0 2222.0     6.3825005e-01    8.9404696e+00     8.8139153e-01
 2222.0 2247.0     6.3989387e-01    8.8265429e+00     8.8142971e-01
 2247.0 2273.0     6.4168229e-01    8.7045290e+00     8.8147115e-01
 2273.0 2299.0     6.4351087e-01    8.5818425e+00     8.8151339e-01
 2299.0 2326.0     6.4538003e-01    8.4585925e+00     8.8155645e-01
 2326.0 2353.0     6.4728998e-01    8.3348207e+00     8.8160032e-01
 2353.0 2381.0     6.4924117e-01    8.2106351e+00     8.8164500e-01
 2381.0 2410.0     6.5209993e-01    8.0691829e+00     8.8163143e-01
 2410.0 2439.0     6.5593503e-01    7.9116496e+00     8.8155190e-01
 2439.0 2469.0     6.5995780e-01    7.7528945e+00     8.8146397e-01
 2469.0 2500.0     6.6414287e-01    7.5921064e+00     8.8137306e-01
 2500.0 2532.0     6.6849302e-01    7.4295462e+00     8.8127917e-01
 2532.0 2564.0     6.7294117e-01    7.2679418e+00     8.8118379e-01
 2564.0 2597.0     6.7748935e-01    7.1074371e+00     8.8108691e-01
 2597.0 2632.0     6.8228059e-01    6.9433449e+00     8.8098557e-01
 2632.0 2667.0     6.8623663e-01    6.7737225e+00     8.8083372e-01
 2667.0 2703.0     6.8903296e-01    6.6003214e+00     8.8062138e-01
 2703.0 2740.0     6.9170436e-01    6.4257103e+00     8.8039295e-01
 2740.0 2778.0     6.9445972e-01    6.2511251e+00     8.8015827e-01
 2778.0 2817.0     6.9729999e-01    6.0768180e+00     8.7991732e-01
 2817.0 2857.0     7.0022609e-01    5.9030336e+00     8.7967012e-01
 2857.0 2899.0     7.0327639e-01    5.7279361e+00     8.7941353e-01
 2899.0 2941.0     7.0641470e-01    5.5538890e+00     8.7915068e-01
 2941.0 2985.0     7.0887083e-01    5.3841654e+00     8.7883875e-01
 2985.0 3030.0     7.1039684e-01    5.2178089e+00     8.7845904e-01
 3030.0 3077.0     7.1171170e-01    5.0522513e+00     8.7805177e-01
 3077.0 3125.0     7.1307196e-01    4.8867774e+00     8.7763122e-01
 3125.0 3175.0     7.1447793e-01    4.7217835e+00     8.7719739e-01
 3175.0 3225.0     7.1591541e-01    4.5591076e+00     8.7675470e-01
 3225.0 3275.0     7.1756616e-01    4.4026351e+00     8.7630074e-01
 3275.0 3325.0     7.2009985e-01    4.2539647e+00     8.7579978e-01
 3325.0 3375.0     7.2331182e-01    4.1121484e+00     8.7526310e-01
 3375.0 3425.0     7.2653812e-01    3.9750599e+00     8.7472643e-01
 3425.0 3450.0     7.2896593e-01    3.8748335e+00     8.7432392e-01
 3450.0 3550.0     7.3325425e-01    3.7195221e+00     8.7364776e-01
 3550.0 3650.0     7.4274537e-01    3.5203194e+00     8.7250269e-01
 3650.0 3750.0     7.5487129e-01    3.3701226e+00     8.7129652e-01
 3750.0 3850.0     7.6719517e-01    3.2263341e+00     8.7009035e-01
 3850.0 3950.0     7.8013993e-01    3.0956379e+00     8.6883515e-01
 3950.0 4050.0     7.9385794e-01    2.9793286e+00     8.6751542e-01
 4050.0 4150.0     8.0779477e-01    2.8694888e+00     8.6617121e-01
 4150.0 4250.0     8.2103827e-01    2.7635758e+00     8.6477408e-01
 4250.0 4350.0     8.3371895e-01    2.6614709e+00     8.6333302e-01
 4350.0 4450.0     8.4574352e-01    2.5593379e+00     8.6186839e-01
 4450.0 4550.0     8.5404327e-01    2.4444809e+00     8.6029663e-01
 4550.0 4650.0     8.5938814e-01    2.3219970e+00     8.5864131e-01
 4650.0 4750.0     8.6476645e-01    2.2056503e+00     8.5698599e-01
 4750.0 4850.0     8.7017842e-01    2.0951333e+00     8.5533067e-01
 4850.0 4950.0     8.7562427e-01    1.9901539e+00     8.5367535e-01
 4950.0 5050.0     8.8110419e-01    1.8904346e+00     8.5202003e-01
 5050.0 5150.0     8.8661841e-01    1.7957119e+00     8.5036471e-01
 5150.0 5250.0     8.9216714e-01    1.7057354e+00     8.4870939e-01
 5250.0 5350.0     8.9775060e-01    1.6202673e+00     8.4705407e-01
 5350.0 5450.0     9.0336899e-01    1.5390817e+00     8.4539875e-01
 5450.0 5550.0     9.0902255e-01    1.4619640e+00     8.4374343e-01
 5550.0 5650.0     9.1450754e-01    1.3895506e+00     8.4207222e-01
 5650.0 5750.0     9.1866099e-01    1.3261116e+00     8.4029514e-01
 5750.0 5850.0     9.2167403e-01    1.2701315e+00     8.3842805e-01
 5850.0 5950.0     9.2469696e-01    1.2165144e+00     8.3656097e-01
 5950.0 6050.0     9.2772981e-01    1.1651608e+00     8.3469388e-01
 6050.0 6150.0     9.3077260e-01    1.1159750e+00     8.3282679e-01
 6150.0 6250.0     9.3382537e-01    1.0688655e+00     8.3095971e-01
 6250.0 6350.0     9.3688816e-01    1.0237447e+00     8.2909262e-01
 6350.0 6450.0     9.3996099e-01    9.8052856e-01     8.2722554e-01
 6450.0 6550.0     9.4304390e-01    9.3913677e-01     8.2535845e-01
 6550.0 6650.0     9.4613692e-01    8.9949228e-01     8.2349136e-01
 6650.0 6750.0     9.4924008e-01    8.6152133e-01     8.2162428e-01
 6750.0 6850.0     9.5235342e-01    8.2515328e-01     8.1975719e-01
 6850.0 6950.0     9.5494684e-01    7.9238792e-01     8.1783413e-01
 6950.0 7050.0     9.5669216e-01    7.6422188e-01     8.1582077e-01
 7050.0 7150.0     9.5811546e-01    7.3828439e-01     8.1377310e-01
 7150.0 7250.0     9.5954087e-01    7.1322720e-01     8.1172544e-01
 7250.0 7350.0     9.6096840e-01    6.8902046e-01     8.0967777e-01
 7350.0 7450.0     9.6239805e-01    6.6563528e-01     8.0763010e-01
 7450.0 7550.0     9.6382983e-01    6.4304379e-01     8.0558243e-01
 7550.0 7650.0     9.6526374e-01    6.2121905e-01     8.0353477e-01
 7650.0 7750.0     9.6669979e-01    6.0013503e-01     8.0148710e-01
 7750.0 7850.0     9.6813797e-01    5.7976660e-01     7.9943943e-01
 7850.0 7950.0     9.6957829e-01    5.6008947e-01     7.9739177e-01
 7950.0 8050.0     9.7102075e-01    5.4108018e-01     7.9534410e-01
 8050.0 8150.0     9.7246536e-01    5.2271606e-01     7.9329643e-01
 8150.0 8250.0     9.7391212e-01    5.0497521e-01     7.9124877e-01
 8250.0 8350.0     9.7536103e-01    4.8783648e-01     7.8920110e-01
 8350.0 8450.0     9.7681209e-01    4.7127944e-01     7.8715343e-01
 8450.0 8550.0     9.7826532e-01    4.5528433e-01     7.8510577e-01
