 1216.0 1216.0     5.4352354e-01    7.0823327e+00     5.6852518e-01
 1300.0 1350.0     5.8090279e-01    5.6987106e+00     5.4002192e-01
 1350.0 1400.0     5.8782408e-01    5.1778648e+00     5.2978791e-01
 1400.0 1450.0     5.8060751e-01    4.7342997e+00     5.2329191e-01
 1450.0 1500.0     5.7011811e-01    4.3353927e+00     5.1769302e-01
 1500.0 1550.0     5.5981823e-01    3.9700972e+00     5.1209412e-01
 1550.0 1600.0     5.4970442e-01    3.6355811e+00     5.0649523e-01
 1600.0 1650.0     5.4009833e-01    3.3425509e+00     5.0162370e-01
 1650.0 1700.0     5.3150746e-01    3.1067509e+00     4.9866626e-01
 1700.0 1750.0     5.2357591e-01    2.9079768e+00     4.9689556e-01
 1754.0 1770.0     5.1776972e-01    2.7677604e+00     4.9558525e-01
 1770.0 1786.0     5.1528458e-01    2.7098143e+00     4.9501863e-01
 1786.0 1802.0     5.1281136e-01    2.6530814e+00     4.9445200e-01
 1802.0 1818.0     5.1035001e-01    2.5975362e+00     4.9388538e-01
 1818.0 1835.0     5.0782431e-01    2.5414913e+00     4.9330105e-01
 1835.0 1852.0     5.0523495e-01    2.4849941e+00     4.9269901e-01
 1852.0 1869.0     5.0265879e-01    2.4297528e+00     4.9209698e-01
 1869.0 1887.0     5.0002078e-01    2.3741874e+00     4.9147723e-01
 1887.0 1905.0     4.9732164e-01    2.3183416e+00     4.9083978e-01
 1905.0 1923.0     4.9463707e-01    2.2638093e+00     4.9020233e-01
 1923.0 1942.0     4.9189323e-01    2.2091165e+00     4.8954717e-01
 1942.0 1961.0     4.8909087e-01    2.1543028e+00     4.8887431e-01
 1961.0 1980.0     4.8615135e-01    2.1044927e+00     4.8833034e-01
 1980.0 2000.0     4.8290267e-01    2.0605190e+00     4.8798350e-01
 2000.0 2020.0     4.7950201e-01    2.0184995e+00     4.8770489e-01
 2020.0 2041.0     4.7604150e-01    1.9763293e+00     4.8741931e-01
 2041.0 2062.0     4.7252217e-01    1.9340332e+00     4.8712676e-01
 2062.0 2083.0     4.6902885e-01    1.8926423e+00     4.8683421e-01
 2083.0 2105.0     4.6547943e-01    1.8511940e+00     4.8653470e-01
 2105.0 2128.0     4.6179368e-01    1.8087896e+00     4.8622126e-01
 2128.0 2151.0     4.5805586e-01    1.7664358e+00     4.8590085e-01
 2151.0 2174.0     4.5434829e-01    1.7250738e+00     4.8558044e-01
 2174.0 2200.0     4.5043296e-01    1.6821118e+00     4.8523914e-01
 2200.0 2222.0     4.4662791e-01    1.6409911e+00     4.8490480e-01
 2222.0 2247.0     4.4293555e-01    1.6017711e+00     4.8457742e-01
 2247.0 2273.0     4.3896278e-01    1.5602519e+00     4.8422219e-01
 2273.0 2299.0     4.3494844e-01    1.5190160e+00     4.8385999e-01
 2299.0 2326.0     4.3089503e-01    1.4781187e+00     4.8349082e-01
 2326.0 2353.0     4.2680363e-01    1.4375717e+00     4.8311469e-01
 2353.0 2381.0     4.2267676e-01    1.3974273e+00     4.8273159e-01
 2381.0 2410.0     4.1952371e-01    1.3538447e+00     4.8237120e-01
 2410.0 2439.0     4.1752936e-01    1.3074311e+00     4.8204471e-01
 2439.0 2469.0     4.1563716e-01    1.2615061e+00     4.8171690e-01
 2469.0 2500.0     4.1368983e-01    1.2157198e+00     4.8137796e-01
 2500.0 2532.0     4.1168823e-01    1.1701760e+00     4.8102792e-01
 2532.0 2564.0     4.0966470e-01    1.1256427e+00     4.8067232e-01
 2564.0 2597.0     4.0761981e-01    1.0821609e+00     4.8031116e-01
 2597.0 2632.0     4.0549154e-01    1.0384818e+00     4.7993334e-01
 2632.0 2667.0     4.0277528e-01    9.9642145e-01     4.7952940e-01
 2667.0 2703.0     3.9938216e-01    9.5683802e-01     4.7910130e-01
 2703.0 2740.0     3.9581025e-01    9.1800068e-01     4.7865795e-01
 2740.0 2778.0     3.9217374e-01    8.7974045e-01     4.7820245e-01
 2778.0 2817.0     3.8847502e-01    8.4211828e-01     4.7773481e-01
 2817.0 2857.0     3.8471648e-01    8.0519042e-01     4.7725501e-01
 2857.0 2899.0     3.8085390e-01    7.6858217e-01     4.7675700e-01
 2899.0 2941.0     3.7693684e-01    7.3278635e-01     4.7624684e-01
 2941.0 2985.0     3.7274393e-01    6.9987173e-01     4.7570511e-01
 2985.0 3030.0     3.6815606e-01    6.6997361e-01     4.7511865e-01
 3030.0 3077.0     3.6339683e-01    6.4107325e-01     4.7450573e-01
 3077.0 3125.0     3.5854662e-01    6.1253148e-01     4.7387283e-01
 3125.0 3175.0     3.5361142e-01    5.8442590e-01     4.7321994e-01
 3175.0 3225.0     3.4864482e-01    5.5706286e-01     4.7255372e-01
 3225.0 3275.0     3.4412022e-01    5.3095747e-01     4.7187955e-01
 3275.0 3325.0     3.4119705e-01    5.0598103e-01     4.7117224e-01
 3325.0 3375.0     3.3947280e-01    4.8210859e-01     4.7043975e-01
 3375.0 3425.0     3.3775726e-01    4.5936246e-01     4.6970726e-01
 3425.0 3450.0     3.3647549e-01    4.4291296e-01     4.6915790e-01
 3450.0 3550.0     3.3475405e-01    4.1761325e-01     4.6823942e-01
 3550.0 3650.0     3.3679189e-01    3.8173274e-01     4.6673582e-01
 3650.0 3750.0     3.4352470e-01    3.5114530e-01     4.6519931e-01
 3750.0 3850.0     3.5039211e-01    3.2300877e-01     4.6366280e-01
 3850.0 3950.0     3.5936166e-01    2.9689995e-01     4.6206456e-01
 3950.0 4050.0     3.7118081e-01    2.7260915e-01     4.6038511e-01
 4050.0 4150.0     3.8413311e-01    2.5019669e-01     4.5867260e-01
 4150.0 4250.0     3.9813727e-01    2.2938967e-01     4.5688032e-01
 4250.0 4350.0     4.1315352e-01    2.1011931e-01     4.5502183e-01
 4350.0 4450.0     4.2779252e-01    1.9254766e-01     4.5312710e-01
 4450.0 4550.0     4.3858591e-01    1.7678546e-01     4.5106759e-01
 4550.0 4650.0     4.4625534e-01    1.6257403e-01     4.4887957e-01
 4650.0 4750.0     4.5405888e-01    1.4950504e-01     4.4669154e-01
 4750.0 4850.0     4.6199888e-01    1.3748664e-01     4.4450352e-01
 4850.0 4950.0     4.7007773e-01    1.2643437e-01     4.4231549e-01
 4950.0 5050.0     4.7829784e-01    1.1627057e-01     4.4012746e-01
 5050.0 5150.0     4.8666170e-01    1.0692381e-01     4.3793944e-01
 5150.0 5250.0     4.9517182e-01    9.8328428e-02     4.3575141e-01
 5250.0 5350.0     5.0383075e-01    9.0424007e-02     4.3356339e-01
 5350.0 5450.0     5.1264109e-01    8.3155007e-02     4.3137536e-01
 5450.0 5550.0     5.2160551e-01    7.6470346e-02     4.2918733e-01
 5550.0 5650.0     5.3066932e-01    7.0396920e-02     4.2698321e-01
 5650.0 5750.0     5.3950288e-01    6.5268416e-02     4.2467174e-01
 5750.0 5850.0     5.4815329e-01    6.0904468e-02     4.2226903e-01
 5850.0 5950.0     5.5694240e-01    5.6832300e-02     4.1986633e-01
 5950.0 6050.0     5.6587244e-01    5.3032404e-02     4.1746362e-01
 6050.0 6150.0     5.7494566e-01    4.9486575e-02     4.1506092e-01
 6150.0 6250.0     5.8416437e-01    4.6177825e-02     4.1265821e-01
 6250.0 6350.0     5.9353088e-01    4.3090304e-02     4.1025551e-01
 6350.0 6450.0     6.0304758e-01    4.0209219e-02     4.0785280e-01
 6450.0 6550.0     6.1271687e-01    3.7520768e-02     4.0545010e-01
 6550.0 6650.0     6.2254120e-01    3.5012071e-02     4.0304740e-01
 6650.0 6750.0     6.3252305e-01    3.2671109e-02     4.0064469e-01
 6750.0 6850.0     6.4266495e-01    3.0486668e-02     3.9824199e-01
 6850.0 6950.0     6.5197109e-01    2.8583540e-02     3.9582458e-01
 6950.0 7050.0     6.5979681e-01    2.7013855e-02     3.9338347e-01
 7050.0 7150.0     6.6709873e-01    2.5609339e-02     3.9093334e-01
 7150.0 7250.0     6.7448147e-01    2.4277847e-02     3.8848322e-01
 7250.0 7350.0     6.8194590e-01    2.3015582e-02     3.8603309e-01
 7350.0 7450.0     6.8949295e-01    2.1818946e-02     3.8358297e-01
 7450.0 7550.0     6.9712352e-01    2.0684526e-02     3.8113284e-01
 7550.0 7650.0     7.0483853e-01    1.9609087e-02     3.7868272e-01
 7650.0 7750.0     7.1263893e-01    1.8589562e-02     3.7623260e-01
 7750.0 7850.0     7.2052565e-01    1.7623046e-02     3.7378247e-01
 7850.0 7950.0     7.2849965e-01    1.6706781e-02     3.7133235e-01
 7950.0 8050.0     7.3656191e-01    1.5838154e-02     3.6888222e-01
 8050.0 8150.0     7.4471338e-01    1.5014690e-02     3.6643210e-01
 8150.0 8250.0     7.5295507e-01    1.4234040e-02     3.6398197e-01
 8250.0 8350.0     7.6128797e-01    1.3493977e-02     3.6153185e-01
 8350.0 8450.0     7.6971309e-01    1.2792392e-02     3.5908173e-01
 8450.0 8550.0     7.7823145e-01    1.2127285e-02     3.5663160e-01
