 1216.0 1216.0     4.1674240e-01    2.1382696e+01     8.9633763e-01
 1300.0 1350.0     4.8764403e-01    1.8048313e+01     8.9142614e-01
 1350.0 1400.0     5.1311603e-01    1.6910768e+01     8.8985296e-01
 1400.0 1450.0     5.2589524e-01    1.6133206e+01     8.8917424e-01
 1450.0 1500.0     5.3558464e-01    1.5458444e+01     8.8871019e-01
 1500.0 1550.0     5.4545256e-01    1.4811904e+01     8.8824613e-01
 1550.0 1600.0     5.5550229e-01    1.4192404e+01     8.8778208e-01
 1600.0 1650.0     5.6516031e-01    1.3627346e+01     8.8745085e-01
 1650.0 1700.0     5.7345585e-01    1.3158422e+01     8.8746916e-01
 1700.0 1750.0     5.8092064e-01    1.2750836e+01     8.8770419e-01
 1754.0 1770.0     5.8649607e-01    1.2455989e+01     8.8787810e-01
 1770.0 1786.0     5.8892839e-01    1.2331201e+01     8.8795331e-01
 1786.0 1802.0     5.9137080e-01    1.2207663e+01     8.8802852e-01
 1802.0 1818.0     5.9382333e-01    1.2085363e+01     8.8810373e-01
 1818.0 1835.0     5.9636333e-01    1.1960543e+01     8.8818128e-01
 1835.0 1852.0     5.9899148e-01    1.1833269e+01     8.8826119e-01
 1852.0 1869.0     6.0163123e-01    1.1707350e+01     8.8834110e-01
 1869.0 1887.0     6.0436093e-01    1.1579147e+01     8.8842336e-01
 1887.0 1905.0     6.0718137e-01    1.1448724e+01     8.8850796e-01
 1905.0 1923.0     6.1001497e-01    1.1319771e+01     8.8859257e-01
 1923.0 1942.0     6.1294126e-01    1.1188770e+01     8.8867953e-01
 1942.0 1961.0     6.1596105e-01    1.1055785e+01     8.8876884e-01
 1961.0 1980.0     6.1849000e-01    1.0931258e+01     8.8884399e-01
 1980.0 2000.0     6.2026654e-01    1.0816168e+01     8.8889788e-01
 2000.0 2020.0     6.2179082e-01    1.0703444e+01     8.8894467e-01
 2020.0 2041.0     6.2335714e-01    1.0589135e+01     8.8899264e-01
 2041.0 2062.0     6.2496571e-01    1.0473290e+01     8.8904178e-01
 2062.0 2083.0     6.2657843e-01    1.0358711e+01     8.8909092e-01
 2083.0 2105.0     6.2823390e-01    1.0242718e+01     8.8914123e-01
 2105.0 2128.0     6.2997106e-01    1.0122721e+01     8.8919387e-01
 2128.0 2151.0     6.3175173e-01    1.0001495e+01     8.8924769e-01
 2151.0 2174.0     6.3353744e-01    9.8817197e+00     8.8930151e-01
 2174.0 2200.0     6.3544534e-01    9.7557600e+00     8.8935884e-01
 2200.0 2222.0     6.3731946e-01    9.6338167e+00     8.8941500e-01
 2222.0 2247.0     6.3916029e-01    9.5159983e+00     8.8946998e-01
 2247.0 2273.0     6.4116368e-01    9.3897495e+00     8.8952965e-01
 2273.0 2299.0     6.4321276e-01    9.2627331e+00     8.8959049e-01
 2299.0 2326.0     6.4530804e-01    9.1350585e+00     8.8965250e-01
 2326.0 2353.0     6.4744982e-01    9.0067681e+00     8.8971567e-01
 2353.0 2381.0     6.4963863e-01    8.8779706e+00     8.8978002e-01
 2381.0 2410.0     6.5271454e-01    8.7305078e+00     8.8978030e-01
 2410.0 2439.0     6.5673884e-01    8.5655337e+00     8.8970767e-01
 2439.0 2469.0     6.6095279e-01    8.3991114e+00     8.8962600e-01
 2469.0 2500.0     6.6533802e-01    8.2304466e+00     8.8954156e-01
 2500.0 2532.0     6.6989757e-01    8.0598064e+00     8.8945435e-01
 2532.0 2564.0     6.7456124e-01    7.8900519e+00     8.8936576e-01
 2564.0 2597.0     6.7933126e-01    7.7213319e+00     8.8927578e-01
 2597.0 2632.0     6.8435783e-01    7.5487134e+00     8.8918165e-01
 2632.0 2667.0     6.8856222e-01    7.3705959e+00     8.8904614e-01
 2667.0 2703.0     6.9161667e-01    7.1888931e+00     8.8886133e-01
 2703.0 2740.0     6.9455618e-01    7.0058310e+00     8.8866309e-01
 2740.0 2778.0     6.9758925e-01    6.8226073e+00     8.8845943e-01
 2778.0 2817.0     7.0071698e-01    6.6394818e+00     8.8825033e-01
 2817.0 2857.0     7.0394052e-01    6.4567069e+00     8.8803581e-01
 2857.0 2899.0     7.0730225e-01    6.2723432e+00     8.8781313e-01
 2899.0 2941.0     7.1076243e-01    6.0888762e+00     8.8758503e-01
 2941.0 2985.0     7.1352499e-01    5.9095335e+00     8.8731124e-01
 2985.0 3030.0     7.1533556e-01    5.7332491e+00     8.8697440e-01
 3030.0 3077.0     7.1693682e-01    5.5575366e+00     8.8661234e-01
 3077.0 3125.0     7.1859404e-01    5.3817146e+00     8.8623848e-01
 3125.0 3175.0     7.2030762e-01    5.2061963e+00     8.8585280e-01
 3175.0 3225.0     7.2206035e-01    5.0329377e+00     8.8545926e-01
 3225.0 3275.0     7.2401503e-01    4.8660623e+00     8.8505518e-01
 3275.0 3325.0     7.2680139e-01    4.7072283e+00     8.8460720e-01
 3325.0 3375.0     7.3022764e-01    4.5554705e+00     8.8412585e-01
 3375.0 3425.0     7.3367003e-01    4.4086052e+00     8.8364451e-01
 3425.0 3450.0     7.3626095e-01    4.3011389e+00     8.8328350e-01
 3450.0 3550.0     7.4080853e-01    4.1343955e+00     8.8267690e-01
 3550.0 3650.0     7.5052578e-01    3.9210557e+00     8.8164783e-01
 3650.0 3750.0     7.6269435e-01    3.7607352e+00     8.8056222e-01
 3750.0 3850.0     7.7506021e-01    3.6069697e+00     8.7947661e-01
 3850.0 3950.0     7.8797227e-01    3.4672764e+00     8.7834582e-01
 3950.0 4050.0     8.0155640e-01    3.3431719e+00     8.7715559e-01
 4050.0 4150.0     8.1532321e-01    3.2258582e+00     8.7594285e-01
 4150.0 4250.0     8.2835746e-01    3.1124955e+00     8.7468163e-01
 4250.0 4350.0     8.4079443e-01    3.0029799e+00     8.7338017e-01
 4350.0 4450.0     8.5258203e-01    2.8929264e+00     8.7205733e-01
 4450.0 4550.0     8.6070987e-01    2.7676508e+00     8.7063734e-01
 4550.0 4650.0     8.6593583e-01    2.6330092e+00     8.6914158e-01
 4650.0 4750.0     8.7119352e-01    2.5049177e+00     8.6764582e-01
 4750.0 4850.0     8.7648312e-01    2.3830576e+00     8.6615006e-01
 4850.0 4950.0     8.8180485e-01    2.2671258e+00     8.6465430e-01
 4950.0 5050.0     8.8715889e-01    2.1568339e+00     8.6315854e-01
 5050.0 5150.0     8.9254543e-01    2.0519076e+00     8.6166278e-01
 5150.0 5250.0     8.9796468e-01    1.9520857e+00     8.6016702e-01
 5250.0 5350.0     9.0341684e-01    1.8571200e+00     8.5867126e-01
 5350.0 5450.0     9.0890210e-01    1.7667742e+00     8.5717550e-01
 5450.0 5550.0     9.1442066e-01    1.6808235e+00     8.5567974e-01
 5550.0 5650.0     9.1976834e-01    1.5999583e+00     8.5416983e-01
 5650.0 5750.0     9.2377996e-01    1.5287860e+00     8.5256563e-01
 5750.0 5850.0     9.2664754e-01    1.4656935e+00     8.5088128e-01
 5850.0 5950.0     9.2952403e-01    1.4052047e+00     8.4919693e-01
 5950.0 6050.0     9.3240944e-01    1.3472124e+00     8.4751258e-01
 6050.0 6150.0     9.3530381e-01    1.2916133e+00     8.4582822e-01
 6150.0 6250.0     9.3820716e-01    1.2383088e+00     8.4414387e-01
 6250.0 6350.0     9.4111953e-01    1.1872042e+00     8.4245952e-01
 6350.0 6450.0     9.4404094e-01    1.1382086e+00     8.4077517e-01
 6450.0 6550.0     9.4697141e-01    1.0912351e+00     8.3909081e-01
 6550.0 6650.0     9.4991099e-01    1.0462002e+00     8.3740646e-01
 6650.0 6750.0     9.5285968e-01    1.0030238e+00     8.3572211e-01
 6750.0 6850.0     9.5581753e-01    9.6162931e-01     8.3403776e-01
 6850.0 6950.0     9.5827425e-01    9.2425963e-01     8.3230360e-01
 6950.0 7050.0     9.5991410e-01    8.9203828e-01     8.3048909e-01
 7050.0 7150.0     9.6124371e-01    8.6231616e-01     8.2864406e-01
 7150.0 7250.0     9.6257517e-01    8.3358436e-01     8.2679903e-01
 7250.0 7350.0     9.6390847e-01    8.0580988e-01     8.2495400e-01
 7350.0 7450.0     9.6524362e-01    7.7896083e-01     8.2310897e-01
 7450.0 7550.0     9.6658062e-01    7.5300637e-01     8.2126394e-01
 7550.0 7650.0     9.6791946e-01    7.2791670e-01     8.1941891e-01
 7650.0 7750.0     9.6926017e-01    7.0366300e-01     8.1757388e-01
 7750.0 7850.0     9.7060273e-01    6.8021741e-01     8.1572885e-01
 7850.0 7950.0     9.7194715e-01    6.5755302e-01     8.1388382e-01
 7950.0 8050.0     9.7329343e-01    6.3564379e-01     8.1203879e-01
 8050.0 8150.0     9.7464158e-01    6.1446456e-01     8.1019376e-01
 8150.0 8250.0     9.7599159e-01    5.9399101e-01     8.0834873e-01
 8250.0 8350.0     9.7734348e-01    5.7419963e-01     8.0650370e-01
 8350.0 8450.0     9.7869723e-01    5.5506768e-01     8.0465867e-01
 8450.0 8550.0     9.8005287e-01    5.3657319e-01     8.0281364e-01
