 1216.0 1216.0     3.4678505e-01    4.0305988e+01     9.3229081e-01
 1300.0 1350.0     4.1714695e-01    3.3477115e+01     9.2940123e-01
 1350.0 1400.0     4.4364601e-01    3.1247515e+01     9.2852830e-01
 1400.0 1450.0     4.5859307e-01    2.9849505e+01     9.2825086e-01
 1450.0 1500.0     4.7080777e-01    2.8673277e+01     9.2811632e-01
 1500.0 1550.0     4.8334780e-01    2.7543398e+01     9.2798179e-01
 1550.0 1600.0     4.9622184e-01    2.6458043e+01     9.2784726e-01
 1600.0 1650.0     5.0867262e-01    2.5472426e+01     9.2779725e-01
 1650.0 1700.0     5.1939626e-01    2.4670859e+01     9.2796968e-01
 1700.0 1750.0     5.2907454e-01    2.3985086e+01     9.2828001e-01
 1754.0 1770.0     5.3633187e-01    2.3487821e+01     9.2850966e-01
 1770.0 1786.0     5.3950985e-01    2.3276890e+01     9.2860897e-01
 1786.0 1802.0     5.4270667e-01    2.3067854e+01     9.2870827e-01
 1802.0 1818.0     5.4592242e-01    2.2860695e+01     9.2880758e-01
 1818.0 1835.0     5.4925894e-01    2.2649041e+01     9.2890999e-01
 1835.0 1852.0     5.5271757e-01    2.2432991e+01     9.2901550e-01
 1852.0 1869.0     5.5619797e-01    2.2219003e+01     9.2912102e-01
 1869.0 1887.0     5.5980397e-01    2.2000883e+01     9.2922963e-01
 1887.0 1905.0     5.6353705e-01    2.1778734e+01     9.2934135e-01
 1905.0 1923.0     5.6729502e-01    2.1558828e+01     9.2945307e-01
 1923.0 1942.0     5.7118385e-01    2.1335159e+01     9.2956790e-01
 1942.0 1961.0     5.7520517e-01    2.1107827e+01     9.2968582e-01
 1961.0 1980.0     5.7867355e-01    2.0899850e+01     9.2979154e-01
 1980.0 2000.0     5.8130092e-01    2.0716252e+01     9.2988000e-01
 2000.0 2020.0     5.8365909e-01    2.0539653e+01     9.2996342e-01
 2020.0 2041.0     5.8608626e-01    2.0360220e+01     9.3004892e-01
 2041.0 2062.0     5.8858297e-01    2.0178016e+01     9.3013651e-01
 2062.0 2083.0     5.9109032e-01    1.9997443e+01     9.3022411e-01
 2083.0 2105.0     5.9366856e-01    1.9814264e+01     9.3031378e-01
 2105.0 2128.0     5.9637877e-01    1.9624362e+01     9.3040763e-01
 2128.0 2151.0     5.9916185e-01    1.9432100e+01     9.3050356e-01
 2151.0 2174.0     6.0195791e-01    1.9241722e+01     9.3059950e-01
 2174.0 2200.0     6.0495114e-01    1.9041043e+01     9.3070169e-01
 2200.0 2222.0     6.0789667e-01    1.8846344e+01     9.3080179e-01
 2222.0 2247.0     6.1079575e-01    1.8657771e+01     9.3089981e-01
 2247.0 2273.0     6.1395689e-01    1.8455240e+01     9.3100617e-01
 2273.0 2299.0     6.1719670e-01    1.8250980e+01     9.3111462e-01
 2299.0 2326.0     6.2051657e-01    1.8045139e+01     9.3122515e-01
 2326.0 2353.0     6.2391727e-01    1.7837780e+01     9.3133777e-01
 2353.0 2381.0     6.2740028e-01    1.7629053e+01     9.3145248e-01
 2381.0 2410.0     6.3183434e-01    1.7391154e+01     9.3153299e-01
 2410.0 2439.0     6.3726253e-01    1.7125906e+01     9.3157279e-01
 2439.0 2469.0     6.4292790e-01    1.6857483e+01     9.3160878e-01
 2469.0 2500.0     6.4883827e-01    1.6584384e+01     9.3164599e-01
 2500.0 2532.0     6.5499946e-01    1.6306974e+01     9.3168443e-01
 2532.0 2564.0     6.6131789e-01    1.6029875e+01     9.3172347e-01
 2564.0 2597.0     6.6779792e-01    1.5753302e+01     9.3176312e-01
 2597.0 2632.0     6.7464551e-01    1.5469108e+01     9.3180460e-01
 2632.0 2667.0     6.8064974e-01    1.5180649e+01     9.3181851e-01
 2667.0 2703.0     6.8542431e-01    1.4892153e+01     9.3179729e-01
 2703.0 2740.0     6.9012942e-01    1.4601000e+01     9.3176936e-01
 2740.0 2778.0     6.9499707e-01    1.4307797e+01     9.3174066e-01
 2778.0 2817.0     7.0003025e-01    1.4012899e+01     9.3171119e-01
 2817.0 2857.0     7.0523204e-01    1.3716658e+01     9.3168096e-01
 2857.0 2899.0     7.1067252e-01    1.3415829e+01     9.3164958e-01
 2899.0 2941.0     7.1628868e-01    1.3114422e+01     9.3161743e-01
 2941.0 2985.0     7.2110332e-01    1.2818847e+01     9.3155990e-01
 2985.0 3030.0     7.2481518e-01    1.2527745e+01     9.3146766e-01
 3030.0 3077.0     7.2833284e-01    1.2235805e+01     9.3136382e-01
 3077.0 3125.0     7.3198304e-01    1.1941445e+01     9.3125660e-01
 3125.0 3175.0     7.3576777e-01    1.1645246e+01     9.3114599e-01
 3175.0 3225.0     7.3964971e-01    1.1350500e+01     9.3103313e-01
 3225.0 3275.0     7.4367102e-01    1.1064016e+01     9.3091415e-01
 3275.0 3325.0     7.4821190e-01    1.0788044e+01     9.3076971e-01
 3325.0 3375.0     7.5315953e-01    1.0521435e+01     9.3060591e-01
 3375.0 3425.0     7.5813987e-01    1.0261414e+01     9.3044212e-01
 3425.0 3450.0     7.6189362e-01    1.0070034e+01     9.3031927e-01
 3450.0 3550.0     7.6830969e-01    9.7701453e+00     9.3011191e-01
 3550.0 3650.0     7.7984038e-01    9.3890071e+00     9.2974902e-01
 3650.0 3750.0     7.9268528e-01    9.1048780e+00     9.2935606e-01
 3750.0 3850.0     8.0574176e-01    8.8293472e+00     9.2896310e-01
 3850.0 3950.0     8.1893865e-01    8.5797154e+00     9.2854673e-01
 3950.0 4050.0     8.3225309e-01    8.3601535e+00     9.2809954e-01
 4050.0 4150.0     8.4556709e-01    8.1517088e+00     9.2764091e-01
 4150.0 4250.0     8.5794547e-01    7.9489218e+00     9.2715849e-01
 4250.0 4350.0     8.6955043e-01    7.7515600e+00     9.2665631e-01
 4350.0 4450.0     8.8053597e-01    7.5480724e+00     9.2614504e-01
 4450.0 4550.0     8.8811063e-01    7.3011623e+00     9.2559243e-01
 4550.0 4650.0     8.9298514e-01    7.0247690e+00     9.2500758e-01
 4650.0 4750.0     8.9788641e-01    6.7588389e+00     9.2442272e-01
 4750.0 4850.0     9.0281457e-01    6.5029759e+00     9.2383786e-01
 4850.0 4950.0     9.0776979e-01    6.2567988e+00     9.2325301e-01
 4950.0 5050.0     9.1275220e-01    6.0199410e+00     9.2266815e-01
 5050.0 5150.0     9.1776195e-01    5.7920498e+00     9.2208329e-01
 5150.0 5250.0     9.2279921e-01    5.5727856e+00     9.2149844e-01
 5250.0 5350.0     9.2786411e-01    5.3618218e+00     9.2091358e-01
 5350.0 5450.0     9.3295681e-01    5.1588444e+00     9.2032872e-01
 5450.0 5550.0     9.3807746e-01    4.9635508e+00     9.1974387e-01
 5550.0 5650.0     9.4300501e-01    4.7770032e+00     9.1915505e-01
 5650.0 5750.0     9.4647941e-01    4.6062145e+00     9.1853986e-01
 5750.0 5850.0     9.4871043e-01    4.4489384e+00     9.1790224e-01
 5850.0 5950.0     9.5094670e-01    4.2970323e+00     9.1726461e-01
 5950.0 6050.0     9.5318825e-01    4.1503130e+00     9.1662699e-01
 6050.0 6150.0     9.5543508e-01    4.0086033e+00     9.1598937e-01
 6150.0 6250.0     9.5768720e-01    3.8717322e+00     9.1535175e-01
 6250.0 6350.0     9.5994463e-01    3.7395345e+00     9.1471412e-01
 6350.0 6450.0     9.6220739e-01    3.6118505e+00     9.1407650e-01
 6450.0 6550.0     9.6447548e-01    3.4885263e+00     9.1343888e-01
 6550.0 6650.0     9.6674891e-01    3.3694129e+00     9.1280126e-01
 6650.0 6750.0     9.6902771e-01    3.2543665e+00     9.1216363e-01
 6750.0 6850.0     9.7131187e-01    3.1432483e+00     9.1152601e-01
 6850.0 6950.0     9.7317046e-01    3.0410585e+00     9.1088101e-01
 6950.0 7050.0     9.7433751e-01    2.9503923e+00     9.1022409e-01
 7050.0 7150.0     9.7524170e-01    2.8654907e+00     9.0956264e-01
 7150.0 7250.0     9.7614673e-01    2.7830323e+00     9.0890120e-01
 7250.0 7350.0     9.7705260e-01    2.7029467e+00     9.0823976e-01
 7350.0 7450.0     9.7795931e-01    2.6251657e+00     9.0757831e-01
 7450.0 7550.0     9.7886685e-01    2.5496230e+00     9.0691687e-01
 7550.0 7650.0     9.7977525e-01    2.4762541e+00     9.0625543e-01
 7650.0 7750.0     9.8068448e-01    2.4049964e+00     9.0559398e-01
 7750.0 7850.0     9.8159456e-01    2.3357894e+00     9.0493254e-01
 7850.0 7950.0     9.8250548e-01    2.2685738e+00     9.0427110e-01
 7950.0 8050.0     9.8341725e-01    2.2032925e+00     9.0360965e-01
 8050.0 8150.0     9.8432987e-01    2.1398897e+00     9.0294821e-01
 8150.0 8250.0     9.8524333e-01    2.0783115e+00     9.0228677e-01
 8250.0 8350.0     9.8615764e-01    2.0185052e+00     9.0162532e-01
 8350.0 8450.0     9.8707280e-01    1.9604199e+00     9.0096388e-01
 8450.0 8550.0     9.8798880e-01    1.9040062e+00     9.0030244e-01
