 1216.0 1216.0     5.4357842e-01    5.0592934e+00     5.1562170e-01
 1300.0 1350.0     5.7470704e-01    4.0091056e+00     4.8219303e-01
 1350.0 1400.0     5.7858789e-01    3.6192438e+00     4.6991102e-01
 1400.0 1450.0     5.6839352e-01    3.2910302e+00     4.6164510e-01
 1450.0 1500.0     5.5505954e-01    2.9978862e+00     4.5434305e-01
 1500.0 1550.0     5.4203837e-01    2.7308536e+00     4.4704100e-01
 1550.0 1600.0     5.2932266e-01    2.4876066e+00     4.3973894e-01
 1600.0 1650.0     5.1729525e-01    2.2761476e+00     4.3322800e-01
 1650.0 1700.0     5.0655500e-01    2.1082011e+00     4.2879892e-01
 1700.0 1750.0     4.9666209e-01    1.9681306e+00     4.2566061e-01
 1754.0 1770.0     4.8944458e-01    1.8695136e+00     4.2333826e-01
 1770.0 1786.0     4.8636524e-01    1.8288329e+00     4.2233400e-01
 1786.0 1802.0     4.8330528e-01    1.7890374e+00     4.2132974e-01
 1802.0 1818.0     4.8026457e-01    1.7501079e+00     4.2032547e-01
 1818.0 1835.0     4.7714918e-01    1.7108622e+00     4.1928983e-01
 1835.0 1852.0     4.7396021e-01    1.6713341e+00     4.1822280e-01
 1852.0 1869.0     4.7079255e-01    1.6327192e+00     4.1715578e-01
 1869.0 1887.0     4.6755415e-01    1.5939135e+00     4.1605737e-01
 1887.0 1905.0     4.6424615e-01    1.5549479e+00     4.1492758e-01
 1905.0 1923.0     4.6096154e-01    1.5169348e+00     4.1379778e-01
 1923.0 1942.0     4.5761024e-01    1.4788469e+00     4.1263661e-01
 1942.0 1961.0     4.5419339e-01    1.4407118e+00     4.1144405e-01
 1961.0 1980.0     4.5067705e-01    1.4062873e+00     4.1040428e-01
 1980.0 2000.0     4.4689256e-01    1.3762650e+00     4.0958778e-01
 2000.0 2020.0     4.4296952e-01    1.3477312e+00     4.0884175e-01
 2020.0 2041.0     4.3898457e-01    1.3191053e+00     4.0807707e-01
 2041.0 2062.0     4.3493916e-01    1.2904041e+00     4.0729374e-01
 2062.0 2083.0     4.3093102e-01    1.2623275e+00     4.0651042e-01
 2083.0 2105.0     4.2686617e-01    1.2342223e+00     4.0570844e-01
 2105.0 2128.0     4.2265330e-01    1.2054798e+00     4.0486916e-01
 2128.0 2151.0     4.1838932e-01    1.1767829e+00     4.0401123e-01
 2151.0 2174.0     4.1416835e-01    1.1487691e+00     4.0315330e-01
 2174.0 2200.0     4.0972040e-01    1.1196841e+00     4.0223941e-01
 2200.0 2222.0     4.0540623e-01    1.0918564e+00     4.0134418e-01
 2222.0 2247.0     4.0122917e-01    1.0653268e+00     4.0046760e-01
 2247.0 2273.0     3.9674431e-01    1.0372536e+00     3.9951642e-01
 2273.0 2299.0     3.9222262e-01    1.0093843e+00     3.9854658e-01
 2299.0 2326.0     3.8766750e-01    9.8175655e-01     3.9755810e-01
 2326.0 2353.0     3.8308034e-01    9.5437807e-01     3.9655096e-01
 2353.0 2381.0     3.7846452e-01    9.2728429e-01     3.9552517e-01
 2381.0 2410.0     3.7478841e-01    8.9787832e-01     3.9452789e-01
 2410.0 2439.0     3.7223803e-01    8.6657204e-01     3.9358536e-01
 2439.0 2469.0     3.6978427e-01    8.3561368e-01     3.9263430e-01
 2469.0 2500.0     3.6726433e-01    8.0476826e-01     3.9165100e-01
 2500.0 2532.0     3.6467980e-01    7.7410626e-01     3.9063546e-01
 2532.0 2564.0     3.6207272e-01    7.4414445e-01     3.8960381e-01
 2564.0 2597.0     3.5944413e-01    7.1491008e-01     3.8855603e-01
 2597.0 2632.0     3.5671479e-01    6.8556378e-01     3.8745989e-01
 2632.0 2667.0     3.5345089e-01    6.5745954e-01     3.8633650e-01
 2667.0 2703.0     3.4958951e-01    6.3119270e-01     3.8520316e-01
 2703.0 2740.0     3.4556347e-01    6.0545632e-01     3.8403897e-01
 2740.0 2778.0     3.4147542e-01    5.8010732e-01     3.8284288e-01
 2778.0 2817.0     3.3732866e-01    5.5518606e-01     3.8161489e-01
 2817.0 2857.0     3.3312652e-01    5.3072977e-01     3.8035500e-01
 2857.0 2899.0     3.2882050e-01    5.0649032e-01     3.7904728e-01
 2899.0 2941.0     3.2446648e-01    4.8279394e-01     3.7770765e-01
 2941.0 2985.0     3.1988696e-01    4.6107081e-01     3.7633868e-01
 2985.0 3030.0     3.1497435e-01    4.4142575e-01     3.7492534e-01
 3030.0 3077.0     3.0991413e-01    4.2245738e-01     3.7346524e-01
 3077.0 3125.0     3.0477376e-01    4.0372108e-01     3.7195752e-01
 3125.0 3175.0     2.9956084e-01    3.8526776e-01     3.7040219e-01
 3175.0 3225.0     2.9433252e-01    3.6729864e-01     3.6881512e-01
 3225.0 3275.0     2.8953785e-01    3.5012697e-01     3.6722685e-01
 3275.0 3325.0     2.8623729e-01    3.3359483e-01     3.6563357e-01
 3325.0 3375.0     2.8405158e-01    3.1772072e-01     3.6403649e-01
 3375.0 3425.0     2.8188257e-01    3.0260199e-01     3.6243941e-01
 3425.0 3450.0     2.8026514e-01    2.9167196e-01     3.6124160e-01
 3450.0 3550.0     2.7796268e-01    2.7484355e-01     3.5924683e-01
 3550.0 3650.0     2.7863824e-01    2.5067767e-01     3.5607411e-01
 3650.0 3750.0     2.8356329e-01    2.2980010e-01     3.5291967e-01
 3750.0 3850.0     2.8857538e-01    2.1066131e-01     3.4976523e-01
 3850.0 3950.0     2.9552823e-01    1.9284292e-01     3.4658518e-01
 3950.0 4050.0     3.0512007e-01    1.7617970e-01     3.4337144e-01
 4050.0 4150.0     3.1574999e-01    1.6083608e-01     3.4014331e-01
 4150.0 4250.0     3.2746556e-01    1.4660281e-01     3.3687804e-01
 4250.0 4350.0     3.4021425e-01    1.3344486e-01     3.3358196e-01
 4350.0 4450.0     3.5264170e-01    1.2153955e-01     3.3027405e-01
 4450.0 4550.0     3.6174043e-01    1.1100036e-01     3.2691234e-01
 4550.0 4650.0     3.6813106e-01    1.0160782e-01     3.2350868e-01
 4650.0 4750.0     3.7463459e-01    9.3010045e-02     3.2010502e-01
 4750.0 4850.0     3.8125301e-01    8.5139791e-02     3.1670135e-01
 4850.0 4950.0     3.8798836e-01    7.7935497e-02     3.1329769e-01
 4950.0 5050.0     3.9484269e-01    7.1340810e-02     3.0989402e-01
 5050.0 5150.0     4.0181812e-01    6.5304147e-02     3.0649036e-01
 5150.0 5250.0     4.0891677e-01    5.9778290e-02     3.0308669e-01
 5250.0 5350.0     4.1614084e-01    5.4720016e-02     2.9968303e-01
 5350.0 5450.0     4.2349252e-01    5.0089759e-02     2.9627936e-01
 5450.0 5550.0     4.3097409e-01    4.5851301e-02     2.9287570e-01
 5550.0 5650.0     4.3859603e-01    4.2012027e-02     2.8948522e-01
 5650.0 5750.0     4.4640835e-01    3.8746922e-02     2.8618268e-01
 5750.0 5850.0     4.5440719e-01    3.5948861e-02     2.8295488e-01
 5850.0 5950.0     4.6254935e-01    3.3352858e-02     2.7972709e-01
 5950.0 6050.0     4.7083741e-01    3.0944323e-02     2.7649929e-01
 6050.0 6150.0     4.7927397e-01    2.8709716e-02     2.7327149e-01
 6150.0 6250.0     4.8786170e-01    2.6636480e-02     2.7004370e-01
 6250.0 6350.0     4.9660331e-01    2.4712959e-02     2.6681590e-01
 6350.0 6450.0     5.0550155e-01    2.2928343e-02     2.6358810e-01
 6450.0 6550.0     5.1455923e-01    2.1272601e-02     2.6036030e-01
 6550.0 6650.0     5.2377921e-01    1.9736427e-02     2.5713251e-01
 6650.0 6750.0     5.3316440e-01    1.8311185e-02     2.5390471e-01
 6750.0 6850.0     5.4271775e-01    1.6988865e-02     2.5067691e-01
 6850.0 6950.0     5.5173117e-01    1.5834776e-02     2.4758345e-01
 6950.0 7050.0     5.5974249e-01    1.4874245e-02     2.4470668e-01
 7050.0 7150.0     5.6742889e-01    1.4014182e-02     2.4191224e-01
 7150.0 7250.0     5.7522083e-01    1.3203849e-02     2.3911780e-01
 7250.0 7350.0     5.8311978e-01    1.2440372e-02     2.3632336e-01
 7350.0 7450.0     5.9112719e-01    1.1721040e-02     2.3352892e-01
 7450.0 7550.0     5.9924456e-01    1.1043302e-02     2.3073448e-01
 7550.0 7650.0     6.0747340e-01    1.0404753e-02     2.2794004e-01
 7650.0 7750.0     6.1581524e-01    9.8031258e-03     2.2514560e-01
 7750.0 7850.0     6.2427162e-01    9.2362862e-03     2.2235116e-01
 7850.0 7950.0     6.3284414e-01    8.7022226e-03     2.1955672e-01
 7950.0 8050.0     6.4153436e-01    8.1990398e-03     2.1676228e-01
 8050.0 8150.0     6.5034393e-01    7.7249522e-03     2.1396784e-01
 8150.0 8250.0     6.5927446e-01    7.2782774e-03     2.1117340e-01
 8250.0 8350.0     6.6832763e-01    6.8574304e-03     2.0837896e-01
 8350.0 8450.0     6.7750512e-01    6.4609178e-03     2.0558452e-01
 8450.0 8550.0     6.8680864e-01    6.0873324e-03     2.0279008e-01
