 1216.0 1216.0     3.6470565e-01    3.4172480e+01     9.2478928e-01
 1300.0 1350.0     4.3570968e-01    2.8516807e+01     9.2151201e-01
 1350.0 1400.0     4.6217334e-01    2.6652992e+01     9.2050888e-01
 1400.0 1450.0     4.7675532e-01    2.5463608e+01     9.2016391e-01
 1450.0 1500.0     4.8850419e-01    2.4456090e+01     9.1997690e-01
 1500.0 1550.0     5.0054259e-01    2.3488437e+01     9.1978989e-01
 1550.0 1600.0     5.1287766e-01    2.2559071e+01     9.1960287e-01
 1600.0 1650.0     5.2478547e-01    2.1714073e+01     9.1951049e-01
 1650.0 1700.0     5.3502485e-01    2.1023787e+01     9.1966714e-01
 1700.0 1750.0     5.4425207e-01    2.0431076e+01     9.1997818e-01
 1754.0 1770.0     5.5116442e-01    2.0001419e+01     9.2020835e-01
 1770.0 1786.0     5.5418854e-01    1.9819217e+01     9.2030788e-01
 1786.0 1802.0     5.5722924e-01    1.9638676e+01     9.2040741e-01
 1802.0 1818.0     5.6028664e-01    1.9459778e+01     9.2050695e-01
 1818.0 1835.0     5.6345741e-01    1.9277023e+01     9.2060959e-01
 1835.0 1852.0     5.6674276e-01    1.9090499e+01     9.2071534e-01
 1852.0 1869.0     5.7004726e-01    1.8905779e+01     9.2082110e-01
 1869.0 1887.0     5.7346938e-01    1.8717520e+01     9.2092996e-01
 1887.0 1905.0     5.7701040e-01    1.8525810e+01     9.2104194e-01
 1905.0 1923.0     5.8057329e-01    1.8336064e+01     9.2115391e-01
 1923.0 1942.0     5.8425838e-01    1.8143099e+01     9.2126900e-01
 1942.0 1961.0     5.8806710e-01    1.7947005e+01     9.2138719e-01
 1961.0 1980.0     5.9133377e-01    1.7766444e+01     9.2149238e-01
 1980.0 2000.0     5.9377489e-01    1.7604978e+01     9.2157899e-01
 2000.0 2020.0     5.9594888e-01    1.7448838e+01     9.2166005e-01
 2020.0 2041.0     5.9818558e-01    1.7290248e+01     9.2174313e-01
 2041.0 2062.0     6.0048543e-01    1.7129267e+01     9.2182823e-01
 2062.0 2083.0     6.0279413e-01    1.6969785e+01     9.2191334e-01
 2083.0 2105.0     6.0516710e-01    1.6808062e+01     9.2200047e-01
 2105.0 2128.0     6.0766044e-01    1.6640467e+01     9.2209166e-01
 2128.0 2151.0     6.1021969e-01    1.6470856e+01     9.2218487e-01
 2151.0 2174.0     6.1278972e-01    1.6302973e+01     9.2227808e-01
 2174.0 2200.0     6.1553964e-01    1.6126083e+01     9.2237737e-01
 2200.0 2222.0     6.1824455e-01    1.5954530e+01     9.2247464e-01
 2222.0 2247.0     6.2090547e-01    1.5788449e+01     9.2256988e-01
 2247.0 2273.0     6.2380554e-01    1.5610149e+01     9.2267322e-01
 2273.0 2299.0     6.2677629e-01    1.5430407e+01     9.2277859e-01
 2299.0 2326.0     6.2981886e-01    1.5249357e+01     9.2288599e-01
 2326.0 2353.0     6.3293390e-01    1.5067055e+01     9.2299541e-01
 2353.0 2381.0     6.3612260e-01    1.4883638e+01     9.2310686e-01
 2381.0 2410.0     6.4024697e-01    1.4674421e+01     9.2318012e-01
 2410.0 2439.0     6.4535407e-01    1.4441010e+01     9.2320828e-01
 2439.0 2469.0     6.5068651e-01    1.4204940e+01     9.2323198e-01
 2469.0 2500.0     6.5624605e-01    1.3964924e+01     9.2325648e-01
 2500.0 2532.0     6.6203773e-01    1.3721295e+01     9.2328178e-01
 2532.0 2564.0     6.6797327e-01    1.3478117e+01     9.2330749e-01
 2564.0 2597.0     6.7405646e-01    1.3235583e+01     9.2333359e-01
 2597.0 2632.0     6.8048015e-01    1.2986560e+01     9.2336090e-01
 2632.0 2667.0     6.8605997e-01    1.2731809e+01     9.2335704e-01
 2667.0 2703.0     6.9042232e-01    1.2474614e+01     9.2331387e-01
 2703.0 2740.0     6.9470228e-01    1.2214918e+01     9.2326269e-01
 2740.0 2778.0     6.9912713e-01    1.1953737e+01     9.2321011e-01
 2778.0 2817.0     7.0369930e-01    1.1691400e+01     9.2315612e-01
 2817.0 2857.0     7.0842131e-01    1.1428231e+01     9.2310074e-01
 2857.0 2899.0     7.1335635e-01    1.1161370e+01     9.2304324e-01
 2899.0 2941.0     7.1844698e-01    1.0894385e+01     9.2298435e-01
 2941.0 2985.0     7.2276190e-01    1.0632130e+01     9.2289650e-01
 2985.0 3030.0     7.2601211e-01    1.0373141e+01     9.2276896e-01
 3030.0 3077.0     7.2906420e-01    1.0113563e+01     9.2262763e-01
 3077.0 3125.0     7.3222920e-01    9.8523006e+00     9.2248169e-01
 3125.0 3175.0     7.3550862e-01    9.5898937e+00     9.2233114e-01
 3175.0 3225.0     7.3886996e-01    9.3292638e+00     9.2217752e-01
 3225.0 3275.0     7.4238347e-01    9.0764634e+00     9.2201700e-01
 3275.0 3325.0     7.4648622e-01    8.8335598e+00     9.2182773e-01
 3325.0 3375.0     7.5104760e-01    8.5994576e+00     9.2161662e-01
 3375.0 3425.0     7.5563685e-01    8.3715595e+00     9.2140550e-01
 3425.0 3450.0     7.5909455e-01    8.2040533e+00     9.2124716e-01
 3450.0 3550.0     7.6503123e-01    7.9422338e+00     9.2098028e-01
 3550.0 3650.0     7.7606351e-01    7.6094686e+00     9.2051764e-01
 3650.0 3750.0     7.8866840e-01    7.3615096e+00     9.2002059e-01
 3750.0 3850.0     8.0147802e-01    7.1216306e+00     9.1952354e-01
 3850.0 3950.0     8.1451229e-01    6.9041525e+00     9.1899950e-01
 3950.0 4050.0     8.2778047e-01    6.7124180e+00     9.1843996e-01
 4050.0 4150.0     8.4108436e-01    6.5305000e+00     9.1786719e-01
 4150.0 4250.0     8.5349621e-01    6.3535203e+00     9.1726676e-01
 4250.0 4350.0     8.6517207e-01    6.1813434e+00     9.1664335e-01
 4350.0 4450.0     8.7622485e-01    6.0047253e+00     9.1600903e-01
 4450.0 4550.0     8.8383962e-01    5.7929606e+00     9.1532508e-01
 4550.0 4650.0     8.8873231e-01    5.5577307e+00     9.1460242e-01
 4650.0 4750.0     8.9365207e-01    5.3320526e+00     9.1387976e-01
 4750.0 4850.0     8.9859908e-01    5.1155384e+00     9.1315710e-01
 4850.0 4950.0     9.0357346e-01    4.9078160e+00     9.1243445e-01
 4950.0 5050.0     9.0857538e-01    4.7085284e+00     9.1171179e-01
 5050.0 5150.0     9.1360500e-01    4.5173331e+00     9.1098913e-01
 5150.0 5250.0     9.1866245e-01    4.3339015e+00     9.1026647e-01
 5250.0 5350.0     9.2374790e-01    4.1579184e+00     9.0954381e-01
 5350.0 5450.0     9.2886151e-01    3.9890813e+00     9.0882116e-01
 5450.0 5550.0     9.3400342e-01    3.8271000e+00     9.0809850e-01
 5550.0 5650.0     9.3895901e-01    3.6729942e+00     9.0737053e-01
 5650.0 5750.0     9.4250472e-01    3.5334712e+00     9.0660721e-01
 5750.0 5850.0     9.4484396e-01    3.4063413e+00     9.0581382e-01
 5850.0 5950.0     9.4718902e-01    3.2837854e+00     9.0502043e-01
 5950.0 6050.0     9.4953989e-01    3.1656389e+00     9.0422704e-01
 6050.0 6150.0     9.5189660e-01    3.0517432e+00     9.0343365e-01
 6150.0 6250.0     9.5425915e-01    2.9419453e+00     9.0264026e-01
 6250.0 6350.0     9.5662757e-01    2.8360977e+00     9.0184687e-01
 6350.0 6450.0     9.5900187e-01    2.7340585e+00     9.0105348e-01
 6450.0 6550.0     9.6138207e-01    2.6356905e+00     9.0026010e-01
 6550.0 6650.0     9.6376816e-01    2.5408616e+00     8.9946671e-01
 6650.0 6750.0     9.6616019e-01    2.4494446e+00     8.9867332e-01
 6750.0 6850.0     9.6855814e-01    2.3613166e+00     8.9787993e-01
 6850.0 6950.0     9.7051928e-01    2.2807316e+00     8.9707362e-01
 6950.0 7050.0     9.7177022e-01    2.2098789e+00     8.9624646e-01
 7050.0 7150.0     9.7275125e-01    2.1438320e+00     8.9541139e-01
 7150.0 7250.0     9.7373327e-01    2.0797591e+00     8.9457631e-01
 7250.0 7350.0     9.7471628e-01    2.0176011e+00     8.9374123e-01
 7350.0 7450.0     9.7570028e-01    1.9573008e+00     8.9290616e-01
 7450.0 7550.0     9.7668527e-01    1.8988027e+00     8.9207108e-01
 7550.0 7650.0     9.7767126e-01    1.8420530e+00     8.9123600e-01
 7650.0 7750.0     9.7865825e-01    1.7869993e+00     8.9040093e-01
 7750.0 7850.0     9.7964623e-01    1.7335911e+00     8.8956585e-01
 7850.0 7950.0     9.8063521e-01    1.6817790e+00     8.8873078e-01
 7950.0 8050.0     9.8162518e-01    1.6315155e+00     8.8789570e-01
 8050.0 8150.0     9.8261616e-01    1.5827542e+00     8.8706062e-01
 8150.0 8250.0     9.8360814e-01    1.5354503e+00     8.8622555e-01
 8250.0 8350.0     9.8460112e-01    1.4895601e+00     8.8539047e-01
 8350.0 8450.0     9.8559510e-01    1.4450414e+00     8.8455539e-01
 8450.0 8550.0     9.8659008e-01    1.4018533e+00     8.8372032e-01
