 1216.0 1216.0     4.0607518e-01    2.3331800e+01     9.0328528e-01
 1300.0 1350.0     4.7727734e-01    1.9655292e+01     8.9879097e-01
 1350.0 1400.0     5.0307819e-01    1.8411137e+01     8.9736576e-01
 1400.0 1450.0     5.1633130e-01    1.7574437e+01     8.9677792e-01
 1450.0 1500.0     5.2654174e-01    1.6852256e+01     8.9639106e-01
 1500.0 1550.0     5.3695410e-01    1.6159752e+01     8.9600419e-01
 1550.0 1600.0     5.4757236e-01    1.5495704e+01     8.9561733e-01
 1600.0 1650.0     5.5778512e-01    1.4890331e+01     8.9535379e-01
 1650.0 1700.0     5.6655469e-01    1.4389657e+01     8.9541477e-01
 1700.0 1750.0     5.7444507e-01    1.3955587e+01     8.9567697e-01
 1754.0 1770.0     5.8034216e-01    1.3641391e+01     8.9587100e-01
 1770.0 1786.0     5.8291638e-01    1.3508337e+01     8.9595490e-01
 1786.0 1802.0     5.8550201e-01    1.3376582e+01     8.9603881e-01
 1802.0 1818.0     5.8809912e-01    1.3246111e+01     8.9612271e-01
 1818.0 1835.0     5.9078963e-01    1.3112917e+01     8.9620924e-01
 1835.0 1852.0     5.9357436e-01    1.2977066e+01     8.9629838e-01
 1852.0 1869.0     5.9637221e-01    1.2842622e+01     8.9638753e-01
 1869.0 1887.0     5.9926634e-01    1.2705700e+01     8.9647930e-01
 1887.0 1905.0     6.0225759e-01    1.2566368e+01     8.9657369e-01
 1905.0 1923.0     6.0526378e-01    1.2428563e+01     8.9666808e-01
 1923.0 1942.0     6.0836932e-01    1.2288526e+01     8.9676510e-01
 1942.0 1961.0     6.1157516e-01    1.2146325e+01     8.9686473e-01
 1961.0 1980.0     6.1427463e-01    1.2013472e+01     8.9694903e-01
 1980.0 2000.0     6.1619893e-01    1.1891241e+01     8.9701037e-01
 2000.0 2020.0     6.1786512e-01    1.1771715e+01     8.9706410e-01
 2020.0 2041.0     6.1957769e-01    1.1650463e+01     8.9711918e-01
 2041.0 2062.0     6.2133689e-01    1.1527534e+01     8.9717561e-01
 2062.0 2083.0     6.2310109e-01    1.1405901e+01     8.9723203e-01
 2083.0 2105.0     6.2491254e-01    1.1282718e+01     8.9728979e-01
 2105.0 2128.0     6.2681389e-01    1.1155229e+01     8.9735025e-01
 2128.0 2151.0     6.2876340e-01    1.1026380e+01     8.9741204e-01
 2151.0 2174.0     6.3071898e-01    1.0899020e+01     8.9747384e-01
 2174.0 2200.0     6.3280899e-01    1.0765021e+01     8.9753967e-01
 2200.0 2222.0     6.3486259e-01    1.0635240e+01     8.9760415e-01
 2222.0 2247.0     6.3688033e-01    1.0509790e+01     8.9766729e-01
 2247.0 2273.0     6.3907690e-01    1.0375303e+01     8.9773580e-01
 2273.0 2299.0     6.4132427e-01    1.0239933e+01     8.9780566e-01
 2299.0 2326.0     6.4362307e-01    1.0103795e+01     8.9787686e-01
 2326.0 2353.0     6.4597363e-01    9.9669323e+00     8.9794940e-01
 2353.0 2381.0     6.4837663e-01    9.8294579e+00     8.9802329e-01
 2381.0 2410.0     6.5169232e-01    9.6726570e+00     8.9804613e-01
 2410.0 2439.0     6.5598087e-01    9.4977893e+00     8.9801038e-01
 2439.0 2469.0     6.6046912e-01    9.3213001e+00     8.9796771e-01
 2469.0 2500.0     6.6514180e-01    9.1422756e+00     8.9792359e-01
 2500.0 2532.0     6.7000239e-01    8.9609900e+00     8.9787803e-01
 2532.0 2564.0     6.7497622e-01    8.7804789e+00     8.9783174e-01
 2564.0 2597.0     6.8006585e-01    8.6008971e+00     8.9778473e-01
 2597.0 2632.0     6.8543177e-01    8.4169856e+00     8.9773555e-01
 2632.0 2667.0     6.8995790e-01    8.2269124e+00     8.9764307e-01
 2667.0 2703.0     6.9330245e-01    8.0326780e+00     8.9749791e-01
 2703.0 2740.0     6.9653591e-01    7.8367570e+00     8.9733976e-01
 2740.0 2778.0     6.9987366e-01    7.6404441e+00     8.9717728e-01
 2778.0 2817.0     7.0331707e-01    7.4440111e+00     8.9701046e-01
 2817.0 2857.0     7.0686752e-01    7.2477234e+00     8.9683931e-01
 2857.0 2899.0     7.1057187e-01    7.0494874e+00     8.9666166e-01
 2899.0 2941.0     7.1438646e-01    6.8519713e+00     8.9647968e-01
 2941.0 2985.0     7.1748717e-01    6.6584897e+00     8.9625624e-01
 2985.0 3030.0     7.1961271e-01    6.4678544e+00     8.9597568e-01
 3030.0 3077.0     7.2153144e-01    6.2775421e+00     8.9567287e-01
 3077.0 3125.0     7.2351807e-01    6.0868683e+00     8.9536019e-01
 3125.0 3175.0     7.2557320e-01    5.8962705e+00     8.9503764e-01
 3175.0 3225.0     7.2767623e-01    5.7078735e+00     8.9470850e-01
 3225.0 3275.0     7.2996895e-01    5.5261321e+00     8.9436975e-01
 3275.0 3325.0     7.3303652e-01    5.3527646e+00     8.9399097e-01
 3325.0 3375.0     7.3670143e-01    5.1867877e+00     8.9358176e-01
 3375.0 3425.0     7.4038467e-01    5.0259573e+00     8.9317255e-01
 3425.0 3450.0     7.4315744e-01    4.9081593e+00     8.9286564e-01
 3450.0 3550.0     7.4799487e-01    4.7251151e+00     8.9234971e-01
 3550.0 3650.0     7.5797246e-01    4.4914740e+00     8.9147167e-01
 3650.0 3750.0     7.7020379e-01    4.3164591e+00     8.9054284e-01
 3750.0 3850.0     7.8263250e-01    4.1482638e+00     8.8961402e-01
 3850.0 3950.0     7.9552936e-01    3.9955391e+00     8.8864480e-01
 3950.0 4050.0     8.0899239e-01    3.8601003e+00     8.8762244e-01
 4050.0 4150.0     8.2260120e-01    3.7319463e+00     8.8658002e-01
 4150.0 4250.0     8.3543790e-01    3.6078489e+00     8.8549464e-01
 4250.0 4350.0     8.4764272e-01    3.4877146e+00     8.8437360e-01
 4350.0 4450.0     8.5920530e-01    3.3663961e+00     8.8323401e-01
 4450.0 4550.0     8.6717248e-01    3.2265333e+00     8.8201006e-01
 4550.0 4650.0     8.7229005e-01    3.0749890e+00     8.8072031e-01
 4650.0 4750.0     8.7743783e-01    2.9305624e+00     8.7943056e-01
 4750.0 4850.0     8.8261598e-01    2.7929193e+00     8.7814080e-01
 4850.0 4950.0     8.8782469e-01    2.6617411e+00     8.7685105e-01
 4950.0 5050.0     8.9306414e-01    2.5367240e+00     8.7556130e-01
 5050.0 5150.0     8.9833452e-01    2.4175787e+00     8.7427155e-01
 5150.0 5250.0     9.0363599e-01    2.3040295e+00     8.7298180e-01
 5250.0 5350.0     9.0896875e-01    2.1958135e+00     8.7169205e-01
 5350.0 5450.0     9.1433298e-01    2.0926802e+00     8.7040229e-01
 5450.0 5550.0     9.1972887e-01    1.9943909e+00     8.6911254e-01
 5550.0 5650.0     9.2495104e-01    1.9017090e+00     8.6781103e-01
 5650.0 5750.0     9.2882788e-01    1.8197019e+00     8.6643114e-01
 5750.0 5850.0     9.3155297e-01    1.7466234e+00     8.6498462e-01
 5850.0 5950.0     9.3428605e-01    1.6764797e+00     8.6353810e-01
 5950.0 6050.0     9.3702716e-01    1.6091530e+00     8.6209158e-01
 6050.0 6150.0     9.3977631e-01    1.5445301e+00     8.6064507e-01
 6150.0 6250.0     9.4253352e-01    1.4825024e+00     8.5919855e-01
 6250.0 6350.0     9.4529882e-01    1.4229658e+00     8.5775203e-01
 6350.0 6450.0     9.4807224e-01    1.3658200e+00     8.5630551e-01
 6450.0 6550.0     9.5085379e-01    1.3109693e+00     8.5485899e-01
 6550.0 6650.0     9.5364350e-01    1.2583213e+00     8.5341247e-01
 6650.0 6750.0     9.5644140e-01    1.2077877e+00     8.5196595e-01
 6750.0 6850.0     9.5924751e-01    1.1592834e+00     8.5051944e-01
 6850.0 6950.0     9.6157044e-01    1.1153948e+00     8.4903247e-01
 6950.0 7050.0     9.6310635e-01    1.0774250e+00     8.4748028e-01
 7050.0 7150.0     9.6434330e-01    1.0423334e+00     8.4590329e-01
 7150.0 7250.0     9.6558183e-01    1.0083847e+00     8.4432631e-01
 7250.0 7350.0     9.6682196e-01    9.7554172e-01     8.4274932e-01
 7350.0 7450.0     9.6806368e-01    9.4376843e-01     8.4117234e-01
 7450.0 7550.0     9.6930699e-01    9.1302999e-01     8.3959535e-01
 7550.0 7650.0     9.7055190e-01    8.8329270e-01     8.3801837e-01
 7650.0 7750.0     9.7179841e-01    8.5452395e-01     8.3644139e-01
 7750.0 7850.0     9.7304652e-01    8.2669219e-01     8.3486440e-01
 7850.0 7950.0     9.7429623e-01    7.9976692e-01     8.3328742e-01
 7950.0 8050.0     9.7554755e-01    7.7371859e-01     8.3171043e-01
 8050.0 8150.0     9.7680048e-01    7.4851866e-01     8.3013345e-01
 8150.0 8250.0     9.7805501e-01    7.2413949e-01     8.2855646e-01
 8250.0 8350.0     9.7931116e-01    7.0055434e-01     8.2697948e-01
 8350.0 8450.0     9.8056892e-01    6.7773736e-01     8.2540250e-01
 8450.0 8550.0     9.8182829e-01    6.5566352e-01     8.2382551e-01
