 1216.0 1216.0     5.3605522e-01    9.9550109e+00     6.3756743e-01
 1300.0 1350.0     5.7953044e-01    8.1194781e+00     6.1469495e-01
 1350.0 1400.0     5.8975843e-01    7.4280031e+00     6.0666252e-01
 1400.0 1450.0     5.8618908e-01    6.8433736e+00     6.0186631e-01
 1450.0 1500.0     5.7932079e-01    6.3155857e+00     5.9784679e-01
 1500.0 1550.0     5.7253298e-01    5.8285030e+00     5.9382726e-01
 1550.0 1600.0     5.6582470e-01    5.3789859e+00     5.8980774e-01
 1600.0 1650.0     5.5944669e-01    4.9812727e+00     5.8641118e-01
 1650.0 1700.0     5.5379905e-01    4.6563934e+00     5.8465402e-01
 1700.0 1750.0     5.4861539e-01    4.3790847e+00     5.8391327e-01
 1754.0 1770.0     5.4480534e-01    4.1827951e+00     5.8336512e-01
 1770.0 1786.0     5.4316829e-01    4.1014117e+00     5.8312809e-01
 1786.0 1802.0     5.4153616e-01    4.0216118e+00     5.8289105e-01
 1802.0 1818.0     5.3990893e-01    3.9433645e+00     5.8265401e-01
 1818.0 1835.0     5.3823605e-01    3.8642902e+00     5.8240957e-01
 1835.0 1852.0     5.3651782e-01    3.7844536e+00     5.8215771e-01
 1852.0 1869.0     5.3480507e-01    3.7062665e+00     5.8190586e-01
 1869.0 1887.0     5.3304774e-01    3.6274906e+00     5.8164660e-01
 1887.0 1905.0     5.3124614e-01    3.5481864e+00     5.8137993e-01
 1905.0 1923.0     5.2945063e-01    3.4706159e+00     5.8111327e-01
 1923.0 1942.0     5.2761166e-01    3.3926811e+00     5.8083919e-01
 1942.0 1961.0     5.2572954e-01    3.3144375e+00     5.8055771e-01
 1961.0 1980.0     5.2366257e-01    3.2426775e+00     5.8036796e-01
 1980.0 2000.0     5.2123626e-01    3.1782872e+00     5.8032371e-01
 2000.0 2020.0     5.1864526e-01    3.1163062e+00     5.8033320e-01
 2020.0 2041.0     5.1600302e-01    3.0540451e+00     5.8034292e-01
 2041.0 2062.0     5.1331012e-01    2.9915397e+00     5.8035289e-01
 2062.0 2083.0     5.1063128e-01    2.9303137e+00     5.8036286e-01
 2083.0 2105.0     5.0790330e-01    2.8689428e+00     5.8037306e-01
 2105.0 2128.0     5.0506405e-01    2.8060933e+00     5.8038374e-01
 2128.0 2151.0     5.0217793e-01    2.7432548e+00     5.8039465e-01
 2151.0 2174.0     4.9930830e-01    2.6818234e+00     5.8040556e-01
 2174.0 2200.0     4.9627013e-01    2.6179447e+00     5.8041719e-01
 2200.0 2222.0     4.9331059e-01    2.5567410e+00     5.8042858e-01
 2222.0 2247.0     4.9043107e-01    2.4982988e+00     5.8043973e-01
 2247.0 2273.0     4.8732511e-01    2.4363628e+00     5.8045183e-01
 2273.0 2299.0     4.8417830e-01    2.3747781e+00     5.8046417e-01
 2299.0 2326.0     4.8099208e-01    2.3136256e+00     5.8047675e-01
 2326.0 2353.0     4.7776711e-01    2.2529239e+00     5.8048956e-01
 2353.0 2381.0     4.7450485e-01    2.1927495e+00     5.8050261e-01
 2381.0 2410.0     4.7223483e-01    2.1271012e+00     5.8051428e-01
 2410.0 2439.0     4.7113226e-01    2.0568645e+00     5.8052413e-01
 2439.0 2469.0     4.7014098e-01    1.9872523e+00     5.8053394e-01
 2469.0 2500.0     4.6911830e-01    1.9177565e+00     5.8054407e-01
 2500.0 2532.0     4.6806442e-01    1.8485324e+00     5.8055454e-01
 2532.0 2564.0     4.6699622e-01    1.7807481e+00     5.8056517e-01
 2564.0 2597.0     4.6591384e-01    1.7144673e+00     5.8057597e-01
 2597.0 2632.0     4.6478421e-01    1.6477854e+00     5.8058727e-01
 2632.0 2667.0     4.6300420e-01    1.5830091e+00     5.8056260e-01
 2667.0 2703.0     4.6044684e-01    1.5213839e+00     5.8049306e-01
 2703.0 2740.0     4.5770125e-01    1.4607677e+00     5.8041383e-01
 2740.0 2778.0     4.5489750e-01    1.4010050e+00     5.8033243e-01
 2778.0 2817.0     4.5203684e-01    1.3421914e+00     5.8024886e-01
 2817.0 2857.0     4.4912058e-01    1.2844153e+00     5.8016312e-01
 2857.0 2899.0     4.4611360e-01    1.2270898e+00     5.8007412e-01
 2899.0 2941.0     4.4305389e-01    1.1709875e+00     5.7998296e-01
 2941.0 2985.0     4.3964697e-01    1.1191234e+00     5.7985108e-01
 2985.0 3030.0     4.3575607e-01    1.0716566e+00     5.7966339e-01
 3030.0 3077.0     4.3166933e-01    1.0256700e+00     5.7945610e-01
 3077.0 3125.0     4.2748933e-01    9.8024331e-01     5.7924205e-01
 3125.0 3175.0     4.2321997e-01    9.3549973e-01     5.7902123e-01
 3175.0 3225.0     4.1890698e-01    8.9192735e-01     5.7879591e-01
 3225.0 3275.0     4.1502796e-01    8.5041390e-01     5.7855809e-01
 3275.0 3325.0     4.1280487e-01    8.1095113e-01     5.7826818e-01
 3325.0 3375.0     4.1182697e-01    7.7340862e-01     5.7793868e-01
 3375.0 3425.0     4.1085138e-01    7.3760412e-01     5.7760918e-01
 3425.0 3450.0     4.1012100e-01    7.1169286e-01     5.7736205e-01
 3450.0 3550.0     4.0933030e-01    6.7187509e-01     5.7694465e-01
 3550.0 3650.0     4.1314335e-01    6.1632996e-01     5.7621107e-01
 3650.0 3750.0     4.2195752e-01    5.6983158e-01     5.7541396e-01
 3750.0 3850.0     4.3095973e-01    5.2684122e-01     5.7461686e-01
 3850.0 3950.0     4.4210477e-01    4.8711302e-01     5.7374464e-01
 3950.0 4050.0     4.5613581e-01    4.5040494e-01     5.7277358e-01
 4050.0 4150.0     4.7130820e-01    4.1643416e-01     5.7176354e-01
 4150.0 4250.0     4.8732893e-01    3.8483563e-01     5.7066370e-01
 4250.0 4350.0     5.0418123e-01    3.5547937e-01     5.6948933e-01
 4350.0 4450.0     5.2055751e-01    3.2841098e-01     5.6827397e-01
 4450.0 4550.0     5.3257586e-01    3.0361126e-01     5.6687234e-01
 4550.0 4650.0     5.4106589e-01    2.8084337e-01     5.6532540e-01
 4650.0 4750.0     5.4969126e-01    2.5978285e-01     5.6377846e-01
 4750.0 4850.0     5.5845414e-01    2.4030166e-01     5.6223153e-01
 4850.0 4950.0     5.6735670e-01    2.2228137e-01     5.6068459e-01
 4950.0 5050.0     5.7640119e-01    2.0561243e-01     5.5913766e-01
 5050.0 5150.0     5.8558985e-01    1.9019350e-01     5.5759072e-01
 5150.0 5250.0     5.9492500e-01    1.7593084e-01     5.5604379e-01
 5250.0 5350.0     6.0440896e-01    1.6273774e-01     5.5449685e-01
 5350.0 5450.0     6.1404411e-01    1.5053399e-01     5.5294991e-01
 5450.0 5550.0     6.2383286e-01    1.3924540e-01     5.5140298e-01
 5550.0 5650.0     6.3364134e-01    1.2894390e-01     5.4983407e-01
 5650.0 5750.0     6.4268446e-01    1.2028917e-01     5.4811868e-01
 5750.0 5850.0     6.5107428e-01    1.1296395e-01     5.4627879e-01
 5850.0 5950.0     6.5957362e-01    1.0608482e-01     5.4443889e-01
 5950.0 6050.0     6.6818392e-01    9.9624599e-02     5.4259900e-01
 6050.0 6150.0     6.7690662e-01    9.3557786e-02     5.4075910e-01
 6150.0 6250.0     6.8574319e-01    8.7860422e-02     5.3891921e-01
 6250.0 6350.0     6.9469511e-01    8.2510009e-02     5.3707931e-01
 6350.0 6450.0     7.0376390e-01    7.7485419e-02     5.3523942e-01
 6450.0 6550.0     7.1295107e-01    7.2766810e-02     5.3339952e-01
 6550.0 6650.0     7.2225818e-01    6.8335548e-02     5.3155963e-01
 6650.0 6750.0     7.3168678e-01    6.4174136e-02     5.2971973e-01
 6750.0 6850.0     7.4123847e-01    6.0266141e-02     5.2787984e-01
 6850.0 6950.0     7.4976518e-01    5.6856220e-02     5.2598953e-01
 6950.0 7050.0     7.5653216e-01    5.4052799e-02     5.2401792e-01
 7050.0 7150.0     7.6265097e-01    5.1540313e-02     5.2201542e-01
 7150.0 7250.0     7.6881927e-01    4.9144613e-02     5.2001291e-01
 7250.0 7350.0     7.7503747e-01    4.6860271e-02     5.1801041e-01
 7350.0 7450.0     7.8130595e-01    4.4682109e-02     5.1600790e-01
 7450.0 7550.0     7.8762513e-01    4.2605192e-02     5.1400539e-01
 7550.0 7650.0     7.9399543e-01    4.0624815e-02     5.1200289e-01
 7650.0 7750.0     8.0041724e-01    3.8736490e-02     5.1000038e-01
 7750.0 7850.0     8.0689100e-01    3.6935939e-02     5.0799788e-01
 7850.0 7950.0     8.1341711e-01    3.5219080e-02     5.0599537e-01
 7950.0 8050.0     8.1999601e-01    3.3582025e-02     5.0399286e-01
 8050.0 8150.0     8.2662811e-01    3.2021063e-02     5.0199036e-01
 8150.0 8250.0     8.3331386e-01    3.0532658e-02     4.9998785e-01
 8250.0 8350.0     8.4005368e-01    2.9113437e-02     4.9798535e-01
 8350.0 8450.0     8.4684802e-01    2.7760185e-02     4.9598284e-01
 8450.0 8550.0     8.5369730e-01    2.6469834e-02     4.9398034e-01
