 1216.0 1216.0     3.3748496e-01    4.3923189e+01     9.3585957e-01
 1300.0 1350.0     4.0733847e-01    3.6384895e+01     9.3315173e-01
 1350.0 1400.0     4.3378779e-01    3.3935205e+01     9.3233834e-01
 1400.0 1450.0     4.4888736e-01    3.2412477e+01     9.3208908e-01
 1450.0 1500.0     4.6131524e-01    3.1135720e+01     9.3197521e-01
 1500.0 1550.0     4.7408721e-01    2.9909255e+01     9.3186135e-01
 1550.0 1600.0     4.8721277e-01    2.8731102e+01     9.3174748e-01
 1600.0 1650.0     4.9991651e-01    2.7661683e+01     9.3171359e-01
 1650.0 1700.0     5.1086027e-01    2.6793264e+01     9.3189018e-01
 1700.0 1750.0     5.2073972e-01    2.6051201e+01     9.3219727e-01
 1754.0 1770.0     5.2815157e-01    2.5513081e+01     9.3242451e-01
 1770.0 1786.0     5.3139874e-01    2.5284804e+01     9.3252278e-01
 1786.0 1802.0     5.3466588e-01    2.5058569e+01     9.3262105e-01
 1802.0 1818.0     5.3795310e-01    2.4834359e+01     9.3271932e-01
 1818.0 1835.0     5.4136454e-01    2.4605275e+01     9.3282065e-01
 1835.0 1852.0     5.4490165e-01    2.4371427e+01     9.3292506e-01
 1852.0 1869.0     5.4846187e-01    2.4139801e+01     9.3302947e-01
 1869.0 1887.0     5.5215145e-01    2.3903695e+01     9.3313696e-01
 1887.0 1905.0     5.5597199e-01    2.3663218e+01     9.3324751e-01
 1905.0 1923.0     5.5981895e-01    2.3425161e+01     9.3335806e-01
 1923.0 1942.0     5.6380090e-01    2.3183020e+01     9.3347168e-01
 1942.0 1961.0     5.6791956e-01    2.2936905e+01     9.3358837e-01
 1961.0 1980.0     5.7148179e-01    2.2712518e+01     9.3369326e-01
 1980.0 2000.0     5.7419826e-01    2.2515806e+01     9.3378153e-01
 2000.0 2020.0     5.7664559e-01    2.2327148e+01     9.3386499e-01
 2020.0 2041.0     5.7916506e-01    2.2135433e+01     9.3395055e-01
 2041.0 2062.0     5.8175726e-01    2.1940729e+01     9.3403819e-01
 2062.0 2083.0     5.8436107e-01    2.1747738e+01     9.3412583e-01
 2083.0 2105.0     5.8703908e-01    2.1551930e+01     9.3421555e-01
 2105.0 2128.0     5.8985480e-01    2.1348903e+01     9.3430945e-01
 2128.0 2151.0     5.9274689e-01    2.1143319e+01     9.3440544e-01
 2151.0 2174.0     5.9565316e-01    2.0939715e+01     9.3450143e-01
 2174.0 2200.0     5.9876515e-01    2.0725056e+01     9.3460367e-01
 2200.0 2222.0     6.0182825e-01    2.0516759e+01     9.3470383e-01
 2222.0 2247.0     6.0484384e-01    2.0314978e+01     9.3480191e-01
 2247.0 2273.0     6.0813282e-01    2.0098224e+01     9.3490833e-01
 2273.0 2299.0     6.1150453e-01    1.9879577e+01     9.3501683e-01
 2299.0 2326.0     6.1496050e-01    1.9659196e+01     9.3512743e-01
 2326.0 2353.0     6.1850157e-01    1.9437147e+01     9.3524010e-01
 2353.0 2381.0     6.2212938e-01    1.9213586e+01     9.3535487e-01
 2381.0 2410.0     6.2671677e-01    1.8958871e+01     9.3543726e-01
 2410.0 2439.0     6.3230503e-01    1.8674950e+01     9.3548098e-01
 2439.0 2469.0     6.3813672e-01    1.8387562e+01     9.3552116e-01
 2469.0 2500.0     6.4422266e-01    1.8095082e+01     9.3556270e-01
 2500.0 2532.0     6.5056906e-01    1.7797895e+01     9.3560560e-01
 2532.0 2564.0     6.5707972e-01    1.7500949e+01     9.3564918e-01
 2564.0 2597.0     6.6375932e-01    1.7204473e+01     9.3569345e-01
 2597.0 2632.0     6.7082045e-01    1.6899727e+01     9.3573976e-01
 2632.0 2667.0     6.7703856e-01    1.6591830e+01     9.3576014e-01
 2667.0 2703.0     6.8202087e-01    1.6285617e+01     9.3574733e-01
 2703.0 2740.0     6.8694045e-01    1.5976723e+01     9.3572835e-01
 2740.0 2778.0     6.9203177e-01    1.5665466e+01     9.3570885e-01
 2778.0 2817.0     6.9729812e-01    1.5352217e+01     9.3568883e-01
 2817.0 2857.0     7.0274291e-01    1.5037341e+01     9.3566830e-01
 2857.0 2899.0     7.0843972e-01    1.4717377e+01     9.3564698e-01
 2899.0 2941.0     7.1432279e-01    1.4396584e+01     9.3562514e-01
 2941.0 2985.0     7.1939150e-01    1.4082497e+01     9.3558236e-01
 2985.0 3030.0     7.2333826e-01    1.3773899e+01     9.3551096e-01
 3030.0 3077.0     7.2709309e-01    1.3464406e+01     9.3543010e-01
 3077.0 3125.0     7.3099069e-01    1.3152080e+01     9.3534661e-01
 3125.0 3175.0     7.3503339e-01    1.2837519e+01     9.3526049e-01
 3175.0 3225.0     7.3918141e-01    1.2524216e+01     9.3517260e-01
 3225.0 3275.0     7.4346348e-01    1.2219428e+01     9.3507677e-01
 3275.0 3325.0     7.4823371e-01    1.1925609e+01     9.3494778e-01
 3325.0 3375.0     7.5338739e-01    1.1641540e+01     9.3479360e-01
 3375.0 3425.0     7.5857656e-01    1.1364237e+01     9.3463941e-01
 3425.0 3450.0     7.6248852e-01    1.1159996e+01     9.3452378e-01
 3450.0 3550.0     7.6916184e-01    1.0839536e+01     9.3432937e-01
 3550.0 3650.0     7.8096964e-01    1.0432052e+01     9.3399837e-01
 3650.0 3750.0     7.9396270e-01    1.0127975e+01     9.3364809e-01
 3750.0 3850.0     8.0717194e-01    9.8327626e+00     9.3329780e-01
 3850.0 3950.0     8.2048058e-01    9.5653351e+00     9.3292563e-01
 3950.0 4050.0     8.3384971e-01    9.3303204e+00     9.3252465e-01
 4050.0 4150.0     8.4720125e-01    9.1071420e+00     9.3211301e-01
 4150.0 4250.0     8.5959510e-01    8.8900980e+00     9.3167926e-01
 4250.0 4350.0     8.7119665e-01    8.6788847e+00     9.3122718e-01
 4350.0 4450.0     8.8217979e-01    8.4606841e+00     9.3076674e-01
 4450.0 4550.0     8.8975812e-01    8.1948173e+00     9.3026834e-01
 4550.0 4650.0     8.9464119e-01    7.8963469e+00     9.2974032e-01
 4650.0 4750.0     8.9955107e-01    7.6087472e+00     9.2921231e-01
 4750.0 4850.0     9.0448789e-01    7.3316225e+00     9.2868430e-01
 4850.0 4950.0     9.0945181e-01    7.0645912e+00     9.2815629e-01
 4950.0 5050.0     9.1444297e-01    6.8072857e+00     9.2762828e-01
 5050.0 5150.0     9.1946152e-01    6.5593517e+00     9.2710026e-01
 5150.0 5250.0     9.2450761e-01    6.3204480e+00     9.2657225e-01
 5250.0 5350.0     9.2958140e-01    6.0902455e+00     9.2604424e-01
 5350.0 5450.0     9.3468303e-01    5.8684275e+00     9.2551623e-01
 5450.0 5550.0     9.3981266e-01    5.6546884e+00     9.2498821e-01
 5550.0 5650.0     9.4474522e-01    5.4500882e+00     9.2445675e-01
 5650.0 5750.0     9.4819788e-01    5.2616547e+00     9.2390230e-01
 5750.0 5850.0     9.5038427e-01    5.0871561e+00     9.2332830e-01
 5850.0 5950.0     9.5257570e-01    4.9184447e+00     9.2275430e-01
 5950.0 6050.0     9.5477218e-01    4.7553284e+00     9.2218030e-01
 6050.0 6150.0     9.5697373e-01    4.5976217e+00     9.2160631e-01
 6150.0 6250.0     9.5918036e-01    4.4451452e+00     9.2103231e-01
 6250.0 6350.0     9.6139207e-01    4.2977255e+00     9.2045831e-01
 6350.0 6450.0     9.6360888e-01    4.1551949e+00     9.1988431e-01
 6450.0 6550.0     9.6583081e-01    4.0173911e+00     9.1931031e-01
 6550.0 6650.0     9.6805786e-01    3.8841576e+00     9.1873632e-01
 6650.0 6750.0     9.7029004e-01    3.7553426e+00     9.1816232e-01
 6750.0 6850.0     9.7252737e-01    3.6307996e+00     9.1758832e-01
 6850.0 6950.0     9.7434306e-01    3.5158910e+00     9.1700890e-01
 6950.0 7050.0     9.7547376e-01    3.4134119e+00     9.1642073e-01
 7050.0 7150.0     9.7634406e-01    3.3172033e+00     9.1582924e-01
 7150.0 7250.0     9.7721514e-01    3.2237063e+00     9.1523776e-01
 7250.0 7350.0     9.7808700e-01    3.1328446e+00     9.1464627e-01
 7350.0 7450.0     9.7895963e-01    3.0445439e+00     9.1405478e-01
 7450.0 7550.0     9.7983305e-01    2.9587320e+00     9.1346329e-01
 7550.0 7650.0     9.8070724e-01    2.8753387e+00     9.1287180e-01
 7650.0 7750.0     9.8158221e-01    2.7942959e+00     9.1228031e-01
 7750.0 7850.0     9.8245797e-01    2.7155373e+00     9.1168882e-01
 7850.0 7950.0     9.8333450e-01    2.6389986e+00     9.1109733e-01
 7950.0 8050.0     9.8421182e-01    2.5646172e+00     9.1050584e-01
 8050.0 8150.0     9.8508992e-01    2.4923322e+00     9.0991435e-01
 8150.0 8250.0     9.8596880e-01    2.4220846e+00     9.0932286e-01
 8250.0 8350.0     9.8684847e-01    2.3538170e+00     9.0873137e-01
 8350.0 8450.0     9.8772892e-01    2.2874736e+00     9.0813988e-01
 8450.0 8550.0     9.8861016e-01    2.2230000e+00     9.0754839e-01
