 1216.0 1216.0     3.2773262e-01    4.8095362e+01     9.3939487e-01
 1300.0 1350.0     3.9698395e-01    3.9729097e+01     9.3686487e-01
 1350.0 1400.0     4.2334326e-01    3.7022358e+01     9.3610950e-01
 1400.0 1450.0     4.3856114e-01    3.5353041e+01     9.3588726e-01
 1450.0 1500.0     4.5116928e-01    3.3957844e+01     9.3579297e-01
 1500.0 1550.0     4.6413988e-01    3.2617708e+01     9.3569867e-01
 1550.0 1600.0     4.7748338e-01    3.1330460e+01     9.3560438e-01
 1600.0 1650.0     4.9041161e-01    3.0162719e+01     9.3558530e-01
 1650.0 1700.0     5.0156134e-01    2.9216206e+01     9.3576412e-01
 1700.0 1750.0     5.1163712e-01    2.8408642e+01     9.3606566e-01
 1754.0 1770.0     5.1920024e-01    2.7822998e+01     9.3628879e-01
 1770.0 1786.0     5.2251533e-01    2.7574552e+01     9.3638528e-01
 1786.0 1802.0     5.2585159e-01    2.7328324e+01     9.3648178e-01
 1802.0 1818.0     5.2920916e-01    2.7084294e+01     9.3657827e-01
 1818.0 1835.0     5.3269445e-01    2.6834956e+01     9.3667777e-01
 1835.0 1852.0     5.3630900e-01    2.6580427e+01     9.3678029e-01
 1852.0 1869.0     5.3994808e-01    2.6328312e+01     9.3688282e-01
 1869.0 1887.0     5.4372036e-01    2.6071316e+01     9.3698835e-01
 1887.0 1905.0     5.4762753e-01    2.5809557e+01     9.3709691e-01
 1905.0 1923.0     5.5156278e-01    2.5550426e+01     9.3720546e-01
 1923.0 1942.0     5.5563721e-01    2.5286845e+01     9.3731703e-01
 1942.0 1961.0     5.5985268e-01    2.5018933e+01     9.3743161e-01
 1961.0 1980.0     5.6350878e-01    2.4775544e+01     9.3753488e-01
 1980.0 2000.0     5.6631521e-01    2.4563716e+01     9.3762230e-01
 2000.0 2020.0     5.6885293e-01    2.4361193e+01     9.3770520e-01
 2020.0 2041.0     5.7146604e-01    2.4155361e+01     9.3779017e-01
 2041.0 2062.0     5.7415518e-01    2.3946290e+01     9.3787722e-01
 2062.0 2083.0     5.7685697e-01    2.3739029e+01     9.3796426e-01
 2083.0 2105.0     5.7963642e-01    2.3528713e+01     9.3805338e-01
 2105.0 2128.0     5.8255949e-01    2.3310610e+01     9.3814664e-01
 2128.0 2151.0     5.8556258e-01    2.3089726e+01     9.3824197e-01
 2151.0 2174.0     5.8858116e-01    2.2870936e+01     9.3833731e-01
 2174.0 2200.0     5.9181426e-01    2.2640228e+01     9.3843886e-01
 2200.0 2222.0     5.9499735e-01    2.2416324e+01     9.3853834e-01
 2222.0 2247.0     5.9813194e-01    2.2199387e+01     9.3863575e-01
 2247.0 2273.0     6.0155161e-01    2.1966313e+01     9.3874144e-01
 2273.0 2299.0     6.0505826e-01    2.1731164e+01     9.3884921e-01
 2299.0 2326.0     6.0865359e-01    2.1494108e+01     9.3895905e-01
 2326.0 2353.0     6.1233852e-01    2.1255214e+01     9.3907097e-01
 2353.0 2381.0     6.1611484e-01    2.1014650e+01     9.3918495e-01
 2381.0 2410.0     6.2085612e-01    2.0740386e+01     9.3926830e-01
 2410.0 2439.0     6.2660136e-01    2.0434493e+01     9.3931492e-01
 2439.0 2469.0     6.3259597e-01    2.0124783e+01     9.3935826e-01
 2469.0 2500.0     6.3885409e-01    1.9809509e+01     9.3940307e-01
 2500.0 2532.0     6.4538239e-01    1.9489081e+01     9.3944935e-01
 2532.0 2564.0     6.5208209e-01    1.9168833e+01     9.3949637e-01
 2564.0 2597.0     6.5895822e-01    1.8849008e+01     9.3954412e-01
 2597.0 2632.0     6.6622991e-01    1.8520174e+01     9.3959407e-01
 2632.0 2667.0     6.7266371e-01    1.8189896e+01     9.3961969e-01
 2667.0 2703.0     6.7786152e-01    1.7863796e+01     9.3961401e-01
 2703.0 2740.0     6.8300488e-01    1.7535089e+01     9.3960267e-01
 2740.0 2778.0     6.8832980e-01    1.7203674e+01     9.3959102e-01
 2778.0 2817.0     6.9383991e-01    1.6869938e+01     9.3957907e-01
 2817.0 2857.0     6.9953899e-01    1.6534260e+01     9.3956680e-01
 2857.0 2899.0     7.0550431e-01    1.6192941e+01     9.3955407e-01
 2899.0 2941.0     7.1166724e-01    1.5850515e+01     9.3954103e-01
 2941.0 2985.0     7.1700307e-01    1.5516014e+01     9.3950570e-01
 2985.0 3030.0     7.2119765e-01    1.5188455e+01     9.3943996e-01
 3030.0 3077.0     7.2520307e-01    1.4860023e+01     9.3936443e-01
 3077.0 3125.0     7.2936231e-01    1.4528294e+01     9.3928644e-01
 3125.0 3175.0     7.3367803e-01    1.4193887e+01     9.3920599e-01
 3175.0 3225.0     7.3810788e-01    1.3860510e+01     9.3912390e-01
 3225.0 3275.0     7.4266620e-01    1.3535886e+01     9.3903638e-01
 3275.0 3325.0     7.4767876e-01    1.3222642e+01     9.3892630e-01
 3325.0 3375.0     7.5304965e-01    1.2919503e+01     9.3879905e-01
 3375.0 3425.0     7.5845911e-01    1.2623313e+01     9.3867181e-01
 3425.0 3450.0     7.6253804e-01    1.2405010e+01     9.3857638e-01
 3450.0 3550.0     7.6948346e-01    1.2062015e+01     9.3841504e-01
 3550.0 3650.0     7.8158874e-01    1.1625359e+01     9.3812961e-01
 3650.0 3750.0     7.9474730e-01    1.1298839e+01     9.3781784e-01
 3750.0 3850.0     8.0812739e-01    1.0981489e+01     9.3750606e-01
 3850.0 3950.0     8.2156888e-01    1.0694129e+01     9.3717385e-01
 3950.0 4050.0     8.3501751e-01    1.0441917e+01     9.3681474e-01
 4050.0 4150.0     8.4843306e-01    1.0202413e+01     9.3644567e-01
 4150.0 4250.0     8.6086986e-01    9.9698135e+00     9.3605605e-01
 4250.0 4350.0     8.7249639e-01    9.7436836e+00     9.3564937e-01
 4350.0 4450.0     8.8350445e-01    9.5096554e+00     9.3523500e-01
 4450.0 4550.0     8.9110589e-01    9.2235067e+00     9.3478575e-01
 4550.0 4650.0     8.9601060e-01    8.9014522e+00     9.3430929e-01
 4650.0 4750.0     9.0094230e-01    8.5906428e+00     9.3383283e-01
 4750.0 4850.0     9.0590115e-01    8.2906858e+00     9.3335637e-01
 4850.0 4950.0     9.1088730e-01    8.0012023e+00     9.3287991e-01
 4950.0 5050.0     9.1590088e-01    7.7218266e+00     9.3240345e-01
 5050.0 5150.0     9.2094207e-01    7.4522058e+00     9.3192698e-01
 5150.0 5250.0     9.2601100e-01    7.1919993e+00     9.3145052e-01
 5250.0 5350.0     9.3110783e-01    6.9408784e+00     9.3097406e-01
 5350.0 5450.0     9.3623271e-01    6.6985257e+00     9.3049760e-01
 5450.0 5550.0     9.4138580e-01    6.4646352e+00     9.3002114e-01
 5550.0 5650.0     9.4633734e-01    6.2402475e+00     9.2954166e-01
 5650.0 5750.0     9.4977777e-01    6.0323050e+00     9.2904208e-01
 5750.0 5850.0     9.5192521e-01    5.8386211e+00     9.2852540e-01
 5850.0 5950.0     9.5407752e-01    5.6511559e+00     9.2800873e-01
 5950.0 6050.0     9.5623469e-01    5.4697098e+00     9.2749206e-01
 6050.0 6150.0     9.5839673e-01    5.2940895e+00     9.2697539e-01
 6150.0 6250.0     9.6056367e-01    5.1241080e+00     9.2645872e-01
 6250.0 6350.0     9.6273550e-01    4.9595843e+00     9.2594204e-01
 6350.0 6450.0     9.6491225e-01    4.8003430e+00     9.2542537e-01
 6450.0 6550.0     9.6709391e-01    4.6462146e+00     9.2490870e-01
 6550.0 6650.0     9.6928051e-01    4.4970350e+00     9.2439203e-01
 6650.0 6750.0     9.7147205e-01    4.3526452e+00     9.2387536e-01
 6750.0 6850.0     9.7366855e-01    4.2128914e+00     9.2335869e-01
 6850.0 6950.0     9.7544617e-01    4.0834791e+00     9.2283817e-01
 6950.0 7050.0     9.7654342e-01    3.9673960e+00     9.2231145e-01
 7050.0 7150.0     9.7738203e-01    3.8581072e+00     9.2178238e-01
 7150.0 7250.0     9.7822135e-01    3.7518290e+00     9.2125331e-01
 7250.0 7350.0     9.7906139e-01    3.6484784e+00     9.2072424e-01
 7350.0 7450.0     9.7990216e-01    3.5479747e+00     9.2019517e-01
 7450.0 7550.0     9.8074365e-01    3.4502396e+00     9.1966610e-01
 7550.0 7650.0     9.8158586e-01    3.3551968e+00     9.1913703e-01
 7650.0 7750.0     9.8242879e-01    3.2627721e+00     9.1860795e-01
 7750.0 7850.0     9.8327245e-01    3.1728934e+00     9.1807888e-01
 7850.0 7950.0     9.8411683e-01    3.0854905e+00     9.1754981e-01
 7950.0 8050.0     9.8496194e-01    3.0004954e+00     9.1702074e-01
 8050.0 8150.0     9.8580777e-01    2.9178415e+00     9.1649167e-01
 8150.0 8250.0     9.8665433e-01    2.8374645e+00     9.1596260e-01
 8250.0 8350.0     9.8750161e-01    2.7593017e+00     9.1543353e-01
 8350.0 8450.0     9.8834963e-01    2.6832919e+00     9.1490446e-01
 8450.0 8550.0     9.8919837e-01    2.6093760e+00     9.1437538e-01
