 1216.0 1216.0     3.7966570e-01    2.9784467e+01     9.1781536e-01
 1300.0 1350.0     4.5091896e-01    2.4944786e+01     9.1415460e-01
 1350.0 1400.0     4.7722978e-01    2.3336222e+01     9.1302098e-01
 1400.0 1450.0     4.9141560e-01    2.2292534e+01     9.1260532e-01
 1450.0 1500.0     5.0269223e-01    2.1402961e+01     9.1236196e-01
 1500.0 1550.0     5.1422764e-01    2.0548886e+01     9.1211860e-01
 1550.0 1600.0     5.2602774e-01    1.9728893e+01     9.1187524e-01
 1600.0 1650.0     5.3740252e-01    1.8982554e+01     9.1173588e-01
 1650.0 1700.0     5.4717312e-01    1.8370249e+01     9.1187020e-01
 1700.0 1750.0     5.5596883e-01    1.7842703e+01     9.1217422e-01
 1754.0 1770.0     5.6255252e-01    1.7460433e+01     9.1239918e-01
 1770.0 1786.0     5.6543058e-01    1.7298387e+01     9.1249647e-01
 1786.0 1802.0     5.6832337e-01    1.7137845e+01     9.1259375e-01
 1802.0 1818.0     5.7123096e-01    1.6978792e+01     9.1269103e-01
 1818.0 1835.0     5.7424524e-01    1.6816339e+01     9.1279136e-01
 1835.0 1852.0     5.7736724e-01    1.6650564e+01     9.1289472e-01
 1852.0 1869.0     5.8050622e-01    1.6486423e+01     9.1299808e-01
 1869.0 1887.0     5.8375560e-01    1.6319170e+01     9.1310449e-01
 1887.0 1905.0     5.8711654e-01    1.6148882e+01     9.1321393e-01
 1905.0 1923.0     5.9049682e-01    1.5980372e+01     9.1332337e-01
 1923.0 1942.0     5.9399156e-01    1.5809038e+01     9.1343586e-01
 1942.0 1961.0     5.9760200e-01    1.5634960e+01     9.1355138e-01
 1961.0 1980.0     6.0068127e-01    1.5473787e+01     9.1365313e-01
 1980.0 2000.0     6.0295040e-01    1.5328091e+01     9.1373496e-01
 2000.0 2020.0     6.0495479e-01    1.5186584e+01     9.1381064e-01
 2020.0 2041.0     6.0701629e-01    1.5042912e+01     9.1388822e-01
 2041.0 2062.0     6.0913526e-01    1.4897128e+01     9.1396768e-01
 2062.0 2083.0     6.1126164e-01    1.4752757e+01     9.1404715e-01
 2083.0 2105.0     6.1344642e-01    1.4606414e+01     9.1412851e-01
 2105.0 2128.0     6.1574118e-01    1.4454820e+01     9.1421366e-01
 2128.0 2151.0     6.1809572e-01    1.4301465e+01     9.1430069e-01
 2151.0 2174.0     6.2045925e-01    1.4149737e+01     9.1438773e-01
 2174.0 2200.0     6.2298719e-01    1.3989939e+01     9.1448044e-01
 2200.0 2222.0     6.2547280e-01    1.3835027e+01     9.1457126e-01
 2222.0 2247.0     6.2791695e-01    1.3685126e+01     9.1466019e-01
 2247.0 2273.0     6.3057969e-01    1.3524267e+01     9.1475669e-01
 2273.0 2299.0     6.3330616e-01    1.3362182e+01     9.1485507e-01
 2299.0 2326.0     6.3609730e-01    1.3198998e+01     9.1495535e-01
 2326.0 2353.0     6.3895364e-01    1.3034765e+01     9.1505753e-01
 2353.0 2381.0     6.4187619e-01    1.2869610e+01     9.1516159e-01
 2381.0 2410.0     6.4572456e-01    1.2681175e+01     9.1522354e-01
 2410.0 2439.0     6.5054998e-01    1.2470924e+01     9.1523617e-01
 2439.0 2469.0     6.5559131e-01    1.2258411e+01     9.1524363e-01
 2469.0 2500.0     6.6084461e-01    1.2042500e+01     9.1525135e-01
 2500.0 2532.0     6.6631435e-01    1.1823502e+01     9.1525931e-01
 2532.0 2564.0     6.7191690e-01    1.1605074e+01     9.1526741e-01
 2564.0 2597.0     6.7765558e-01    1.1387394e+01     9.1527563e-01
 2597.0 2632.0     6.8371199e-01    1.1164068e+01     9.1528423e-01
 2632.0 2667.0     6.8892572e-01    1.0934467e+01     9.1525802e-01
 2667.0 2703.0     6.9293435e-01    1.0701293e+01     9.1518841e-01
 2703.0 2740.0     6.9685026e-01    1.0465858e+01     9.1510937e-01
 2740.0 2778.0     7.0089650e-01    1.0229366e+01     9.1502817e-01
 2778.0 2817.0     7.0507508e-01    9.9921260e+00     9.1494481e-01
 2817.0 2857.0     7.0938810e-01    9.7544409e+00     9.1485928e-01
 2857.0 2899.0     7.1389298e-01    9.5137443e+00     9.1477050e-01
 2899.0 2941.0     7.1853704e-01    9.2732619e+00     9.1467956e-01
 2941.0 2985.0     7.2242736e-01    9.0370354e+00     9.1455601e-01
 2985.0 3030.0     7.2528508e-01    8.8036362e+00     9.1438770e-01
 3030.0 3077.0     7.2794157e-01    8.5699498e+00     9.1420323e-01
 3077.0 3125.0     7.3069484e-01    8.3351172e+00     9.1401275e-01
 3125.0 3175.0     7.3354603e-01    8.0996437e+00     9.1381625e-01
 3175.0 3225.0     7.3646676e-01    7.8661533e+00     9.1361574e-01
 3225.0 3275.0     7.3955167e-01    7.6400953e+00     9.1340754e-01
 3275.0 3325.0     7.4328766e-01    7.4233940e+00     9.1316730e-01
 3325.0 3375.0     7.4752844e-01    7.2149983e+00     9.1290271e-01
 3375.0 3425.0     7.5179342e-01    7.0124529e+00     9.1263812e-01
 3425.0 3450.0     7.5500582e-01    6.8637624e+00     9.1243968e-01
 3450.0 3550.0     7.6054825e-01    6.6318769e+00     9.1209804e-01
 3550.0 3650.0     7.7120030e-01    6.3372887e+00     9.1142162e-01
 3650.0 3750.0     7.8366719e-01    6.1180242e+00     9.1061978e-01
 3750.0 3850.0     7.9633562e-01    5.9063461e+00     9.0981793e-01
 3850.0 3950.0     8.0928702e-01    5.7137357e+00     9.0914811e-01
 3950.0 4050.0     8.2255234e-01    5.5427797e+00     9.0865200e-01
 4050.0 4150.0     8.3588338e-01    5.3805939e+00     9.0817169e-01
 4150.0 4250.0     8.4837774e-01    5.2234275e+00     9.0753913e-01
 4250.0 4350.0     8.6018381e-01    5.0710780e+00     9.0678019e-01
 4350.0 4450.0     8.7136155e-01    4.9155906e+00     9.0600828e-01
 4450.0 4550.0     8.7906015e-01    4.7314714e+00     9.0517741e-01
 4550.0 4650.0     8.8400338e-01    4.5285594e+00     9.0430056e-01
 4650.0 4750.0     8.8897441e-01    4.3343494e+00     9.0342370e-01
 4750.0 4850.0     8.9397339e-01    4.1484682e+00     9.0254685e-01
 4850.0 4950.0     8.9900048e-01    3.9705586e+00     9.0166999e-01
 4950.0 5050.0     9.0405585e-01    3.8002788e+00     9.0079314e-01
 5050.0 5150.0     9.0913964e-01    3.6373016e+00     8.9991628e-01
 5150.0 5250.0     9.1425202e-01    3.4813137e+00     8.9903943e-01
 5250.0 5350.0     9.1939314e-01    3.3320155e+00     8.9816257e-01
 5350.0 5450.0     9.2456318e-01    3.1891200e+00     8.9728572e-01
 5450.0 5550.0     9.2976229e-01    3.0523527e+00     8.9640886e-01
 5550.0 5650.0     9.3478001e-01    2.9226599e+00     8.9552505e-01
 5650.0 5750.0     9.3841631e-01    2.8062696e+00     8.9459482e-01
 5750.0 5850.0     9.4087036e-01    2.7011120e+00     8.9362516e-01
 5850.0 5950.0     9.4333083e-01    2.5998950e+00     8.9265549e-01
 5950.0 6050.0     9.4579773e-01    2.5024708e+00     8.9168582e-01
 6050.0 6150.0     9.4827108e-01    2.4086973e+00     8.9071615e-01
 6150.0 6250.0     9.5075091e-01    2.3184378e+00     8.8974649e-01
 6250.0 6350.0     9.5323722e-01    2.2315604e+00     8.8877682e-01
 6350.0 6450.0     9.5573003e-01    2.1479386e+00     8.8780715e-01
 6450.0 6550.0     9.5822935e-01    2.0674503e+00     8.8683748e-01
 6550.0 6650.0     9.6073522e-01    1.9899781e+00     8.8586782e-01
 6650.0 6750.0     9.6324764e-01    1.9154089e+00     8.8489815e-01
 6750.0 6850.0     9.6576662e-01    1.8436340e+00     8.8392848e-01
 6850.0 6950.0     9.6783555e-01    1.7782775e+00     8.8293879e-01
 6950.0 7050.0     9.6917234e-01    1.7211914e+00     8.8191681e-01
 7050.0 7150.0     9.7023092e-01    1.6681574e+00     8.8088255e-01
 7150.0 7250.0     9.7129065e-01    1.6167576e+00     8.7984830e-01
 7250.0 7350.0     9.7235155e-01    1.5669416e+00     8.7881404e-01
 7350.0 7450.0     9.7341360e-01    1.5186604e+00     8.7777979e-01
 7450.0 7550.0     9.7447681e-01    1.4718670e+00     8.7674553e-01
 7550.0 7650.0     9.7554119e-01    1.4265153e+00     8.7571128e-01
 7650.0 7750.0     9.7660672e-01    1.3825611e+00     8.7467702e-01
 7750.0 7850.0     9.7767342e-01    1.3399611e+00     8.7364277e-01
 7850.0 7950.0     9.7874129e-01    1.2986738e+00     8.7260851e-01
 7950.0 8050.0     9.7981032e-01    1.2586586e+00     8.7157426e-01
 8050.0 8150.0     9.8088052e-01    1.2198764e+00     8.7054000e-01
 8150.0 8250.0     9.8195189e-01    1.1822892e+00     8.6950575e-01
 8250.0 8350.0     9.8302443e-01    1.1458601e+00     8.6847149e-01
 8350.0 8450.0     9.8409814e-01    1.1105535e+00     8.6743723e-01
 8450.0 8550.0     9.8517302e-01    1.0763347e+00     8.6640298e-01
