 1216.0 1216.0     3.1204192e-01    5.5726295e+01     9.4467259e-01
 1300.0 1350.0     3.8016438e-01    4.5820775e+01     9.4239885e-01
 1350.0 1400.0     4.0630435e-01    4.2636784e+01     9.4172652e-01
 1400.0 1450.0     4.2164829e-01    4.0694695e+01     9.4154193e-01
 1450.0 1500.0     4.3448415e-01    3.9078969e+01     9.4147439e-01
 1500.0 1550.0     4.4771077e-01    3.7527394e+01     9.4140685e-01
 1550.0 1600.0     4.6134004e-01    3.6037421e+01     9.4133932e-01
 1600.0 1650.0     4.7456791e-01    3.4686970e+01     9.4133983e-01
 1650.0 1700.0     4.8599847e-01    3.3594978e+01     9.4151944e-01
 1700.0 1750.0     4.9634648e-01    3.2665150e+01     9.4181008e-01
 1754.0 1770.0     5.0412048e-01    3.1990858e+01     9.4202515e-01
 1770.0 1786.0     5.0753075e-01    3.1704812e+01     9.4211815e-01
 1786.0 1802.0     5.1096408e-01    3.1421323e+01     9.4221116e-01
 1802.0 1818.0     5.1442064e-01    3.1140370e+01     9.4230416e-01
 1818.0 1835.0     5.1801009e-01    3.0853308e+01     9.4240007e-01
 1835.0 1852.0     5.2173411e-01    3.0560273e+01     9.4249889e-01
 1852.0 1869.0     5.2548490e-01    3.0270021e+01     9.4259771e-01
 1869.0 1887.0     5.2937459e-01    2.9974153e+01     9.4269943e-01
 1887.0 1905.0     5.3340503e-01    2.9672807e+01     9.4280406e-01
 1905.0 1923.0     5.3746616e-01    2.9374490e+01     9.4290869e-01
 1923.0 1942.0     5.4167276e-01    2.9071054e+01     9.4301623e-01
 1942.0 1961.0     5.4602687e-01    2.8762636e+01     9.4312667e-01
 1961.0 1980.0     5.4981746e-01    2.8483851e+01     9.4322647e-01
 1980.0 2000.0     5.5275259e-01    2.8243702e+01     9.4331145e-01
 2000.0 2020.0     5.5541964e-01    2.8015130e+01     9.4339224e-01
 2020.0 2041.0     5.5816689e-01    2.7782787e+01     9.4347505e-01
 2041.0 2062.0     5.6099506e-01    2.7546751e+01     9.4355988e-01
 2062.0 2083.0     5.6383756e-01    2.7312720e+01     9.4364471e-01
 2083.0 2105.0     5.6676284e-01    2.7075201e+01     9.4373156e-01
 2105.0 2128.0     5.6984043e-01    2.6828846e+01     9.4382245e-01
 2128.0 2151.0     5.7300350e-01    2.6579308e+01     9.4391536e-01
 2151.0 2174.0     5.7618412e-01    2.6332091e+01     9.4400827e-01
 2174.0 2200.0     5.7959222e-01    2.6071359e+01     9.4410723e-01
 2200.0 2222.0     5.8294888e-01    2.5818273e+01     9.4420418e-01
 2222.0 2247.0     5.8625585e-01    2.5573013e+01     9.4429911e-01
 2247.0 2273.0     5.8986506e-01    2.5309462e+01     9.4440212e-01
 2273.0 2299.0     5.9356769e-01    2.5043512e+01     9.4450714e-01
 2299.0 2326.0     5.9736566e-01    2.4775351e+01     9.4461419e-01
 2326.0 2353.0     6.0126006e-01    2.4505056e+01     9.4472326e-01
 2353.0 2381.0     6.0525292e-01    2.4232814e+01     9.4483434e-01
 2381.0 2410.0     6.1023021e-01    2.3922758e+01     9.4491748e-01
 2410.0 2439.0     6.1622919e-01    2.3577248e+01     9.4496696e-01
 2439.0 2469.0     6.2248897e-01    2.3227351e+01     9.4501353e-01
 2469.0 2500.0     6.2902782e-01    2.2871053e+01     9.4506169e-01
 2500.0 2532.0     6.3585316e-01    2.2508809e+01     9.4511142e-01
 2532.0 2564.0     6.4286207e-01    2.2146643e+01     9.4516194e-01
 2564.0 2597.0     6.5006020e-01    2.1784828e+01     9.4521325e-01
 2597.0 2632.0     6.5767748e-01    2.1412686e+01     9.4526693e-01
 2632.0 2667.0     6.6445887e-01    2.1042230e+01     9.4529856e-01
 2667.0 2703.0     6.6999575e-01    2.0680519e+01     9.4530164e-01
 2703.0 2740.0     6.7549009e-01    2.0316372e+01     9.4529979e-01
 2740.0 2778.0     6.8118188e-01    1.9948926e+01     9.4529788e-01
 2778.0 2817.0     6.8707535e-01    1.9578593e+01     9.4529592e-01
 2817.0 2857.0     6.9317490e-01    1.9205786e+01     9.4529391e-01
 2857.0 2899.0     6.9956371e-01    1.8826374e+01     9.4529183e-01
 2899.0 2941.0     7.0616867e-01    1.8445386e+01     9.4528969e-01
 2941.0 2985.0     7.1192458e-01    1.8074798e+01     9.4526741e-01
 2985.0 3030.0     7.1650598e-01    1.7714139e+01     9.4521766e-01
 3030.0 3077.0     7.2090195e-01    1.7352773e+01     9.4515930e-01
 3077.0 3125.0     7.2546942e-01    1.6987317e+01     9.4509905e-01
 3125.0 3175.0     7.3021161e-01    1.6618425e+01     9.4503689e-01
 3175.0 3225.0     7.3508221e-01    1.6250179e+01     9.4497346e-01
 3225.0 3275.0     7.4007423e-01    1.5891161e+01     9.4490511e-01
 3275.0 3325.0     7.4547280e-01    1.5544451e+01     9.4481626e-01
 3325.0 3375.0     7.5119456e-01    1.5208615e+01     9.4471182e-01
 3375.0 3425.0     7.5696023e-01    1.4880035e+01     9.4460738e-01
 3425.0 3450.0     7.6130934e-01    1.4637612e+01     9.4452906e-01
 3450.0 3550.0     7.6869760e-01    1.4255954e+01     9.4439644e-01
 3550.0 3650.0     7.8131141e-01    1.3769375e+01     9.4415959e-01
 3650.0 3750.0     7.9478823e-01    1.3404575e+01     9.4389891e-01
 3750.0 3850.0     8.0849751e-01    1.3049440e+01     9.4363823e-01
 3850.0 3950.0     8.2220776e-01    1.2727850e+01     9.4335916e-01
 3950.0 4050.0     8.3583948e-01    1.2445837e+01     9.4305590e-01
 4050.0 4150.0     8.4941464e-01    1.2178042e+01     9.4274370e-01
 4150.0 4250.0     8.6197799e-01    1.1918882e+01     9.4241312e-01
 4250.0 4350.0     8.7370303e-01    1.1667615e+01     9.4206727e-01
 4350.0 4450.0     8.8480753e-01    1.1407079e+01     9.4171465e-01
 4450.0 4550.0     8.9248665e-01    1.1087686e+01     9.4133129e-01
 4550.0 4650.0     8.9745391e-01    1.0727334e+01     9.4092395e-01
 4650.0 4750.0     9.0244883e-01    1.0378693e+01     9.4051660e-01
 4750.0 4850.0     9.0747154e-01    1.0041383e+01     9.4010925e-01
 4850.0 4950.0     9.1252221e-01    9.7150362e+00     9.3970191e-01
 4950.0 5050.0     9.1760099e-01    9.3992953e+00     9.3929456e-01
 5050.0 5150.0     9.2270803e-01    9.0938161e+00     9.3888722e-01
 5150.0 5250.0     9.2784350e-01    8.7982650e+00     9.3847987e-01
 5250.0 5350.0     9.3300756e-01    8.5123194e+00     9.3807252e-01
 5350.0 5450.0     9.3820035e-01    8.2356671e+00     9.3766518e-01
 5450.0 5550.0     9.4342204e-01    7.9680060e+00     9.3725783e-01
 5550.0 5650.0     9.4843416e-01    7.7103064e+00     9.3684800e-01
 5650.0 5750.0     9.5187747e-01    7.4691344e+00     9.3642164e-01
 5750.0 5850.0     9.5397836e-01    7.2424432e+00     9.3598122e-01
 5850.0 5950.0     9.5608388e-01    7.0226321e+00     9.3554079e-01
 5950.0 6050.0     9.5819405e-01    6.8094924e+00     9.3510037e-01
 6050.0 6150.0     9.6030888e-01    6.6028216e+00     9.3465995e-01
 6150.0 6250.0     9.6242837e-01    6.4024233e+00     9.3421953e-01
 6250.0 6350.0     9.6455255e-01    6.2081072e+00     9.3377910e-01
 6350.0 6450.0     9.6668141e-01    6.0196887e+00     9.3333868e-01
 6450.0 6550.0     9.6881497e-01    5.8369888e+00     9.3289826e-01
 6550.0 6650.0     9.7095324e-01    5.6598338e+00     9.3245783e-01
 6650.0 6750.0     9.7309623e-01    5.4880556e+00     9.3201741e-01
 6750.0 6850.0     9.7524395e-01    5.3214909e+00     9.3157699e-01
 6850.0 6950.0     9.7697439e-01    5.1662829e+00     9.3113449e-01
 6950.0 7050.0     9.7802724e-01    5.0256723e+00     9.3068865e-01
 7050.0 7150.0     9.7882248e-01    4.8926533e+00     9.3024155e-01
 7150.0 7250.0     9.7961836e-01    4.7631549e+00     9.2979444e-01
 7250.0 7350.0     9.8041489e-01    4.6370842e+00     9.2934733e-01
 7350.0 7450.0     9.8121207e-01    4.5143502e+00     9.2890022e-01
 7450.0 7550.0     9.8200989e-01    4.3948648e+00     9.2845311e-01
 7550.0 7650.0     9.8280837e-01    4.2785418e+00     9.2800600e-01
 7650.0 7750.0     9.8360749e-01    4.1652978e+00     9.2755889e-01
 7750.0 7850.0     9.8440727e-01    4.0550510e+00     9.2711178e-01
 7850.0 7950.0     9.8520769e-01    3.9477223e+00     9.2666467e-01
 7950.0 8050.0     9.8600877e-01    3.8432343e+00     9.2621756e-01
 8050.0 8150.0     9.8681049e-01    3.7415119e+00     9.2577045e-01
 8150.0 8250.0     9.8761287e-01    3.6424819e+00     9.2532334e-01
 8250.0 8350.0     9.8841590e-01    3.5460729e+00     9.2487623e-01
 8350.0 8450.0     9.8921958e-01    3.4522158e+00     9.2442913e-01
 8450.0 8550.0     9.9002392e-01    3.3608428e+00     9.2398202e-01
