 1216.0 1216.0     3.7295576e-01    3.1675621e+01     9.2102714e-01
 1300.0 1350.0     4.4416370e-01    2.6488592e+01     9.1754697e-01
 1350.0 1400.0     4.7056633e-01    2.4770999e+01     9.1647480e-01
 1400.0 1450.0     4.8493756e-01    2.3664674e+01     9.1609242e-01
 1450.0 1500.0     4.9642950e-01    2.2724244e+01     9.1587560e-01
 1500.0 1550.0     5.0819376e-01    2.1821185e+01     9.1565877e-01
 1550.0 1600.0     5.2023681e-01    2.0954014e+01     9.1544195e-01
 1600.0 1650.0     5.3185473e-01    2.0165183e+01     9.1532489e-01
 1650.0 1700.0     5.4184298e-01    1.9519477e+01     9.1547037e-01
 1700.0 1750.0     5.5084186e-01    1.8964152e+01     9.1577864e-01
 1754.0 1770.0     5.5758013e-01    1.8561674e+01     9.1600675e-01
 1770.0 1786.0     5.6052682e-01    1.8391028e+01     9.1610540e-01
 1786.0 1802.0     5.6348909e-01    1.8221952e+01     9.1620404e-01
 1802.0 1818.0     5.6646701e-01    1.8054430e+01     9.1630269e-01
 1818.0 1835.0     5.6955473e-01    1.7883310e+01     9.1640441e-01
 1835.0 1852.0     5.7275336e-01    1.7708676e+01     9.1650922e-01
 1852.0 1869.0     5.7596996e-01    1.7535747e+01     9.1661403e-01
 1869.0 1887.0     5.7930030e-01    1.7359521e+01     9.1672193e-01
 1887.0 1905.0     5.8274560e-01    1.7180082e+01     9.1683290e-01
 1905.0 1923.0     5.8621140e-01    1.7002498e+01     9.1694388e-01
 1923.0 1942.0     5.8979524e-01    1.6821919e+01     9.1705793e-01
 1942.0 1961.0     5.9349844e-01    1.6638430e+01     9.1717507e-01
 1961.0 1980.0     5.9666448e-01    1.6468926e+01     9.1727880e-01
 1980.0 2000.0     5.9901166e-01    1.6316376e+01     9.1736325e-01
 2000.0 2020.0     6.0109235e-01    1.6168474e+01     9.1744184e-01
 2020.0 2041.0     6.0323265e-01    1.6018283e+01     9.1752240e-01
 2041.0 2062.0     6.0543297e-01    1.5865857e+01     9.1760492e-01
 2062.0 2083.0     6.0764131e-01    1.5714882e+01     9.1768744e-01
 2083.0 2105.0     6.0991067e-01    1.5561819e+01     9.1777193e-01
 2105.0 2128.0     6.1229466e-01    1.5403232e+01     9.1786035e-01
 2128.0 2151.0     6.1474116e-01    1.5242773e+01     9.1795073e-01
 2151.0 2174.0     6.1719742e-01    1.5083985e+01     9.1804111e-01
 2174.0 2200.0     6.1982502e-01    1.4916718e+01     9.1813738e-01
 2200.0 2222.0     6.2240906e-01    1.4754534e+01     9.1823169e-01
 2222.0 2247.0     6.2495047e-01    1.4597563e+01     9.1832404e-01
 2247.0 2273.0     6.2771967e-01    1.4429082e+01     9.1842425e-01
 2273.0 2299.0     6.3055568e-01    1.4259281e+01     9.1852642e-01
 2299.0 2326.0     6.3345955e-01    1.4088290e+01     9.1863055e-01
 2326.0 2353.0     6.3643182e-01    1.3916162e+01     9.1873665e-01
 2353.0 2381.0     6.3947361e-01    1.3743028e+01     9.1884471e-01
 2381.0 2410.0     6.4344679e-01    1.3545567e+01     9.1891248e-01
 2410.0 2439.0     6.4840088e-01    1.3325310e+01     9.1893287e-01
 2439.0 2469.0     6.5357528e-01    1.3102622e+01     9.1894843e-01
 2469.0 2500.0     6.5896850e-01    1.2876298e+01     9.1896451e-01
 2500.0 2532.0     6.6458527e-01    1.2646656e+01     9.1898112e-01
 2532.0 2564.0     6.7033983e-01    1.2417529e+01     9.1899799e-01
 2564.0 2597.0     6.7623571e-01    1.2189104e+01     9.1901513e-01
 2597.0 2632.0     6.8245963e-01    1.1954665e+01     9.1903306e-01
 2632.0 2667.0     6.8783912e-01    1.1714085e+01     9.1901788e-01
 2667.0 2703.0     6.9200636e-01    1.1470300e+01     9.1896123e-01
 2703.0 2740.0     6.9608518e-01    1.1224127e+01     9.1889582e-01
 2740.0 2778.0     7.0030079e-01    1.0976712e+01     9.1882862e-01
 2778.0 2817.0     7.0465538e-01    1.0728371e+01     9.1875963e-01
 2817.0 2857.0     7.0915121e-01    1.0479418e+01     9.1868885e-01
 2857.0 2899.0     7.1384831e-01    1.0227157e+01     9.1861538e-01
 2899.0 2941.0     7.1869184e-01    9.9749643e+00     9.1854012e-01
 2941.0 2985.0     7.2277278e-01    9.7272369e+00     9.1843398e-01
 2985.0 3030.0     7.2580813e-01    9.4825283e+00     9.1828548e-01
 3030.0 3077.0     7.2864405e-01    9.2374022e+00     9.1812195e-01
 3077.0 3125.0     7.3158400e-01    8.9908962e+00     9.1795308e-01
 3125.0 3175.0     7.3462930e-01    8.7435316e+00     9.1777889e-01
 3175.0 3225.0     7.3774967e-01    8.4980640e+00     9.1760114e-01
 3225.0 3275.0     7.4102850e-01    8.2602033e+00     9.1741607e-01
 3275.0 3325.0     7.4492944e-01    8.0319198e+00     9.1720051e-01
 3325.0 3375.0     7.4931350e-01    7.8121496e+00     9.1696179e-01
 3375.0 3425.0     7.5372337e-01    7.5983928e+00     9.1672306e-01
 3425.0 3450.0     7.5704534e-01    7.4413853e+00     9.1654401e-01
 3450.0 3550.0     7.6276314e-01    7.1962621e+00     9.1624240e-01
 3550.0 3650.0     7.7357558e-01    6.8845949e+00     9.1572170e-01
 3650.0 3750.0     7.8608637e-01    6.6522711e+00     9.1516416e-01
 3750.0 3850.0     7.9879949e-01    6.4277871e+00     9.1460662e-01
 3850.0 3950.0     8.1178018e-01    6.2242146e+00     9.1402013e-01
 3950.0 4050.0     8.2505367e-01    6.0445530e+00     9.1339553e-01
 4050.0 4150.0     8.3838167e-01    5.8741617e+00     9.1275671e-01
 4150.0 4250.0     8.5083899e-01    5.7084745e+00     9.1208797e-01
 4250.0 4350.0     8.6257875e-01    5.5473789e+00     9.1139442e-01
 4350.0 4450.0     8.7369274e-01    5.3825762e+00     9.1068889e-01
 4450.0 4550.0     8.8134806e-01    5.1862813e+00     9.0992893e-01
 4550.0 4650.0     8.8626455e-01    4.9691493e+00     9.0912653e-01
 4650.0 4750.0     8.9120846e-01    4.7611079e+00     9.0832412e-01
 4750.0 4850.0     8.9617996e-01    4.5617765e+00     9.0752171e-01
 4850.0 4950.0     9.0117919e-01    4.3707904e+00     9.0671931e-01
 4950.0 5050.0     9.0620630e-01    4.1878003e+00     9.0591690e-01
 5050.0 5150.0     9.1126146e-01    4.0124713e+00     9.0511450e-01
 5150.0 5250.0     9.1634482e-01    3.8444828e+00     9.0431209e-01
 5250.0 5350.0     9.2145654e-01    3.6835274e+00     9.0350968e-01
 5350.0 5450.0     9.2659677e-01    3.5293106e+00     9.0270728e-01
 5450.0 5550.0     9.3176568e-01    3.3815503e+00     9.0190487e-01
 5550.0 5650.0     9.3675106e-01    3.2412299e+00     9.0109632e-01
 5650.0 5750.0     9.4034315e-01    3.1148160e+00     9.0024679e-01
 5750.0 5850.0     9.4274290e-01    3.0001771e+00     8.9936244e-01
 5850.0 5950.0     9.4514877e-01    2.8897574e+00     8.9847808e-01
 5950.0 6050.0     9.4756078e-01    2.7834016e+00     8.9759373e-01
 6050.0 6150.0     9.4997895e-01    2.6809602e+00     8.9670937e-01
 6150.0 6250.0     9.5240329e-01    2.5822891e+00     8.9582501e-01
 6250.0 6350.0     9.5483381e-01    2.4872496e+00     8.9494066e-01
 6350.0 6450.0     9.5727054e-01    2.3957079e+00     8.9405630e-01
 6450.0 6550.0     9.5971349e-01    2.3075353e+00     8.9317195e-01
 6550.0 6650.0     9.6216267e-01    2.2226079e+00     8.9228759e-01
 6650.0 6750.0     9.6461810e-01    2.1408061e+00     8.9140323e-01
 6750.0 6850.0     9.6707980e-01    2.0620151e+00     8.9051888e-01
 6850.0 6950.0     9.6909779e-01    1.9901385e+00     8.8961802e-01
 6950.0 7050.0     9.7039418e-01    1.9271777e+00     8.8869053e-01
 7050.0 7150.0     9.7141634e-01    1.8685994e+00     8.8775294e-01
 7150.0 7250.0     9.7243959e-01    1.8118016e+00     8.8681534e-01
 7250.0 7350.0     9.7346391e-01    1.7567302e+00     8.8587774e-01
 7350.0 7450.0     9.7448931e-01    1.7033328e+00     8.8494014e-01
 7450.0 7550.0     9.7551579e-01    1.6515585e+00     8.8400255e-01
 7550.0 7650.0     9.7654335e-01    1.6013578e+00     8.8306495e-01
 7650.0 7750.0     9.7757199e-01    1.5526831e+00     8.8212735e-01
 7750.0 7850.0     9.7860172e-01    1.5054879e+00     8.8118975e-01
 7850.0 7950.0     9.7963253e-01    1.4597272e+00     8.8025216e-01
 7950.0 8050.0     9.8066443e-01    1.4153575e+00     8.7931456e-01
 8050.0 8150.0     9.8169741e-01    1.3723364e+00     8.7837696e-01
 8150.0 8250.0     9.8273149e-01    1.3306230e+00     8.7743936e-01
 8250.0 8350.0     9.8376665e-01    1.2901775e+00     8.7650177e-01
 8350.0 8450.0     9.8480290e-01    1.2509613e+00     8.7556417e-01
 8450.0 8550.0     9.8584024e-01    1.2129372e+00     8.7462657e-01
