 1216.0 1216.0     3.1541788e-01    5.3977058e+01     9.4357384e-01
 1300.0 1350.0     3.8380479e-01    4.4427307e+01     9.4124825e-01
 1350.0 1400.0     4.1000086e-01    4.1353483e+01     9.4055919e-01
 1400.0 1450.0     4.2532343e-01    3.9474314e+01     9.4036713e-01
 1450.0 1500.0     4.3811524e-01    3.7909435e+01     9.4029436e-01
 1500.0 1550.0     4.5129177e-01    3.6406592e+01     9.4022158e-01
 1550.0 1600.0     4.6486460e-01    3.4963326e+01     9.4014880e-01
 1600.0 1650.0     4.7803316e-01    3.3655005e+01     9.4014555e-01
 1650.0 1700.0     4.8940876e-01    3.2596679e+01     9.4032528e-01
 1700.0 1750.0     4.9970388e-01    3.1695231e+01     9.4061845e-01
 1754.0 1770.0     5.0743677e-01    3.1041509e+01     9.4083539e-01
 1770.0 1786.0     5.1082842e-01    3.0764184e+01     9.4092921e-01
 1786.0 1802.0     5.1424274e-01    3.0489337e+01     9.4102302e-01
 1802.0 1818.0     5.1767987e-01    3.0216946e+01     9.4111683e-01
 1818.0 1835.0     5.2124886e-01    2.9938630e+01     9.4121358e-01
 1835.0 1852.0     5.2495134e-01    2.9654521e+01     9.4131326e-01
 1852.0 1869.0     5.2868012e-01    2.9373108e+01     9.4141293e-01
 1869.0 1887.0     5.3254665e-01    2.9086248e+01     9.4151554e-01
 1887.0 1905.0     5.3655273e-01    2.8794073e+01     9.4162108e-01
 1905.0 1923.0     5.4058895e-01    2.8504834e+01     9.4172662e-01
 1923.0 1942.0     5.4476937e-01    2.8210628e+01     9.4183510e-01
 1942.0 1961.0     5.4909596e-01    2.7911589e+01     9.4194650e-01
 1961.0 1980.0     5.5285383e-01    2.7640550e+01     9.4205377e-01
 1980.0 2000.0     5.5574729e-01    2.7405768e+01     9.4215708e-01
 2000.0 2020.0     5.5836835e-01    2.7181759e+01     9.4226057e-01
 2020.0 2041.0     5.6106792e-01    2.6954072e+01     9.4236664e-01
 2041.0 2062.0     5.6384670e-01    2.6722786e+01     9.4247530e-01
 2062.0 2083.0     5.6663925e-01    2.6493485e+01     9.4258396e-01
 2083.0 2105.0     5.6951278e-01    2.6260786e+01     9.4269521e-01
 2105.0 2128.0     5.7253557e-01    2.6019452e+01     9.4281163e-01
 2128.0 2151.0     5.7564193e-01    2.5775023e+01     9.4293063e-01
 2151.0 2174.0     5.7876515e-01    2.5532889e+01     9.4304964e-01
 2174.0 2200.0     5.8211129e-01    2.5277544e+01     9.4317641e-01
 2200.0 2222.0     5.8540654e-01    2.5029710e+01     9.4330060e-01
 2222.0 2247.0     5.8865255e-01    2.4789565e+01     9.4342219e-01
 2247.0 2273.0     5.9219477e-01    2.4531535e+01     9.4355414e-01
 2273.0 2299.0     5.9582817e-01    2.4271184e+01     9.4368867e-01
 2299.0 2326.0     5.9955460e-01    2.4008696e+01     9.4382579e-01
 2326.0 2353.0     6.0337510e-01    2.3744148e+01     9.4396549e-01
 2353.0 2381.0     6.0729159e-01    2.3477725e+01     9.4410778e-01
 2381.0 2410.0     6.1222250e-01    2.3176595e+01     9.4418476e-01
 2410.0 2439.0     6.1821076e-01    2.2843268e+01     9.4418569e-01
 2439.0 2469.0     6.2446323e-01    2.2505900e+01     9.4417837e-01
 2469.0 2500.0     6.3099415e-01    2.2162334e+01     9.4417080e-01
 2500.0 2532.0     6.3781090e-01    2.1813008e+01     9.4416298e-01
 2532.0 2564.0     6.4481066e-01    2.1463732e+01     9.4415503e-01
 2564.0 2597.0     6.5199905e-01    2.1114765e+01     9.4414696e-01
 2597.0 2632.0     6.5960564e-01    2.0755808e+01     9.4413852e-01
 2632.0 2667.0     6.6635130e-01    2.0396450e+01     9.4413195e-01
 2667.0 2703.0     6.7182137e-01    2.0043097e+01     9.4412789e-01
 2703.0 2740.0     6.7724059e-01    1.9686982e+01     9.4412416e-01
 2740.0 2778.0     6.8285381e-01    1.9327698e+01     9.4412033e-01
 2778.0 2817.0     6.8866512e-01    1.8965654e+01     9.4411640e-01
 2817.0 2857.0     6.9467877e-01    1.8601254e+01     9.4411236e-01
 2857.0 2899.0     7.0097669e-01    1.8230464e+01     9.4410818e-01
 2899.0 2941.0     7.0748670e-01    1.7858202e+01     9.4410389e-01
 2941.0 2985.0     7.1315247e-01    1.7495742e+01     9.4407905e-01
 2985.0 3030.0     7.1765102e-01    1.7142484e+01     9.4402619e-01
 3030.0 3077.0     7.2196336e-01    1.6788466e+01     9.4396451e-01
 3077.0 3125.0     7.2644336e-01    1.6430535e+01     9.4390081e-01
 3125.0 3175.0     7.3109412e-01    1.6069336e+01     9.4383510e-01
 3175.0 3225.0     7.3587018e-01    1.5708868e+01     9.4376805e-01
 3225.0 3275.0     7.4076883e-01    1.5357505e+01     9.4369598e-01
 3275.0 3325.0     7.4608298e-01    1.5018172e+01     9.4360300e-01
 3325.0 3375.0     7.5172686e-01    1.4689491e+01     9.4349413e-01
 3375.0 3425.0     7.5741344e-01    1.4368003e+01     9.4338526e-01
 3425.0 3450.0     7.6170253e-01    1.4130864e+01     9.4330361e-01
 3450.0 3550.0     7.6899234e-01    1.3757695e+01     9.4316541e-01
 3550.0 3650.0     7.8149272e-01    1.3282205e+01     9.4291906e-01
 3650.0 3750.0     7.9489804e-01    1.2926055e+01     9.4264834e-01
 3750.0 3850.0     8.0853331e-01    1.2579455e+01     9.4237763e-01
 3850.0 3950.0     8.2218178e-01    1.2265597e+01     9.4208810e-01
 3950.0 4050.0     8.3576919e-01    1.1990316e+01     9.4177383e-01
 4050.0 4150.0     8.4930460e-01    1.1728891e+01     9.4145042e-01
 4150.0 4250.0     8.6183452e-01    1.1475605e+01     9.4110818e-01
 4250.0 4350.0     8.7353148e-01    1.1229804e+01     9.4075031e-01
 4350.0 4450.0     8.8460864e-01    1.0975030e+01     9.4038550e-01
 4450.0 4550.0     8.9226661e-01    1.0662845e+01     9.3998912e-01
 4550.0 4650.0     8.9721773e-01    1.0310789e+01     9.3956812e-01
 4650.0 4750.0     9.0219632e-01    9.9703575e+00     9.3914712e-01
 4750.0 4850.0     9.0720253e-01    9.6411659e+00     9.3872612e-01
 4850.0 4950.0     9.1223653e-01    9.3228432e+00     9.3830512e-01
 4950.0 5050.0     9.1729846e-01    9.0150306e+00     9.3788412e-01
 5050.0 5150.0     9.2238847e-01    8.7173811e+00     9.3746312e-01
 5150.0 5250.0     9.2750673e-01    8.4295590e+00     9.3704212e-01
 5250.0 5350.0     9.3265339e-01    8.1512400e+00     9.3662111e-01
 5350.0 5450.0     9.3782861e-01    7.8821102e+00     9.3620011e-01
 5450.0 5550.0     9.4303255e-01    7.6218664e+00     9.3577911e-01
 5550.0 5650.0     9.4802870e-01    7.3714960e+00     9.3535553e-01
 5650.0 5750.0     9.5146916e-01    7.1376618e+00     9.3491474e-01
 5750.0 5850.0     9.5357843e-01    6.9182825e+00     9.3445931e-01
 5850.0 5950.0     9.5569237e-01    6.7056459e+00     9.3400388e-01
 5950.0 6050.0     9.5781100e-01    6.4995448e+00     9.3354846e-01
 6050.0 6150.0     9.5993433e-01    6.2997783e+00     9.3309303e-01
 6150.0 6250.0     9.6206237e-01    6.1061517e+00     9.3263761e-01
 6250.0 6350.0     9.6419512e-01    5.9184763e+00     9.3218218e-01
 6350.0 6450.0     9.6633260e-01    5.7365692e+00     9.3172675e-01
 6450.0 6550.0     9.6847482e-01    5.5602531e+00     9.3127133e-01
 6550.0 6650.0     9.7062179e-01    5.3893562e+00     9.3081590e-01
 6650.0 6750.0     9.7277352e-01    5.2237119e+00     9.3036048e-01
 6750.0 6850.0     9.7493001e-01    5.0631587e+00     9.2990505e-01
 6850.0 6950.0     9.7666919e-01    4.9137603e+00     9.2944723e-01
 6950.0 7050.0     9.7773066e-01    4.7787105e+00     9.2898556e-01
 7050.0 7150.0     9.7853449e-01    4.6510876e+00     9.2852242e-01
 7150.0 7250.0     9.7933897e-01    4.5268731e+00     9.2805929e-01
 7250.0 7350.0     9.8014412e-01    4.4059760e+00     9.2759615e-01
 7350.0 7450.0     9.8094992e-01    4.2883075e+00     9.2713301e-01
 7450.0 7550.0     9.8175639e-01    4.1737816e+00     9.2666987e-01
 7550.0 7650.0     9.8256352e-01    4.0623143e+00     9.2620674e-01
 7650.0 7750.0     9.8337132e-01    3.9538239e+00     9.2574360e-01
 7750.0 7850.0     9.8417978e-01    3.8482309e+00     9.2528046e-01
 7850.0 7950.0     9.8498890e-01    3.7454580e+00     9.2481732e-01
 7950.0 8050.0     9.8579869e-01    3.6454297e+00     9.2435419e-01
 8050.0 8150.0     9.8660915e-01    3.5480729e+00     9.2389105e-01
 8150.0 8250.0     9.8742027e-01    3.4533161e+00     9.2342791e-01
 8250.0 8350.0     9.8823206e-01    3.3610899e+00     9.2296477e-01
 8350.0 8450.0     9.8904452e-01    3.2713268e+00     9.2250164e-01
 8450.0 8550.0     9.8985764e-01    3.1839610e+00     9.2203850e-01
