 1216.0 1216.0     3.9185771e-01    2.6583982e+01     9.1147633e-01
 1300.0 1350.0     4.6321713e-01    2.2328834e+01     9.0746265e-01
 1350.0 1400.0     4.8934746e-01    2.0903161e+01     9.0620644e-01
 1400.0 1450.0     5.0314230e-01    1.9963344e+01     9.0571986e-01
 1450.0 1500.0     5.1396231e-01    1.9157727e+01     9.0541799e-01
 1500.0 1550.0     5.2501501e-01    1.8384621e+01     9.0511613e-01
 1550.0 1600.0     5.3630539e-01    1.7642714e+01     9.0481426e-01
 1600.0 1650.0     5.4717697e-01    1.6966907e+01     9.0462490e-01
 1650.0 1700.0     5.5651157e-01    1.6410417e+01     9.0473161e-01
 1700.0 1750.0     5.6491101e-01    1.5929571e+01     9.0502189e-01
 1754.0 1770.0     5.7119372e-01    1.5581294e+01     9.0523669e-01
 1770.0 1786.0     5.7393841e-01    1.5433717e+01     9.0532958e-01
 1786.0 1802.0     5.7669629e-01    1.5287539e+01     9.0542247e-01
 1802.0 1818.0     5.7946742e-01    1.5142745e+01     9.0551536e-01
 1818.0 1835.0     5.8233931e-01    1.4994884e+01     9.0561115e-01
 1835.0 1852.0     5.8531290e-01    1.4844030e+01     9.0570984e-01
 1852.0 1869.0     5.8830167e-01    1.4694694e+01     9.0580853e-01
 1869.0 1887.0     5.9139452e-01    1.4542558e+01     9.0591013e-01
 1887.0 1905.0     5.9459246e-01    1.4387694e+01     9.0601463e-01
 1905.0 1923.0     5.9780769e-01    1.4234480e+01     9.0611913e-01
 1923.0 1942.0     6.0113060e-01    1.4078733e+01     9.0622653e-01
 1942.0 1961.0     6.0456229e-01    1.3920527e+01     9.0633684e-01
 1961.0 1980.0     6.0747359e-01    1.3773418e+01     9.0643266e-01
 1980.0 2000.0     6.0958998e-01    1.3639309e+01     9.0650726e-01
 2000.0 2020.0     6.1144444e-01    1.3508627e+01     9.0657510e-01
 2020.0 2041.0     6.1335120e-01    1.3375992e+01     9.0664464e-01
 2041.0 2062.0     6.1531055e-01    1.3241457e+01     9.0671587e-01
 2062.0 2083.0     6.1727615e-01    1.3108276e+01     9.0678711e-01
 2083.0 2105.0     6.1929515e-01    1.2973326e+01     9.0686004e-01
 2105.0 2128.0     6.2141512e-01    1.2833588e+01     9.0693637e-01
 2128.0 2151.0     6.2358961e-01    1.2692283e+01     9.0701439e-01
 2151.0 2174.0     6.2577172e-01    1.2552534e+01     9.0709240e-01
 2174.0 2200.0     6.2810481e-01    1.2405416e+01     9.0717551e-01
 2200.0 2222.0     6.3039810e-01    1.2262853e+01     9.0725692e-01
 2222.0 2247.0     6.3265233e-01    1.2124963e+01     9.0733664e-01
 2247.0 2273.0     6.3510735e-01    1.1977055e+01     9.0742314e-01
 2273.0 2299.0     6.3762021e-01    1.1828088e+01     9.0751134e-01
 2299.0 2326.0     6.4019173e-01    1.1678180e+01     9.0760123e-01
 2326.0 2353.0     6.4282233e-01    1.1527379e+01     9.0769282e-01
 2353.0 2381.0     6.4551286e-01    1.1375806e+01     9.0778610e-01
 2381.0 2410.0     6.4912278e-01    1.1202879e+01     9.0783346e-01
 2410.0 2439.0     6.5370722e-01    1.1009962e+01     9.0782752e-01
 2439.0 2469.0     6.5850006e-01    1.0815091e+01     9.0781568e-01
 2469.0 2500.0     6.6349233e-01    1.0617240e+01     9.0780344e-01
 2500.0 2532.0     6.6868801e-01    1.0416700e+01     9.0779080e-01
 2532.0 2564.0     6.7400749e-01    1.0216826e+01     9.0777796e-01
 2564.0 2597.0     6.7945375e-01    1.0017783e+01     9.0776492e-01
 2597.0 2632.0     6.8519883e-01    9.8137336e+00     9.0775127e-01
 2632.0 2667.0     6.9010178e-01    9.6032910e+00     9.0769930e-01
 2667.0 2703.0     6.9380937e-01    9.3887808e+00     9.0760003e-01
 2703.0 2740.0     6.9741560e-01    9.1722530e+00     9.0748989e-01
 2740.0 2778.0     7.0114015e-01    8.9549927e+00     9.0737673e-01
 2778.0 2817.0     7.0498472e-01    8.7372914e+00     9.0726056e-01
 2817.0 2857.0     7.0895106e-01    8.5194348e+00     9.0714137e-01
 2857.0 2899.0     7.1309177e-01    8.2990836e+00     9.0701766e-01
 2899.0 2941.0     7.1735825e-01    8.0791968e+00     9.0689093e-01
 2941.0 2985.0     7.2088944e-01    7.8633883e+00     9.0672793e-01
 2985.0 3030.0     7.2341472e-01    7.6503210e+00     9.0651507e-01
 3030.0 3077.0     7.2573627e-01    7.4372459e+00     9.0628357e-01
 3077.0 3125.0     7.2814131e-01    7.2234165e+00     9.0604453e-01
 3125.0 3175.0     7.3063068e-01    7.0093071e+00     9.0579794e-01
 3175.0 3225.0     7.3317955e-01    6.7973047e+00     9.0554632e-01
 3225.0 3275.0     7.3590380e-01    6.5923877e+00     9.0528620e-01
 3275.0 3325.0     7.3933451e-01    6.3963903e+00     9.0499071e-01
 3325.0 3375.0     7.4331140e-01    6.2082895e+00     9.0466833e-01
 3375.0 3425.0     7.4730968e-01    6.0257202e+00     9.0434595e-01
 3425.0 3450.0     7.5032048e-01    5.8918332e+00     9.0410417e-01
 3450.0 3550.0     7.5553843e-01    5.6833668e+00     9.0369739e-01
 3550.0 3650.0     7.6586736e-01    5.4178356e+00     9.0300121e-01
 3650.0 3750.0     7.7820043e-01    5.2194758e+00     9.0226121e-01
 3750.0 3850.0     7.9073211e-01    5.0283783e+00     9.0152121e-01
 3850.0 3950.0     8.0363976e-01    4.8549641e+00     9.0074654e-01
 3950.0 4050.0     8.1698826e-01    4.7015159e+00     8.9992622e-01
 4050.0 4150.0     8.3043991e-01    4.5561594e+00     8.9908877e-01
 4150.0 4250.0     8.4307384e-01    4.4150910e+00     8.9821494e-01
 4250.0 4350.0     8.5503612e-01    4.2782204e+00     8.9731091e-01
 4350.0 4450.0     8.6636441e-01    4.1391832e+00     8.9639168e-01
 4450.0 4550.0     8.7416721e-01    3.9764701e+00     8.9540336e-01
 4550.0 4650.0     8.7917711e-01    3.7984774e+00     8.9436115e-01
 4650.0 4750.0     8.8421572e-01    3.6284519e+00     8.9331894e-01
 4750.0 4850.0     8.8928320e-01    3.4660370e+00     8.9227674e-01
 4850.0 4950.0     8.9437973e-01    3.3108921e+00     8.9123453e-01
 4950.0 5050.0     8.9950546e-01    3.1626917e+00     8.9019232e-01
 5050.0 5150.0     9.0466057e-01    3.0211249e+00     8.8915011e-01
 5150.0 5250.0     9.0984523e-01    2.8858949e+00     8.8810791e-01
 5250.0 5350.0     9.1505959e-01    2.7567179e+00     8.8706570e-01
 5350.0 5450.0     9.2030385e-01    2.6333231e+00     8.8602349e-01
 5450.0 5550.0     9.2557815e-01    2.5154517e+00     8.8498129e-01
 5550.0 5650.0     9.3067473e-01    2.4039704e+00     8.8393023e-01
 5650.0 5750.0     9.3440862e-01    2.3045996e+00     8.8282021e-01
 5750.0 5850.0     9.3697612e-01    2.2154077e+00     8.8166007e-01
 5850.0 5950.0     9.3955068e-01    2.1296676e+00     8.8049993e-01
 5950.0 6050.0     9.4213231e-01    2.0472458e+00     8.7933979e-01
 6050.0 6150.0     9.4472103e-01    1.9680138e+00     8.7817965e-01
 6150.0 6250.0     9.4731687e-01    1.8918483e+00     8.7701951e-01
 6250.0 6350.0     9.4991984e-01    1.8186305e+00     8.7585937e-01
 6350.0 6450.0     9.5252997e-01    1.7482464e+00     8.7469923e-01
 6450.0 6550.0     9.5514726e-01    1.6805862e+00     8.7353909e-01
 6550.0 6650.0     9.5777175e-01    1.6155447e+00     8.7237895e-01
 6650.0 6750.0     9.6040345e-01    1.5530203e+00     8.7121881e-01
 6750.0 6850.0     9.6304238e-01    1.4929157e+00     8.7005867e-01
 6850.0 6950.0     9.6521757e-01    1.4383551e+00     8.6887035e-01
 6950.0 7050.0     9.6663798e-01    1.3909251e+00     8.6763659e-01
 7050.0 7150.0     9.6777162e-01    1.3469732e+00     8.6638556e-01
 7150.0 7250.0     9.6890659e-01    1.3044102e+00     8.6513454e-01
 7250.0 7350.0     9.7004288e-01    1.2631921e+00     8.6388351e-01
 7350.0 7450.0     9.7118051e-01    1.2232765e+00     8.6263248e-01
 7450.0 7550.0     9.7231948e-01    1.1846222e+00     8.6138145e-01
 7550.0 7650.0     9.7345978e-01    1.1471893e+00     8.6013042e-01
 7650.0 7750.0     9.7460141e-01    1.1109392e+00     8.5887940e-01
 7750.0 7850.0     9.7574439e-01    1.0758347e+00     8.5762837e-01
 7850.0 7950.0     9.7688871e-01    1.0418394e+00     8.5637734e-01
 7950.0 8050.0     9.7803437e-01    1.0089183e+00     8.5512631e-01
 8050.0 8150.0     9.7918137e-01    9.7703744e-01     8.5387528e-01
 8150.0 8250.0     9.8032972e-01    9.4616402e-01     8.5262426e-01
 8250.0 8350.0     9.8147941e-01    9.1626617e-01     8.5137323e-01
 8350.0 8450.0     9.8263045e-01    8.8731307e-01     8.5012220e-01
 8450.0 8550.0     9.8378284e-01    8.5927485e-01     8.4887117e-01
