 1216.0 1216.0     3.8677298e-01    2.7870006e+01     9.1418144e-01
 1300.0 1350.0     4.5812683e-01    2.3382240e+01     9.1031901e-01
 1350.0 1400.0     4.8434904e-01    2.1883743e+01     9.0911557e-01
 1400.0 1450.0     4.9831890e-01    2.0902610e+01     9.0865993e-01
 1450.0 1500.0     5.0934016e-01    2.0063602e+01     9.0838375e-01
 1500.0 1550.0     5.2060518e-01    1.9258271e+01     9.0810757e-01
 1550.0 1600.0     5.3211935e-01    1.8485265e+01     9.0783140e-01
 1600.0 1650.0     5.4321003e-01    1.7781298e+01     9.0766416e-01
 1650.0 1700.0     5.5273010e-01    1.7202367e+01     9.0778359e-01
 1700.0 1750.0     5.6129482e-01    1.6702630e+01     9.0808075e-01
 1754.0 1770.0     5.6770297e-01    1.6340602e+01     9.0830066e-01
 1770.0 1786.0     5.7050322e-01    1.6187172e+01     9.0839575e-01
 1786.0 1802.0     5.7331729e-01    1.6035183e+01     9.0849084e-01
 1802.0 1818.0     5.7614523e-01    1.5884621e+01     9.0858593e-01
 1818.0 1835.0     5.7907638e-01    1.5730856e+01     9.0868400e-01
 1835.0 1852.0     5.8211172e-01    1.5573966e+01     9.0878504e-01
 1852.0 1869.0     5.8516297e-01    1.5418641e+01     9.0888607e-01
 1869.0 1887.0     5.8832092e-01    1.5260388e+01     9.0899008e-01
 1887.0 1905.0     5.9158661e-01    1.5099285e+01     9.0909706e-01
 1905.0 1923.0     5.9487044e-01    1.4939882e+01     9.0920404e-01
 1923.0 1942.0     5.9826474e-01    1.4777829e+01     9.0931399e-01
 1942.0 1961.0     6.0177067e-01    1.4613202e+01     9.0942691e-01
 1961.0 1980.0     6.0475204e-01    1.4460401e+01     9.0952565e-01
 1980.0 2000.0     6.0693268e-01    1.4321601e+01     9.0960370e-01
 2000.0 2020.0     6.0885044e-01    1.4186535e+01     9.0967527e-01
 2020.0 2041.0     6.1082251e-01    1.4049430e+01     9.0974863e-01
 2041.0 2062.0     6.1284923e-01    1.3910339e+01     9.0982378e-01
 2062.0 2083.0     6.1488266e-01    1.3772625e+01     9.0989892e-01
 2083.0 2105.0     6.1697159e-01    1.3633060e+01     9.0997586e-01
 2105.0 2128.0     6.1916527e-01    1.3488519e+01     9.1005637e-01
 2128.0 2151.0     6.2141568e-01    1.3342332e+01     9.1013868e-01
 2151.0 2174.0     6.2367426e-01    1.3197729e+01     9.1022098e-01
 2174.0 2200.0     6.2608947e-01    1.3045473e+01     9.1030865e-01
 2200.0 2222.0     6.2846379e-01    1.2897906e+01     9.1039454e-01
 2222.0 2247.0     6.3079802e-01    1.2755148e+01     9.1047863e-01
 2247.0 2273.0     6.3334051e-01    1.2601992e+01     9.1056988e-01
 2273.0 2299.0     6.3594330e-01    1.2447708e+01     9.1066292e-01
 2299.0 2326.0     6.3860726e-01    1.2292419e+01     9.1075775e-01
 2326.0 2353.0     6.4133286e-01    1.2136174e+01     9.1085436e-01
 2353.0 2381.0     6.4412099e-01    1.1979095e+01     9.1095277e-01
 2381.0 2410.0     6.4783160e-01    1.1799898e+01     9.1100687e-01
 2410.0 2439.0     6.5251820e-01    1.1599989e+01     9.1100934e-01
 2439.0 2469.0     6.5741642e-01    1.1398001e+01     9.1100623e-01
 2469.0 2500.0     6.6251933e-01    1.1192863e+01     9.1100301e-01
 2500.0 2532.0     6.6783114e-01    1.0984874e+01     9.1099970e-01
 2532.0 2564.0     6.7327052e-01    1.0777511e+01     9.1099632e-01
 2564.0 2597.0     6.7884060e-01    1.0570944e+01     9.1099290e-01
 2597.0 2632.0     6.8471745e-01    1.0359110e+01     9.1098932e-01
 2632.0 2667.0     6.8975137e-01    1.0140879e+01     9.1094896e-01
 2667.0 2703.0     6.9358510e-01    9.9187181e+00     9.1086304e-01
 2703.0 2740.0     6.9732092e-01    9.6944296e+00     9.1076690e-01
 2740.0 2778.0     7.0118005e-01    9.4692772e+00     9.1066813e-01
 2778.0 2817.0     7.0516430e-01    9.2435598e+00     9.1056672e-01
 2817.0 2857.0     7.0927558e-01    9.0175702e+00     9.1046268e-01
 2857.0 2899.0     7.1356850e-01    8.7888761e+00     9.1035468e-01
 2899.0 2941.0     7.1799273e-01    8.5605461e+00     9.1024405e-01
 2941.0 2985.0     7.2167405e-01    8.3363507e+00     9.1009877e-01
 2985.0 3030.0     7.2433843e-01    8.1149097e+00     9.0990585e-01
 3030.0 3077.0     7.2680014e-01    7.8933435e+00     9.0969540e-01
 3077.0 3125.0     7.2935086e-01    7.6708660e+00     9.0947809e-01
 3125.0 3175.0     7.3199156e-01    7.4479649e+00     9.0925392e-01
 3175.0 3225.0     7.3469590e-01    7.2271247e+00     9.0902517e-01
 3225.0 3275.0     7.3757085e-01    7.0135178e+00     9.0878828e-01
 3275.0 3325.0     7.4112888e-01    6.8090166e+00     9.0851747e-01
 3325.0 3375.0     7.4521560e-01    6.6125858e+00     9.0822087e-01
 3375.0 3425.0     7.4932486e-01    6.4218218e+00     9.0792428e-01
 3425.0 3450.0     7.5241953e-01    6.2818644e+00     9.0770184e-01
 3450.0 3550.0     7.5777194e-01    6.0637888e+00     9.0732747e-01
 3550.0 3650.0     7.6822850e-01    5.7861843e+00     9.0668532e-01
 3650.0 3750.0     7.8060446e-01    5.5789619e+00     9.0600144e-01
 3750.0 3850.0     7.9317980e-01    5.3791608e+00     9.0531757e-01
 3850.0 3950.0     8.0610053e-01    5.1978849e+00     9.0460075e-01
 3950.0 4050.0     8.1942041e-01    5.0375999e+00     9.0384057e-01
 4050.0 4150.0     8.3282956e-01    4.8857142e+00     9.0306414e-01
 4150.0 4250.0     8.4540613e-01    4.7382172e+00     9.0225331e-01
 4250.0 4350.0     8.5729814e-01    4.5950157e+00     9.0141391e-01
 4350.0 4450.0     8.6855863e-01    4.4492561e+00     9.0056031e-01
 4450.0 4550.0     8.7631423e-01    4.2778112e+00     8.9964215e-01
 4550.0 4650.0     8.8129360e-01    4.0896668e+00     8.9867362e-01
 4650.0 4750.0     8.8630126e-01    3.9097972e+00     8.9770510e-01
 4750.0 4850.0     8.9133738e-01    3.7378386e+00     8.9673657e-01
 4850.0 4950.0     8.9640211e-01    3.5734430e+00     8.9576805e-01
 4950.0 5050.0     9.0149562e-01    3.4162777e+00     8.9479953e-01
 5050.0 5150.0     9.0661807e-01    3.2660247e+00     8.9383100e-01
 5150.0 5250.0     9.1176963e-01    3.1223802e+00     8.9286248e-01
 5250.0 5350.0     9.1695046e-01    2.9850533e+00     8.9189396e-01
 5350.0 5450.0     9.2216073e-01    2.8537662e+00     8.9092543e-01
 5450.0 5550.0     9.2740061e-01    2.7282534e+00     8.8995691e-01
 5550.0 5650.0     9.3246127e-01    2.6094163e+00     8.8898039e-01
 5650.0 5750.0     9.3615195e-01    2.5031960e+00     8.8795057e-01
 5750.0 5850.0     9.3867007e-01    2.4075999e+00     8.8687545e-01
 5850.0 5950.0     9.4119497e-01    2.3156545e+00     8.8580032e-01
 5950.0 6050.0     9.4372666e-01    2.2272205e+00     8.8472520e-01
 6050.0 6150.0     9.4626516e-01    2.1421637e+00     8.8365008e-01
 6150.0 6250.0     9.4881049e-01    2.0603553e+00     8.8257495e-01
 6250.0 6350.0     9.5136266e-01    1.9816710e+00     8.8149983e-01
 6350.0 6450.0     9.5392170e-01    1.9059917e+00     8.8042470e-01
 6450.0 6550.0     9.5648762e-01    1.8332026e+00     8.7934958e-01
 6550.0 6650.0     9.5906045e-01    1.7631933e+00     8.7827445e-01
 6650.0 6750.0     9.6164019e-01    1.6958575e+00     8.7719933e-01
 6750.0 6850.0     9.6422688e-01    1.6310934e+00     8.7612421e-01
 6850.0 6950.0     9.6635583e-01    1.5722297e+00     8.7502458e-01
 6950.0 7050.0     9.6773994e-01    1.5209615e+00     8.7388543e-01
 7050.0 7150.0     9.6884103e-01    1.4734044e+00     8.7273126e-01
 7150.0 7250.0     9.6994338e-01    1.4273343e+00     8.7157709e-01
 7250.0 7350.0     9.7104698e-01    1.3827047e+00     8.7042292e-01
 7350.0 7450.0     9.7215184e-01    1.3394706e+00     8.6926875e-01
 7450.0 7550.0     9.7325795e-01    1.2975883e+00     8.6811458e-01
 7550.0 7650.0     9.7436533e-01    1.2570156e+00     8.6696041e-01
 7650.0 7750.0     9.7547396e-01    1.2177115e+00     8.6580624e-01
 7750.0 7850.0     9.7658386e-01    1.1796363e+00     8.6465207e-01
 7850.0 7950.0     9.7769501e-01    1.1427517e+00     8.6349790e-01
 7950.0 8050.0     9.7880744e-01    1.1070204e+00     8.6234373e-01
 8050.0 8150.0     9.7992112e-01    1.0724063e+00     8.6118956e-01
 8150.0 8250.0     9.8103608e-01    1.0388745e+00     8.6003539e-01
 8250.0 8350.0     9.8215230e-01    1.0063912e+00     8.5888122e-01
 8350.0 8450.0     9.8326980e-01    9.7492357e-01     8.5772705e-01
 8450.0 8550.0     9.8438856e-01    9.4443986e-01     8.5657288e-01
