 1216.0 1216.0     3.9723908e-01    2.5288704e+01     9.0849601e-01
 1300.0 1350.0     4.6856508e-01    2.1265426e+01     9.0431032e-01
 1350.0 1400.0     4.9458282e-01    1.9912504e+01     9.0299390e-01
 1400.0 1450.0     5.0818344e-01    1.9014109e+01     9.0247171e-01
 1450.0 1500.0     5.1878322e-01    1.8242032e+01     9.0214014e-01
 1500.0 1550.0     5.2960409e-01    1.7501306e+01     9.0180857e-01
 1550.0 1600.0     5.4065067e-01    1.6790657e+01     9.0147700e-01
 1600.0 1650.0     5.5128274e-01    1.6143114e+01     9.0126187e-01
 1650.0 1700.0     5.6041128e-01    1.5609019e+01     9.0135315e-01
 1700.0 1750.0     5.6862458e-01    1.5146934e+01     9.0163440e-01
 1754.0 1770.0     5.7476617e-01    1.4812321e+01     9.0184253e-01
 1770.0 1786.0     5.7744842e-01    1.4670565e+01     9.0193253e-01
 1786.0 1802.0     5.8014320e-01    1.4530166e+01     9.0202254e-01
 1802.0 1818.0     5.8285054e-01    1.4391110e+01     9.0211254e-01
 1818.0 1835.0     5.8565593e-01    1.4249124e+01     9.0220535e-01
 1835.0 1852.0     5.8856025e-01    1.4104279e+01     9.0230098e-01
 1852.0 1869.0     5.9147897e-01    1.3960906e+01     9.0239661e-01
 1869.0 1887.0     5.9449887e-01    1.3814860e+01     9.0249505e-01
 1887.0 1905.0     5.9762091e-01    1.3666213e+01     9.0259630e-01
 1905.0 1923.0     6.0075935e-01    1.3519165e+01     9.0269755e-01
 1923.0 1942.0     6.0400238e-01    1.3369704e+01     9.0280162e-01
 1942.0 1961.0     6.0735104e-01    1.3217900e+01     9.0290849e-01
 1961.0 1980.0     6.1018455e-01    1.3076490e+01     9.0300055e-01
 1980.0 2000.0     6.1223060e-01    1.2947126e+01     9.0307072e-01
 2000.0 2020.0     6.1401620e-01    1.2820898e+01     9.0313381e-01
 2020.0 2041.0     6.1585190e-01    1.2692807e+01     9.0319849e-01
 2041.0 2062.0     6.1773800e-01    1.2562903e+01     9.0326474e-01
 2062.0 2083.0     6.1962987e-01    1.2434329e+01     9.0333099e-01
 2083.0 2105.0     6.2157287e-01    1.2304072e+01     9.0339882e-01
 2105.0 2128.0     6.2361276e-01    1.2169217e+01     9.0346981e-01
 2128.0 2151.0     6.2570482e-01    1.2032877e+01     9.0354237e-01
 2151.0 2174.0     6.2780390e-01    1.1898064e+01     9.0361493e-01
 2174.0 2200.0     6.3004787e-01    1.1756172e+01     9.0369223e-01
 2200.0 2222.0     6.3225326e-01    1.1618699e+01     9.0376795e-01
 2222.0 2247.0     6.3442074e-01    1.1485762e+01     9.0384209e-01
 2247.0 2273.0     6.3678091e-01    1.1343196e+01     9.0392254e-01
 2273.0 2299.0     6.3919632e-01    1.1199639e+01     9.0400456e-01
 2299.0 2326.0     6.4166769e-01    1.1055209e+01     9.0408817e-01
 2326.0 2353.0     6.4419544e-01    1.0909951e+01     9.0417335e-01
 2353.0 2381.0     6.4678032e-01    1.0763982e+01     9.0426011e-01
 2381.0 2410.0     6.5028155e-01    1.0597449e+01     9.0429913e-01
 2410.0 2439.0     6.5475606e-01    1.0411669e+01     9.0428296e-01
 2439.0 2469.0     6.5943562e-01    1.0224063e+01     9.0426054e-01
 2469.0 2500.0     6.6430898e-01    1.0033652e+01     9.0423736e-01
 2500.0 2532.0     6.6937993e-01    9.8407186e+00     9.0421341e-01
 2532.0 2564.0     6.7457069e-01    9.6484921e+00     9.0418909e-01
 2564.0 2597.0     6.7988409e-01    9.4571342e+00     9.0416439e-01
 2597.0 2632.0     6.8548785e-01    9.2610351e+00     9.0413855e-01
 2632.0 2667.0     6.9025035e-01    9.0585968e+00     9.0407259e-01
 2667.0 2703.0     6.9382264e-01    8.8520091e+00     9.0395741e-01
 2703.0 2740.0     6.9728991e-01    8.6435259e+00     9.0383061e-01
 2740.0 2778.0     7.0087022e-01    8.4344436e+00     9.0370033e-01
 2778.0 2817.0     7.0456513e-01    8.2250463e+00     9.0356659e-01
 2817.0 2857.0     7.0837626e-01    8.0156118e+00     9.0342936e-01
 2857.0 2899.0     7.1235406e-01    7.8038968e+00     9.0328693e-01
 2899.0 2941.0     7.1645175e-01    7.5927471e+00     9.0314103e-01
 2941.0 2985.0     7.1982222e-01    7.3856391e+00     9.0295700e-01
 2985.0 3030.0     7.2219835e-01    7.1812881e+00     9.0272053e-01
 3030.0 3077.0     7.2436960e-01    6.9770543e+00     9.0246415e-01
 3077.0 3125.0     7.2661847e-01    6.7722227e+00     9.0219940e-01
 3125.0 3175.0     7.2894571e-01    6.5672538e+00     9.0192630e-01
 3175.0 3225.0     7.3132805e-01    6.3644326e+00     9.0164763e-01
 3225.0 3275.0     7.3389105e-01    6.1685358e+00     9.0136007e-01
 3275.0 3325.0     7.3718597e-01    5.9813573e+00     9.0103551e-01
 3325.0 3375.0     7.4104611e-01    5.8018874e+00     9.0068283e-01
 3375.0 3425.0     7.4492647e-01    5.6278025e+00     9.0033015e-01
 3425.0 3450.0     7.4784815e-01    5.5001968e+00     9.0006564e-01
 3450.0 3550.0     7.5292344e-01    5.3016616e+00     8.9962075e-01
 3550.0 3650.0     7.6311876e-01    5.0485911e+00     8.9886098e-01
 3650.0 3750.0     7.7540987e-01    4.8593569e+00     8.9805487e-01
 3750.0 3850.0     7.8789895e-01    4.6772156e+00     8.9724875e-01
 3850.0 3950.0     8.0079761e-01    4.5118904e+00     8.9640597e-01
 3950.0 4050.0     8.1418284e-01    4.3654788e+00     8.9551497e-01
 4050.0 4150.0     8.2768674e-01    4.2268461e+00     8.9460580e-01
 4150.0 4250.0     8.4039018e-01    4.0924247e+00     8.9365794e-01
 4250.0 4350.0     8.5243699e-01    3.9621204e+00     8.9267796e-01
 4350.0 4450.0     8.6384680e-01    3.8300357e+00     8.9168161e-01
 4450.0 4550.0     8.7170628e-01    3.6762896e+00     8.9061084e-01
 4550.0 4650.0     8.7675273e-01    3.5086806e+00     8.8948203e-01
 4650.0 4750.0     8.8182839e-01    3.3487132e+00     8.8835322e-01
 4750.0 4850.0     8.8693343e-01    3.1960391e+00     8.8722441e-01
 4850.0 4950.0     8.9206803e-01    3.0503256e+00     8.8609560e-01
 4950.0 5050.0     8.9723235e-01    2.9112555e+00     8.8496679e-01
 5050.0 5150.0     9.0242657e-01    2.7785259e+00     8.8383798e-01
 5150.0 5250.0     9.0765085e-01    2.6518476e+00     8.8270917e-01
 5250.0 5350.0     9.1290539e-01    2.5309449e+00     8.8158036e-01
 5350.0 5450.0     9.1819034e-01    2.4155543e+00     8.8045156e-01
 5450.0 5550.0     9.2350589e-01    2.3054246e+00     8.7932275e-01
 5550.0 5650.0     9.2864526e-01    2.2013843e+00     8.7818408e-01
 5650.0 5750.0     9.3242909e-01    2.1089104e+00     8.7697968e-01
 5750.0 5850.0     9.3505259e-01    2.0261396e+00     8.7571942e-01
 5850.0 5950.0     9.3768347e-01    1.9466174e+00     8.7445916e-01
 5950.0 6050.0     9.4032175e-01    1.8702164e+00     8.7319890e-01
 6050.0 6150.0     9.4296746e-01    1.7968139e+00     8.7193864e-01
 6150.0 6250.0     9.4562061e-01    1.7262923e+00     8.7067838e-01
 6250.0 6350.0     9.4828123e-01    1.6585386e+00     8.6941812e-01
 6350.0 6450.0     9.5094933e-01    1.5934441e+00     8.6815786e-01
 6450.0 6550.0     9.5362494e-01    1.5309044e+00     8.6689760e-01
 6550.0 6650.0     9.5630808e-01    1.4708193e+00     8.6563734e-01
 6650.0 6750.0     9.5899877e-01    1.4130924e+00     8.6437708e-01
 6750.0 6850.0     9.6169703e-01    1.3576312e+00     8.6311682e-01
 6850.0 6950.0     9.6392469e-01    1.3073490e+00     8.6182405e-01
 6950.0 7050.0     9.6538618e-01    1.2637212e+00     8.6047884e-01
 7050.0 7150.0     9.6655659e-01    1.2233348e+00     8.5911370e-01
 7150.0 7250.0     9.6772842e-01    1.1842390e+00     8.5774857e-01
 7250.0 7350.0     9.6890168e-01    1.1463927e+00     8.5638343e-01
 7350.0 7450.0     9.7007635e-01    1.1097559e+00     8.5501829e-01
 7450.0 7550.0     9.7125245e-01    1.0742899e+00     8.5365315e-01
 7550.0 7650.0     9.7242998e-01    1.0399574e+00     8.5228802e-01
 7650.0 7750.0     9.7360893e-01    1.0067221e+00     8.5092288e-01
 7750.0 7850.0     9.7478931e-01    9.7454893e-01     8.4955774e-01
 7850.0 7950.0     9.7597113e-01    9.4340396e-01     8.4819261e-01
 7950.0 8050.0     9.7715438e-01    9.1325433e-01     8.4682747e-01
 8050.0 8150.0     9.7833906e-01    8.8406824e-01     8.4546233e-01
 8150.0 8250.0     9.7952517e-01    8.5581488e-01     8.4409719e-01
 8250.0 8350.0     9.8071273e-01    8.2846446e-01     8.4273206e-01
 8350.0 8450.0     9.8190173e-01    8.0198811e-01     8.4136692e-01
 8450.0 8550.0     9.8309216e-01    7.7635790e-01     8.4000178e-01
