 1216.0 1216.0     3.0462342e-01    5.9781267e+01     9.4700433e-01
 1300.0 1350.0     3.7219175e-01    4.9050292e+01     9.4466677e-01
 1350.0 1400.0     3.9820923e-01    4.5609940e+01     9.4399696e-01
 1400.0 1450.0     4.1358067e-01    4.3520054e+01     9.4385672e-01
 1450.0 1500.0     4.2648779e-01    4.1784434e+01     9.4384357e-01
 1500.0 1550.0     4.3979771e-01    4.0118031e+01     9.4383042e-01
 1550.0 1600.0     4.5352302e-01    3.8518086e+01     9.4381726e-01
 1600.0 1650.0     4.6685625e-01    3.7068597e+01     9.4386073e-01
 1650.0 1700.0     4.7839317e-01    3.5897751e+01     9.4405318e-01
 1700.0 1750.0     4.8884977e-01    3.4901659e+01     9.4433800e-01
 1754.0 1770.0     4.9670847e-01    3.4179352e+01     9.4454876e-01
 1770.0 1786.0     5.0015718e-01    3.3872952e+01     9.4463991e-01
 1786.0 1802.0     5.0362983e-01    3.3569299e+01     9.4473105e-01
 1802.0 1818.0     5.0712660e-01    3.3268368e+01     9.4482219e-01
 1818.0 1835.0     5.1075846e-01    3.2960902e+01     9.4491618e-01
 1835.0 1852.0     5.1452718e-01    3.2647046e+01     9.4501302e-01
 1852.0 1869.0     5.1832370e-01    3.2336178e+01     9.4510986e-01
 1869.0 1887.0     5.2226158e-01    3.2019303e+01     9.4520955e-01
 1887.0 1905.0     5.2634274e-01    3.1696569e+01     9.4531208e-01
 1905.0 1923.0     5.3045580e-01    3.1377088e+01     9.4541462e-01
 1923.0 1942.0     5.3471706e-01    3.1052133e+01     9.4552000e-01
 1942.0 1961.0     5.3912864e-01    3.0721852e+01     9.4562823e-01
 1961.0 1980.0     5.4297691e-01    3.0424063e+01     9.4572612e-01
 1980.0 2000.0     5.4597044e-01    3.0168891e+01     9.4580962e-01
 2000.0 2020.0     5.4869747e-01    2.9926587e+01     9.4588907e-01
 2020.0 2041.0     5.5150697e-01    2.9680268e+01     9.4597051e-01
 2041.0 2062.0     5.5439974e-01    2.9430019e+01     9.4605393e-01
 2062.0 2083.0     5.5730768e-01    2.9181880e+01     9.4613736e-01
 2083.0 2105.0     5.6030085e-01    2.8930026e+01     9.4622277e-01
 2105.0 2128.0     5.6345045e-01    2.8668785e+01     9.4631215e-01
 2128.0 2151.0     5.6668815e-01    2.8404149e+01     9.4640352e-01
 2151.0 2174.0     5.6994444e-01    2.8141957e+01     9.4649489e-01
 2174.0 2200.0     5.7343434e-01    2.7865410e+01     9.4659222e-01
 2200.0 2222.0     5.7687223e-01    2.7596954e+01     9.4668756e-01
 2222.0 2247.0     5.8025995e-01    2.7336779e+01     9.4678092e-01
 2247.0 2273.0     5.8395804e-01    2.7057180e+01     9.4688222e-01
 2273.0 2299.0     5.8775267e-01    2.6775014e+01     9.4698551e-01
 2299.0 2326.0     5.9164589e-01    2.6490479e+01     9.4709078e-01
 2326.0 2353.0     5.9563884e-01    2.6203655e+01     9.4719804e-01
 2353.0 2381.0     5.9973369e-01    2.5914742e+01     9.4730729e-01
 2381.0 2410.0     6.0481583e-01    2.5585319e+01     9.4738979e-01
 2410.0 2439.0     6.1092086e-01    2.5217853e+01     9.4744003e-01
 2439.0 2469.0     6.1729098e-01    2.4845658e+01     9.4748752e-01
 2469.0 2500.0     6.2394689e-01    2.4466622e+01     9.4753663e-01
 2500.0 2532.0     6.3089636e-01    2.4081228e+01     9.4758734e-01
 2532.0 2564.0     6.3803477e-01    2.3695883e+01     9.4763887e-01
 2564.0 2597.0     6.4536805e-01    2.3310877e+01     9.4769119e-01
 2597.0 2632.0     6.5313070e-01    2.2914844e+01     9.4774593e-01
 2632.0 2667.0     6.6006328e-01    2.2522558e+01     9.4777955e-01
 2667.0 2703.0     6.6575394e-01    2.2141936e+01     9.4778575e-01
 2703.0 2740.0     6.7140880e-01    2.1759068e+01     9.4778729e-01
 2740.0 2778.0     6.7726860e-01    2.1372605e+01     9.4778887e-01
 2778.0 2817.0     6.8333788e-01    2.0982976e+01     9.4779049e-01
 2817.0 2857.0     6.8962133e-01    2.0590608e+01     9.4779215e-01
 2857.0 2899.0     6.9620490e-01    2.0191146e+01     9.4779388e-01
 2899.0 2941.0     7.0301342e-01    1.9789879e+01     9.4779565e-01
 2941.0 2985.0     7.0896736e-01    1.9400829e+01     9.4777825e-01
 2985.0 3030.0     7.1373758e-01    1.9023954e+01     9.4773472e-01
 3030.0 3077.0     7.1832627e-01    1.8646643e+01     9.4768310e-01
 3077.0 3125.0     7.2309538e-01    1.8264839e+01     9.4762980e-01
 3125.0 3175.0     7.2804845e-01    1.7879209e+01     9.4757482e-01
 3175.0 3225.0     7.3313723e-01    1.7494019e+01     9.4751871e-01
 3225.0 3275.0     7.3834320e-01    1.7118188e+01     9.4745789e-01
 3275.0 3325.0     7.4392829e-01    1.6754787e+01     9.4737741e-01
 3325.0 3375.0     7.4981621e-01    1.6402393e+01     9.4728200e-01
 3375.0 3425.0     7.5575074e-01    1.6057411e+01     9.4718659e-01
 3425.0 3450.0     7.6022800e-01    1.5802775e+01     9.4711503e-01
 3450.0 3550.0     7.6782689e-01    1.5401509e+01     9.4699379e-01
 3550.0 3650.0     7.8068625e-01    1.4889221e+01     9.4677628e-01
 3650.0 3750.0     7.9432186e-01    1.4504263e+01     9.4653603e-01
 3750.0 3850.0     8.0819563e-01    1.4129259e+01     9.4629578e-01
 3850.0 3950.0     8.2204719e-01    1.3789810e+01     9.4603800e-01
 3950.0 4050.0     8.3578679e-01    1.3492430e+01     9.4575716e-01
 4050.0 4150.0     8.4946056e-01    1.3210074e+01     9.4546781e-01
 4150.0 4250.0     8.6210434e-01    1.2937096e+01     9.4516098e-01
 4250.0 4350.0     8.7389441e-01    1.2672629e+01     9.4483964e-01
 4350.0 4450.0     8.8506284e-01    1.2398449e+01     9.4451191e-01
 4450.0 4550.0     8.9279431e-01    1.2063017e+01     9.4415511e-01
 4550.0 4650.0     8.9780458e-01    1.1684799e+01     9.4377565e-01
 4650.0 4750.0     9.0284297e-01    1.1318440e+01     9.4339619e-01
 4750.0 4850.0     9.0790963e-01    1.0963567e+01     9.4301673e-01
 4850.0 4950.0     9.1300473e-01    1.0619821e+01     9.4263727e-01
 4950.0 5050.0     9.1812842e-01    1.0286852e+01     9.4225781e-01
 5050.0 5150.0     9.2328086e-01    9.9643235e+00     9.4187835e-01
 5150.0 5250.0     9.2846222e-01    9.6519071e+00     9.4149889e-01
 5250.0 5350.0     9.3367266e-01    9.3492860e+00     9.4111943e-01
 5350.0 5450.0     9.3891233e-01    9.0561532e+00     9.4073997e-01
 5450.0 5550.0     9.4418141e-01    8.7722111e+00     9.4036051e-01
 5550.0 5650.0     9.4923665e-01    8.4983750e+00     9.3997877e-01
 5650.0 5750.0     9.5269166e-01    8.2409041e+00     9.3958183e-01
 5750.0 5850.0     9.5477729e-01    7.9978527e+00     9.3917196e-01
 5850.0 5950.0     9.5686748e-01    7.7619696e+00     9.3876209e-01
 5950.0 6050.0     9.5896225e-01    7.5330435e+00     9.3835222e-01
 6050.0 6150.0     9.6106161e-01    7.3108692e+00     9.3794235e-01
 6150.0 6250.0     9.6316556e-01    7.0952475e+00     9.3753249e-01
 6250.0 6350.0     9.6527412e-01    6.8859852e+00     9.3712262e-01
 6350.0 6450.0     9.6738729e-01    6.6828948e+00     9.3671275e-01
 6450.0 6550.0     9.6950509e-01    6.4857942e+00     9.3630288e-01
 6550.0 6650.0     9.7162753e-01    6.2945067e+00     9.3589301e-01
 6650.0 6750.0     9.7375461e-01    6.1088609e+00     9.3548314e-01
 6750.0 6850.0     9.7588635e-01    5.9286904e+00     9.3507327e-01
 6850.0 6950.0     9.7760033e-01    5.7602755e+00     9.3466192e-01
 6950.0 7050.0     9.7863602e-01    5.6069411e+00     9.3424819e-01
 7050.0 7150.0     9.7941380e-01    5.4615384e+00     9.3383354e-01
 7150.0 7250.0     9.8019220e-01    5.3199064e+00     9.3341889e-01
 7250.0 7350.0     9.8097122e-01    5.1819473e+00     9.3300425e-01
 7350.0 7450.0     9.8175086e-01    5.0475658e+00     9.3258960e-01
 7450.0 7550.0     9.8253112e-01    4.9166692e+00     9.3217496e-01
 7550.0 7650.0     9.8331200e-01    4.7891671e+00     9.3176031e-01
 7650.0 7750.0     9.8409350e-01    4.6649714e+00     9.3134567e-01
 7750.0 7850.0     9.8487562e-01    4.5439965e+00     9.3093102e-01
 7850.0 7950.0     9.8565836e-01    4.4261587e+00     9.3051638e-01
 7950.0 8050.0     9.8644173e-01    4.3113768e+00     9.3010173e-01
 8050.0 8150.0     9.8722572e-01    4.1995715e+00     9.2968709e-01
 8150.0 8250.0     9.8801033e-01    4.0906656e+00     9.2927244e-01
 8250.0 8350.0     9.8879556e-01    3.9845839e+00     9.2885780e-01
 8350.0 8450.0     9.8958142e-01    3.8812532e+00     9.2844315e-01
 8450.0 8550.0     9.9036790e-01    3.7806021e+00     9.2802851e-01
