C2H6S_mpi.abs
Air:  
Temp: 
Angstroms       XS
1.216000E+03    5.874000E-17
1.217000E+03    5.798000E-17
1.218000E+03    5.728000E-17
1.219000E+03    5.646000E-17
1.220000E+03    5.573000E-17
1.221000E+03    5.530000E-17
1.222000E+03    5.429000E-17
1.223000E+03    5.369000E-17
1.224000E+03    5.330000E-17
1.225000E+03    5.270000E-17
1.226000E+03    5.208000E-17
1.227000E+03    5.153000E-17
1.228000E+03    5.061000E-17
1.229000E+03    5.037000E-17
1.230000E+03    4.989000E-17
1.231000E+03    4.925000E-17
1.232000E+03    4.859000E-17
1.233000E+03    4.842000E-17
1.234000E+03    4.819000E-17
1.235000E+03    4.744000E-17
1.236000E+03    4.715000E-17
1.237000E+03    4.687000E-17
1.238000E+03    4.651000E-17
1.239000E+03    4.606000E-17
1.240000E+03    4.576000E-17
1.241000E+03    4.525000E-17
1.242000E+03    4.518000E-17
1.243000E+03    4.454000E-17
1.244000E+03    4.436000E-17
1.245000E+03    4.418000E-17
1.246000E+03    4.382000E-17
1.247000E+03    4.341000E-17
1.248000E+03    4.322000E-17
1.249000E+03    4.280000E-17
1.250000E+03    4.239000E-17
1.251000E+03    4.220000E-17
1.252000E+03    4.173000E-17
1.253000E+03    4.158000E-17
1.254000E+03    4.141000E-17
1.255000E+03    4.141000E-17
1.256000E+03    4.092000E-17
1.257000E+03    4.061000E-17
1.258000E+03    4.043000E-17
1.259000E+03    4.016000E-17
1.260000E+03    4.026000E-17
1.261000E+03    3.968000E-17
1.262000E+03    3.945000E-17
1.263000E+03    3.926000E-17
1.264000E+03    3.903000E-17
1.265000E+03    3.868000E-17
1.266000E+03    3.862000E-17
1.267000E+03    3.828000E-17
1.268000E+03    3.778000E-17
1.269000E+03    3.819000E-17
1.270000E+03    3.805000E-17
1.271000E+03    3.750000E-17
1.272000E+03    3.736000E-17
1.273000E+03    3.728000E-17
1.274000E+03    3.724000E-17
1.275000E+03    3.696000E-17
1.276000E+03    3.673000E-17
1.277000E+03    3.662000E-17
1.278000E+03    3.653000E-17
1.279000E+03    3.641000E-17
1.280000E+03    3.654000E-17
1.281000E+03    3.645000E-17
1.282000E+03    3.625000E-17
1.283000E+03    3.607000E-17
1.284000E+03    3.584000E-17
1.285000E+03    3.591000E-17
1.286000E+03    3.569000E-17
1.287000E+03    3.559000E-17
1.288000E+03    3.566000E-17
1.289000E+03    3.534000E-17
1.290000E+03    3.538000E-17
1.291000E+03    3.529000E-17
1.292000E+03    3.512000E-17
1.293000E+03    3.514000E-17
1.294000E+03    3.460000E-17
1.295000E+03    3.480000E-17
1.296000E+03    3.468000E-17
1.297000E+03    3.467000E-17
1.298000E+03    3.437000E-17
1.299000E+03    3.411000E-17
1.300000E+03    3.397000E-17
1.301000E+03    3.395000E-17
1.302000E+03    3.366000E-17
1.303000E+03    3.370000E-17
1.304000E+03    3.332000E-17
1.305000E+03    3.317000E-17
1.306000E+03    3.319000E-17
1.307000E+03    3.285000E-17
1.308000E+03    3.270000E-17
1.309000E+03    3.265000E-17
1.310000E+03    3.248000E-17
1.311000E+03    3.230000E-17
1.312000E+03    3.233000E-17
1.313000E+03    3.208000E-17
1.314000E+03    3.207000E-17
1.315000E+03    3.189000E-17
1.316000E+03    3.164000E-17
1.317000E+03    3.154000E-17
1.318000E+03    3.154000E-17
1.319000E+03    3.109000E-17
1.320000E+03    3.118000E-17
1.321000E+03    3.113000E-17
1.322000E+03    3.104000E-17
1.323000E+03    3.067000E-17
1.324000E+03    3.061000E-17
1.325000E+03    3.069000E-17
1.326000E+03    3.057000E-17
1.327000E+03    3.040000E-17
1.328000E+03    3.005000E-17
1.329000E+03    3.026000E-17
1.330000E+03    3.030000E-17
1.331000E+03    3.016000E-17
1.332000E+03    3.000000E-17
1.333000E+03    2.981000E-17
1.334000E+03    2.988000E-17
1.335000E+03    3.001000E-17
1.336000E+03    2.979000E-17
1.337000E+03    2.959000E-17
1.338000E+03    2.955000E-17
1.339000E+03    2.957000E-17
1.340000E+03    2.951000E-17
1.341000E+03    2.952000E-17
1.342000E+03    2.960000E-17
1.343000E+03    2.966000E-17
1.344000E+03    2.970000E-17
1.345000E+03    2.966000E-17
1.346000E+03    2.976000E-17
1.347000E+03    2.998000E-17
1.348000E+03    2.973000E-17
1.349000E+03    3.000000E-17
1.350000E+03    3.016000E-17
1.351000E+03    3.023000E-17
1.352000E+03    3.036000E-17
1.353000E+03    3.047000E-17
1.354000E+03    3.047000E-17
1.355000E+03    3.059000E-17
1.356000E+03    3.077000E-17
1.357000E+03    3.091000E-17
1.358000E+03    3.102000E-17
1.359000E+03    3.114000E-17
1.360000E+03    3.127000E-17
1.361000E+03    3.128000E-17
1.362000E+03    3.142000E-17
1.363000E+03    3.165000E-17
1.364000E+03    3.184000E-17
1.365000E+03    3.193000E-17
1.366000E+03    3.213000E-17
1.367000E+03    3.225000E-17
1.368000E+03    3.261000E-17
1.369000E+03    3.277000E-17
1.370000E+03    3.309000E-17
1.371000E+03    3.317000E-17
1.372000E+03    3.342000E-17
1.373000E+03    3.367000E-17
1.374000E+03    3.394000E-17
1.375000E+03    3.417000E-17
1.376000E+03    3.443000E-17
1.377000E+03    3.457000E-17
1.378000E+03    3.482000E-17
1.379000E+03    3.505000E-17
1.380000E+03    3.548000E-17
1.381000E+03    3.565000E-17
1.382000E+03    3.600000E-17
1.383000E+03    3.631000E-17
1.384000E+03    3.649000E-17
1.385000E+03    3.692000E-17
1.386000E+03    3.710000E-17
1.387000E+03    3.742000E-17
1.388000E+03    3.773000E-17
1.389000E+03    3.794000E-17
1.390000E+03    3.822000E-17
1.391000E+03    3.861000E-17
1.392000E+03    3.912000E-17
1.393000E+03    3.927000E-17
1.394000E+03    3.972000E-17
1.395000E+03    3.988000E-17
1.396000E+03    4.017000E-17
1.397000E+03    4.059000E-17
1.398000E+03    4.088000E-17
1.399000E+03    4.119000E-17
1.400000E+03    4.145000E-17
1.401000E+03    4.184000E-17
1.402000E+03    4.209000E-17
1.403000E+03    4.241000E-17
1.404000E+03    4.300000E-17
1.405000E+03    4.319000E-17
1.406000E+03    4.344000E-17
1.407000E+03    4.370000E-17
1.408000E+03    4.400000E-17
1.409000E+03    4.434000E-17
1.410000E+03    4.483000E-17
1.411000E+03    4.495000E-17
1.412000E+03    4.540000E-17
1.413000E+03    4.560000E-17
1.414000E+03    4.587000E-17
1.415000E+03    4.616000E-17
1.416000E+03    4.642000E-17
1.417000E+03    4.681000E-17
1.418000E+03    4.698000E-17
1.419000E+03    4.723000E-17
1.420000E+03    4.736000E-17
1.421000E+03    4.759000E-17
1.422000E+03    4.792000E-17
1.423000E+03    4.822000E-17
1.424000E+03    4.850000E-17
1.425000E+03    4.870000E-17
1.426000E+03    4.845000E-17
1.427000E+03    4.874000E-17
1.428000E+03    4.888000E-17
1.429000E+03    4.918000E-17
1.430000E+03    4.946000E-17
1.431000E+03    4.941000E-17
1.432000E+03    4.922000E-17
1.433000E+03    4.916000E-17
1.434000E+03    4.915000E-17
1.435000E+03    4.937000E-17
1.436000E+03    4.944000E-17
1.437000E+03    4.978000E-17
1.438000E+03    4.977000E-17
1.439000E+03    4.949000E-17
1.440000E+03    4.891000E-17
1.441000E+03    4.908000E-17
1.442000E+03    4.847000E-17
1.443000E+03    4.958000E-17
1.444000E+03    4.970000E-17
1.445000E+03    4.950000E-17
1.446000E+03    4.899000E-17
1.447000E+03    4.871000E-17
1.448000E+03    4.762000E-17
1.449000E+03    4.749000E-17
1.450000E+03    4.856000E-17
1.451000E+03    5.002000E-17
1.452000E+03    4.926000E-17
1.453000E+03    4.742000E-17
1.454000E+03    4.641000E-17
1.455000E+03    4.638000E-17
1.456000E+03    4.700000E-17
1.457000E+03    4.846000E-17
1.458000E+03    4.795000E-17
1.459000E+03    4.640000E-17
1.460000E+03    4.460000E-17
1.461000E+03    4.333000E-17
1.462000E+03    4.339000E-17
1.463000E+03    4.405000E-17
1.464000E+03    4.528000E-17
1.465000E+03    4.731000E-17
1.466000E+03    4.703000E-17
1.467000E+03    4.570000E-17
1.468000E+03    4.413000E-17
1.469000E+03    4.193000E-17
1.470000E+03    4.124000E-17
1.471000E+03    4.068000E-17
1.472000E+03    4.039000E-17
1.473000E+03    4.101000E-17
1.474000E+03    4.221000E-17
1.475000E+03    4.302000E-17
1.476000E+03    4.407000E-17
1.477000E+03    4.495000E-17
1.478000E+03    4.501000E-17
1.479000E+03    4.394000E-17
1.480000E+03    4.262000E-17
1.481000E+03    4.145000E-17
1.482000E+03    3.998000E-17
1.483000E+03    3.869000E-17
1.484000E+03    3.727000E-17
1.485000E+03    3.645000E-17
1.486000E+03    3.629000E-17
1.487000E+03    3.552000E-17
1.488000E+03    3.546000E-17
1.489000E+03    3.528000E-17
1.490000E+03    3.575000E-17
1.491000E+03    3.794000E-17
1.492000E+03    3.921000E-17
1.493000E+03    3.986000E-17
1.494000E+03    3.877000E-17
1.495000E+03    3.849000E-17
1.496000E+03    3.856000E-17
1.497000E+03    3.890000E-17
1.498000E+03    3.801000E-17
1.499000E+03    3.752000E-17
1.500000E+03    3.600000E-17
1.501000E+03    3.487000E-17
1.502000E+03    3.372000E-17
1.503000E+03    3.313000E-17
1.504000E+03    3.255000E-17
1.505000E+03    3.214000E-17
1.506000E+03    3.359000E-17
1.507000E+03    3.293000E-17
1.508000E+03    3.298000E-17
1.509000E+03    3.225000E-17
1.510000E+03    3.181000E-17
1.511000E+03    3.078000E-17
1.512000E+03    3.097000E-17
1.513000E+03    3.088000E-17
1.514000E+03    3.127000E-17
1.515000E+03    3.162000E-17
1.516000E+03    3.214000E-17
1.517000E+03    3.195000E-17
1.518000E+03    3.123000E-17
1.519000E+03    3.049000E-17
1.520000E+03    3.006000E-17
1.521000E+03    3.144000E-17
1.522000E+03    3.244000E-17
1.523000E+03    3.473000E-17
1.524000E+03    3.228000E-17
1.525000E+03    3.120000E-17
1.526000E+03    2.937000E-17
1.527000E+03    2.869000E-17
1.528000E+03    2.788000E-17
1.529000E+03    2.752000E-17
1.530000E+03    2.694000E-17
1.531000E+03    2.600000E-17
1.532000E+03    2.513000E-17
1.533000E+03    2.494000E-17
1.534000E+03    2.425000E-17
1.535000E+03    2.359000E-17
1.536000E+03    2.284000E-17
1.537000E+03    2.224000E-17
1.538000E+03    2.178000E-17
1.539000E+03    2.163000E-17
1.540000E+03    2.163000E-17
1.541000E+03    2.169000E-17
1.542000E+03    2.194000E-17
1.543000E+03    2.200000E-17
1.544000E+03    2.207000E-17
1.545000E+03    2.258000E-17
1.546000E+03    2.287000E-17
1.547000E+03    2.255000E-17
1.548000E+03    2.226000E-17
1.549000E+03    2.346000E-17
1.550000E+03    2.244000E-17
1.551000E+03    2.109000E-17
1.552000E+03    1.967000E-17
1.553000E+03    1.848000E-17
1.554000E+03    1.742000E-17
1.555000E+03    1.674000E-17
1.556000E+03    1.632000E-17
1.557000E+03    1.583000E-17
1.558000E+03    1.536000E-17
1.559000E+03    1.484000E-17
1.560000E+03    1.412000E-17
1.561000E+03    1.353000E-17
1.562000E+03    1.317000E-17
1.563000E+03    1.303000E-17
1.564000E+03    1.296000E-17
1.565000E+03    1.352000E-17
1.566000E+03    1.358000E-17
1.567000E+03    1.346000E-17
1.568000E+03    1.337000E-17
1.569000E+03    1.277000E-17
1.570000E+03    1.238000E-17
1.571000E+03    1.208000E-17
1.572000E+03    1.205000E-17
1.573000E+03    1.208000E-17
1.574000E+03    1.240000E-17
1.575000E+03    1.287000E-17
1.576000E+03    1.239000E-17
1.577000E+03    1.206000E-17
1.578000E+03    1.196000E-17
1.579000E+03    1.267000E-17
1.580000E+03    1.381000E-17
1.581000E+03    1.514000E-17
1.582000E+03    1.796000E-17
1.583000E+03    1.792000E-17
1.584000E+03    1.543000E-17
1.585000E+03    1.387000E-17
1.586000E+03    1.229000E-17
1.587000E+03    1.127000E-17
1.588000E+03    1.054000E-17
1.589000E+03    1.008000E-17
1.590000E+03    9.724000E-18
1.591000E+03    9.841000E-18
1.592000E+03    9.942000E-18
1.593000E+03    1.023000E-17
1.594000E+03    9.728000E-18
1.595000E+03    9.326000E-18
1.596000E+03    9.025000E-18
1.597000E+03    9.238000E-18
1.598000E+03    9.773000E-18
1.599000E+03    1.067000E-17
1.600000E+03    1.231000E-17
1.601000E+03    1.170000E-17
1.602000E+03    1.002000E-17
1.603000E+03    8.759000E-18
1.604000E+03    8.159000E-18
1.605000E+03    7.954000E-18
1.606000E+03    7.849000E-18
1.607000E+03    8.189000E-18
1.608000E+03    8.441000E-18
1.609000E+03    8.731000E-18
1.610000E+03    8.661000E-18
1.611000E+03    8.740000E-18
1.612000E+03    8.845000E-18
1.613000E+03    8.580000E-18
1.614000E+03    8.272000E-18
1.615000E+03    8.325000E-18
1.616000E+03    8.638000E-18
1.617000E+03    8.495000E-18
1.618000E+03    8.596000E-18
1.619000E+03    8.239000E-18
1.620000E+03    8.061000E-18
1.621000E+03    7.778000E-18
1.622000E+03    7.837000E-18
1.623000E+03    8.006000E-18
1.624000E+03    8.465000E-18
1.625000E+03    9.807000E-18
1.626000E+03    9.731000E-18
1.627000E+03    1.002000E-17
1.628000E+03    9.489000E-18
1.629000E+03    9.255000E-18
1.630000E+03    8.956000E-18
1.631000E+03    8.225000E-18
1.632000E+03    7.623000E-18
1.633000E+03    7.498000E-18
1.634000E+03    7.812000E-18
1.635000E+03    8.214000E-18
1.636000E+03    7.784000E-18
1.637000E+03    7.304000E-18
1.638000E+03    7.057000E-18
1.639000E+03    6.766000E-18
1.640000E+03    6.721000E-18
1.641000E+03    7.213000E-18
1.642000E+03    9.130000E-18
1.643000E+03    1.334000E-17
1.644000E+03    1.284000E-17
1.645000E+03    1.101000E-17
1.646000E+03    9.972000E-18
1.647000E+03    8.208000E-18
1.648000E+03    7.277000E-18
1.649000E+03    6.503000E-18
1.650000E+03    5.570000E-18
1.651000E+03    4.737000E-18
1.652000E+03    3.936000E-18
1.653000E+03    3.497000E-18
1.654000E+03    3.050000E-18
1.655000E+03    2.742000E-18
1.656000E+03    2.341000E-18
1.657000E+03    1.999000E-18
1.658000E+03    1.829000E-18
1.659000E+03    1.660000E-18
1.660000E+03    1.504000E-18
1.661000E+03    1.406000E-18
1.662000E+03    1.370000E-18
1.663000E+03    1.366000E-18
1.664000E+03    1.326000E-18
1.665000E+03    1.371000E-18
1.666000E+03    1.311000E-18
1.667000E+03    1.284000E-18
1.668000E+03    1.229000E-18
1.669000E+03    1.256000E-18
1.670000E+03    1.197000E-18
1.671000E+03    1.242000E-18
1.672000E+03    1.246000E-18
1.673000E+03    1.181000E-18
1.674000E+03    1.175000E-18
1.675000E+03    1.136000E-18
1.676000E+03    1.128000E-18
1.677000E+03    1.165000E-18
1.678000E+03    1.105000E-18
1.679000E+03    1.135000E-18
1.680000E+03    1.127000E-18
1.681000E+03    1.100000E-18
1.682000E+03    1.088000E-18
1.683000E+03    1.091000E-18
1.684000E+03    1.106000E-18
1.685000E+03    1.116000E-18
1.686000E+03    1.156000E-18
1.687000E+03    1.247000E-18
1.688000E+03    1.222000E-18
1.689000E+03    1.221000E-18
1.690000E+03    1.184000E-18
1.691000E+03    1.241000E-18
1.692000E+03    1.351000E-18
1.693000E+03    1.359000E-18
1.694000E+03    1.433000E-18
1.695000E+03    1.538000E-18
1.696000E+03    1.584000E-18
1.697000E+03    1.600000E-18
1.698000E+03    1.687000E-18
1.699000E+03    1.705000E-18
1.700000E+03    1.726000E-18
1.701000E+03    1.789000E-18
1.702000E+03    1.890000E-18
1.703000E+03    1.979000E-18
1.704000E+03    2.042000E-18
1.705000E+03    2.027000E-18
1.706000E+03    2.033000E-18
1.707000E+03    2.103000E-18
1.708000E+03    2.181000E-18
1.709000E+03    2.275000E-18
1.709900E+03    2.251000E-18
1.711000E+03    2.232000E-18
1.712000E+03    2.283000E-18
1.713000E+03    2.360000E-18
1.714000E+03    2.442000E-18
1.715000E+03    2.276000E-18
1.716000E+03    2.392000E-18
1.717000E+03    2.354000E-18
1.718000E+03    2.329000E-18
1.719000E+03    2.383000E-18
1.720000E+03    2.358000E-18
1.721000E+03    2.352000E-18
1.722000E+03    2.448000E-18
1.723000E+03    2.413000E-18
1.724000E+03    2.423000E-18
1.725000E+03    2.510000E-18
1.726000E+03    2.536000E-18
1.727000E+03    2.586000E-18
1.728000E+03    2.649000E-18
1.729000E+03    2.633000E-18
1.730000E+03    2.754000E-18
1.731000E+03    2.846000E-18
1.732000E+03    3.009000E-18
1.733000E+03    3.195000E-18
1.734000E+03    3.351000E-18
1.735000E+03    3.454000E-18
1.736000E+03    3.529000E-18
1.737000E+03    3.566000E-18
1.738000E+03    3.631000E-18
1.739000E+03    3.664000E-18
1.740000E+03    3.712000E-18
1.741000E+03    3.712000E-18
1.742000E+03    3.725000E-18
1.743000E+03    3.736000E-18
1.744000E+03    3.750000E-18
1.745000E+03    3.767000E-18
1.746000E+03    3.793000E-18
1.747000E+03    3.781000E-18
1.748000E+03    3.774000E-18
1.749000E+03    3.794000E-18
1.750000E+03    3.812000E-18
1.751000E+03    3.838000E-18
1.752000E+03    3.898000E-18
1.753000E+03    3.947000E-18
1.754000E+03    3.995000E-18
1.755000E+03    4.055000E-18
1.756000E+03    4.156000E-18
1.757000E+03    4.198000E-18
1.758000E+03    4.231000E-18
1.759000E+03    4.272000E-18
1.760000E+03    4.312000E-18
1.761000E+03    4.386000E-18
1.762000E+03    4.451000E-18
1.763000E+03    4.537000E-18
1.764000E+03    4.627000E-18
1.765000E+03    4.707000E-18
1.766000E+03    4.766000E-18
1.767000E+03    4.876000E-18
1.768000E+03    4.916000E-18
1.769000E+03    4.956000E-18
1.770000E+03    5.057000E-18
1.771000E+03    5.120000E-18
1.772000E+03    5.205000E-18
1.773000E+03    5.285000E-18
1.774000E+03    5.358000E-18
1.775000E+03    5.452000E-18
1.776000E+03    5.506000E-18
1.777000E+03    5.547000E-18
1.778000E+03    5.545000E-18
1.779000E+03    5.513000E-18
1.780000E+03    5.486000E-18
1.781000E+03    5.429000E-18
1.782000E+03    5.426000E-18
1.783000E+03    5.449000E-18
1.784000E+03    5.480000E-18
1.785000E+03    5.564000E-18
1.786000E+03    5.636000E-18
1.787000E+03    5.706000E-18
1.788000E+03    5.815000E-18
1.789000E+03    5.899000E-18
1.790000E+03    5.909000E-18
1.791000E+03    5.986000E-18
1.792000E+03    6.152000E-18
1.793000E+03    6.257000E-18
1.794000E+03    6.394000E-18
1.795000E+03    6.555000E-18
1.796000E+03    6.673000E-18
1.797000E+03    6.722000E-18
1.798000E+03    6.676000E-18
1.799000E+03    6.654000E-18
1.800000E+03    6.590000E-18
1.801000E+03    6.574000E-18
1.802000E+03    6.483000E-18
1.803000E+03    6.468000E-18
1.804000E+03    6.423000E-18
1.805000E+03    6.363000E-18
1.806000E+03    6.184000E-18
1.807000E+03    6.043000E-18
1.808000E+03    5.895000E-18
1.809000E+03    5.735000E-18
1.810000E+03    5.478000E-18
1.811000E+03    5.182000E-18
1.812000E+03    4.886000E-18
1.813000E+03    4.598000E-18
1.814000E+03    4.317000E-18
1.815000E+03    4.128000E-18
1.816000E+03    3.969000E-18
1.817000E+03    3.864000E-18
1.818000E+03    3.702000E-18
1.819000E+03    3.630000E-18
1.820000E+03    3.531000E-18
1.821000E+03    3.431000E-18
1.822000E+03    3.316000E-18
1.823000E+03    3.215000E-18
1.824000E+03    3.079000E-18
1.825000E+03    2.957000E-18
1.826000E+03    2.801000E-18
1.827000E+03    2.716000E-18
1.828000E+03    2.656000E-18
1.829000E+03    2.573000E-18
1.830000E+03    2.495000E-18
1.831000E+03    2.463000E-18
1.832000E+03    2.453000E-18
1.833000E+03    2.411000E-18
1.834000E+03    2.414000E-18
1.835000E+03    2.384000E-18
1.836000E+03    2.237000E-18
1.837000E+03    2.137000E-18
1.838000E+03    2.017000E-18
1.839000E+03    1.923000E-18
1.840000E+03    1.878000E-18
1.841000E+03    1.870000E-18
1.842000E+03    1.924000E-18
1.843000E+03    2.040000E-18
1.844000E+03    2.131000E-18
1.845000E+03    2.152000E-18
1.846000E+03    2.110000E-18
1.847000E+03    2.020000E-18
1.848000E+03    1.915000E-18
1.849000E+03    1.854000E-18
1.850000E+03    1.839000E-18
1.851000E+03    1.939000E-18
1.852000E+03    2.123000E-18
1.853000E+03    2.226000E-18
1.854000E+03    2.371000E-18
1.855000E+03    2.551000E-18
1.856000E+03    2.710000E-18
1.857000E+03    2.768000E-18
1.858000E+03    2.868000E-18
1.859000E+03    2.787000E-18
1.860000E+03    2.587000E-18
1.861000E+03    2.399000E-18
1.862000E+03    2.244000E-18
1.863000E+03    2.203000E-18
1.864000E+03    2.311000E-18
1.865000E+03    2.423000E-18
1.866000E+03    2.737000E-18
1.867000E+03    3.124000E-18
1.868000E+03    3.284000E-18
1.869000E+03    3.361000E-18
1.870000E+03    3.210000E-18
1.871000E+03    2.932000E-18
1.872000E+03    2.677000E-18
1.873000E+03    2.513000E-18
1.874000E+03    2.452000E-18
1.875000E+03    2.618000E-18
1.876000E+03    2.942000E-18
1.877000E+03    3.366000E-18
1.878000E+03    3.918000E-18
1.879000E+03    4.817000E-18
1.880000E+03    5.614000E-18
1.881000E+03    5.189000E-18
1.882000E+03    4.815000E-18
1.883000E+03    4.237000E-18
1.884000E+03    3.664000E-18
1.885000E+03    3.322000E-18
1.886000E+03    3.085000E-18
1.887000E+03    3.161000E-18
1.888000E+03    3.663000E-18
1.889000E+03    4.413000E-18
1.890000E+03    4.665000E-18
1.891000E+03    5.039000E-18
1.892000E+03    4.915000E-18
1.893000E+03    4.910000E-18
1.894000E+03    4.720000E-18
1.895000E+03    4.346000E-18
1.896000E+03    3.974000E-18
1.897000E+03    3.704000E-18
1.898000E+03    3.725000E-18
1.899000E+03    3.946000E-18
1.900000E+03    4.677000E-18
1.901000E+03    5.989000E-18
1.902000E+03    7.368000E-18
1.903000E+03    9.069000E-18
1.904000E+03    1.163000E-17
1.905000E+03    1.253000E-17
1.906000E+03    1.063000E-17
1.907000E+03    9.083000E-18
1.908000E+03    7.510000E-18
1.909000E+03    6.348000E-18
1.910000E+03    5.639000E-18
1.911000E+03    5.411000E-18
1.912000E+03    6.119000E-18
1.913000E+03    7.969000E-18
1.914000E+03    1.056000E-17
1.915000E+03    1.142000E-17
1.916000E+03    1.241000E-17
1.917000E+03    1.153000E-17
1.918000E+03    1.010000E-17
1.919000E+03    8.579000E-18
1.920000E+03    7.374000E-18
1.921000E+03    6.423000E-18
1.922000E+03    5.953000E-18
1.923000E+03    5.904000E-18
1.924000E+03    6.647000E-18
1.925000E+03    8.920000E-18
1.926000E+03    1.366000E-17
1.927000E+03    2.000000E-17
1.928000E+03    1.915000E-17
1.929000E+03    1.787000E-17
1.930000E+03    1.544000E-17
1.931000E+03    1.291000E-17
1.932000E+03    1.081000E-17
1.933000E+03    8.843000E-18
1.934000E+03    6.933000E-18
1.935000E+03    5.571000E-18
1.936000E+03    4.910000E-18
1.937000E+03    4.737000E-18
1.938000E+03    4.804000E-18
1.939000E+03    5.395000E-18
1.940000E+03    6.566000E-18
1.941000E+03    8.453000E-18
1.942000E+03    1.010000E-17
1.943000E+03    1.049000E-17
1.944000E+03    9.814000E-18
1.945000E+03    8.922000E-18
1.946000E+03    8.752000E-18
1.947000E+03    8.603000E-18
1.948000E+03    8.772000E-18
1.949000E+03    9.904000E-18
1.950000E+03    1.324000E-17
1.951000E+03    2.048000E-17
1.952000E+03    3.263000E-17
1.953000E+03    4.497000E-17
1.954000E+03    4.483000E-17
1.955000E+03    3.904000E-17
1.956000E+03    3.162000E-17
1.957000E+03    2.493000E-17
1.958000E+03    2.005000E-17
1.959000E+03    1.517000E-17
1.960000E+03    1.117000E-17
1.961000E+03    8.193000E-18
1.962000E+03    6.660000E-18
1.963000E+03    6.042000E-18
1.964000E+03    5.658000E-18
1.965000E+03    5.223000E-18
1.966000E+03    4.879000E-18
1.967000E+03    4.572000E-18
1.968000E+03    4.393000E-18
1.969000E+03    4.291000E-18
1.970000E+03    4.137000E-18
1.971000E+03    4.032000E-18
1.972000E+03    4.010000E-18
1.973000E+03    4.018000E-18
1.974000E+03    4.077000E-18
1.975000E+03    4.144000E-18
1.976000E+03    4.155000E-18
1.977000E+03    4.307000E-18
1.978000E+03    4.466000E-18
1.979000E+03    4.712000E-18
1.980000E+03    5.031000E-18
1.981000E+03    5.115000E-18
1.982000E+03    5.064000E-18
1.983000E+03    5.021000E-18
1.984000E+03    4.963000E-18
1.985000E+03    5.007000E-18
1.986000E+03    5.018000E-18
1.987000E+03    5.080000E-18
1.988000E+03    5.128000E-18
1.989000E+03    5.266000E-18
1.990000E+03    5.382000E-18
1.991000E+03    5.569000E-18
1.992000E+03    5.739000E-18
1.993000E+03    5.952000E-18
1.994000E+03    6.149000E-18
1.995000E+03    6.347000E-18
1.996000E+03    6.592000E-18
1.997000E+03    6.798000E-18
1.998000E+03    7.047000E-18
1.999000E+03    7.302000E-18
2.000000E+03    7.522000E-18
2.001000E+03    7.799000E-18
2.002000E+03    8.093000E-18
2.003000E+03    8.385000E-18
2.004000E+03    8.749000E-18
2.005000E+03    9.054000E-18
2.006000E+03    9.385000E-18
2.007000E+03    9.709000E-18
2.008000E+03    1.002000E-17
2.009000E+03    1.028000E-17
2.010000E+03    1.053000E-17
2.011000E+03    1.083000E-17
2.012000E+03    1.108000E-17
2.013000E+03    1.132000E-17
2.014000E+03    1.150000E-17
2.015000E+03    1.168000E-17
2.016000E+03    1.186000E-17
2.017000E+03    1.202000E-17
2.018000E+03    1.217000E-17
2.019000E+03    1.226000E-17
2.020000E+03    1.234000E-17
2.021000E+03    1.242000E-17
2.022000E+03    1.246000E-17
2.023000E+03    1.252000E-17
2.024000E+03    1.257000E-17
2.025000E+03    1.256000E-17
2.026000E+03    1.254000E-17
2.027000E+03    1.251000E-17
2.028000E+03    1.242000E-17
2.029000E+03    1.234000E-17
2.030000E+03    1.224000E-17
2.031000E+03    1.208000E-17
2.032000E+03    1.193000E-17
2.033000E+03    1.177000E-17
2.034000E+03    1.155000E-17
2.035000E+03    1.132000E-17
2.036000E+03    1.109000E-17
2.037000E+03    1.082000E-17
2.038000E+03    1.053000E-17
2.039000E+03    1.020000E-17
2.040000E+03    9.875000E-18
2.041000E+03    9.558000E-18
2.042000E+03    9.240000E-18
2.043000E+03    8.909000E-18
2.044000E+03    8.600000E-18
2.045000E+03    8.262000E-18
2.046000E+03    7.941000E-18
2.047000E+03    7.645000E-18
2.048000E+03    7.333000E-18
2.049000E+03    7.047000E-18
2.050000E+03    6.753000E-18
2.051000E+03    6.466000E-18
2.052000E+03    6.199000E-18
2.053000E+03    5.942000E-18
2.054000E+03    5.705000E-18
2.055000E+03    5.466000E-18
2.056000E+03    5.244000E-18
2.057000E+03    5.048000E-18
2.058000E+03    4.875000E-18
2.059000E+03    4.674000E-18
2.060000E+03    4.496000E-18
2.061000E+03    4.347000E-18
2.062000E+03    4.213000E-18
2.063000E+03    4.024000E-18
2.064000E+03    3.888000E-18
2.065000E+03    3.752000E-18
2.066000E+03    3.632000E-18
2.067000E+03    3.496000E-18
2.068000E+03    3.398000E-18
2.069000E+03    3.299000E-18
2.070000E+03    3.188000E-18
2.071000E+03    3.065000E-18
2.072000E+03    2.974000E-18
2.073000E+03    2.868000E-18
2.074000E+03    2.781000E-18
2.075000E+03    2.699000E-18
2.076000E+03    2.605000E-18
2.077000E+03    2.538000E-18
2.078000E+03    2.468000E-18
2.079000E+03    2.402000E-18
2.080000E+03    2.329000E-18
2.081000E+03    2.302000E-18
2.082000E+03    2.234000E-18
2.083000E+03    2.189000E-18
2.084000E+03    2.138000E-18
2.085000E+03    2.089000E-18
2.086000E+03    2.066000E-18
2.087000E+03    2.017000E-18
2.088000E+03    1.976000E-18
2.089000E+03    1.914000E-18
2.090000E+03    1.884000E-18
2.091000E+03    1.852000E-18
2.092000E+03    1.832000E-18
2.093000E+03    1.783000E-18
2.094000E+03    1.756000E-18
2.095000E+03    1.730000E-18
2.096000E+03    1.697000E-18
2.097000E+03    1.688000E-18
2.098000E+03    1.641000E-18
2.099000E+03    1.630000E-18
2.100000E+03    1.593000E-18
2.101000E+03    1.546000E-18
2.102000E+03    1.508000E-18
2.103000E+03    1.475000E-18
2.104000E+03    1.423000E-18
2.105000E+03    1.395000E-18
2.106000E+03    1.380000E-18
2.107000E+03    1.345000E-18
2.108000E+03    1.332000E-18
2.109000E+03    1.296000E-18
2.110000E+03    1.284000E-18
2.111000E+03    1.298000E-18
2.112000E+03    1.275000E-18
2.113000E+03    1.275000E-18
2.114000E+03    1.259000E-18
2.115000E+03    1.229000E-18
2.116000E+03    1.227000E-18
2.117000E+03    1.199000E-18
2.118000E+03    1.184000E-18
2.119000E+03    1.165000E-18
2.120000E+03    1.139000E-18
2.121000E+03    1.140000E-18
2.122000E+03    1.124000E-18
2.123000E+03    1.111000E-18
2.124000E+03    1.078000E-18
2.125000E+03    1.084000E-18
2.126000E+03    1.066000E-18
2.127000E+03    1.074000E-18
2.128000E+03    1.092000E-18
2.129000E+03    1.090000E-18
2.130000E+03    1.106000E-18
2.131000E+03    1.122000E-18
2.132000E+03    1.142000E-18
2.133000E+03    1.165000E-18
2.134000E+03    1.173000E-18
2.135000E+03    1.183000E-18
2.136000E+03    1.196000E-18
2.137000E+03    1.218000E-18
2.138000E+03    1.251000E-18
2.139000E+03    1.305000E-18
2.140000E+03    1.361000E-18
2.141000E+03    1.437000E-18
2.142000E+03    1.528000E-18
2.143000E+03    1.625000E-18
2.144000E+03    1.708000E-18
2.145000E+03    1.778000E-18
2.146000E+03    1.790000E-18
2.147000E+03    1.747000E-18
2.148000E+03    1.693000E-18
2.149000E+03    1.624000E-18
2.150000E+03    1.583000E-18
2.151000E+03    1.546000E-18
2.152000E+03    1.523000E-18
2.153000E+03    1.494000E-18
2.154000E+03    1.463000E-18
2.155000E+03    1.445000E-18
2.156000E+03    1.420000E-18
2.157000E+03    1.396000E-18
2.158000E+03    1.382000E-18
2.159000E+03    1.364000E-18
2.160000E+03    1.357000E-18
2.161000E+03    1.341000E-18
2.162000E+03    1.337000E-18
2.163000E+03    1.327000E-18
2.164000E+03    1.326000E-18
2.165000E+03    1.333000E-18
2.166000E+03    1.333000E-18
2.167000E+03    1.322000E-18
2.168000E+03    1.313000E-18
2.169000E+03    1.310000E-18
2.170000E+03    1.309000E-18
2.171000E+03    1.313000E-18
2.172000E+03    1.329000E-18
2.173000E+03    1.341000E-18
2.174000E+03    1.367000E-18
2.175000E+03    1.383000E-18
2.176000E+03    1.394000E-18
2.177000E+03    1.397000E-18
2.178000E+03    1.403000E-18
2.179000E+03    1.413000E-18
2.180000E+03    1.426000E-18
2.181000E+03    1.420000E-18
2.182000E+03    1.421000E-18
2.183000E+03    1.409000E-18
2.184000E+03    1.397000E-18
2.185000E+03    1.385000E-18
2.186000E+03    1.391000E-18
2.187000E+03    1.406000E-18
2.188000E+03    1.421000E-18
2.189000E+03    1.459000E-18
2.190000E+03    1.510000E-18
2.191000E+03    1.538000E-18
2.192000E+03    1.539000E-18
2.193000E+03    1.531000E-18
2.194000E+03    1.526000E-18
2.195000E+03    1.528000E-18
2.196000E+03    1.508000E-18
2.197000E+03    1.496000E-18
2.198000E+03    1.466000E-18
2.199000E+03    1.460000E-18
2.200000E+03    1.451000E-18
2.201000E+03    1.443000E-18
2.202000E+03    1.445000E-18
2.203000E+03    1.444000E-18
2.204000E+03    1.450000E-18
2.205000E+03    1.469000E-18
2.206000E+03    1.497000E-18
2.207000E+03    1.515000E-18
2.208000E+03    1.543000E-18
2.209000E+03    1.569000E-18
2.210000E+03    1.589000E-18
2.211000E+03    1.602000E-18
2.212000E+03    1.602000E-18
2.213000E+03    1.589000E-18
2.214000E+03    1.581000E-18
2.215000E+03    1.578000E-18
2.216000E+03    1.568000E-18
2.217000E+03    1.554000E-18
2.218000E+03    1.540000E-18
2.219000E+03    1.514000E-18
2.220000E+03    1.519000E-18
2.221000E+03    1.540000E-18
2.222000E+03    1.580000E-18
2.223000E+03    1.641000E-18
2.224000E+03    1.712000E-18
2.225000E+03    1.757000E-18
2.226000E+03    1.764000E-18
2.227000E+03    1.736000E-18
2.228000E+03    1.714000E-18
2.229000E+03    1.693000E-18
2.230000E+03    1.654000E-18
2.231000E+03    1.586000E-18
2.232000E+03    1.509000E-18
2.233000E+03    1.445000E-18
2.234000E+03    1.384000E-18
2.235000E+03    1.336000E-18
2.236000E+03    1.297000E-18
2.237000E+03    1.280000E-18
2.238000E+03    1.300000E-18
2.239000E+03    1.325000E-18
2.240000E+03    1.381000E-18
2.241000E+03    1.452000E-18
2.242000E+03    1.508000E-18
2.243000E+03    1.488000E-18
2.244000E+03    1.429000E-18
2.245000E+03    1.370000E-18
2.246000E+03    1.334000E-18
2.247000E+03    1.295000E-18
2.248000E+03    1.224000E-18
2.249000E+03    1.161000E-18
2.250000E+03    1.108000E-18
2.251000E+03    1.041000E-18
2.252000E+03    9.946000E-19
2.253000E+03    9.479000E-19
2.254000E+03    9.101000E-19
2.255000E+03    8.881000E-19
2.256000E+03    8.646000E-19
2.257000E+03    8.473000E-19
2.258000E+03    8.295000E-19
2.259000E+03    8.237000E-19
2.260000E+03    8.414000E-19
2.261000E+03    8.686000E-19
2.262000E+03    9.177000E-19
2.263000E+03    9.920000E-19
2.264000E+03    1.058000E-18
2.265000E+03    1.092000E-18
2.266000E+03    1.098000E-18
2.267000E+03    1.097000E-18
2.268000E+03    1.077000E-18
2.269000E+03    1.055000E-18
2.270000E+03    1.030000E-18
2.271000E+03    1.020000E-18
2.272000E+03    1.046000E-18
2.273000E+03    1.105000E-18
2.274000E+03    1.219000E-18
2.275000E+03    1.419000E-18
2.276000E+03    1.773000E-18
2.277000E+03    2.210000E-18
2.278000E+03    2.466000E-18
2.279000E+03    2.360000E-18
2.280000E+03    2.173000E-18
2.281000E+03    2.040000E-18
2.282000E+03    1.883000E-18
2.283000E+03    1.714000E-18
2.284000E+03    1.542000E-18
2.285000E+03    1.391000E-18
2.286000E+03    1.275000E-18
2.287000E+03    1.177000E-18
2.288000E+03    1.099000E-18
2.289000E+03    1.032000E-18
2.290000E+03    9.919000E-19
2.291000E+03    9.601000E-19
2.292000E+03    9.273000E-19
2.293000E+03    8.526000E-19
2.294000E+03    7.835000E-19
2.295000E+03    7.364000E-19
2.296000E+03    6.825000E-19
2.297000E+03    6.262000E-19
2.298000E+03    5.824000E-19
2.299000E+03    5.356000E-19
2.300000E+03    4.959000E-19
2.301000E+03    4.644000E-19
2.302000E+03    4.365000E-19
2.303000E+03    4.032000E-19
2.304000E+03    3.821000E-19
2.305000E+03    3.595000E-19
2.306000E+03    3.391000E-19
2.307000E+03    3.196000E-19
2.307500E+03    3.060000E-19
2.310000E+03    2.667000E-19
2.312500E+03    2.395000E-19
2.315000E+03    2.210000E-19
2.317500E+03    1.982000E-19
2.320000E+03    1.787000E-19
2.322500E+03    1.596000E-19
2.325000E+03    1.464000E-19
2.327500E+03    1.353000E-19
2.330000E+03    1.326000E-19
2.332500E+03    1.258000E-19
2.335000E+03    1.169000E-19
2.337500E+03    1.124000E-19
2.340000E+03    1.027000E-19
2.342500E+03    9.946000E-20
2.345000E+03    9.177000E-20
2.347500E+03    8.786000E-20
2.350000E+03    8.579000E-20
2.352500E+03    8.092000E-20
2.355000E+03    8.352000E-20
2.357500E+03    8.156000E-20
2.360000E+03    7.796000E-20
2.362500E+03    7.310000E-20
2.365000E+03    7.424000E-20
2.367500E+03    7.325000E-20
2.370000E+03    7.567000E-20
2.372500E+03    7.322000E-20
2.375000E+03    6.593000E-20
2.377500E+03    6.053000E-20
2.380000E+03    5.599000E-20
2.382500E+03    5.293000E-20
2.385000E+03    5.579000E-20
2.387500E+03    5.113000E-20
2.390000E+03    4.955000E-20
2.392500E+03    4.667000E-20
2.395000E+03    4.776000E-20
2.397500E+03    4.484000E-20
2.400000E+03    4.347000E-20
2.402500E+03    4.106000E-20
2.405000E+03    4.220000E-20
2.407500E+03    3.813000E-20
2.410000E+03    3.884000E-20
2.412500E+03    3.862000E-20
2.415000E+03    3.795000E-20
2.417500E+03    3.843000E-20
2.420000E+03    3.666000E-20
2.422500E+03    3.887000E-20
2.425000E+03    3.787000E-20
2.427500E+03    3.567000E-20
2.430000E+03    3.639000E-20
2.432500E+03    3.294000E-20
2.435000E+03    3.414000E-20
2.437500E+03    3.317000E-20
2.440000E+03    3.105000E-20
2.442500E+03    3.258000E-20
2.445000E+03    3.141000E-20
2.447500E+03    2.997000E-20
2.450000E+03    3.243000E-20
2.452500E+03    3.046000E-20
2.455000E+03    2.961000E-20
2.457500E+03    2.739000E-20
2.460000E+03    2.834000E-20
2.462500E+03    2.702000E-20
2.465000E+03    2.274000E-20
2.467500E+03    2.214000E-20
2.470000E+03    2.389000E-20
2.472500E+03    2.355000E-20
2.475000E+03    2.275000E-20
2.477500E+03    2.303000E-20
2.480000E+03    2.257000E-20
2.482500E+03    1.914000E-20
2.485000E+03    1.718000E-20
2.487500E+03    1.961000E-20
2.490000E+03    1.892000E-20
2.492500E+03    1.504000E-20
2.495000E+03    1.803000E-20
2.497500E+03    1.713000E-20
2.500000E+03    2.023000E-20
2.502500E+03    2.128000E-20
2.505000E+03    1.576000E-20
2.507500E+03    1.787000E-20
2.510000E+03    1.602000E-20
2.512500E+03    1.781000E-20
2.515000E+03    1.951000E-20
2.517500E+03    1.906000E-20
2.520000E+03    1.868000E-20
2.522500E+03    1.399000E-20
2.525000E+03    1.630000E-20
2.527500E+03    1.744000E-20
2.530000E+03    1.514000E-20
2.532500E+03    1.644000E-20
2.535000E+03    1.716000E-20
2.537500E+03    1.544000E-20
2.540000E+03    1.579000E-20
2.542500E+03    1.820000E-20
2.545000E+03    1.368000E-20
2.547500E+03    1.566000E-20
2.550000E+03    1.409000E-20
2.552500E+03    1.343000E-20
2.555000E+03    1.427000E-20
2.557500E+03    1.425000E-20
2.560000E+03    1.241000E-20
2.562500E+03    1.340000E-20
2.565000E+03    1.170000E-20
2.567500E+03    9.943000E-21
2.570000E+03    1.254000E-20
2.572500E+03    1.206000E-20
2.575000E+03    1.346000E-20
2.577500E+03    1.137000E-20
2.580000E+03    1.405000E-20
2.582500E+03    9.413000E-21
2.585000E+03    1.014000E-20
2.587500E+03    1.074000E-20
2.590000E+03    9.464000E-21
2.592500E+03    9.696000E-21
2.595000E+03    7.766000E-21
2.597500E+03    1.136000E-20
2.600000E+03    9.708000E-21
2.602500E+03    1.080000E-20
2.605000E+03    1.067000E-20
2.607500E+03    9.255000E-21
2.610000E+03    1.047000E-20
2.612500E+03    8.417000E-21
2.615000E+03    4.417000E-21
2.617500E+03    6.201000E-21
2.620000E+03    6.065000E-21
2.622500E+03    6.425000E-21
2.625000E+03    5.641000E-21
2.627500E+03    4.116000E-21
2.630000E+03    7.891000E-22
2.632500E+03    2.582000E-21
2.635000E+03    4.343000E-21
2.637500E+03    4.672000E-21
2.640000E+03    3.528000E-21
2.642500E+03    6.318000E-22
2.645000E+03    2.350000E-21
2.647500E+03    3.029000E-21
2.650000E+03    2.237000E-21
2.652500E+03    9.073000E-22
2.655000E+03    1.377000E-21
2.657500E+03    2.772000E-21
2.660000E+03    2.465000E-21
2.662500E+03    6.811000E-22
2.665000E+03    1.865000E-21
2.667500E+03    1.655000E-21
2.670000E+03    1.054000E-21
2.672500E+03    2.547000E-21
2.675000E+03    8.112000E-22
2.677500E+03    2.369000E-21
2.680000E+03    1.607000E-21
2.682500E+03    2.958000E-21
2.685000E+03    2.713000E-21
2.687500E+03    3.088000E-21
2.690000E+03    1.138000E-22
2.692500E+03    4.701000E-21
2.695000E+03    1.090000E-21
2.697500E+03    5.205000E-22
2.700000E+03    1.237000E-21
