pCO2(bar)   Seff        FTIR            FTSOL        ALBEDO
    0.0    0.64682   -1.91762E+05    2.96471E+05    1.28027E-01
    1.0    0.37212   -1.12085E+05    3.01211E+05    1.14085E-01
    3.0    0.27659   -8.32140E+04    3.00855E+05    1.15133E-01
    3.5    0.26508   -7.96830E+04    3.00597E+05    1.15890E-01
    4.0    0.25609   -7.69131E+04    3.00331E+05    1.16672E-01
    4.5    0.24889   -7.46795E+04    3.00045E+05    1.17513E-01
    5.0    0.24327   -7.29287E+04    2.99786E+05    1.18275E-01
    5.5    0.23870   -7.14879E+04    2.99490E+05    1.19146E-01
    6.0    0.23503   -7.03226E+04    2.99203E+05    1.19991E-01
    6.5    0.23214   -6.93868E+04    2.98902E+05    1.20875E-01
    7.0    0.22973   -6.86013E+04    2.98615E+05    1.21720E-01
    8.0    0.22633   -6.74484E+04    2.98008E+05    1.23507E-01
   10.0    0.22330   -6.62053E+04    2.96480E+05    1.28000E-01
   12.0    0.22256   -6.56397E+04    2.94924E+05    1.32575E-01
   15.0    0.22315   -6.54113E+04    2.93132E+05    1.37846E-01
   20.0    0.22527   -6.55662E+04    2.91060E+05    1.43941E-01
   25.0    0.22705   -6.57164E+04    2.89438E+05    1.48710E-01
   35.0    0.22922   -6.58452E+04    2.87253E+05    1.55137E-01
