pCO2(bar)   Seff        FTIR            FTSOL        ALBEDO
    0.0    0.65107   -1.91762E+05    2.94536E+05    1.33719E-01
    1.0    0.37596   -1.12085E+05    2.98133E+05    1.23140E-01
    3.0    0.28063   -8.32140E+04    2.96526E+05    1.27864E-01
    3.5    0.26918   -7.96830E+04    2.96025E+05    1.29338E-01
    4.0    0.26025   -7.69131E+04    2.95533E+05    1.30785E-01
    4.5    0.25312   -7.46795E+04    2.95031E+05    1.32263E-01
    5.0    0.24757   -7.29287E+04    2.94577E+05    1.33597E-01
    5.5    0.24308   -7.14879E+04    2.94089E+05    1.35033E-01
    6.0    0.23950   -7.03226E+04    2.93623E+05    1.36403E-01
    6.5    0.23669   -6.93868E+04    2.93153E+05    1.37786E-01
    7.0    0.23437   -6.86013E+04    2.92709E+05    1.39092E-01
    8.0    0.23114   -6.74484E+04    2.91808E+05    1.41741E-01
   10.0    0.22849   -6.62053E+04    2.89749E+05    1.47798E-01
   12.0    0.22811   -6.56397E+04    2.87758E+05    1.53654E-01
   15.0    0.22918   -6.54113E+04    2.85417E+05    1.60539E-01
   20.0    0.23199   -6.55662E+04    2.82626E+05    1.68747E-01
   25.0    0.23432   -6.57164E+04    2.80460E+05    1.75117E-01
   35.0    0.23725   -6.58452E+04    2.77540E+05    1.83705E-01
