pCO2(bar)   Seff        FTIR            FTSOL        ALBEDO
    0.0    0.78470   -1.91762E+05    2.44377E+05    2.81245E-01
    1.0    0.50462   -1.12085E+05    2.22119E+05    3.46709E-01
    3.0    0.42491   -8.32140E+04    1.95839E+05    4.24002E-01
    3.5    0.41673   -7.96830E+04    1.91211E+05    4.37616E-01
    4.0    0.41116   -7.69131E+04    1.87064E+05    4.49811E-01
    4.5    0.40760   -7.46795E+04    1.83217E+05    4.61127E-01
    5.0    0.40546   -7.29287E+04    1.79866E+05    4.70982E-01
    5.5    0.40477   -7.14879E+04    1.76612E+05    4.80552E-01
    6.0    0.40493   -7.03226E+04    1.73668E+05    4.89212E-01
    6.5    0.40602   -6.93868E+04    1.70896E+05    4.97364E-01
    7.0    0.40739   -6.86013E+04    1.68391E+05    5.04733E-01
    8.0    0.41187   -6.74484E+04    1.63762E+05    5.18348E-01
   10.0    0.42524   -6.62053E+04    1.55690E+05    5.42089E-01
   12.0    0.44010   -6.56397E+04    1.49146E+05    5.61336E-01
   15.0    0.46271   -6.54113E+04    1.41366E+05    5.84219E-01
   20.0    0.49709   -6.55662E+04    1.31901E+05    6.12055E-01
   25.0    0.52539   -6.57164E+04    1.25081E+05    6.32115E-01
   35.0    0.56697   -6.58452E+04    1.16135E+05    6.58427E-01
