pCO2(bar)   Seff        FTIR            FTSOL        ALBEDO
    0.0    0.64319   -1.91762E+05    2.98142E+05    1.23110E-01
    1.0    0.36873   -1.12085E+05    3.03978E+05    1.05947E-01
    3.0    0.27304   -8.32140E+04    3.04764E+05    1.03636E-01
    3.5    0.26149   -7.96830E+04    3.04731E+05    1.03732E-01
    4.0    0.25244   -7.69131E+04    3.04675E+05    1.03897E-01
    4.5    0.24518   -7.46795E+04    3.04590E+05    1.04146E-01
    5.0    0.23949   -7.29287E+04    3.04514E+05    1.04369E-01
    5.5    0.23485   -7.14879E+04    3.04400E+05    1.04707E-01
    6.0    0.23111   -7.03226E+04    3.04281E+05    1.05056E-01
    6.5    0.22814   -6.93868E+04    3.04143E+05    1.05463E-01
    7.0    0.22566   -6.86013E+04    3.04005E+05    1.05868E-01
    8.0    0.22210   -6.74484E+04    3.03680E+05    1.06824E-01
   10.0    0.21873   -6.62053E+04    3.02681E+05    1.09761E-01
   12.0    0.21766   -6.56397E+04    3.01566E+05    1.13040E-01
   15.0    0.21780   -6.54113E+04    3.00332E+05    1.16670E-01
   20.0    0.21929   -6.55662E+04    2.98992E+05    1.20613E-01
   25.0    0.22058   -6.57164E+04    2.97929E+05    1.23738E-01
   35.0    0.22208   -6.58452E+04    2.96498E+05    1.27948E-01
