pCO2(bar)   Seff        FTIR            FTSOL        ALBEDO
    0.0    0.64689   -1.91762E+05    2.96435E+05    1.28132E-01
    1.0    0.37220   -1.12085E+05    3.01145E+05    1.14278E-01
    3.0    0.27667   -8.32140E+04    3.00775E+05    1.15367E-01
    3.5    0.26515   -7.96830E+04    3.00518E+05    1.16123E-01
    4.0    0.25616   -7.69131E+04    3.00253E+05    1.16902E-01
    4.5    0.24896   -7.46795E+04    2.99969E+05    1.17739E-01
    5.0    0.24333   -7.29287E+04    2.99712E+05    1.18495E-01
    5.5    0.23876   -7.14879E+04    2.99418E+05    1.19360E-01
    6.0    0.23509   -7.03226E+04    2.99132E+05    1.20199E-01
    6.5    0.23219   -6.93868E+04    2.98835E+05    1.21075E-01
    7.0    0.22978   -6.86013E+04    2.98550E+05    1.21913E-01
    8.0    0.22638   -6.74484E+04    2.97947E+05    1.23685E-01
   10.0    0.22334   -6.62053E+04    2.96431E+05    1.28145E-01
   12.0    0.22259   -6.56397E+04    2.94887E+05    1.32686E-01
   15.0    0.22316   -6.54113E+04    2.93112E+05    1.37906E-01
   20.0    0.22526   -6.55662E+04    2.91063E+05    1.43932E-01
   25.0    0.22703   -6.57164E+04    2.89461E+05    1.48645E-01
   35.0    0.22919   -6.58452E+04    2.87300E+05    1.54999E-01
