 1216.0 1216.0     4.7492932e-01    3.1878296e+01     9.4767274e-01
 1300.0 1350.0     5.4050436e-01    2.6708906e+01     9.4784347e-01
 1350.0 1400.0     5.6253270e-01    2.4970240e+01     9.4786172e-01
 1400.0 1450.0     5.7134216e-01    2.3810400e+01     9.4780092e-01
 1450.0 1500.0     5.7688091e-01    2.2812735e+01     9.4772115e-01
 1500.0 1550.0     5.8247335e-01    2.1856873e+01     9.4764138e-01
 1550.0 1600.0     5.8812001e-01    2.0941061e+01     9.4756161e-01
 1600.0 1650.0     5.9372927e-01    2.0104790e+01     9.4745401e-01
 1650.0 1700.0     5.9914825e-01    1.9408148e+01     9.4727314e-01
 1700.0 1750.0     6.0446505e-01    1.8800843e+01     9.4704684e-01
 1754.0 1770.0     6.0842451e-01    1.8361623e+01     9.4687938e-01
 1770.0 1786.0     6.1014704e-01    1.8175774e+01     9.4680697e-01
 1786.0 1802.0     6.1187445e-01    1.7991806e+01     9.4673455e-01
 1802.0 1818.0     6.1360675e-01    1.7809699e+01     9.4666214e-01
 1818.0 1835.0     6.1539840e-01    1.7623862e+01     9.4658746e-01
 1835.0 1852.0     6.1724973e-01    1.7434391e+01     9.4651052e-01
 1852.0 1869.0     6.1910663e-01    1.7246957e+01     9.4643358e-01
 1869.0 1887.0     6.2102406e-01    1.7056145e+01     9.4635438e-01
 1887.0 1905.0     6.2300239e-01    1.6862053e+01     9.4627291e-01
 1905.0 1923.0     6.2498702e-01    1.6670169e+01     9.4619145e-01
 1923.0 1942.0     6.2703346e-01    1.6475262e+01     9.4610772e-01
 1942.0 1961.0     6.2914208e-01    1.6277427e+01     9.4602173e-01
 1961.0 1980.0     6.3088604e-01    1.6093434e+01     9.4592310e-01
 1980.0 2000.0     6.3207103e-01    1.5925532e+01     9.4580116e-01
 2000.0 2020.0     6.3306604e-01    1.5761915e+01     9.4566853e-01
 2020.0 2041.0     6.3408758e-01    1.5595974e+01     9.4553259e-01
 2041.0 2062.0     6.3513571e-01    1.5427775e+01     9.4539332e-01
 2062.0 2083.0     6.3618559e-01    1.5261390e+01     9.4525406e-01
 2083.0 2105.0     6.3726228e-01    1.5092925e+01     9.4511149e-01
 2105.0 2128.0     6.3839099e-01    1.4918614e+01     9.4496228e-01
 2128.0 2151.0     6.3954684e-01    1.4742488e+01     9.4480976e-01
 2151.0 2174.0     6.4070477e-01    1.4568441e+01     9.4465723e-01
 2174.0 2200.0     6.4194061e-01    1.4385374e+01     9.4449476e-01
 2200.0 2222.0     6.4315337e-01    1.4208114e+01     9.4433561e-01
 2222.0 2247.0     6.4434324e-01    1.4036817e+01     9.4417977e-01
 2247.0 2273.0     6.4563682e-01    1.3853231e+01     9.4401067e-01
 2273.0 2299.0     6.4695841e-01    1.3668493e+01     9.4383825e-01
 2299.0 2326.0     6.4830823e-01    1.3482761e+01     9.4366252e-01
 2326.0 2353.0     6.4968639e-01    1.3296096e+01     9.4348347e-01
 2353.0 2381.0     6.5109311e-01    1.3108655e+01     9.4330110e-01
 2381.0 2410.0     6.5349753e-01    1.2894230e+01     9.4309962e-01
 2410.0 2439.0     6.5699090e-01    1.2654504e+01     9.4288090e-01
 2439.0 2469.0     6.6067534e-01    1.2412618e+01     9.4265694e-01
 2469.0 2500.0     6.6450640e-01    1.2167392e+01     9.4242539e-01
 2500.0 2532.0     6.6848640e-01    1.1919211e+01     9.4218624e-01
 2532.0 2564.0     6.7255378e-01    1.1672234e+01     9.4194331e-01
 2564.0 2597.0     6.7671024e-01    1.1426674e+01     9.4169657e-01
 2597.0 2632.0     6.8108624e-01    1.1175350e+01     9.4143845e-01
 2632.0 2667.0     6.8472841e-01    1.0917432e+01     9.4116677e-01
 2667.0 2703.0     6.8734906e-01    1.0655978e+01     9.4088391e-01
 2703.0 2740.0     6.8986384e-01    1.0392673e+01     9.4059181e-01
 2740.0 2778.0     6.9245711e-01    1.0128928e+01     9.4029170e-01
 2778.0 2817.0     6.9512967e-01    9.8651122e+00     9.3998360e-01
 2817.0 2857.0     6.9788237e-01    9.6015834e+00     9.3966749e-01
 2857.0 2899.0     7.0075120e-01    9.3355354e+00     9.3933937e-01
 2899.0 2941.0     7.0370209e-01    9.0705510e+00     9.3900326e-01
 2941.0 2985.0     7.0606329e-01    8.8127747e+00     9.3865575e-01
 2985.0 3030.0     7.0762123e-01    8.5611114e+00     9.3829163e-01
 3030.0 3077.0     7.0900320e-01    8.3104429e+00     9.3791407e-01
 3077.0 3125.0     7.1043304e-01    8.0592605e+00     9.3752420e-01
 3125.0 3175.0     7.1191108e-01    7.8081388e+00     9.3712202e-01
 3175.0 3225.0     7.1342242e-01    7.5598775e+00     9.3671163e-01
 3225.0 3275.0     7.1516199e-01    7.3202924e+00     9.3630080e-01
 3275.0 3325.0     7.1784637e-01    7.0914841e+00     9.3588815e-01
 3325.0 3375.0     7.2125702e-01    6.8722297e+00     9.3547411e-01
 3375.0 3425.0     7.2468387e-01    6.6597541e+00     9.3506007e-01
 3425.0 3450.0     7.2726316e-01    6.5041184e+00     9.3474954e-01
 3450.0 3550.0     7.3180378e-01    6.2620541e+00     9.3423206e-01
 3550.0 3650.0     7.4165982e-01    5.9508071e+00     9.3340480e-01
 3650.0 3750.0     7.5411802e-01    5.7150732e+00     9.3257823e-01
 3750.0 3850.0     7.6678549e-01    5.4886775e+00     9.3175166e-01
 3850.0 3950.0     7.8004956e-01    5.2825832e+00     9.3092548e-01
 3950.0 4050.0     7.9405053e-01    5.0990468e+00     9.3009980e-01
 4050.0 4150.0     8.0826316e-01    4.9254407e+00     9.2927439e-01
 4150.0 4250.0     8.2175773e-01    4.7582549e+00     9.2844986e-01
 4250.0 4350.0     8.3466899e-01    4.5971645e+00     9.2762607e-01
 4350.0 4450.0     8.4692587e-01    4.4356101e+00     9.2680310e-01
 4450.0 4550.0     8.5543955e-01    4.2537318e+00     9.2598391e-01
 4550.0 4650.0     8.6098296e-01    4.0593144e+00     9.2516766e-01
 4650.0 4750.0     8.6656229e-01    3.8737829e+00     9.2435141e-01
 4750.0 4850.0     8.7217778e-01    3.6967311e+00     9.2353516e-01
 4850.0 4950.0     8.7782965e-01    3.5277715e+00     9.2271892e-01
 4950.0 5050.0     8.8351816e-01    3.3665342e+00     9.2190267e-01
 5050.0 5150.0     8.8924352e-01    3.2126663e+00     9.2108642e-01
 5150.0 5250.0     8.9500599e-01    3.0658310e+00     9.2027017e-01
 5250.0 5350.0     9.0080579e-01    2.9257067e+00     9.1945393e-01
 5350.0 5450.0     9.0664319e-01    2.7919869e+00     9.1863768e-01
 5450.0 5550.0     9.1251841e-01    2.6643787e+00     9.1782143e-01
 5550.0 5650.0     9.1821047e-01    2.5440289e+00     9.1700638e-01
 5650.0 5750.0     9.2245774e-01    2.4382913e+00     9.1619934e-01
 5750.0 5850.0     9.2546726e-01    2.3447227e+00     9.1539911e-01
 5850.0 5950.0     9.2848659e-01    2.2547447e+00     9.1459887e-01
 5950.0 6050.0     9.3151577e-01    2.1682195e+00     9.1379864e-01
 6050.0 6150.0     9.3455484e-01    2.0850148e+00     9.1299841e-01
 6150.0 6250.0     9.3760382e-01    2.0050030e+00     9.1219817e-01
 6250.0 6350.0     9.4066275e-01    1.9280616e+00     9.1139794e-01
 6350.0 6450.0     9.4373166e-01    1.8540728e+00     9.1059770e-01
 6450.0 6550.0     9.4681058e-01    1.7829234e+00     9.0979747e-01
 6550.0 6650.0     9.4989955e-01    1.7145042e+00     9.0899724e-01
 6650.0 6750.0     9.5299859e-01    1.6487107e+00     9.0819700e-01
 6750.0 6850.0     9.5610775e-01    1.5854419e+00     9.0739677e-01
 6850.0 6950.0     9.5867651e-01    1.5282861e+00     9.0659966e-01
 6950.0 7050.0     9.6036412e-01    1.4790761e+00     9.0580761e-01
 7050.0 7150.0     9.6171699e-01    1.4336452e+00     9.0501747e-01
 7150.0 7250.0     9.6307177e-01    1.3896097e+00     9.0422733e-01
 7250.0 7350.0     9.6442846e-01    1.3469268e+00     9.0343719e-01
 7350.0 7450.0     9.6578707e-01    1.3055549e+00     9.0264705e-01
 7450.0 7550.0     9.6714758e-01    1.2654538e+00     9.0185692e-01
 7550.0 7650.0     9.6851001e-01    1.2265844e+00     9.0106678e-01
 7650.0 7750.0     9.6987436e-01    1.1889090e+00     9.0027664e-01
 7750.0 7850.0     9.7124063e-01    1.1523907e+00     8.9948650e-01
 7850.0 7950.0     9.7260883e-01    1.1169942e+00     8.9869636e-01
 7950.0 8050.0     9.7397896e-01    1.0826849e+00     8.9790622e-01
 8050.0 8150.0     9.7535101e-01    1.0494294e+00     8.9711609e-01
 8150.0 8250.0     9.7672500e-01    1.0171954e+00     8.9632595e-01
 8250.0 8350.0     9.7810092e-01    9.8595144e-01     8.9553581e-01
 8350.0 8450.0     9.7947878e-01    9.5566720e-01     8.9474567e-01
 8450.0 8550.0     9.8085859e-01    9.2631316e-01     8.9395553e-01
