 1216.0 1216.0     4.5195344e-01    4.0722814e+01     9.5546941e-01
 1300.0 1350.0     5.2028897e-01    3.4119509e+01     9.5566820e-01
 1350.0 1400.0     5.4378878e-01    3.1931429e+01     9.5570759e-01
 1400.0 1450.0     5.5399289e-01    3.0522903e+01     9.5567881e-01
 1450.0 1500.0     5.6091461e-01    2.9325517e+01     9.5563368e-01
 1500.0 1550.0     5.6792282e-01    2.8175103e+01     9.5558854e-01
 1550.0 1600.0     5.7501858e-01    2.7069820e+01     9.5554341e-01
 1600.0 1650.0     5.8199828e-01    2.6058480e+01     9.5547442e-01
 1650.0 1700.0     5.8852037e-01    2.5215635e+01     9.5534265e-01
 1700.0 1750.0     5.9477809e-01    2.4480333e+01     9.5517196e-01
 1754.0 1770.0     5.9944407e-01    2.3947696e+01     9.5504565e-01
 1770.0 1786.0     6.0147638e-01    2.3721978e+01     9.5499103e-01
 1786.0 1802.0     6.0351558e-01    2.3498388e+01     9.5493642e-01
 1802.0 1818.0     6.0556169e-01    2.3276906e+01     9.5488180e-01
 1818.0 1835.0     6.0767912e-01    2.3050721e+01     9.5482547e-01
 1835.0 1852.0     6.0986835e-01    2.2819948e+01     9.5476744e-01
 1852.0 1869.0     6.1206546e-01    2.2591484e+01     9.5470940e-01
 1869.0 1887.0     6.1433558e-01    2.2358724e+01     9.5464966e-01
 1887.0 1905.0     6.1667922e-01    2.2121781e+01     9.5458821e-01
 1905.0 1923.0     6.1903180e-01    2.1887349e+01     9.5452677e-01
 1923.0 1942.0     6.2145921e-01    2.1649028e+01     9.5446361e-01
 1942.0 1961.0     6.2396200e-01    2.1406932e+01     9.5439875e-01
 1961.0 1980.0     6.2606673e-01    2.1182460e+01     9.5432319e-01
 1980.0 2000.0     6.2756459e-01    2.0978949e+01     9.5422808e-01
 2000.0 2020.0     6.2886000e-01    2.0781071e+01     9.5412414e-01
 2020.0 2041.0     6.3019061e-01    2.0580208e+01     9.5401759e-01
 2041.0 2062.0     6.3155656e-01    2.0376434e+01     9.5390845e-01
 2062.0 2083.0     6.3292546e-01    2.0174678e+01     9.5379930e-01
 2083.0 2105.0     6.3433007e-01    1.9970211e+01     9.5368756e-01
 2105.0 2128.0     6.3580335e-01    1.9758454e+01     9.5357062e-01
 2128.0 2151.0     6.3731286e-01    1.9544286e+01     9.5345108e-01
 2151.0 2174.0     6.3882596e-01    1.9332439e+01     9.5333154e-01
 2174.0 2200.0     6.4044182e-01    1.9109380e+01     9.5320420e-01
 2200.0 2222.0     6.4202837e-01    1.8893191e+01     9.5307947e-01
 2222.0 2247.0     6.4358596e-01    1.8684049e+01     9.5295733e-01
 2247.0 2273.0     6.4528030e-01    1.8459672e+01     9.5282480e-01
 2273.0 2299.0     6.4701241e-01    1.8233644e+01     9.5268967e-01
 2299.0 2326.0     6.4878266e-01    1.8006143e+01     9.5255194e-01
 2326.0 2353.0     6.5059125e-01    1.7777242e+01     9.5241161e-01
 2353.0 2381.0     6.5243856e-01    1.7547120e+01     9.5226868e-01
 2381.0 2410.0     6.5528313e-01    1.7282910e+01     9.5211021e-01
 2410.0 2439.0     6.5920732e-01    1.6986535e+01     9.5193759e-01
 2439.0 2469.0     6.6333284e-01    1.6686986e+01     9.5176078e-01
 2469.0 2500.0     6.6762537e-01    1.6382836e+01     9.5157797e-01
 2500.0 2532.0     6.7208779e-01    1.6074532e+01     9.5138918e-01
 2532.0 2564.0     6.7665134e-01    1.5767228e+01     9.5119738e-01
 2564.0 2597.0     6.8131816e-01    1.5461181e+01     9.5100259e-01
 2597.0 2632.0     6.8623509e-01    1.5147412e+01     9.5079881e-01
 2632.0 2667.0     6.9041562e-01    1.4825427e+01     9.5058428e-01
 2667.0 2703.0     6.9355659e-01    1.4499114e+01     9.5036085e-01
 2703.0 2740.0     6.9660515e-01    1.4169943e+01     9.5013012e-01
 2740.0 2778.0     6.9975119e-01    1.3839536e+01     9.4989306e-01
 2778.0 2817.0     7.0299590e-01    1.3508331e+01     9.4964968e-01
 2817.0 2857.0     7.0634053e-01    1.3176760e+01     9.4939998e-01
 2857.0 2899.0     7.0982910e-01    1.2841255e+01     9.4914080e-01
 2899.0 2941.0     7.1342042e-01    1.2506319e+01     9.4887530e-01
 2941.0 2985.0     7.1639080e-01    1.2179015e+01     9.4860103e-01
 2985.0 3030.0     7.1851394e-01    1.1857781e+01     9.4831394e-01
 3030.0 3077.0     7.2046487e-01    1.1536833e+01     9.4801634e-01
 3077.0 3125.0     7.2248496e-01    1.1214486e+01     9.4770903e-01
 3125.0 3175.0     7.2457480e-01    1.0891442e+01     9.4739201e-01
 3175.0 3225.0     7.2671346e-01    1.0571302e+01     9.4706853e-01
 3225.0 3275.0     7.2905647e-01    1.0261512e+01     9.4674482e-01
 3275.0 3325.0     7.3223519e-01    9.9646330e+00     9.4642022e-01
 3325.0 3375.0     7.3605836e-01    9.6792357e+00     9.4609492e-01
 3375.0 3425.0     7.3990149e-01    9.4020125e+00     9.4576963e-01
 3425.0 3450.0     7.4279511e-01    9.1985900e+00     9.4552566e-01
 3450.0 3550.0     7.4783181e-01    8.8813195e+00     9.4511920e-01
 3550.0 3650.0     7.5806961e-01    8.4749335e+00     9.4447077e-01
 3650.0 3750.0     7.7050711e-01    8.1686878e+00     9.4382416e-01
 3750.0 3850.0     7.8314867e-01    7.8735085e+00     9.4317756e-01
 3850.0 3950.0     7.9623712e-01    7.6051016e+00     9.4253229e-01
 3950.0 4050.0     8.0986080e-01    7.3669222e+00     9.4188879e-01
 4050.0 4150.0     8.2362357e-01    7.1412542e+00     9.4124604e-01
 4150.0 4250.0     8.3660162e-01    6.9231358e+00     9.4060528e-01
 4250.0 4350.0     8.4893735e-01    6.7122053e+00     9.3996618e-01
 4350.0 4450.0     8.6063558e-01    6.4987808e+00     9.3932854e-01
 4450.0 4550.0     8.6874669e-01    6.2528498e+00     9.3869754e-01
 4550.0 4650.0     8.7401438e-01    5.9859878e+00     9.3807172e-01
 4650.0 4750.0     8.7931400e-01    5.7305150e+00     9.3744590e-01
 4750.0 4850.0     8.8464576e-01    5.4859454e+00     9.3682008e-01
 4850.0 4950.0     8.9000985e-01    5.2518137e+00     9.3619426e-01
 4950.0 5050.0     8.9540646e-01    5.0276744e+00     9.3556844e-01
 5050.0 5150.0     9.0083580e-01    4.8131009e+00     9.3494262e-01
 5150.0 5250.0     9.0629806e-01    4.6076852e+00     9.3431680e-01
 5250.0 5350.0     9.1179344e-01    4.4110363e+00     9.3369098e-01
 5350.0 5450.0     9.1732214e-01    4.2227800e+00     9.3306517e-01
 5450.0 5550.0     9.2288436e-01    4.0425582e+00     9.3243935e-01
 5550.0 5650.0     9.2826067e-01    3.8718620e+00     9.3181539e-01
 5650.0 5750.0     9.3219911e-01    3.7201991e+00     9.3120386e-01
 5750.0 5850.0     9.3490633e-01    3.5844946e+00     9.3060290e-01
 5850.0 5950.0     9.3762141e-01    3.4537403e+00     9.3000193e-01
 5950.0 6050.0     9.4034438e-01    3.3277556e+00     9.2940097e-01
 6050.0 6150.0     9.4307525e-01    3.2063666e+00     9.2880000e-01
 6150.0 6250.0     9.4581406e-01    3.0894056e+00     9.2819904e-01
 6250.0 6350.0     9.4856082e-01    2.9767110e+00     9.2759807e-01
 6350.0 6450.0     9.5131555e-01    2.8681273e+00     9.2699711e-01
 6450.0 6550.0     9.5407829e-01    2.7635045e+00     9.2639614e-01
 6550.0 6650.0     9.5684905e-01    2.6626980e+00     9.2579518e-01
 6650.0 6750.0     9.5962785e-01    2.5655688e+00     9.2519421e-01
 6750.0 6850.0     9.6241473e-01    2.4719826e+00     9.2459325e-01
 6850.0 6950.0     9.6470432e-01    2.3869881e+00     9.2399931e-01
 6950.0 7050.0     9.6618419e-01    2.3131873e+00     9.2341670e-01
 7050.0 7150.0     9.6735638e-01    2.2447546e+00     9.2283839e-01
 7150.0 7250.0     9.6852998e-01    2.1783464e+00     9.2226009e-01
 7250.0 7350.0     9.6970501e-01    2.1139028e+00     9.2168178e-01
 7350.0 7450.0     9.7088147e-01    2.0513657e+00     9.2110348e-01
 7450.0 7550.0     9.7205935e-01    1.9906787e+00     9.2052518e-01
 7550.0 7650.0     9.7323867e-01    1.9317870e+00     9.1994687e-01
 7650.0 7750.0     9.7441941e-01    1.8746375e+00     9.1936857e-01
 7750.0 7850.0     9.7560159e-01    1.8191788e+00     9.1879026e-01
 7850.0 7950.0     9.7678520e-01    1.7653607e+00     9.1821196e-01
 7950.0 8050.0     9.7797024e-01    1.7131348e+00     9.1763366e-01
 8050.0 8150.0     9.7915673e-01    1.6624539e+00     9.1705535e-01
 8150.0 8250.0     9.8034465e-01    1.6132723e+00     9.1647705e-01
 8250.0 8350.0     9.8153401e-01    1.5655457e+00     9.1589874e-01
 8350.0 8450.0     9.8272482e-01    1.5192310e+00     9.1532044e-01
 8450.0 8550.0     9.8391707e-01    1.4742865e+00     9.1474213e-01
