 1216.0 1216.0     5.2380059e-01    1.5621320e+01     9.1558571e-01
 1300.0 1350.0     5.7734377e-01    1.2885840e+01     9.1565249e-01
 1350.0 1400.0     5.9365204e-01    1.1941218e+01     9.1551104e-01
 1400.0 1450.0     5.9748222e-01    1.1262771e+01     9.1514317e-01
 1450.0 1500.0     5.9823236e-01    1.0668266e+01     9.1472095e-01
 1500.0 1550.0     5.9898344e-01    1.0105143e+01     9.1429873e-01
 1550.0 1600.0     5.9973547e-01    9.5717434e+00     9.1387651e-01
 1600.0 1650.0     6.0077271e-01    9.0904729e+00     9.1342248e-01
 1650.0 1700.0     6.0256158e-01    8.6949559e+00     9.1288470e-01
 1700.0 1750.0     6.0482156e-01    8.3543281e+00     9.1229502e-01
 1754.0 1770.0     6.0649845e-01    8.1094310e+00     9.1185865e-01
 1770.0 1786.0     6.0722544e-01    8.0063857e+00     9.1166995e-01
 1786.0 1802.0     6.0795330e-01    7.9046498e+00     9.1148125e-01
 1802.0 1818.0     6.0868204e-01    7.8042067e+00     9.1129255e-01
 1818.0 1835.0     6.0943448e-01    7.7019815e+00     9.1109795e-01
 1835.0 1852.0     6.1021068e-01    7.5980384e+00     9.1089746e-01
 1852.0 1869.0     6.1098786e-01    7.4954980e+00     9.1069696e-01
 1869.0 1887.0     6.1178896e-01    7.3914077e+00     9.1049057e-01
 1887.0 1905.0     6.1261402e-01    7.2858303e+00     9.1027828e-01
 1905.0 1923.0     6.1344019e-01    7.1817609e+00     9.1006600e-01
 1923.0 1942.0     6.1429049e-01    7.0763704e+00     9.0984781e-01
 1942.0 1961.0     6.1516499e-01    6.9697201e+00     9.0962373e-01
 1961.0 1980.0     6.1578061e-01    6.8707910e+00     9.0937708e-01
 1980.0 2000.0     6.1598652e-01    6.7807200e+00     9.0908691e-01
 2000.0 2020.0     6.1604221e-01    6.6931644e+00     9.0877579e-01
 2020.0 2041.0     6.1609930e-01    6.6046074e+00     9.0845690e-01
 2041.0 2062.0     6.1615779e-01    6.5150909e+00     9.0813023e-01
 2062.0 2083.0     6.1621628e-01    6.4267876e+00     9.0780357e-01
 2083.0 2105.0     6.1627617e-01    6.3376360e+00     9.0746912e-01
 2105.0 2128.0     6.1633886e-01    6.2456619e+00     9.0711912e-01
 2128.0 2151.0     6.1640294e-01    6.1530083e+00     9.0676134e-01
 2151.0 2174.0     6.1646703e-01    6.0617293e+00     9.0640356e-01
 2174.0 2200.0     6.1653531e-01    5.9660326e+00     9.0602244e-01
 2200.0 2222.0     6.1660220e-01    5.8736497e+00     9.0564911e-01
 2222.0 2247.0     6.1666770e-01    5.7846782e+00     9.0528355e-01
 2247.0 2273.0     6.1673879e-01    5.6896279e+00     9.0488688e-01
 2273.0 2299.0     6.1681127e-01    5.5943065e+00     9.0448243e-01
 2299.0 2326.0     6.1688517e-01    5.4988105e+00     9.0407021e-01
 2326.0 2353.0     6.1696046e-01    5.4031737e+00     9.0365020e-01
 2353.0 2381.0     6.1703716e-01    5.3074908e+00     9.0322242e-01
 2381.0 2410.0     6.1813191e-01    5.1990202e+00     9.0275341e-01
 2410.0 2439.0     6.2036467e-01    5.0787763e+00     9.0224800e-01
 2439.0 2469.0     6.2276411e-01    4.9580679e+00     9.0173085e-01
 2469.0 2500.0     6.2525464e-01    4.8362833e+00     9.0119618e-01
 2500.0 2532.0     6.2783728e-01    4.7136450e+00     9.0064397e-01
 2532.0 2564.0     6.3047175e-01    4.5922195e+00     9.0008300e-01
 2564.0 2597.0     6.3315879e-01    4.4721221e+00     8.9951326e-01
 2597.0 2632.0     6.3598220e-01    4.3498666e+00     8.9891723e-01
 2632.0 2667.0     6.3808417e-01    4.2261591e+00     8.9828827e-01
 2667.0 2703.0     6.3922116e-01    4.1027205e+00     8.9763141e-01
 2703.0 2740.0     6.4021835e-01    3.9792954e+00     8.9695278e-01
 2740.0 2778.0     6.4124448e-01    3.8563548e+00     8.9625556e-01
 2778.0 2817.0     6.4229968e-01    3.7340863e+00     8.9553974e-01
 2817.0 2857.0     6.4338410e-01    3.6126698e+00     8.9480533e-01
 2857.0 2899.0     6.4451164e-01    3.4908415e+00     8.9404303e-01
 2899.0 2941.0     6.4566871e-01    3.3702509e+00     8.9326214e-01
 2941.0 2985.0     6.4631036e-01    3.2549161e+00     8.9244973e-01
 2985.0 3030.0     6.4625133e-01    3.1446488e+00     8.9159181e-01
 3030.0 3077.0     6.4600270e-01    3.0358629e+00     8.9070052e-01
 3077.0 3125.0     6.4574607e-01    2.9274572e+00     8.8978016e-01
 3125.0 3175.0     6.4548144e-01    2.8197031e+00     8.8883074e-01
 3175.0 3225.0     6.4521152e-01    2.7137977e+00     8.8786195e-01
 3225.0 3275.0     6.4524731e-01    2.6121692e+00     8.8688984e-01
 3275.0 3325.0     6.4655899e-01    2.5155584e+00     8.8590397e-01
 3325.0 3375.0     6.4884492e-01    2.4234337e+00     8.8490762e-01
 3375.0 3425.0     6.5113894e-01    2.3346828e+00     8.8391127e-01
 3425.0 3450.0     6.5286401e-01    2.2699630e+00     8.8316401e-01
 3450.0 3550.0     6.5606823e-01    2.1698526e+00     8.8191688e-01
 3550.0 3650.0     6.6500572e-01    2.0381643e+00     8.7990124e-01
 3650.0 3750.0     6.7774519e-01    1.9353256e+00     8.7786606e-01
 3750.0 3850.0     6.9072871e-01    1.8376758e+00     8.7583089e-01
 3850.0 3950.0     7.0484859e-01    1.7482906e+00     8.7377984e-01
 3950.0 4050.0     7.2043273e-01    1.6676046e+00     8.7170789e-01
 4050.0 4150.0     7.3651834e-01    1.5916970e+00     8.6962775e-01
 4150.0 4250.0     7.5218465e-01    1.5195091e+00     8.6752889e-01
 4250.0 4350.0     7.6753632e-01    1.4508130e+00     8.6541447e-01
 4350.0 4450.0     7.8218855e-01    1.3838027e+00     8.6328972e-01
 4450.0 4550.0     7.9247568e-01    1.3136956e+00     8.6111795e-01
 4550.0 4650.0     7.9928133e-01    1.2423841e+00     8.5890951e-01
 4650.0 4750.0     8.0614543e-01    1.1749436e+00     8.5670106e-01
 4750.0 4850.0     8.1306847e-01    1.1111639e+00     8.5449262e-01
 4850.0 4950.0     8.2005097e-01    1.0508465e+00     8.5228418e-01
 4950.0 5050.0     8.2709343e-01    9.9380323e-01     8.5007573e-01
 5050.0 5150.0     8.3419638e-01    9.3985648e-01     8.4786729e-01
 5150.0 5250.0     8.4136032e-01    8.8883812e-01     8.4565885e-01
 5250.0 5350.0     8.4858578e-01    8.4058921e-01     8.4345040e-01
 5350.0 5450.0     8.5587330e-01    7.9495939e-01     8.4124196e-01
 5450.0 5550.0     8.6322340e-01    7.5180650e-01     8.3903352e-01
 5550.0 5650.0     8.7040021e-01    7.1153841e-01     8.3681492e-01
 5650.0 5750.0     8.7605237e-01    6.7689606e-01     8.3452867e-01
 5750.0 5850.0     8.8039533e-01    6.4687918e-01     8.3218489e-01
 5850.0 5950.0     8.8475982e-01    6.1819339e-01     8.2984112e-01
 5950.0 6050.0     8.8914595e-01    5.9077968e-01     8.2749735e-01
 6050.0 6150.0     8.9355382e-01    5.6458162e-01     8.2515358e-01
 6150.0 6250.0     8.9798354e-01    5.3954531e-01     8.2280981e-01
 6250.0 6350.0     9.0243523e-01    5.1561924e-01     8.2046604e-01
 6350.0 6450.0     9.0690898e-01    4.9275416e-01     8.1812227e-01
 6450.0 6550.0     9.1140491e-01    4.7090303e-01     8.1577850e-01
 6550.0 6650.0     9.1592313e-01    4.5002089e-01     8.1343473e-01
 6650.0 6750.0     9.2046375e-01    4.3006476e-01     8.1109096e-01
 6750.0 6850.0     9.2502687e-01    4.1099359e-01     8.0874719e-01
 6850.0 6950.0     9.2886391e-01    3.9393775e-01     8.0635581e-01
 6950.0 7050.0     9.3150893e-01    3.7945545e-01     8.0388764e-01
 7050.0 7150.0     9.3370189e-01    3.6619945e-01     8.0139030e-01
 7150.0 7250.0     9.3590001e-01    3.5340654e-01     7.9889295e-01
 7250.0 7350.0     9.3810331e-01    3.4106055e-01     7.9639561e-01
 7350.0 7450.0     9.4031179e-01    3.2914585e-01     7.9389827e-01
 7450.0 7550.0     9.4252547e-01    3.1764738e-01     7.9140092e-01
 7550.0 7650.0     9.4474437e-01    3.0655060e-01     7.8890358e-01
 7650.0 7750.0     9.4696848e-01    2.9584148e-01     7.8640623e-01
 7750.0 7850.0     9.4919784e-01    2.8550648e-01     7.8390889e-01
 7850.0 7950.0     9.5143244e-01    2.7553252e-01     7.8141155e-01
 7950.0 8050.0     9.5367230e-01    2.6590700e-01     7.7891420e-01
 8050.0 8150.0     9.5591744e-01    2.5661773e-01     7.7641686e-01
 8150.0 8250.0     9.5816786e-01    2.4765298e-01     7.7391951e-01
 8250.0 8350.0     9.6042358e-01    2.3900141e-01     7.7142217e-01
 8350.0 8450.0     9.6268461e-01    2.3065207e-01     7.6892483e-01
 8450.0 8550.0     9.6495096e-01    2.2259441e-01     7.6642748e-01
