 1216.0 1216.0     5.0272631e-01    2.2439688e+01     9.3389464e-01
 1300.0 1350.0     5.6310641e-01    1.8715829e+01     9.3395413e-01
 1350.0 1400.0     5.8256888e-01    1.7440884e+01     9.3390724e-01
 1400.0 1450.0     5.8907098e-01    1.6551443e+01     9.3376276e-01
 1450.0 1500.0     5.9236372e-01    1.5776544e+01     9.3359484e-01
 1500.0 1550.0     5.9567486e-01    1.5037924e+01     9.3342693e-01
 1550.0 1600.0     5.9900452e-01    1.4333884e+01     9.3325902e-01
 1600.0 1650.0     6.0244222e-01    1.3694207e+01     9.3305607e-01
 1650.0 1700.0     6.0613595e-01    1.3163920e+01     9.3276091e-01
 1700.0 1750.0     6.0999919e-01    1.2703723e+01     9.3240859e-01
 1754.0 1770.0     6.1287106e-01    1.2371809e+01     9.3214787e-01
 1770.0 1786.0     6.1411833e-01    1.2231729e+01     9.3203513e-01
 1786.0 1802.0     6.1536815e-01    1.2093235e+01     9.3192239e-01
 1802.0 1818.0     6.1662050e-01    1.1956310e+01     9.3180965e-01
 1818.0 1835.0     6.1791471e-01    1.1816754e+01     9.3169338e-01
 1835.0 1852.0     6.1925093e-01    1.1674647e+01     9.3157359e-01
 1852.0 1869.0     6.2059004e-01    1.1534249e+01     9.3145380e-01
 1869.0 1887.0     6.2197161e-01    1.1391510e+01     9.3133049e-01
 1887.0 1905.0     6.2339581e-01    1.1246510e+01     9.3120365e-01
 1905.0 1923.0     6.2482327e-01    1.1103356e+01     9.3107682e-01
 1923.0 1942.0     6.2629384e-01    1.0958149e+01     9.3094646e-01
 1942.0 1961.0     6.2780770e-01    1.0810969e+01     9.3081257e-01
 1961.0 1980.0     6.2900793e-01    1.0674004e+01     9.3066228e-01
 1980.0 2000.0     6.2972166e-01    1.0548719e+01     9.3048112e-01
 2000.0 2020.0     6.3026463e-01    1.0426607e+01     9.3028550e-01
 2020.0 2041.0     6.3082165e-01    1.0302926e+01     9.3008498e-01
 2041.0 2062.0     6.3139277e-01    1.0177732e+01     9.2987958e-01
 2062.0 2083.0     6.3196441e-01    1.0054059e+01     9.2967418e-01
 2083.0 2105.0     6.3255020e-01    9.9290159e+00     9.2946388e-01
 2105.0 2128.0     6.3316381e-01    9.7998222e+00     9.2924380e-01
 2128.0 2151.0     6.3379167e-01    9.6694760e+00     9.2901884e-01
 2151.0 2174.0     6.3442016e-01    9.5408635e+00     9.2879387e-01
 2174.0 2200.0     6.3509034e-01    9.4058029e+00     9.2855423e-01
 2200.0 2222.0     6.3574747e-01    9.2752205e+00     9.2831948e-01
 2222.0 2247.0     6.3639163e-01    9.1492430e+00     9.2808962e-01
 2247.0 2273.0     6.3709133e-01    9.0144400e+00     9.2784020e-01
 2273.0 2299.0     6.3780553e-01    8.8790189e+00     9.2758589e-01
 2299.0 2326.0     6.3853431e-01    8.7431065e+00     9.2732669e-01
 2326.0 2353.0     6.3927768e-01    8.6067495e+00     9.2706260e-01
 2353.0 2381.0     6.4003571e-01    8.4700729e+00     9.2679362e-01
 2381.0 2410.0     6.4179824e-01    8.3144664e+00     9.2649780e-01
 2410.0 2439.0     6.4467025e-01    8.1412732e+00     9.2617806e-01
 2439.0 2469.0     6.4772035e-01    7.9669639e+00     9.2585081e-01
 2469.0 2500.0     6.5088902e-01    7.7906688e+00     9.2551246e-01
 2500.0 2532.0     6.5417786e-01    7.6126875e+00     9.2516303e-01
 2532.0 2564.0     6.5753578e-01    7.4360121e+00     9.2480804e-01
 2564.0 2597.0     6.6096394e-01    7.2608042e+00     9.2444751e-01
 2597.0 2632.0     6.6456961e-01    7.0819590e+00     9.2407034e-01
 2632.0 2667.0     6.6744849e-01    6.8993923e+00     9.2367313e-01
 2667.0 2703.0     6.6933525e-01    6.7154015e+00     9.2325928e-01
 2703.0 2740.0     6.7109900e-01    6.5307230e+00     9.2283188e-01
 2740.0 2778.0     6.7291591e-01    6.3462729e+00     9.2239276e-01
 2778.0 2817.0     6.7478638e-01    6.1623225e+00     9.2194193e-01
 2817.0 2857.0     6.7671085e-01    5.9791342e+00     9.2147939e-01
 2857.0 2899.0     6.7871424e-01    5.7947816e+00     9.2099928e-01
 2899.0 2941.0     6.8077256e-01    5.6117561e+00     9.2050747e-01
 2941.0 2985.0     6.8228089e-01    5.4351551e+00     9.1999784e-01
 2985.0 3030.0     6.8304115e-01    5.2644423e+00     9.1946230e-01
 3030.0 3077.0     6.8361929e-01    5.0952160e+00     9.1890662e-01
 3077.0 3125.0     6.8421679e-01    4.9261486e+00     9.1833281e-01
 3125.0 3175.0     6.8483371e-01    4.7576481e+00     9.1774088e-01
 3175.0 3225.0     6.8546379e-01    4.5915907e+00     9.1713687e-01
 3225.0 3275.0     6.8635992e-01    4.4318684e+00     9.1653166e-01
 3275.0 3325.0     6.8836628e-01    4.2798906e+00     9.1592145e-01
 3325.0 3375.0     6.9122300e-01    4.1347741e+00     9.1530743e-01
 3375.0 3425.0     6.9409158e-01    3.9945781e+00     9.1469342e-01
 3425.0 3450.0     6.9624970e-01    3.8921253e+00     9.1423291e-01
 3450.0 3550.0     7.0013097e-01    3.7332835e+00     9.1346502e-01
 3550.0 3650.0     7.0953469e-01    3.5271359e+00     9.1223191e-01
 3650.0 3750.0     7.2213217e-01    3.3690225e+00     9.1099446e-01
 3750.0 3850.0     7.3495330e-01    3.2179969e+00     9.0975702e-01
 3850.0 3950.0     7.4861862e-01    3.0802109e+00     9.0851586e-01
 3950.0 4050.0     7.6335378e-01    2.9567729e+00     9.0726980e-01
 4050.0 4150.0     7.7842823e-01    2.8403236e+00     9.0602187e-01
 4150.0 4250.0     7.9290756e-01    2.7288887e+00     9.0476986e-01
 4250.0 4350.0     8.0691358e-01    2.6221787e+00     9.0351447e-01
 4350.0 4450.0     8.2023939e-01    2.5165885e+00     9.0225702e-01
 4450.0 4550.0     8.2953633e-01    2.4018842e+00     9.0099022e-01
 4550.0 4650.0     8.3562950e-01    2.2821353e+00     8.9971614e-01
 4650.0 4750.0     8.4176742e-01    2.1683567e+00     8.9844206e-01
 4750.0 4850.0     8.4795044e-01    2.0602506e+00     8.9716797e-01
 4850.0 4950.0     8.5417886e-01    1.9575343e+00     8.9589389e-01
 4950.0 5050.0     8.6045304e-01    1.8599390e+00     8.9461981e-01
 5050.0 5150.0     8.6677330e-01    1.7672095e+00     8.9334573e-01
 5150.0 5250.0     8.7313999e-01    1.6791031e+00     8.9207164e-01
 5250.0 5350.0     8.7955344e-01    1.5953893e+00     8.9079756e-01
 5350.0 5450.0     8.8601400e-01    1.5158492e+00     8.8952348e-01
 5450.0 5550.0     8.9252201e-01    1.4402747e+00     8.8824940e-01
 5550.0 5650.0     8.9884990e-01    1.3693873e+00     8.8697342e-01
 5650.0 5750.0     9.0369655e-01    1.3078876e+00     8.8568485e-01
 5750.0 5850.0     9.0727297e-01    1.2541479e+00     8.8438556e-01
 5850.0 5950.0     9.1086353e-01    1.2026162e+00     8.8308628e-01
 5950.0 6050.0     9.1446831e-01    1.1532020e+00     8.8178699e-01
 6050.0 6150.0     9.1808736e-01    1.1058181e+00     8.8048770e-01
 6150.0 6250.0     9.2172072e-01    1.0603812e+00     8.7918842e-01
 6250.0 6350.0     9.2536847e-01    1.0168113e+00     8.7788913e-01
 6350.0 6450.0     9.2903065e-01    9.7503155e-01     8.7658984e-01
 6450.0 6550.0     9.3270732e-01    9.3496852e-01     8.7529056e-01
 6550.0 6650.0     9.3639855e-01    8.9655164e-01     8.7399127e-01
 6650.0 6750.0     9.4010438e-01    8.5971327e-01     8.7269199e-01
 6750.0 6850.0     9.4382488e-01    8.2438855e-01     8.7139270e-01
 6850.0 6950.0     9.4692364e-01    7.9266350e-01     8.7008045e-01
 6950.0 7050.0     9.4900583e-01    7.6558861e-01     8.6874731e-01
 7050.0 7150.0     9.5070208e-01    7.4071586e-01     8.6740621e-01
 7150.0 7250.0     9.5240137e-01    7.1665119e-01     8.6606512e-01
 7250.0 7350.0     9.5410368e-01    6.9336835e-01     8.6472403e-01
 7350.0 7450.0     9.5580905e-01    6.7084192e-01     8.6338294e-01
 7450.0 7550.0     9.5751746e-01    6.4904734e-01     8.6204185e-01
 7550.0 7650.0     9.5922892e-01    6.2796084e-01     8.6070076e-01
 7650.0 7750.0     9.6094344e-01    6.0755940e-01     8.5935966e-01
 7750.0 7850.0     9.6266103e-01    5.8782077e-01     8.5801857e-01
 7850.0 7950.0     9.6438169e-01    5.6872341e-01     8.5667748e-01
 7950.0 8050.0     9.6610542e-01    5.5024650e-01     8.5533639e-01
 8050.0 8150.0     9.6783223e-01    5.3236988e-01     8.5399530e-01
 8150.0 8250.0     9.6956213e-01    5.1507403e-01     8.5265421e-01
 8250.0 8350.0     9.7129512e-01    4.9834011e-01     8.5131312e-01
 8350.0 8450.0     9.7303121e-01    4.8214983e-01     8.4997202e-01
 8450.0 8550.0     9.7477041e-01    4.6648556e-01     8.4863093e-01
