 1216.0 1216.0     4.4521522e-01    4.3580620e+01     9.5740075e-01
 1300.0 1350.0     5.1416702e-01    3.6498525e+01     9.5760366e-01
 1350.0 1400.0     5.3801761e-01    3.4161691e+01     9.5764694e-01
 1400.0 1450.0     5.4856916e-01    3.2672302e+01     9.5762470e-01
 1450.0 1500.0     5.5584016e-01    3.1410600e+01     9.5758673e-01
 1500.0 1550.0     5.6320753e-01    3.0197620e+01     9.5754876e-01
 1550.0 1600.0     5.7067256e-01    2.9031482e+01     9.5751079e-01
 1600.0 1650.0     5.7800455e-01    2.7964173e+01     9.5744993e-01
 1650.0 1700.0     5.8481605e-01    2.7075158e+01     9.5732881e-01
 1700.0 1750.0     5.9132527e-01    2.6299830e+01     9.5717034e-01
 1754.0 1770.0     5.9618050e-01    2.5737979e+01     9.5705307e-01
 1770.0 1786.0     5.9829594e-01    2.5499793e+01     9.5700236e-01
 1786.0 1802.0     6.0041888e-01    2.5263812e+01     9.5695165e-01
 1802.0 1818.0     6.0254937e-01    2.5030014e+01     9.5690093e-01
 1818.0 1835.0     6.0475446e-01    2.4791211e+01     9.5684864e-01
 1835.0 1852.0     6.0703470e-01    2.4547519e+01     9.5679476e-01
 1852.0 1869.0     6.0932353e-01    2.4306222e+01     9.5674088e-01
 1869.0 1887.0     6.1168882e-01    2.4060341e+01     9.5668541e-01
 1887.0 1905.0     6.1413114e-01    2.3809993e+01     9.5662836e-01
 1905.0 1923.0     6.1658321e-01    2.3562250e+01     9.5657131e-01
 1923.0 1942.0     6.1911374e-01    2.3310348e+01     9.5651267e-01
 1942.0 1961.0     6.2172333e-01    2.3054404e+01     9.5645245e-01
 1961.0 1980.0     6.2392457e-01    2.2817292e+01     9.5638201e-01
 1980.0 2000.0     6.2550380e-01    2.2602704e+01     9.5629293e-01
 2000.0 2020.0     6.2687637e-01    2.2394188e+01     9.5619545e-01
 2020.0 2041.0     6.2828641e-01    2.2182479e+01     9.5609553e-01
 2041.0 2062.0     6.2973409e-01    2.1967658e+01     9.5599318e-01
 2062.0 2083.0     6.3118510e-01    2.1754916e+01     9.5589083e-01
 2083.0 2105.0     6.3267417e-01    2.1539269e+01     9.5578604e-01
 2105.0 2128.0     6.3423626e-01    2.1315880e+01     9.5567637e-01
 2128.0 2151.0     6.3583701e-01    2.1089896e+01     9.5556427e-01
 2151.0 2174.0     6.3744179e-01    2.0866307e+01     9.5545217e-01
 2174.0 2200.0     6.3915583e-01    2.0630824e+01     9.5533276e-01
 2200.0 2222.0     6.4083904e-01    2.0402540e+01     9.5521578e-01
 2222.0 2247.0     6.4249179e-01    2.0181638e+01     9.5510124e-01
 2247.0 2273.0     6.4428993e-01    1.9944586e+01     9.5497696e-01
 2273.0 2299.0     6.4612845e-01    1.9705726e+01     9.5485023e-01
 2299.0 2326.0     6.4800778e-01    1.9465243e+01     9.5472107e-01
 2326.0 2353.0     6.4992814e-01    1.9223212e+01     9.5458948e-01
 2353.0 2381.0     6.5188997e-01    1.8979821e+01     9.5445544e-01
 2381.0 2410.0     6.5485484e-01    1.8700416e+01     9.5430668e-01
 2410.0 2439.0     6.5890355e-01    1.8387016e+01     9.5414448e-01
 2439.0 2469.0     6.6315745e-01    1.8070144e+01     9.5397833e-01
 2469.0 2500.0     6.6758444e-01    1.7748271e+01     9.5380655e-01
 2500.0 2532.0     6.7218760e-01    1.7421863e+01     9.5362914e-01
 2532.0 2564.0     6.7689607e-01    1.7096372e+01     9.5344891e-01
 2564.0 2597.0     6.8171213e-01    1.6772066e+01     9.5326586e-01
 2597.0 2632.0     6.8678742e-01    1.6439423e+01     9.5307437e-01
 2632.0 2667.0     6.9112104e-01    1.6098036e+01     9.5287274e-01
 2667.0 2703.0     6.9440412e-01    1.5752037e+01     9.5266272e-01
 2703.0 2740.0     6.9759748e-01    1.5402847e+01     9.5244582e-01
 2740.0 2778.0     7.0089363e-01    1.5052151e+01     9.5222298e-01
 2778.0 2817.0     7.0429388e-01    1.4700408e+01     9.5199420e-01
 2817.0 2857.0     7.0779959e-01    1.4348070e+01     9.5175947e-01
 2857.0 2899.0     7.1145700e-01    1.3991335e+01     9.5151583e-01
 2899.0 2941.0     7.1522298e-01    1.3634986e+01     9.5126625e-01
 2941.0 2985.0     7.1836083e-01    1.3286509e+01     9.5100846e-01
 2985.0 3030.0     7.2064116e-01    1.2944238e+01     9.5073869e-01
 3030.0 3077.0     7.2275098e-01    1.2602041e+01     9.5045904e-01
 3077.0 3125.0     7.2493605e-01    1.2258127e+01     9.5017028e-01
 3125.0 3175.0     7.2719707e-01    1.1913235e+01     9.4987239e-01
 3175.0 3225.0     7.2951144e-01    1.1571206e+01     9.4956843e-01
 3225.0 3275.0     7.3202365e-01    1.1239961e+01     9.4926428e-01
 3275.0 3325.0     7.3534112e-01    1.0922125e+01     9.4895939e-01
 3325.0 3375.0     7.3928019e-01    1.0616242e+01     9.4865393e-01
 3375.0 3425.0     7.4324036e-01    1.0318925e+01     9.4834848e-01
 3425.0 3450.0     7.4622241e-01    1.0100650e+01     9.4811938e-01
 3450.0 3550.0     7.5139975e-01    9.7599558e+00     9.4773773e-01
 3550.0 3650.0     7.6175817e-01    9.3240890e+00     9.4712913e-01
 3650.0 3750.0     7.7421469e-01    8.9961594e+00     9.4652249e-01
 3750.0 3850.0     7.8687491e-01    8.6797632e+00     9.4591585e-01
 3850.0 3950.0     7.9994006e-01    8.3920080e+00     9.4531067e-01
 3950.0 4050.0     8.1348366e-01    8.1367162e+00     9.4470742e-01
 4050.0 4150.0     8.2714723e-01    7.8946952e+00     9.4410500e-01
 4150.0 4250.0     8.4001021e-01    7.6606038e+00     9.4350474e-01
 4250.0 4350.0     8.5221689e-01    7.4340571e+00     9.4290626e-01
 4350.0 4450.0     8.6379025e-01    7.2043033e+00     9.4230933e-01
 4450.0 4550.0     8.7181255e-01    6.9379822e+00     9.4171936e-01
 4550.0 4650.0     8.7702065e-01    6.6478949e+00     9.4113482e-01
 4650.0 4750.0     8.8225987e-01    6.3699366e+00     9.4055028e-01
 4750.0 4850.0     8.8753039e-01    6.1036001e+00     9.3996575e-01
 4850.0 4950.0     8.9283239e-01    5.8483996e+00     9.3938121e-01
 4950.0 5050.0     8.9816607e-01    5.6038694e+00     9.3879668e-01
 5050.0 5150.0     9.0353160e-01    5.3695633e+00     9.3821214e-01
 5150.0 5250.0     9.0892920e-01    5.1450539e+00     9.3762761e-01
 5250.0 5350.0     9.1435903e-01    4.9299316e+00     9.3704307e-01
 5350.0 5450.0     9.1982131e-01    4.7238039e+00     9.3645854e-01
 5450.0 5550.0     9.2531621e-01    4.5262947e+00     9.3587400e-01
 5550.0 5650.0     9.3062418e-01    4.3389913e+00     9.3529140e-01
 5650.0 5750.0     9.3449271e-01    4.1720049e+00     9.3472171e-01
 5750.0 5850.0     9.3712882e-01    4.0220896e+00     9.3416300e-01
 5850.0 5950.0     9.3977236e-01    3.8775612e+00     9.3360429e-01
 5950.0 6050.0     9.4242336e-01    3.7382264e+00     9.3304557e-01
 6050.0 6150.0     9.4508184e-01    3.6038983e+00     9.3248686e-01
 6150.0 6250.0     9.4774782e-01    3.4743971e+00     9.3192815e-01
 6250.0 6350.0     9.5042132e-01    3.3495494e+00     9.3136943e-01
 6350.0 6450.0     9.5310236e-01    3.2291879e+00     9.3081072e-01
 6450.0 6550.0     9.5579096e-01    3.1131514e+00     9.3025200e-01
 6550.0 6650.0     9.5848715e-01    3.0012846e+00     9.2969329e-01
 6650.0 6750.0     9.6119094e-01    2.8934375e+00     9.2913458e-01
 6750.0 6850.0     9.6390236e-01    2.7894658e+00     9.2857586e-01
 6850.0 6950.0     9.6612642e-01    2.6948816e+00     9.2802467e-01
 6950.0 7050.0     9.6755717e-01    2.6125330e+00     9.2748561e-01
 7050.0 7150.0     9.6868645e-01    2.5360703e+00     9.2695117e-01
 7150.0 7250.0     9.6981704e-01    2.4618454e+00     9.2641672e-01
 7250.0 7350.0     9.7094896e-01    2.3897930e+00     9.2588227e-01
 7350.0 7450.0     9.7208220e-01    2.3198493e+00     9.2534783e-01
 7450.0 7550.0     9.7321675e-01    2.2519528e+00     9.2481338e-01
 7550.0 7650.0     9.7435264e-01    2.1860434e+00     9.2427894e-01
 7650.0 7750.0     9.7548985e-01    2.1220630e+00     9.2374449e-01
 7750.0 7850.0     9.7662838e-01    2.0599552e+00     9.2321004e-01
 7850.0 7950.0     9.7776825e-01    1.9996651e+00     9.2267560e-01
 7950.0 8050.0     9.7890945e-01    1.9411396e+00     9.2214115e-01
 8050.0 8150.0     9.8005197e-01    1.8843270e+00     9.2160670e-01
 8150.0 8250.0     9.8119584e-01    1.8291772e+00     9.2107226e-01
 8250.0 8350.0     9.8234103e-01    1.7756414e+00     9.2053781e-01
 8350.0 8450.0     9.8348756e-01    1.7236725e+00     9.2000336e-01
 8450.0 8550.0     9.8463544e-01    1.6732247e+00     9.1946892e-01
