 1216.0 1216.0     4.1350854e-01    5.8982917e+01     9.6498738e-01
 1300.0 1350.0     4.8435294e-01    4.9203763e+01     9.6519334e-01
 1350.0 1400.0     5.0945136e-01    4.6037921e+01     9.6524610e-01
 1400.0 1450.0     5.2136521e-01    4.4107151e+01     9.6524400e-01
 1450.0 1500.0     5.3004221e-01    4.2498345e+01     9.6522872e-01
 1500.0 1550.0     5.3886361e-01    4.0948220e+01     9.6521344e-01
 1550.0 1600.0     5.4783183e-01    3.9454635e+01     9.6519816e-01
 1600.0 1650.0     5.5659862e-01    3.8086191e+01     9.6516383e-01
 1650.0 1700.0     5.6457522e-01    3.6948066e+01     9.6507937e-01
 1700.0 1750.0     5.7208670e-01    3.5956356e+01     9.6496382e-01
 1754.0 1770.0     5.7769814e-01    3.5236741e+01     9.6487832e-01
 1770.0 1786.0     5.8014665e-01    3.4931288e+01     9.6484134e-01
 1786.0 1802.0     5.8260553e-01    3.4628483e+01     9.6480437e-01
 1802.0 1818.0     5.8507483e-01    3.4328302e+01     9.6476739e-01
 1818.0 1835.0     5.8763243e-01    3.4021508e+01     9.6472926e-01
 1835.0 1852.0     5.9027905e-01    3.3708242e+01     9.6468997e-01
 1852.0 1869.0     5.9293759e-01    3.3397861e+01     9.6465069e-01
 1869.0 1887.0     5.9568701e-01    3.3081379e+01     9.6461024e-01
 1887.0 1905.0     5.9852810e-01    3.2758939e+01     9.6456865e-01
 1905.0 1923.0     6.0138274e-01    3.2439642e+01     9.6452705e-01
 1923.0 1942.0     6.0433106e-01    3.2114762e+01     9.6448430e-01
 1942.0 1961.0     6.0737391e-01    3.1784443e+01     9.6444039e-01
 1961.0 1980.0     6.0997499e-01    3.1480712e+01     9.6438808e-01
 1980.0 2000.0     6.1190604e-01    3.1209974e+01     9.6432063e-01
 2000.0 2020.0     6.1361884e-01    3.0948450e+01     9.6424642e-01
 2020.0 2041.0     6.1537950e-01    3.0682690e+01     9.6417035e-01
 2041.0 2062.0     6.1718828e-01    3.0412786e+01     9.6409243e-01
 2062.0 2083.0     6.1900237e-01    3.0145257e+01     9.6401451e-01
 2083.0 2105.0     6.2086525e-01    2.9873823e+01     9.6393473e-01
 2105.0 2128.0     6.2282078e-01    2.9592382e+01     9.6385124e-01
 2128.0 2151.0     6.2482605e-01    2.9307397e+01     9.6376590e-01
 2151.0 2174.0     6.2683779e-01    2.9025157e+01     9.6368056e-01
 2174.0 2200.0     6.2898807e-01    2.8727592e+01     9.6358965e-01
 2200.0 2222.0     6.3110111e-01    2.8438846e+01     9.6350060e-01
 2222.0 2247.0     6.3317751e-01    2.8159134e+01     9.6341340e-01
 2247.0 2273.0     6.3543820e-01    2.7858664e+01     9.6331878e-01
 2273.0 2299.0     6.3775144e-01    2.7555572e+01     9.6322231e-01
 2299.0 2326.0     6.4011792e-01    2.7250077e+01     9.6312398e-01
 2326.0 2353.0     6.4253800e-01    2.6942268e+01     9.6302380e-01
 2353.0 2381.0     6.4501238e-01    2.6632366e+01     9.6292176e-01
 2381.0 2410.0     6.4850133e-01    2.6275319e+01     9.6280796e-01
 2410.0 2439.0     6.5307688e-01    2.5873502e+01     9.6268333e-01
 2439.0 2469.0     6.5787302e-01    2.5466544e+01     9.6255561e-01
 2469.0 2500.0     6.6286877e-01    2.5052519e+01     9.6242356e-01
 2500.0 2532.0     6.6806815e-01    2.4631984e+01     9.6228718e-01
 2532.0 2564.0     6.7339149e-01    2.4211945e+01     9.6214863e-01
 2564.0 2597.0     6.7884176e-01    2.3792730e+01     9.6200792e-01
 2597.0 2632.0     6.8459116e-01    2.3361990e+01     9.6186072e-01
 2632.0 2667.0     6.8959733e-01    2.2922847e+01     9.6170562e-01
 2667.0 2703.0     6.9353193e-01    2.2481322e+01     9.6154395e-01
 2703.0 2740.0     6.9739516e-01    2.2035441e+01     9.6137696e-01
 2740.0 2778.0     7.0138665e-01    2.1586552e+01     9.6120540e-01
 2778.0 2817.0     7.0550835e-01    2.1135205e+01     9.6102927e-01
 2817.0 2857.0     7.0976228e-01    2.0681940e+01     9.6084856e-01
 2857.0 2899.0     7.1420505e-01    2.0221804e+01     9.6066099e-01
 2899.0 2941.0     7.1878467e-01    1.9760933e+01     9.6046884e-01
 2941.0 2985.0     7.2269056e-01    1.9309028e+01     9.6027045e-01
 2985.0 3030.0     7.2567390e-01    1.8863979e+01     9.6006292e-01
 3030.0 3077.0     7.2848970e-01    1.8417771e+01     9.5984783e-01
 3077.0 3125.0     7.3140872e-01    1.7968029e+01     9.5962572e-01
 3125.0 3175.0     7.3443224e-01    1.7515647e+01     9.5939659e-01
 3175.0 3225.0     7.3753022e-01    1.7065656e+01     9.5916279e-01
 3225.0 3275.0     7.4080181e-01    1.6628358e+01     9.5892891e-01
 3275.0 3325.0     7.4475968e-01    1.6206889e+01     9.5869470e-01
 3325.0 3375.0     7.4925025e-01    1.5799598e+01     9.5846023e-01
 3375.0 3425.0     7.5376790e-01    1.5402542e+01     9.5822577e-01
 3425.0 3450.0     7.5717144e-01    1.5110395e+01     9.5804992e-01
 3450.0 3550.0     7.6302274e-01    1.4652624e+01     9.5775702e-01
 3550.0 3650.0     7.7399361e-01    1.4067857e+01     9.5729064e-01
 3650.0 3750.0     7.8661058e-01    1.3628538e+01     9.5682642e-01
 3750.0 3850.0     7.9943322e-01    1.3202939e+01     9.5636221e-01
 3850.0 3950.0     8.1251441e-01    1.2816833e+01     9.5578830e-01
 3950.0 4050.0     8.2587506e-01    1.2476347e+01     9.5507005e-01
 4050.0 4150.0     8.3928562e-01    1.2153005e+01     9.5436434e-01
 4150.0 4250.0     8.5180843e-01    1.1838162e+01     9.5393607e-01
 4250.0 4350.0     8.6359920e-01    1.1531576e+01     9.5373808e-01
 4350.0 4450.0     8.7477229e-01    1.1218006e+01     9.5351339e-01
 4450.0 4550.0     8.8251910e-01    1.0846972e+01     9.5316735e-01
 4550.0 4650.0     8.8755265e-01    1.0437363e+01     9.5272664e-01
 4650.0 4750.0     8.9261491e-01    1.0043222e+01     9.5228594e-01
 4750.0 4850.0     8.9770605e-01    9.6639645e+00     9.5184523e-01
 4850.0 4950.0     9.0282622e-01    9.2990288e+00     9.5140453e-01
 4950.0 5050.0     9.0797560e-01    8.9478739e+00     9.5096383e-01
 5050.0 5150.0     9.1315434e-01    8.6099795e+00     9.5052312e-01
 5150.0 5250.0     9.1836263e-01    8.2848449e+00     9.5008242e-01
 5250.0 5350.0     9.2360061e-01    7.9719881e+00     9.4964171e-01
 5350.0 5450.0     9.2886848e-01    7.6709457e+00     9.4920101e-01
 5450.0 5550.0     9.3416639e-01    7.3812713e+00     9.4876031e-01
 5550.0 5650.0     9.3927077e-01    7.1049245e+00     9.4832157e-01
 5650.0 5750.0     9.4290686e-01    6.8543766e+00     9.4789594e-01
 5750.0 5850.0     9.4528624e-01    6.6257523e+00     9.4748144e-01
 5850.0 5950.0     9.4767162e-01    6.4047536e+00     9.4706695e-01
 5950.0 6050.0     9.5006303e-01    6.1911263e+00     9.4665246e-01
 6050.0 6150.0     9.5246046e-01    5.9846244e+00     9.4623797e-01
 6150.0 6250.0     9.5486395e-01    5.7850102e+00     9.4582347e-01
 6250.0 6350.0     9.5727351e-01    5.5920541e+00     9.4540898e-01
 6350.0 6450.0     9.5968914e-01    5.4055339e+00     9.4499449e-01
 6450.0 6550.0     9.6211087e-01    5.2252350e+00     9.4458000e-01
 6550.0 6650.0     9.6453871e-01    5.0509499e+00     9.4416550e-01
 6650.0 6750.0     9.6697268e-01    4.8824780e+00     9.4375101e-01
 6750.0 6850.0     9.6941279e-01    4.7196254e+00     9.4333652e-01
 6850.0 6950.0     9.7139969e-01    4.5702118e+00     9.4293016e-01
 6950.0 7050.0     9.7264975e-01    4.4383241e+00     9.4253691e-01
 7050.0 7150.0     9.7361972e-01    4.3150220e+00     9.4214864e-01
 7150.0 7250.0     9.7459066e-01    4.1951455e+00     9.4176037e-01
 7250.0 7350.0     9.7556258e-01    4.0785993e+00     9.4137210e-01
 7350.0 7450.0     9.7653546e-01    3.9652908e+00     9.4098383e-01
 7450.0 7550.0     9.7750931e-01    3.8551302e+00     9.4059557e-01
 7550.0 7650.0     9.7848413e-01    3.7480301e+00     9.4020730e-01
 7650.0 7750.0     9.7945992e-01    3.6439052e+00     9.3981903e-01
 7750.0 7850.0     9.8043669e-01    3.5426731e+00     9.3943076e-01
 7850.0 7950.0     9.8141443e-01    3.4442534e+00     9.3904249e-01
 7950.0 8050.0     9.8239315e-01    3.3485678e+00     9.3865423e-01
 8050.0 8150.0     9.8337284e-01    3.2555406e+00     9.3826596e-01
 8150.0 8250.0     9.8435351e-01    3.1650977e+00     9.3787769e-01
 8250.0 8350.0     9.8533516e-01    3.0771674e+00     9.3748942e-01
 8350.0 8450.0     9.8631778e-01    2.9916800e+00     9.3710116e-01
 8450.0 8550.0     9.8730139e-01    2.9085675e+00     9.3671289e-01
