 1216.0 1216.0     2.4898821e-02    2.0620453e-01     2.0832136e-02
 1300.0 1350.0     2.1158414e-02    1.5216210e-01     1.7567249e-02
 1350.0 1400.0     1.9411081e-02    1.3644916e-01     1.6270066e-02
 1400.0 1450.0     1.7530244e-02    1.2803108e-01     1.5236659e-02
 1450.0 1500.0     1.5770254e-02    1.2144415e-01     1.4266559e-02
 1500.0 1550.0     1.4186962e-02    1.1519611e-01     1.3296459e-02
 1550.0 1600.0     1.2762629e-02    1.0926952e-01     1.2326358e-02
 1600.0 1650.0     1.1560867e-02    1.0381549e-01     1.1443024e-02
 1650.0 1700.0     1.0673181e-02    9.9063087e-02     1.0788021e-02
 1700.0 1750.0     9.9758301e-03    9.4790396e-02     1.0274584e-02
 1754.0 1770.0     9.4844346e-03    9.1727692e-02     9.8946405e-03
 1770.0 1786.0     9.2815626e-03    9.0442646e-02     9.7303406e-03
 1786.0 1802.0     9.0830301e-03    8.9175603e-02     9.5660407e-03
 1802.0 1818.0     8.8887441e-03    8.7926310e-02     9.4017408e-03
 1818.0 1835.0     8.6928039e-03    8.6656583e-02     9.2323066e-03
 1835.0 1852.0     8.4953766e-03    8.5367272e-02     9.0577380e-03
 1852.0 1869.0     8.3024333e-03    8.4097144e-02     8.8831694e-03
 1869.0 1887.0     8.1084562e-03    8.2809678e-02     8.7034664e-03
 1887.0 1905.0     7.9135989e-03    8.1505701e-02     8.5186290e-03
 1905.0 1923.0     7.7234243e-03    8.0222258e-02     8.3337917e-03
 1923.0 1942.0     7.5327919e-03    7.8924504e-02     8.1438199e-03
 1942.0 1961.0     7.3418403e-03    7.7613239e-02     7.9487138e-03
 1961.0 1980.0     7.1649005e-03    7.6435771e-02     7.7803701e-03
 1980.0 2000.0     7.0027145e-03    7.5429116e-02     7.6514959e-03
 2000.0 2020.0     6.8455063e-03    7.4476513e-02     7.5353286e-03
 2020.0 2041.0     6.6880742e-03    7.3512732e-02     7.4162572e-03
 2041.0 2062.0     6.5305115e-03    7.2538221e-02     7.2942815e-03
 2062.0 2083.0     6.3766608e-03    7.1576629e-02     7.1723059e-03
 2083.0 2105.0     6.2229444e-03    7.0605499e-02     7.0474261e-03
 2105.0 2128.0     6.0660449e-03    6.9603307e-02     6.9167379e-03
 2128.0 2151.0     5.9097030e-03    6.8593386e-02     6.7831456e-03
 2151.0 2174.0     5.7573905e-03    6.7598119e-02     6.6495532e-03
 2174.0 2200.0     5.5995927e-03    6.6554317e-02     6.5072484e-03
 2200.0 2222.0     5.4489146e-03    6.5546334e-02     6.3678476e-03
 2222.0 2247.0     5.3055862e-03    6.4575217e-02     6.2313511e-03
 2247.0 2273.0     5.1542368e-03    6.3537394e-02     6.0832379e-03
 2273.0 2299.0     5.0043224e-03    6.2496229e-02     5.9322204e-03
 2299.0 2326.0     4.8560525e-03    6.1452761e-02     5.7782988e-03
 2326.0 2353.0     4.7094613e-03    6.0407357e-02     5.6214730e-03
 2353.0 2381.0     4.5647440e-03    5.9361038e-02     5.4617430e-03
 2381.0 2410.0     4.4456347e-03    5.8010012e-02     5.3219236e-03
 2410.0 2439.0     4.3564495e-03    5.6355313e-02     5.2078863e-03
 2439.0 2469.0     4.2706067e-03    5.4688532e-02     5.0949017e-03
 2469.0 2500.0     4.1836320e-03    5.3017064e-02     4.9780870e-03
 2500.0 2532.0     4.0956647e-03    5.1344402e-02     4.8574423e-03
 2532.0 2564.0     4.0081802e-03    4.9698804e-02     4.7348827e-03
 2564.0 2597.0     3.9212557e-03    4.8081873e-02     4.6104080e-03
 2597.0 2632.0     3.8323511e-03    4.6446999e-02     4.4801884e-03
 2632.0 2667.0     3.7392431e-03    4.4897556e-02     4.3595603e-03
 2667.0 2703.0     3.6426632e-03    4.3472301e-02     4.2536785e-03
 2703.0 2740.0     3.5452055e-03    4.2069781e-02     4.1476692e-03
 2740.0 2778.0     3.4477926e-03    4.0675947e-02     4.0387555e-03
 2778.0 2817.0     3.3505661e-03    3.9292973e-02     3.9269374e-03
 2817.0 2857.0     3.2536629e-03    3.7922933e-02     3.8122150e-03
 2857.0 2899.0     3.1560610e-03    3.6551670e-02     3.6931360e-03
 2899.0 2941.0     3.0590780e-03    3.5197762e-02     3.5711526e-03
 2941.0 2985.0     2.9630323e-03    3.3951555e-02     3.4593802e-03
 2985.0 3030.0     2.8669563e-03    3.2823430e-02     3.3611358e-03
 3030.0 3077.0     2.7709741e-03    3.1726041e-02     3.2640988e-03
 3077.0 3125.0     2.6752156e-03    3.0631158e-02     3.1638975e-03
 3125.0 3175.0     2.5799168e-03    2.9541476e-02     3.0605320e-03
 3175.0 3225.0     2.4861376e-03    2.8469116e-02     2.9550570e-03
 3225.0 3275.0     2.4000664e-03    2.7414645e-02     2.8528519e-03
 3275.0 3325.0     2.3345494e-03    2.6314312e-02     2.7642710e-03
 3325.0 3375.0     2.2841643e-03    2.5194403e-02     2.6860446e-03
 3375.0 3425.0     2.2348665e-03    2.4122156e-02     2.6078182e-03
 3425.0 3450.0     2.1984946e-03    2.3343886e-02     2.5491484e-03
 3450.0 3550.0     2.1436694e-03    2.2124501e-02     2.4532862e-03
 3550.0 3650.0     2.1031834e-03    2.0234086e-02     2.3227634e-03
 3650.0 3750.0     2.1078833e-03    1.8465271e-02     2.2143292e-03
 3750.0 3850.0     2.1125936e-03    1.6851081e-02     2.1058949e-03
 3850.0 3950.0     2.1383083e-03    1.5309205e-02     2.0066364e-03
 3950.0 4050.0     2.1924022e-03    1.3820405e-02     1.9194513e-03
 4050.0 4150.0     2.2568152e-03    1.2449017e-02     1.8363248e-03
 4150.0 4250.0     2.3356318e-03    1.1171334e-02     1.7600288e-03
 4250.0 4350.0     2.4276918e-03    9.9903895e-03     1.6894020e-03
 4350.0 4450.0     2.5164728e-03    8.9468497e-03     1.6208876e-03
 4450.0 4550.0     2.5766009e-03    8.0651216e-03     1.5619747e-03
 4550.0 4650.0     2.6133950e-03    7.3107182e-03     1.5105509e-03
 4650.0 4750.0     2.6507146e-03    6.6268810e-03     1.4591272e-03
 4750.0 4850.0     2.6885671e-03    6.0070092e-03     1.4077034e-03
 4850.0 4950.0     2.7269601e-03    5.4451196e-03     1.3562797e-03
 4950.0 5050.0     2.7659014e-03    4.9357886e-03     1.3048560e-03
 5050.0 5150.0     2.8053987e-03    4.4740999e-03     1.2534322e-03
 5150.0 5250.0     2.8454601e-03    4.0555971e-03     1.2020085e-03
 5250.0 5350.0     2.8860936e-03    3.6762406e-03     1.1505847e-03
 5350.0 5450.0     2.9273073e-03    3.3323687e-03     1.0991610e-03
 5450.0 5550.0     2.9691095e-03    3.0206623e-03     1.0477372e-03
 5550.0 5650.0     3.0136620e-03    2.7394365e-03     9.9819568e-04
 5650.0 5750.0     3.0734907e-03    2.4925478e-03     9.6120194e-04
 5750.0 5850.0     3.1470105e-03    2.2747588e-03     9.3487381e-04
 5850.0 5950.0     3.2222889e-03    2.0759993e-03     9.0854569e-04
 5950.0 6050.0     3.2993680e-03    1.8946066e-03     8.8221757e-04
 6050.0 6150.0     3.3782909e-03    1.7290633e-03     8.5588945e-04
 6150.0 6250.0     3.4591017e-03    1.5779845e-03     8.2956133e-04
 6250.0 6350.0     3.5418455e-03    1.4401064e-03     8.0323321e-04
 6350.0 6450.0     3.6265686e-03    1.3142756e-03     7.7690509e-04
 6450.0 6550.0     3.7133184e-03    1.1994393e-03     7.5057696e-04
 6550.0 6650.0     3.8021432e-03    1.0946370e-03     7.2424884e-04
 6650.0 6750.0     3.8930928e-03    9.9899191e-04     6.9792072e-04
 6750.0 6850.0     3.9862180e-03    9.1170392e-04     6.7159260e-04
 6850.0 6950.0     4.0876412e-03    8.3427351e-04     6.4924154e-04
 6950.0 7050.0     4.2015544e-03    7.6691634e-04     6.3330509e-04
 7050.0 7150.0     4.3224754e-03    7.0625991e-04     6.1980617e-04
 7150.0 7250.0     4.4468766e-03    6.5040089e-04     6.0630724e-04
 7250.0 7350.0     4.5748580e-03    5.9895983e-04     5.9280832e-04
 7350.0 7450.0     4.7065227e-03    5.5158731e-04     5.7930940e-04
 7450.0 7550.0     4.8419767e-03    5.0796154e-04     5.6581047e-04
 7550.0 7650.0     4.9813291e-03    4.6778620e-04     5.5231155e-04
 7650.0 7750.0     5.1246921e-03    4.3078837e-04     5.3881263e-04
 7750.0 7850.0     5.2721811e-03    3.9671675e-04     5.2531370e-04
 7850.0 7950.0     5.4239148e-03    3.6533990e-04     5.1181478e-04
 7950.0 8050.0     5.5800154e-03    3.3644469e-04     4.9831586e-04
 8050.0 8150.0     5.7406086e-03    3.0983484e-04     4.8481693e-04
 8150.0 8250.0     5.9058237e-03    2.8532959e-04     4.7131801e-04
 8250.0 8350.0     6.0757937e-03    2.6276250e-04     4.5781909e-04
 8350.0 8450.0     6.2506554e-03    2.4198027e-04     4.4432017e-04
 8450.0 8550.0     6.4305497e-03    2.2284173e-04     4.3082124e-04
