 1216.0 1216.0     4.5620638e-01    3.8989194e+01     9.5418042e-01
 1300.0 1350.0     5.2411765e-01    3.2673298e+01     9.5437582e-01
 1350.0 1400.0     5.4738310e-01    3.0574896e+01     9.5441239e-01
 1400.0 1450.0     5.5736066e-01    2.9215624e+01     9.5437914e-01
 1450.0 1500.0     5.6405629e-01    2.8057613e+01     9.5432915e-01
 1500.0 1550.0     5.7083234e-01    2.6945502e+01     9.5427915e-01
 1550.0 1600.0     5.7768980e-01    2.5877472e+01     9.5422915e-01
 1600.0 1650.0     5.8444134e-01    2.4900342e+01     9.5415458e-01
 1650.0 1700.0     5.9077306e-01    2.4085576e+01     9.5401534e-01
 1700.0 1750.0     5.9686308e-01    2.3374521e+01     9.5383601e-01
 1754.0 1770.0     6.0140298e-01    2.2859587e+01     9.5370331e-01
 1770.0 1786.0     6.0337994e-01    2.2641427e+01     9.5364593e-01
 1786.0 1802.0     6.0536340e-01    2.2425350e+01     9.5358854e-01
 1802.0 1818.0     6.0735338e-01    2.2211334e+01     9.5353116e-01
 1818.0 1835.0     6.0941250e-01    2.1992802e+01     9.5347198e-01
 1835.0 1852.0     6.1154121e-01    2.1769863e+01     9.5341101e-01
 1852.0 1869.0     6.1367736e-01    2.1549185e+01     9.5335004e-01
 1869.0 1887.0     6.1588424e-01    2.1324385e+01     9.5328727e-01
 1887.0 1905.0     6.1816234e-01    2.1095575e+01     9.5322272e-01
 1905.0 1923.0     6.2044886e-01    2.0869220e+01     9.5315816e-01
 1923.0 1942.0     6.2280784e-01    2.0639142e+01     9.5309181e-01
 1942.0 1961.0     6.2523978e-01    2.0405451e+01     9.5302366e-01
 1961.0 1980.0     6.2728002e-01    2.0188642e+01     9.5294452e-01
 1980.0 2000.0     6.2872263e-01    1.9991826e+01     9.5284525e-01
 2000.0 2020.0     6.2996528e-01    1.9800372e+01     9.5273686e-01
 2020.0 2041.0     6.3124157e-01    1.9606058e+01     9.5262575e-01
 2041.0 2062.0     6.3255164e-01    1.9408958e+01     9.5251194e-01
 2062.0 2083.0     6.3386443e-01    1.9213839e+01     9.5239812e-01
 2083.0 2105.0     6.3521134e-01    1.9016131e+01     9.5228160e-01
 2105.0 2128.0     6.3662396e-01    1.8811404e+01     9.5215966e-01
 2128.0 2151.0     6.3807117e-01    1.8604382e+01     9.5203500e-01
 2151.0 2174.0     6.3952168e-01    1.8399638e+01     9.5191035e-01
 2174.0 2200.0     6.4107053e-01    1.8184096e+01     9.5177756e-01
 2200.0 2222.0     6.4259115e-01    1.7975226e+01     9.5164749e-01
 2222.0 2247.0     6.4408383e-01    1.7773202e+01     9.5152013e-01
 2247.0 2273.0     6.4570740e-01    1.7556501e+01     9.5138192e-01
 2273.0 2299.0     6.4736697e-01    1.7338244e+01     9.5124101e-01
 2299.0 2326.0     6.4906290e-01    1.7118609e+01     9.5109739e-01
 2326.0 2353.0     6.5079534e-01    1.6897664e+01     9.5095106e-01
 2353.0 2381.0     6.5256467e-01    1.6675585e+01     9.5080201e-01
 2381.0 2410.0     6.5533180e-01    1.6420820e+01     9.5063686e-01
 2410.0 2439.0     6.5918071e-01    1.6135252e+01     9.5045708e-01
 2439.0 2469.0     6.6322918e-01    1.5846713e+01     9.5027295e-01
 2469.0 2500.0     6.6744104e-01    1.5553817e+01     9.5008258e-01
 2500.0 2532.0     6.7181906e-01    1.5256999e+01     9.4988596e-01
 2532.0 2564.0     6.7629575e-01    1.4961224e+01     9.4968622e-01
 2564.0 2597.0     6.8087316e-01    1.4666741e+01     9.4948336e-01
 2597.0 2632.0     6.8569526e-01    1.4364914e+01     9.4927114e-01
 2632.0 2667.0     6.8978072e-01    1.4055072e+01     9.4904774e-01
 2667.0 2703.0     6.9282900e-01    1.3740922e+01     9.4881509e-01
 2703.0 2740.0     6.9578226e-01    1.3424093e+01     9.4857483e-01
 2740.0 2778.0     6.9882954e-01    1.3106191e+01     9.4832799e-01
 2778.0 2817.0     7.0197197e-01    1.2787642e+01     9.4807457e-01
 2817.0 2857.0     7.0521071e-01    1.2468863e+01     9.4781457e-01
 2857.0 2899.0     7.0858834e-01    1.2146433e+01     9.4754470e-01
 2899.0 2941.0     7.1206493e-01    1.1824680e+01     9.4726824e-01
 2941.0 2985.0     7.1492716e-01    1.1510513e+01     9.4698262e-01
 2985.0 3030.0     7.1695140e-01    1.1202461e+01     9.4668362e-01
 3030.0 3077.0     7.1880315e-01    1.0894851e+01     9.4637366e-01
 3077.0 3125.0     7.2072029e-01    1.0586027e+01     9.4605358e-01
 3125.0 3175.0     7.2270335e-01    1.0276666e+01     9.4572340e-01
 3175.0 3225.0     7.2473244e-01    9.9702184e+00     9.4538648e-01
 3225.0 3275.0     7.2696918e-01    9.6737941e+00     9.4504932e-01
 3275.0 3325.0     7.3005718e-01    9.3897902e+00     9.4471113e-01
 3325.0 3375.0     7.3380123e-01    9.1168469e+00     9.4437216e-01
 3375.0 3425.0     7.3756448e-01    8.8518375e+00     9.4403320e-01
 3425.0 3450.0     7.4039776e-01    8.6574418e+00     9.4377897e-01
 3450.0 3550.0     7.4533894e-01    8.3544231e+00     9.4335541e-01
 3550.0 3650.0     7.5550030e-01    7.9661831e+00     9.4267947e-01
 3650.0 3750.0     7.6793586e-01    7.6735265e+00     9.4200522e-01
 3750.0 3850.0     7.8057610e-01    7.3916215e+00     9.4133096e-01
 3850.0 3950.0     7.9368816e-01    7.1352317e+00     9.4065795e-01
 3950.0 4050.0     8.0736908e-01    6.9075708e+00     9.3998656e-01
 4050.0 4150.0     8.2120201e-01    6.6919791e+00     9.3930837e-01
 4150.0 4250.0     8.3426752e-01    6.4840200e+00     9.3858793e-01
 4250.0 4350.0     8.4670582e-01    6.2832696e+00     9.3783240e-01
 4350.0 4450.0     8.5850239e-01    6.0803325e+00     9.3709035e-01
 4450.0 4550.0     8.6667907e-01    5.8469561e+00     9.3640958e-01
 4550.0 4650.0     8.7198583e-01    5.5940734e+00     9.3577659e-01
 4650.0 4750.0     8.7732509e-01    5.3521279e+00     9.3514360e-01
 4750.0 4850.0     8.8269704e-01    5.1206467e+00     9.3451061e-01
 4850.0 4950.0     8.8810189e-01    4.8991771e+00     9.3387762e-01
 4950.0 5050.0     8.9353983e-01    4.6872861e+00     9.3324463e-01
 5050.0 5150.0     8.9901106e-01    4.4845595e+00     9.3261164e-01
 5150.0 5250.0     9.0451580e-01    4.2906009e+00     9.3197865e-01
 5250.0 5350.0     9.1005424e-01    4.1050310e+00     9.3134566e-01
 5350.0 5450.0     9.1562660e-01    3.9274871e+00     9.3071267e-01
 5450.0 5550.0     9.2123307e-01    3.7576221e+00     9.3007968e-01
 5550.0 5650.0     9.2665444e-01    3.5968705e+00     9.2944687e-01
 5650.0 5750.0     9.3063981e-01    3.4543836e+00     9.2881525e-01
 5750.0 5850.0     9.3339547e-01    3.3271883e+00     9.2818463e-01
 5850.0 5950.0     9.3615929e-01    3.2046766e+00     9.2755402e-01
 5950.0 6050.0     9.3893130e-01    3.0866759e+00     9.2692340e-01
 6050.0 6150.0     9.4171151e-01    2.9730201e+00     9.2629279e-01
 6150.0 6250.0     9.4449996e-01    2.8635493e+00     9.2566217e-01
 6250.0 6350.0     9.4729666e-01    2.7581094e+00     9.2503155e-01
 6350.0 6450.0     9.5010164e-01    2.6565519e+00     9.2440094e-01
 6450.0 6550.0     9.5291493e-01    2.5587339e+00     9.2377032e-01
 6550.0 6650.0     9.5573655e-01    2.4645177e+00     9.2313971e-01
 6650.0 6750.0     9.5856653e-01    2.3737707e+00     9.2250909e-01
 6750.0 6850.0     9.6140488e-01    2.2863651e+00     9.2187848e-01
 6850.0 6950.0     9.6373912e-01    2.2070649e+00     9.2125446e-01
 6950.0 7050.0     9.6525235e-01    2.1383215e+00     9.2064110e-01
 7050.0 7150.0     9.6645362e-01    2.0746317e+00     9.2003177e-01
 7150.0 7250.0     9.6765637e-01    2.0128389e+00     9.1942245e-01
 7250.0 7350.0     9.6886063e-01    1.9528866e+00     9.1881313e-01
 7350.0 7450.0     9.7006638e-01    1.8947200e+00     9.1820381e-01
 7450.0 7550.0     9.7127363e-01    1.8382859e+00     9.1759448e-01
 7550.0 7650.0     9.7248239e-01    1.7835326e+00     9.1698516e-01
 7650.0 7750.0     9.7369265e-01    1.7304102e+00     9.1637584e-01
 7750.0 7850.0     9.7490442e-01    1.6788700e+00     9.1576652e-01
 7850.0 7950.0     9.7611769e-01    1.6288650e+00     9.1515719e-01
 7950.0 8050.0     9.7733247e-01    1.5803493e+00     9.1454787e-01
 8050.0 8150.0     9.7854877e-01    1.5332787e+00     9.1393855e-01
 8150.0 8250.0     9.7976658e-01    1.4876101e+00     9.1332923e-01
 8250.0 8350.0     9.8098591e-01    1.4433017e+00     9.1271990e-01
 8350.0 8450.0     9.8220675e-01    1.4003131e+00     9.1211058e-01
 8450.0 8550.0     9.8342911e-01    1.3586048e+00     9.1150126e-01
