 1216.0 1216.0     4.3051829e-01    5.0294022e+01     9.6119116e-01
 1300.0 1350.0     5.0063052e-01    4.2067378e+01     9.6139743e-01
 1350.0 1400.0     5.2515775e-01    3.9375617e+01     9.6144645e-01
 1400.0 1450.0     5.3637848e-01    3.7693462e+01     9.6143549e-01
 1450.0 1500.0     5.4432260e-01    3.6278646e+01     9.6141013e-01
 1500.0 1550.0     5.5238438e-01    3.4916935e+01     9.6138477e-01
 1550.0 1600.0     5.6056557e-01    3.3606336e+01     9.6135941e-01
 1600.0 1650.0     5.6858233e-01    3.2406317e+01     9.6131304e-01
 1650.0 1700.0     5.7595652e-01    3.1407920e+01     9.6121138e-01
 1700.0 1750.0     5.8295495e-01    3.0537850e+01     9.6107544e-01
 1754.0 1770.0     5.8817886e-01    2.9906905e+01     9.6097484e-01
 1770.0 1786.0     5.9045650e-01    2.9639253e+01     9.6093134e-01
 1786.0 1802.0     5.9274296e-01    2.9373995e+01     9.6088784e-01
 1802.0 1818.0     5.9503827e-01    2.9111112e+01     9.6084434e-01
 1818.0 1835.0     5.9741477e-01    2.8842515e+01     9.6079948e-01
 1835.0 1852.0     5.9987306e-01    2.8568332e+01     9.6075326e-01
 1852.0 1869.0     6.0234146e-01    2.8296755e+01     9.6070704e-01
 1869.0 1887.0     6.0489323e-01    2.8019926e+01     9.6065946e-01
 1887.0 1905.0     6.0752902e-01    2.7737973e+01     9.6061052e-01
 1905.0 1923.0     6.1017631e-01    2.7458858e+01     9.6056158e-01
 1923.0 1942.0     6.1290931e-01    2.7174955e+01     9.6051129e-01
 1942.0 1961.0     6.1572875e-01    2.6886395e+01     9.6045963e-01
 1961.0 1980.0     6.1812457e-01    2.6620022e+01     9.6039864e-01
 1980.0 2000.0     6.1987676e-01    2.6380692e+01     9.6032075e-01
 2000.0 2020.0     6.2141730e-01    2.6148782e+01     9.6023527e-01
 2020.0 2041.0     6.2300038e-01    2.5913216e+01     9.6014767e-01
 2041.0 2062.0     6.2462620e-01    2.5674078e+01     9.6005792e-01
 2062.0 2083.0     6.2625626e-01    2.5437147e+01     9.5996817e-01
 2083.0 2105.0     6.2792960e-01    2.5196866e+01     9.5987629e-01
 2105.0 2128.0     6.2968555e-01    2.4947839e+01     9.5978013e-01
 2128.0 2151.0     6.3148554e-01    2.4695795e+01     9.5968184e-01
 2151.0 2174.0     6.3329068e-01    2.4446296e+01     9.5958355e-01
 2174.0 2200.0     6.3521940e-01    2.4183385e+01     9.5947884e-01
 2200.0 2222.0     6.3711404e-01    2.3928385e+01     9.5937628e-01
 2222.0 2247.0     6.3897509e-01    2.3681494e+01     9.5927585e-01
 2247.0 2273.0     6.4100055e-01    2.3416412e+01     9.5916687e-01
 2273.0 2299.0     6.4307227e-01    2.3149159e+01     9.5905575e-01
 2299.0 2326.0     6.4519079e-01    2.2879934e+01     9.5894250e-01
 2326.0 2353.0     6.4735640e-01    2.2608820e+01     9.5882712e-01
 2353.0 2381.0     6.4956964e-01    2.2336017e+01     9.5870959e-01
 2381.0 2410.0     6.5278582e-01    2.2021968e+01     9.5857888e-01
 2410.0 2439.0     6.5708065e-01    2.1668823e+01     9.5843608e-01
 2439.0 2469.0     6.6158700e-01    2.1311438e+01     9.5828978e-01
 2469.0 2500.0     6.6627861e-01    2.0948135e+01     9.5813852e-01
 2500.0 2532.0     6.7115898e-01    2.0579421e+01     9.5798230e-01
 2532.0 2564.0     6.7615312e-01    2.0211447e+01     9.5782360e-01
 2564.0 2597.0     6.8126363e-01    1.9844508e+01     9.5766242e-01
 2597.0 2632.0     6.8665167e-01    1.9467815e+01     9.5749380e-01
 2632.0 2667.0     6.9129962e-01    1.9082290e+01     9.5731621e-01
 2667.0 2703.0     6.9489024e-01    1.8692863e+01     9.5713117e-01
 2703.0 2740.0     6.9840023e-01    1.8299686e+01     9.5694006e-01
 2740.0 2778.0     7.0202485e-01    1.7904348e+01     9.5674371e-01
 2778.0 2817.0     7.0576570e-01    1.7507352e+01     9.5654213e-01
 2817.0 2857.0     7.0962443e-01    1.7109190e+01     9.5633531e-01
 2857.0 2899.0     7.1365215e-01    1.6705542e+01     9.5612064e-01
 2899.0 2941.0     7.1780152e-01    1.6301805e+01     9.5590073e-01
 2941.0 2985.0     7.2130304e-01    1.5906400e+01     9.5567364e-01
 2985.0 3030.0     7.2391893e-01    1.5517439e+01     9.5543605e-01
 3030.0 3077.0     7.2636640e-01    1.5128009e+01     9.5518978e-01
 3077.0 3125.0     7.2890231e-01    1.4736080e+01     9.5493548e-01
 3125.0 3175.0     7.3152764e-01    1.4342466e+01     9.5467315e-01
 3175.0 3225.0     7.3421619e-01    1.3951548e+01     9.5440547e-01
 3225.0 3275.0     7.3708946e-01    1.3572273e+01     9.5413766e-01
 3275.0 3325.0     7.4070537e-01    1.3207346e+01     9.5386934e-01
 3325.0 3375.0     7.4489594e-01    1.2855278e+01     9.5360064e-01
 3375.0 3425.0     7.4911022e-01    1.2512596e+01     9.5333194e-01
 3425.0 3450.0     7.5228432e-01    1.2260753e+01     9.5313042e-01
 3450.0 3550.0     7.5776783e-01    1.1866976e+01     9.5279473e-01
 3550.0 3650.0     7.6839492e-01    1.1363883e+01     9.5225985e-01
 3650.0 3750.0     7.8090515e-01    1.0986009e+01     9.5172712e-01
 3750.0 3850.0     7.9361906e-01    1.0620699e+01     9.5119440e-01
 3850.0 3950.0     8.0666290e-01    1.0288686e+01     9.5066327e-01
 3950.0 4050.0     8.2008356e-01    9.9947459e+00     9.5013424e-01
 4050.0 4150.0     8.3358925e-01    9.7158662e+00     9.4960611e-01
 4150.0 4250.0     8.4625901e-01    9.4456728e+00     9.4908030e-01
 4250.0 4350.0     8.5824157e-01    9.1837408e+00     9.4855643e-01
 4350.0 4450.0     8.6959841e-01    8.9168622e+00     9.4803416e-01
 4450.0 4550.0     8.7746792e-01    8.6038368e+00     9.4751918e-01
 4550.0 4650.0     8.8257488e-01    8.2602924e+00     9.4700990e-01
 4650.0 4750.0     8.8771156e-01    7.9304656e+00     9.4650061e-01
 4750.0 4850.0     8.9287813e-01    7.6138084e+00     9.4599132e-01
 4850.0 4950.0     8.9807478e-01    7.3097951e+00     9.4548204e-01
 4950.0 5050.0     9.0330167e-01    7.0179209e+00     9.4497275e-01
 5050.0 5150.0     9.0855898e-01    6.7377009e+00     9.4446347e-01
 5150.0 5250.0     9.1384689e-01    6.4686699e+00     9.4395418e-01
 5250.0 5350.0     9.1916557e-01    6.2103811e+00     9.4344489e-01
 5350.0 5450.0     9.2451521e-01    5.9624055e+00     9.4293561e-01
 5450.0 5550.0     9.2989599e-01    5.7243314e+00     9.4242632e-01
 5550.0 5650.0     9.3508714e-01    5.4979368e+00     9.4191903e-01
 5650.0 5750.0     9.3882963e-01    5.2945350e+00     9.4142505e-01
 5750.0 5850.0     9.4133204e-01    5.1105500e+00     9.4094239e-01
 5850.0 5950.0     9.4384113e-01    4.9329584e+00     9.4045974e-01
 5950.0 6050.0     9.4635690e-01    4.7615382e+00     9.3997708e-01
 6050.0 6150.0     9.4887937e-01    4.5960748e+00     9.3949442e-01
 6150.0 6250.0     9.5140857e-01    4.4363612e+00     9.3901176e-01
 6250.0 6350.0     9.5394452e-01    4.2821977e+00     9.3852910e-01
 6350.0 6450.0     9.5648722e-01    4.1333913e+00     9.3804644e-01
 6450.0 6550.0     9.5903670e-01    3.9897560e+00     9.3756378e-01
 6550.0 6650.0     9.6159297e-01    3.8511120e+00     9.3708112e-01
 6650.0 6750.0     9.6415606e-01    3.7172859e+00     9.3659846e-01
 6750.0 6850.0     9.6672598e-01    3.5881103e+00     9.3611580e-01
 6850.0 6950.0     9.6882681e-01    3.4701544e+00     9.3564121e-01
 6950.0 7050.0     9.7016452e-01    3.3668306e+00     9.3517963e-01
 7050.0 7150.0     9.7121221e-01    3.2705987e+00     9.3472299e-01
 7150.0 7250.0     9.7226103e-01    3.1771172e+00     9.3426636e-01
 7250.0 7350.0     9.7331098e-01    3.0863077e+00     9.3380973e-01
 7350.0 7450.0     9.7436207e-01    2.9980937e+00     9.3335309e-01
 7450.0 7550.0     9.7541429e-01    2.9124011e+00     9.3289646e-01
 7550.0 7650.0     9.7646764e-01    2.8291578e+00     9.3243983e-01
 7650.0 7750.0     9.7752214e-01    2.7482938e+00     9.3198319e-01
 7750.0 7850.0     9.7857777e-01    2.6697410e+00     9.3152656e-01
 7850.0 7950.0     9.7963454e-01    2.5934335e+00     9.3106993e-01
 7950.0 8050.0     9.8069246e-01    2.5193070e+00     9.3061329e-01
 8050.0 8150.0     9.8175151e-01    2.4472993e+00     9.3015666e-01
 8150.0 8250.0     9.8281171e-01    2.3773497e+00     9.2970002e-01
 8250.0 8350.0     9.8387306e-01    2.3093994e+00     9.2924339e-01
 8350.0 8450.0     9.8493555e-01    2.2433913e+00     9.2878676e-01
 8450.0 8550.0     9.8599919e-01    2.1792699e+00     9.2833012e-01
