 1216.0 1216.0     3.9108693e-01    3.0536933e+00     5.8166110e-01
 1300.0 1350.0     3.8157729e-01    2.1961974e+00     5.8107616e-01
 1350.0 1400.0     3.7253664e-01    1.9355633e+00     5.8075025e-01
 1400.0 1450.0     3.5759438e-01    1.7721475e+00     5.8034855e-01
 1450.0 1500.0     3.4183476e-01    1.6375449e+00     5.7992867e-01
 1500.0 1550.0     3.2676968e-01    1.5131660e+00     5.7950879e-01
 1550.0 1600.0     3.1236854e-01    1.3982342e+00     5.7908891e-01
 1600.0 1650.0     2.9972935e-01    1.2976850e+00     5.7860150e-01
 1650.0 1700.0     2.9052291e-01    1.2187482e+00     5.7793637e-01
 1700.0 1750.0     2.8340015e-01    1.1533794e+00     5.7716106e-01
 1754.0 1770.0     2.7822273e-01    1.1068970e+00     5.7658733e-01
 1770.0 1786.0     2.7602150e-01    1.0875415e+00     5.7633923e-01
 1786.0 1802.0     2.7383768e-01    1.0685244e+00     5.7609113e-01
 1802.0 1818.0     2.7167114e-01    1.0498399e+00     5.7584303e-01
 1818.0 1835.0     2.6945512e-01    1.0309188e+00     5.7558718e-01
 1835.0 1852.0     2.6719058e-01    1.0117757e+00     5.7532357e-01
 1852.0 1869.0     2.6494506e-01    9.9298812e-01     5.7505997e-01
 1869.0 1887.0     2.6265350e-01    9.7401745e-01     5.7478861e-01
 1887.0 1905.0     2.6031685e-01    9.5487758e-01     5.7450949e-01
 1905.0 1923.0     2.5800098e-01    9.3611381e-01     5.7423038e-01
 1923.0 1942.0     2.5564255e-01    9.1721813e-01     5.7394352e-01
 1942.0 1961.0     2.5324252e-01    8.9820352e-01     5.7364890e-01
 1961.0 1980.0     2.5093767e-01    8.8121625e-01     5.7329820e-01
 1980.0 2000.0     2.4871303e-01    8.6678563e-01     5.7284627e-01
 2000.0 2020.0     2.4649467e-01    8.5319096e-01     5.7234920e-01
 2020.0 2041.0     2.4424164e-01    8.3948035e-01     5.7183970e-01
 2041.0 2062.0     2.4195475e-01    8.2566106e-01     5.7131777e-01
 2062.0 2083.0     2.3968927e-01    8.1206925e-01     5.7079585e-01
 2083.0 2105.0     2.3739208e-01    7.9838828e-01     5.7026150e-01
 2105.0 2128.0     2.3501162e-01    7.8431773e-01     5.6970229e-01
 2128.0 2151.0     2.3260267e-01    7.7018801e-01     5.6913066e-01
 2151.0 2174.0     2.3021840e-01    7.5631284e-01     5.6855903e-01
 2174.0 2200.0     2.2770636e-01    7.4181612e-01     5.6795012e-01
 2200.0 2222.0     2.2527026e-01    7.2786561e-01     5.6735363e-01
 2222.0 2247.0     2.2291201e-01    7.1447834e-01     5.6676957e-01
 2247.0 2273.0     2.2038041e-01    7.0022455e-01     5.6613581e-01
 2273.0 2299.0     2.1782849e-01    6.8598123e-01     5.6548961e-01
 2299.0 2326.0     2.1525819e-01    6.7176487e-01     5.6483099e-01
 2326.0 2353.0     2.1267029e-01    6.5758049e-01     5.6415995e-01
 2353.0 2381.0     2.1006674e-01    6.4344403e-01     5.6347648e-01
 2381.0 2410.0     2.0820245e-01    6.2682415e-01     5.6269106e-01
 2410.0 2439.0     2.0720385e-01    6.0785266e-01     5.6180723e-01
 2439.0 2469.0     2.0628686e-01    5.8888868e-01     5.6089911e-01
 2469.0 2500.0     2.0534306e-01    5.6990370e-01     5.5996020e-01
 2500.0 2532.0     2.0437284e-01    5.5093852e-01     5.5899052e-01
 2532.0 2564.0     2.0339188e-01    5.3231349e-01     5.5800544e-01
 2564.0 2597.0     2.0240045e-01    5.1404663e-01     5.5700497e-01
 2597.0 2632.0     2.0136847e-01    4.9561211e-01     5.5595832e-01
 2632.0 2667.0     2.0000734e-01    4.7799577e-01     5.5483051e-01
 2667.0 2703.0     1.9826414e-01    4.6160124e-01     5.5362476e-01
 2703.0 2740.0     1.9642366e-01    4.4547067e-01     5.5237433e-01
 2740.0 2778.0     1.9455055e-01    4.2948503e-01     5.5108964e-01
 2778.0 2817.0     1.9264608e-01    4.1366971e-01     5.4977069e-01
 2817.0 2857.0     1.9071151e-01    3.9804867e-01     5.4841748e-01
 2857.0 2899.0     1.8872415e-01    3.8246176e-01     5.4701288e-01
 2899.0 2941.0     1.8670953e-01    3.6712003e-01     5.4557403e-01
 2941.0 2985.0     1.8454567e-01    3.5297307e-01     5.4405975e-01
 2985.0 3030.0     1.8216877e-01    3.4011058e-01     5.4243794e-01
 3030.0 3077.0     1.7970206e-01    3.2761403e-01     5.4074728e-01
 3077.0 3125.0     1.7718977e-01    3.1518917e-01     5.3900149e-01
 3125.0 3175.0     1.7463513e-01    3.0286797e-01     5.3720058e-01
 3175.0 3225.0     1.7206594e-01    2.9078687e-01     5.3536290e-01
 3225.0 3275.0     1.6976092e-01    2.7905898e-01     5.3351567e-01
 3275.0 3325.0     1.6842562e-01    2.6728531e-01     5.3162859e-01
 3325.0 3375.0     1.6781600e-01    2.5561880e-01     5.2971124e-01
 3375.0 3425.0     1.6720860e-01    2.4446151e-01     5.2779388e-01
 3425.0 3450.0     1.6675428e-01    2.3637017e-01     5.2635586e-01
 3450.0 3550.0     1.6624020e-01    2.2378225e-01     5.2395528e-01
 3550.0 3650.0     1.6830261e-01    2.0502935e-01     5.2006805e-01
 3650.0 3750.0     1.7322416e-01    1.8814975e-01     5.1613610e-01
 3750.0 3850.0     1.7828963e-01    1.7265981e-01     5.1220415e-01
 3850.0 3950.0     1.8478799e-01    1.5803541e-01     5.0824080e-01
 3950.0 4050.0     1.9324413e-01    1.4412341e-01     5.0423611e-01
 4050.0 4150.0     2.0259965e-01    1.3127219e-01     5.0021668e-01
 4150.0 4250.0     2.1292507e-01    1.1931507e-01     4.9616881e-01
 4250.0 4350.0     2.2421024e-01    1.0824192e-01     4.9209734e-01
 4350.0 4450.0     2.3542007e-01    9.8290953e-02     4.8801944e-01
 4450.0 4550.0     2.4404997e-01    8.9655478e-02     4.8391224e-01
 4550.0 4650.0     2.5055211e-01    8.2085787e-02     4.7978220e-01
 4650.0 4750.0     2.5722749e-01    7.5155211e-02     4.7565216e-01
 4750.0 4850.0     2.6408071e-01    6.8809790e-02     4.7152212e-01
 4850.0 4950.0     2.7111653e-01    6.3000118e-02     4.6739207e-01
 4950.0 5050.0     2.7833980e-01    5.7680962e-02     4.6326203e-01
 5050.0 5150.0     2.8575551e-01    5.2810907e-02     4.5913199e-01
 5150.0 5250.0     2.9336880e-01    4.8352036e-02     4.5500195e-01
 5250.0 5350.0     3.0118492e-01    4.4269630e-02     4.5087191e-01
 5350.0 5450.0     3.0920929e-01    4.0531906e-02     4.4674187e-01
 5450.0 5550.0     3.1744745e-01    3.7109761e-02     4.4261183e-01
 5550.0 5650.0     3.2587284e-01    3.4006747e-02     4.3848903e-01
 5650.0 5750.0     3.3430209e-01    3.1351345e-02     4.3441454e-01
 5750.0 5850.0     3.4276197e-01    2.9062015e-02     4.3038110e-01
 5850.0 5950.0     3.5143593e-01    2.6939856e-02     4.2634766e-01
 5950.0 6050.0     3.6032941e-01    2.4972660e-02     4.2231422e-01
 6050.0 6150.0     3.6944794e-01    2.3149113e-02     4.1828078e-01
 6150.0 6250.0     3.7879722e-01    2.1458724e-02     4.1424734e-01
 6250.0 6350.0     3.8838310e-01    1.9891770e-02     4.1021390e-01
 6350.0 6450.0     3.9821156e-01    1.8439238e-02     4.0618046e-01
 6450.0 6550.0     4.0828874e-01    1.7092772e-02     4.0214702e-01
 6550.0 6650.0     4.1862093e-01    1.5844628e-02     3.9811358e-01
 6650.0 6750.0     4.2921459e-01    1.4687626e-02     3.9408015e-01
 6750.0 6850.0     4.4007634e-01    1.3615109e-02     3.9004671e-01
 6850.0 6950.0     4.5034432e-01    1.2680303e-02     3.8611194e-01
 6950.0 7050.0     4.5944279e-01    1.1903695e-02     3.8233633e-01
 7050.0 7150.0     4.6818362e-01    1.1209092e-02     3.7862119e-01
 7150.0 7250.0     4.7709073e-01    1.0555020e-02     3.7490606e-01
 7250.0 7350.0     4.8616730e-01    9.9391151e-03     3.7119092e-01
 7350.0 7450.0     4.9541655e-01    9.3591491e-03     3.6747579e-01
 7450.0 7550.0     5.0484177e-01    8.8130251e-03     3.6376065e-01
 7550.0 7650.0     5.1444630e-01    8.2987686e-03     3.6004552e-01
 7650.0 7750.0     5.2423355e-01    7.8145198e-03     3.5633038e-01
 7750.0 7850.0     5.3420701e-01    7.3585279e-03     3.5261525e-01
 7850.0 7950.0     5.4437021e-01    6.9291440e-03     3.4890011e-01
 7950.0 8050.0     5.5472676e-01    6.5248154e-03     3.4518498e-01
 8050.0 8150.0     5.6528034e-01    6.1440801e-03     3.4146984e-01
 8150.0 8250.0     5.7603470e-01    5.7855615e-03     3.3775471e-01
 8250.0 8350.0     5.8699367e-01    5.4479631e-03     3.3403957e-01
 8350.0 8450.0     5.9816112e-01    5.1300642e-03     3.3032444e-01
 8450.0 8550.0     6.0954104e-01    4.8307153e-03     3.2660930e-01
