 1216.0 1216.0     5.1741451e-01    1.7727024e+01     9.2252476e-01
 1300.0 1350.0     5.7352968e-01    1.4691284e+01     9.2242823e-01
 1350.0 1400.0     5.9099578e-01    1.3644383e+01     9.2229786e-01
 1400.0 1450.0     5.9577895e-01    1.2897959e+01     9.2205419e-01
 1450.0 1500.0     5.9742625e-01    1.2244528e+01     9.2178333e-01
 1500.0 1550.0     5.9907810e-01    1.1624201e+01     9.2151247e-01
 1550.0 1600.0     6.0073452e-01    1.1035301e+01     9.2124161e-01
 1600.0 1650.0     6.0261401e-01    1.0502636e+01     9.2092929e-01
 1650.0 1700.0     6.0507599e-01    1.0063534e+01     9.2050783e-01
 1700.0 1750.0     6.0790630e-01    9.6843463e+00     9.2001871e-01
 1754.0 1770.0     6.1000776e-01    9.4114183e+00     9.1965676e-01
 1770.0 1786.0     6.1091940e-01    9.2964558e+00     9.1950024e-01
 1786.0 1802.0     6.1183239e-01    9.1828976e+00     9.1934372e-01
 1802.0 1818.0     6.1274675e-01    9.0707265e+00     9.1918720e-01
 1818.0 1835.0     6.1369114e-01    8.9565068e+00     9.1902579e-01
 1835.0 1852.0     6.1466564e-01    8.8403079e+00     9.1885949e-01
 1852.0 1869.0     6.1564170e-01    8.7256164e+00     9.1869319e-01
 1869.0 1887.0     6.1664810e-01    8.6091280e+00     9.1852200e-01
 1887.0 1905.0     6.1768495e-01    8.4909110e+00     9.1834591e-01
 1905.0 1923.0     6.1872354e-01    8.3743173e+00     9.1816983e-01
 1923.0 1942.0     6.1979282e-01    8.2561756e+00     9.1798886e-01
 1942.0 1961.0     6.2089291e-01    8.1365526e+00     9.1780299e-01
 1961.0 1980.0     6.2171491e-01    8.0254273e+00     9.1759709e-01
 1980.0 2000.0     6.2210040e-01    7.9240223e+00     9.1735291e-01
 2000.0 2020.0     6.2232850e-01    7.8253313e+00     9.1709048e-01
 2020.0 2041.0     6.2256239e-01    7.7254641e+00     9.1682149e-01
 2041.0 2062.0     6.2280208e-01    7.6244669e+00     9.1654594e-01
 2062.0 2083.0     6.2304186e-01    7.5247899e+00     9.1627039e-01
 2083.0 2105.0     6.2328744e-01    7.4241053e+00     9.1598827e-01
 2105.0 2128.0     6.2354455e-01    7.3201800e+00     9.1569304e-01
 2128.0 2151.0     6.2380748e-01    7.2154324e+00     9.1539125e-01
 2151.0 2174.0     6.2407052e-01    7.1121837e+00     9.1508945e-01
 2174.0 2200.0     6.2435084e-01    7.0038766e+00     9.1476798e-01
 2200.0 2222.0     6.2462556e-01    6.8992653e+00     9.1445306e-01
 2222.0 2247.0     6.2489467e-01    6.7984574e+00     9.1414471e-01
 2247.0 2273.0     6.2518682e-01    6.6907023e+00     9.1381011e-01
 2273.0 2299.0     6.2548484e-01    6.5825757e+00     9.1346895e-01
 2299.0 2326.0     6.2578874e-01    6.4741847e+00     9.1312123e-01
 2326.0 2353.0     6.2609852e-01    6.3655670e+00     9.1276695e-01
 2353.0 2381.0     6.2641419e-01    6.2568279e+00     9.1240611e-01
 2381.0 2410.0     6.2774295e-01    6.1333910e+00     9.1201015e-01
 2410.0 2439.0     6.3019953e-01    5.9963820e+00     9.1158309e-01
 2439.0 2469.0     6.3282663e-01    5.8587236e+00     9.1114609e-01
 2469.0 2500.0     6.3555430e-01    5.7197207e+00     9.1069428e-01
 2500.0 2532.0     6.3838375e-01    5.5796213e+00     9.1022765e-01
 2532.0 2564.0     6.4127091e-01    5.4407844e+00     9.0975361e-01
 2564.0 2597.0     6.4421664e-01    5.3033405e+00     9.0927217e-01
 2597.0 2632.0     6.4731293e-01    5.1632949e+00     9.0876850e-01
 2632.0 2667.0     6.4968596e-01    5.0211157e+00     9.0823748e-01
 2667.0 2703.0     6.5108464e-01    4.8787093e+00     9.0768348e-01
 2703.0 2740.0     6.5234925e-01    4.7361254e+00     9.0711120e-01
 2740.0 2778.0     6.5365106e-01    4.5939740e+00     9.0652324e-01
 2778.0 2817.0     6.5499030e-01    4.4524693e+00     9.0591960e-01
 2817.0 2857.0     6.5636716e-01    4.3118180e+00     9.0530029e-01
 2857.0 2899.0     6.5779940e-01    4.1705512e+00     9.0465745e-01
 2899.0 2941.0     6.5926977e-01    4.0305807e+00     9.0399894e-01
 2941.0 2985.0     6.6021355e-01    3.8963043e+00     9.0331491e-01
 2985.0 3030.0     6.6044143e-01    3.7674378e+00     9.0259395e-01
 3030.0 3077.0     6.6048253e-01    3.6400973e+00     9.0184529e-01
 3077.0 3125.0     6.6052498e-01    3.5130963e+00     9.0107222e-01
 3125.0 3175.0     6.6056877e-01    3.3867493e+00     9.0027474e-01
 3175.0 3225.0     6.6061345e-01    3.2624612e+00     8.9946098e-01
 3225.0 3275.0     6.6095021e-01    3.1431121e+00     8.9864489e-01
 3275.0 3325.0     6.6250678e-01    3.0296611e+00     8.9781904e-01
 3325.0 3375.0     6.6499577e-01    2.9214595e+00     8.9698578e-01
 3375.0 3425.0     6.6749411e-01    2.8171222e+00     8.9615253e-01
 3425.0 3450.0     6.6937314e-01    2.7409821e+00     8.9552758e-01
 3450.0 3550.0     6.7281856e-01    2.6231252e+00     8.9448493e-01
 3550.0 3650.0     6.8193001e-01    2.4688912e+00     8.9280378e-01
 3650.0 3750.0     6.9463435e-01    2.3492671e+00     8.9111016e-01
 3750.0 3850.0     7.0757537e-01    2.2354391e+00     8.8941654e-01
 3850.0 3950.0     7.2154710e-01    2.1313815e+00     8.8771265e-01
 3950.0 4050.0     7.3684011e-01    2.0377184e+00     8.8599523e-01
 4050.0 4150.0     7.5257439e-01    1.9495168e+00     8.8427253e-01
 4150.0 4250.0     7.6782026e-01    1.8654579e+00     8.8253781e-01
 4250.0 4350.0     7.8268904e-01    1.7852911e+00     8.8079313e-01
 4350.0 4450.0     7.9686347e-01    1.7066968e+00     8.7904184e-01
 4450.0 4550.0     8.0679172e-01    1.6233844e+00     8.7726048e-01
 4550.0 4650.0     8.1333718e-01    1.5378559e+00     8.7545568e-01
 4650.0 4750.0     8.1993574e-01    1.4568335e+00     8.7365087e-01
 4750.0 4850.0     8.2658783e-01    1.3800798e+00     8.7184607e-01
 4850.0 4950.0     8.3329390e-01    1.3073699e+00     8.7004126e-01
 4950.0 5050.0     8.4005437e-01    1.2384907e+00     8.6823645e-01
 5050.0 5150.0     8.4686969e-01    1.1732404e+00     8.6643165e-01
 5150.0 5250.0     8.5374030e-01    1.1114279e+00     8.6462684e-01
 5250.0 5350.0     8.6066665e-01    1.0528719e+00     8.6282204e-01
 5350.0 5450.0     8.6764919e-01    9.9740106e-01     8.6101723e-01
 5450.0 5550.0     8.7468838e-01    9.4485267e-01     8.5921242e-01
 5550.0 5650.0     8.8155099e-01    8.9572985e-01     8.5740104e-01
 5650.0 5750.0     8.8690191e-01    8.5336860e-01     8.5554580e-01
 5750.0 5850.0     8.9095539e-01    8.1657571e-01     8.5365329e-01
 5850.0 5950.0     8.9502739e-01    7.8136913e-01     8.5176078e-01
 5950.0 6050.0     8.9911800e-01    7.4768049e-01     8.4986827e-01
 6050.0 6150.0     9.0322731e-01    7.1544432e-01     8.4797576e-01
 6150.0 6250.0     9.0735540e-01    6.8459802e-01     8.4608324e-01
 6250.0 6350.0     9.1150236e-01    6.5508165e-01     8.4419073e-01
 6350.0 6450.0     9.1566827e-01    6.2683787e-01     8.4229822e-01
 6450.0 6550.0     9.1985322e-01    5.9981182e-01     8.4040571e-01
 6550.0 6650.0     9.2405730e-01    5.7395100e-01     8.3851320e-01
 6650.0 6750.0     9.2828059e-01    5.4920516e-01     8.3662069e-01
 6750.0 6850.0     9.3252318e-01    5.2552624e-01     8.3472817e-01
 6850.0 6950.0     9.3607786e-01    5.0432198e-01     8.3280155e-01
 6950.0 7050.0     9.3850501e-01    4.8629295e-01     8.3081989e-01
 7050.0 7150.0     9.4050436e-01    4.6977167e-01     8.2881733e-01
 7150.0 7250.0     9.4250797e-01    4.5381169e-01     8.2681476e-01
 7250.0 7350.0     9.4451585e-01    4.3839393e-01     8.2481220e-01
 7350.0 7450.0     9.4652800e-01    4.2349998e-01     8.2280964e-01
 7450.0 7550.0     9.4854444e-01    4.0911202e-01     8.2080707e-01
 7550.0 7650.0     9.5056518e-01    3.9521289e-01     8.1880451e-01
 7650.0 7750.0     9.5259022e-01    3.8178596e-01     8.1680194e-01
 7750.0 7850.0     9.5461957e-01    3.6881520e-01     8.1479938e-01
 7850.0 7950.0     9.5665325e-01    3.5628510e-01     8.1279682e-01
 7950.0 8050.0     9.5869126e-01    3.4418070e-01     8.1079425e-01
 8050.0 8150.0     9.6073361e-01    3.3248754e-01     8.0879169e-01
 8150.0 8250.0     9.6278031e-01    3.2119163e-01     8.0678912e-01
 8250.0 8350.0     9.6483138e-01    3.1027950e-01     8.0478656e-01
 8350.0 8450.0     9.6688681e-01    2.9973809e-01     8.0278400e-01
 8450.0 8550.0     9.6894662e-01    2.8955481e-01     8.0078143e-01
