 1216.0 1216.0     4.9288525e-01    2.5671835e+01     9.3957934e-01
 1300.0 1350.0     5.5540222e-01    2.1462386e+01     9.3969359e-01
 1350.0 1400.0     5.7590101e-01    2.0029965e+01     9.3967778e-01
 1400.0 1450.0     5.8332414e-01    1.9046401e+01     9.3957220e-01
 1450.0 1500.0     5.8750917e-01    1.8193100e+01     9.3944508e-01
 1500.0 1550.0     5.9172422e-01    1.7378028e+01     9.3931796e-01
 1550.0 1600.0     5.9596952e-01    1.6599472e+01     9.3919084e-01
 1600.0 1650.0     6.0026370e-01    1.5890567e+01     9.3903172e-01
 1650.0 1700.0     6.0463757e-01    1.5301537e+01     9.3878839e-01
 1700.0 1750.0     6.0907362e-01    1.4789292e+01     9.3849284e-01
 1754.0 1770.0     6.1237356e-01    1.4419428e+01     9.3827414e-01
 1770.0 1786.0     6.1380768e-01    1.4263167e+01     9.3817956e-01
 1786.0 1802.0     6.1524517e-01    1.4108600e+01     9.3808499e-01
 1802.0 1818.0     6.1668602e-01    1.3955708e+01     9.3799041e-01
 1818.0 1835.0     6.1817548e-01    1.3799799e+01     9.3789288e-01
 1835.0 1852.0     6.1971379e-01    1.3640961e+01     9.3779239e-01
 1852.0 1869.0     6.2125592e-01    1.3483951e+01     9.3769191e-01
 1869.0 1887.0     6.2284748e-01    1.3324237e+01     9.3758847e-01
 1887.0 1905.0     6.2448871e-01    1.3161906e+01     9.3748207e-01
 1905.0 1923.0     6.2613426e-01    1.3001553e+01     9.3737567e-01
 1923.0 1942.0     6.2783010e-01    1.2838808e+01     9.3726632e-01
 1942.0 1961.0     6.2957649e-01    1.2673758e+01     9.3715401e-01
 1961.0 1980.0     6.3098892e-01    1.2520110e+01     9.3702692e-01
 1980.0 2000.0     6.3188603e-01    1.2379544e+01     9.3687223e-01
 2000.0 2020.0     6.3260462e-01    1.2242488e+01     9.3670473e-01
 2020.0 2041.0     6.3334204e-01    1.2103599e+01     9.3653304e-01
 2041.0 2062.0     6.3409832e-01    1.1962937e+01     9.3635717e-01
 2062.0 2083.0     6.3485551e-01    1.1823909e+01     9.3618129e-01
 2083.0 2105.0     6.3563167e-01    1.1683265e+01     9.3600123e-01
 2105.0 2128.0     6.3644494e-01    1.1537870e+01     9.3581279e-01
 2128.0 2151.0     6.3727736e-01    1.1391094e+01     9.3562016e-01
 2151.0 2174.0     6.3811086e-01    1.1246185e+01     9.3542754e-01
 2174.0 2200.0     6.3899996e-01    1.1093915e+01     9.3522235e-01
 2200.0 2222.0     6.3987203e-01    1.0946610e+01     9.3502135e-01
 2222.0 2247.0     6.4072717e-01    1.0804407e+01     9.3482454e-01
 2247.0 2273.0     6.4165635e-01    1.0652148e+01     9.3461097e-01
 2273.0 2299.0     6.4260513e-01    1.0499092e+01     9.3439322e-01
 2299.0 2326.0     6.4357361e-01    1.0345377e+01     9.3417129e-01
 2326.0 2353.0     6.4456185e-01    1.0191054e+01     9.3394516e-01
 2353.0 2381.0     6.4556996e-01    1.0036261e+01     9.3371485e-01
 2381.0 2410.0     6.4757851e-01    9.8596966e+00     9.3346113e-01
 2410.0 2439.0     6.5068701e-01    9.6628324e+00     9.3318647e-01
 2439.0 2469.0     6.5397821e-01    9.4645041e+00     9.3290531e-01
 2469.0 2500.0     6.5739849e-01    9.2637317e+00     9.3261462e-01
 2500.0 2532.0     6.6094969e-01    9.0608464e+00     9.3231439e-01
 2532.0 2564.0     6.6457674e-01    8.8592549e+00     9.3200941e-01
 2564.0 2597.0     6.6828100e-01    8.6591386e+00     9.3169965e-01
 2597.0 2632.0     6.7217849e-01    8.4546580e+00     9.3137560e-01
 2632.0 2667.0     6.7534754e-01    8.2454135e+00     9.3103447e-01
 2667.0 2703.0     6.7751465e-01    8.0339652e+00     9.3067920e-01
 2703.0 2740.0     6.7956541e-01    7.8214430e+00     9.3031232e-01
 2740.0 2778.0     6.8167883e-01    7.6089518e+00     9.2993539e-01
 2778.0 2817.0     6.8385544e-01    7.3967986e+00     9.2954841e-01
 2817.0 2857.0     6.8609580e-01    7.1852811e+00     9.2915137e-01
 2857.0 2899.0     6.8842906e-01    6.9721650e+00     9.2873926e-01
 2899.0 2941.0     6.9082735e-01    6.7603269e+00     9.2831709e-01
 2941.0 2985.0     6.9266078e-01    6.5552505e+00     9.2788009e-01
 2985.0 3030.0     6.9372557e-01    6.3562082e+00     9.2742150e-01
 3030.0 3077.0     6.9461057e-01    6.1585315e+00     9.2694580e-01
 3077.0 3125.0     6.9552562e-01    5.9608249e+00     9.2645459e-01
 3125.0 3175.0     6.9647082e-01    5.7635568e+00     9.2594786e-01
 3175.0 3225.0     6.9743663e-01    5.5689252e+00     9.2543080e-01
 3225.0 3275.0     6.9865376e-01    5.3815015e+00     9.2491292e-01
 3275.0 3325.0     7.0091755e-01    5.2029666e+00     9.2439163e-01
 3325.0 3375.0     7.0398404e-01    5.0323008e+00     9.2386776e-01
 3375.0 3425.0     7.0706395e-01    4.8672332e+00     9.2334389e-01
 3425.0 3450.0     7.0938145e-01    4.7465006e+00     9.2295099e-01
 3450.0 3550.0     7.1351170e-01    4.5591093e+00     9.2229601e-01
 3550.0 3650.0     7.2308083e-01    4.3168749e+00     9.2124628e-01
 3650.0 3750.0     7.3561470e-01    4.1320805e+00     9.2019485e-01
 3750.0 3850.0     7.4836583e-01    3.9551966e+00     9.1914342e-01
 3850.0 3950.0     7.6186233e-01    3.7939790e+00     9.1809040e-01
 3950.0 4050.0     7.7629577e-01    3.6499088e+00     9.1703530e-01
 4050.0 4150.0     7.9101630e-01    3.5138559e+00     9.1597945e-01
 4150.0 4250.0     8.0508965e-01    3.3833328e+00     9.1492213e-01
 4250.0 4350.0     8.1864297e-01    3.2580361e+00     9.1386360e-01
 4350.0 4450.0     8.3152579e-01    3.1334081e+00     9.1280451e-01
 4450.0 4550.0     8.4049649e-01    2.9961362e+00     9.1174294e-01
 4550.0 4650.0     8.4635909e-01    2.8514933e+00     9.1067944e-01
 4650.0 4750.0     8.5226257e-01    2.7138332e+00     9.0961594e-01
 4750.0 4850.0     8.5820723e-01    2.5828189e+00     9.0855244e-01
 4850.0 4950.0     8.6419336e-01    2.4581294e+00     9.0748894e-01
 4950.0 5050.0     8.7022124e-01    2.3394596e+00     9.0642544e-01
 5050.0 5150.0     8.7629117e-01    2.2265187e+00     9.0536194e-01
 5150.0 5250.0     8.8240344e-01    2.1190302e+00     9.0429844e-01
 5250.0 5350.0     8.8855834e-01    2.0167309e+00     9.0323494e-01
 5350.0 5450.0     8.9475617e-01    1.9193702e+00     9.0217144e-01
 5450.0 5550.0     9.0099723e-01    1.8267097e+00     9.0110793e-01
 5550.0 5650.0     9.0705693e-01    1.7396207e+00     9.0004416e-01
 5650.0 5750.0     9.1165203e-01    1.6637378e+00     8.9897854e-01
 5750.0 5850.0     9.1499168e-01    1.5971416e+00     8.9791136e-01
 5850.0 5950.0     9.1834357e-01    1.5332112e+00     8.9684418e-01
 5950.0 6050.0     9.2170773e-01    1.4718397e+00     8.9577700e-01
 6050.0 6150.0     9.2508422e-01    1.4129249e+00     8.9470982e-01
 6150.0 6250.0     9.2847307e-01    1.3563683e+00     8.9364264e-01
 6250.0 6350.0     9.3187435e-01    1.3020755e+00     8.9257546e-01
 6350.0 6450.0     9.3528808e-01    1.2499560e+00     8.9150828e-01
 6450.0 6550.0     9.3871431e-01    1.1999227e+00     8.9044110e-01
 6550.0 6650.0     9.4215310e-01    1.1518922e+00     8.8937392e-01
 6650.0 6750.0     9.4560449e-01    1.1057842e+00     8.8830674e-01
 6750.0 6850.0     9.4906851e-01    1.0615218e+00     8.8723956e-01
 6850.0 6950.0     9.5194459e-01    1.0216894e+00     8.8616758e-01
 6950.0 7050.0     9.5386049e-01    9.8759595e-01     8.8508785e-01
 7050.0 7150.0     9.5541175e-01    9.5622179e-01     8.8400518e-01
 7150.0 7250.0     9.5696553e-01    9.2584432e-01     8.8292251e-01
 7250.0 7350.0     9.5852184e-01    8.9643189e-01     8.8183984e-01
 7350.0 7450.0     9.6008068e-01    8.6795384e-01     8.8075717e-01
 7450.0 7550.0     9.6164205e-01    8.4038049e-01     8.7967450e-01
 7550.0 7650.0     9.6320596e-01    8.1368310e-01     8.7859183e-01
 7650.0 7750.0     9.6477242e-01    7.8783383e-01     8.7750916e-01
 7750.0 7850.0     9.6634142e-01    7.6280575e-01     8.7642649e-01
 7850.0 7950.0     9.6791298e-01    7.3857277e-01     8.7534382e-01
 7950.0 8050.0     9.6948709e-01    7.1510963e-01     8.7426115e-01
 8050.0 8150.0     9.7106376e-01    6.9239187e-01     8.7317848e-01
 8150.0 8250.0     9.7264300e-01    6.7039581e-01     8.7209581e-01
 8250.0 8350.0     9.7422480e-01    6.4909852e-01     8.7101314e-01
 8350.0 8450.0     9.7580918e-01    6.2847782e-01     8.6993047e-01
 8450.0 8550.0     9.7739613e-01    6.0851219e-01     8.6884780e-01
