 1216.0 1216.0     4.4262796e-01    4.4713051e+01     9.5810762e-01
 1300.0 1350.0     5.1178306e-01    3.7438233e+01     9.5831180e-01
 1350.0 1400.0     5.3575674e-01    3.5041855e+01     9.5835637e-01
 1400.0 1450.0     5.4643709e-01    3.3520516e+01     9.5833632e-01
 1450.0 1500.0     5.5383949e-01    3.2233564e+01     9.5830077e-01
 1500.0 1550.0     5.6134216e-01    3.0996022e+01     9.5826522e-01
 1550.0 1600.0     5.6894647e-01    2.9805993e+01     9.5822966e-01
 1600.0 1650.0     5.7641110e-01    2.8716691e+01     9.5817159e-01
 1650.0 1700.0     5.8333054e-01    2.7809483e+01     9.5805425e-01
 1700.0 1750.0     5.8993277e-01    2.7018348e+01     9.5790016e-01
 1754.0 1770.0     5.9485802e-01    2.6444962e+01     9.5778614e-01
 1770.0 1786.0     5.9700425e-01    2.6201854e+01     9.5773683e-01
 1786.0 1802.0     5.9915822e-01    2.5960981e+01     9.5768752e-01
 1802.0 1818.0     6.0131995e-01    2.5722322e+01     9.5763821e-01
 1818.0 1835.0     6.0355754e-01    2.5478538e+01     9.5758736e-01
 1835.0 1852.0     6.0587152e-01    2.5229747e+01     9.5753497e-01
 1852.0 1869.0     6.0819436e-01    2.4983386e+01     9.5748258e-01
 1869.0 1887.0     6.1059496e-01    2.4732327e+01     9.5742865e-01
 1887.0 1905.0     6.1307390e-01    2.4476690e+01     9.5737318e-01
 1905.0 1923.0     6.1556290e-01    2.4223696e+01     9.5731771e-01
 1923.0 1942.0     6.1813172e-01    2.3966435e+01     9.5726070e-01
 1942.0 1961.0     6.2078097e-01    2.3705028e+01     9.5720214e-01
 1961.0 1980.0     6.2287163e-01    2.3452873e+01     9.5713378e-01
 1980.0 2000.0     6.2408989e-01    2.3207362e+01     9.5704752e-01
 2000.0 2020.0     6.2500065e-01    2.2961982e+01     9.5695318e-01
 2020.0 2041.0     6.2593558e-01    2.2713193e+01     9.5685649e-01
 2041.0 2062.0     6.2689475e-01    2.2461097e+01     9.5675743e-01
 2062.0 2083.0     6.2785539e-01    2.2211799e+01     9.5665837e-01
 2083.0 2105.0     6.2884044e-01    2.1959466e+01     9.5655696e-01
 2105.0 2128.0     6.2987296e-01    2.1698465e+01     9.5645083e-01
 2128.0 2151.0     6.3093016e-01    2.1434835e+01     9.5634234e-01
 2151.0 2174.0     6.3198914e-01    2.1174408e+01     9.5623385e-01
 2174.0 2200.0     6.3311920e-01    2.0900585e+01     9.5611829e-01
 2200.0 2222.0     6.3422801e-01    2.0635539e+01     9.5600508e-01
 2222.0 2247.0     6.3531574e-01    2.0379508e+01     9.5589423e-01
 2247.0 2273.0     6.3649811e-01    2.0105208e+01     9.5577395e-01
 2273.0 2299.0     6.3770591e-01    1.9829294e+01     9.5565131e-01
 2299.0 2326.0     6.3893932e-01    1.9552006e+01     9.5552631e-01
 2326.0 2353.0     6.4019843e-01    1.9273438e+01     9.5539895e-01
 2353.0 2381.0     6.4148343e-01    1.8993827e+01     9.5526924e-01
 2381.0 2410.0     6.4459408e-01    1.8723956e+01     9.5512370e-01
 2410.0 2439.0     6.4973164e-01    1.8470398e+01     9.5496343e-01
 2439.0 2469.0     6.5521100e-01    1.8217831e+01     9.5479908e-01
 2469.0 2500.0     6.6092469e-01    1.7960333e+01     9.5462917e-01
 2500.0 2532.0     6.6687803e-01    1.7698213e+01     9.5445369e-01
 2532.0 2564.0     6.7298033e-01    1.7435818e+01     9.5427542e-01
 2564.0 2597.0     6.7923559e-01    1.7173336e+01     9.5409436e-01
 2597.0 2632.0     6.8584227e-01    1.6902998e+01     9.5390495e-01
 2632.0 2667.0     6.9113073e-01    1.6595280e+01     9.5370654e-01
 2667.0 2703.0     6.9460192e-01    1.6247695e+01     9.5350108e-01
 2703.0 2740.0     6.9785242e-01    1.5890890e+01     9.5328911e-01
 2740.0 2778.0     7.0120782e-01    1.5532469e+01     9.5307133e-01
 2778.0 2817.0     7.0466948e-01    1.5172898e+01     9.5284774e-01
 2817.0 2857.0     7.0823881e-01    1.4812637e+01     9.5261835e-01
 2857.0 2899.0     7.1196293e-01    1.4447795e+01     9.5238024e-01
 2899.0 2941.0     7.1579795e-01    1.4083261e+01     9.5213633e-01
 2941.0 2985.0     7.1900141e-01    1.3726669e+01     9.5188442e-01
 2985.0 3030.0     7.2134248e-01    1.3376312e+01     9.5162082e-01
 3030.0 3077.0     7.2351347e-01    1.3025937e+01     9.5134758e-01
 3077.0 3125.0     7.2576207e-01    1.2673715e+01     9.5106544e-01
 3125.0 3175.0     7.2808903e-01    1.2320397e+01     9.5077438e-01
 3175.0 3225.0     7.3047110e-01    1.1969921e+01     9.5047738e-01
 3225.0 3275.0     7.3304858e-01    1.1630385e+01     9.5018022e-01
 3275.0 3325.0     7.3641982e-01    1.1304435e+01     9.4988236e-01
 3325.0 3375.0     7.4040405e-01    1.0990606e+01     9.4958397e-01
 3375.0 3425.0     7.4440984e-01    1.0685490e+01     9.4928559e-01
 3425.0 3450.0     7.4742636e-01    1.0461447e+01     9.4906180e-01
 3450.0 3550.0     7.5265838e-01    1.0111632e+01     9.4868899e-01
 3550.0 3650.0     7.6306173e-01    9.6641342e+00     9.4809456e-01
 3650.0 3750.0     7.7552171e-01    9.3274718e+00     9.4750214e-01
 3750.0 3850.0     7.8818515e-01    9.0025374e+00     9.4690972e-01
 3850.0 3950.0     8.0123201e-01    8.7066196e+00     9.4647421e-01
 3950.0 4050.0     8.1472827e-01    8.4435926e+00     9.4624516e-01
 4050.0 4150.0     8.2833897e-01    8.1942808e+00     9.4600075e-01
 4150.0 4250.0     8.4116665e-01    7.9542512e+00     9.4537452e-01
 4250.0 4350.0     8.5335299e-01    7.7228391e+00     9.4443139e-01
 4350.0 4450.0     8.6490536e-01    7.4877400e+00     9.4352932e-01
 4450.0 4550.0     8.7290680e-01    7.2138560e+00     9.4281383e-01
 4550.0 4650.0     8.7809428e-01    6.9146276e+00     9.4224388e-01
 4650.0 4750.0     8.8331259e-01    6.6278111e+00     9.4167393e-01
 4750.0 4850.0     8.8856191e-01    6.3528916e+00     9.4110399e-01
 4850.0 4950.0     8.9384243e-01    6.0893757e+00     9.4053404e-01
 4950.0 5050.0     8.9915433e-01    5.8367903e+00     9.3996409e-01
 5050.0 5150.0     9.0449780e-01    5.5946821e+00     9.3939414e-01
 5150.0 5250.0     9.0987302e-01    5.3626165e+00     9.3882419e-01
 5250.0 5350.0     9.1528018e-01    5.1401769e+00     9.3825425e-01
 5350.0 5450.0     9.2071948e-01    4.9269640e+00     9.3768430e-01
 5450.0 5550.0     9.2619110e-01    4.7225951e+00     9.3711435e-01
 5550.0 5650.0     9.3147537e-01    4.5286932e+00     9.3654636e-01
 5650.0 5750.0     9.3531915e-01    4.3555931e+00     9.3599141e-01
 5750.0 5850.0     9.3792966e-01    4.1999864e+00     9.3544755e-01
 5850.0 5950.0     9.4054745e-01    4.0499389e+00     9.3490369e-01
 5950.0 6050.0     9.4317255e-01    3.9052519e+00     9.3435982e-01
 6050.0 6150.0     9.4580498e-01    3.7657340e+00     9.3381596e-01
 6150.0 6250.0     9.4844475e-01    3.6312004e+00     9.3327210e-01
 6250.0 6350.0     9.5109189e-01    3.5014732e+00     9.3272823e-01
 6350.0 6450.0     9.5374643e-01    3.3763805e+00     9.3218437e-01
 6450.0 6550.0     9.5640836e-01    3.2557569e+00     9.3164051e-01
 6550.0 6650.0     9.5907773e-01    3.1394427e+00     9.3109665e-01
 6650.0 6750.0     9.6175455e-01    3.0272838e+00     9.3055278e-01
 6750.0 6850.0     9.6443884e-01    2.9191319e+00     9.3000892e-01
 6850.0 6950.0     9.6663932e-01    2.8206813e+00     9.2947273e-01
 6950.0 7050.0     9.6805236e-01    2.7348770e+00     9.2894890e-01
 7050.0 7150.0     9.6916614e-01    2.6551636e+00     9.2842977e-01
 7150.0 7250.0     9.7028121e-01    2.5777735e+00     9.2791064e-01
 7250.0 7350.0     9.7139757e-01    2.5026392e+00     9.2739151e-01
 7350.0 7450.0     9.7251520e-01    2.4296948e+00     9.2687238e-01
 7450.0 7550.0     9.7363413e-01    2.3588765e+00     9.2635325e-01
 7550.0 7650.0     9.7475434e-01    2.2901223e+00     9.2583412e-01
 7650.0 7750.0     9.7587584e-01    2.2233721e+00     9.2531499e-01
 7750.0 7850.0     9.7699863e-01    2.1585675e+00     9.2479586e-01
 7850.0 7950.0     9.7812271e-01    2.0956518e+00     9.2427673e-01
 7950.0 8050.0     9.7924808e-01    2.0345698e+00     9.2375760e-01
 8050.0 8150.0     9.8037475e-01    1.9752682e+00     9.2323847e-01
 8150.0 8250.0     9.8150272e-01    1.9176951e+00     9.2271934e-01
 8250.0 8350.0     9.8263198e-01    1.8618000e+00     9.2220021e-01
 8350.0 8450.0     9.8376254e-01    1.8075342e+00     9.2168108e-01
 8450.0 8550.0     9.8489441e-01    1.7548500e+00     9.2116195e-01
