 1216.0 1216.0     5.0892771e-01    2.0450605e+01     9.2964442e-01
 1300.0 1350.0     5.6770227e-01    1.7019809e+01     9.2965269e-01
 1350.0 1400.0     5.8640292e-01    1.5841138e+01     9.2957794e-01
 1400.0 1450.0     5.9224053e-01    1.5010912e+01     9.2939987e-01
 1450.0 1500.0     5.9489407e-01    1.4285930e+01     9.2919699e-01
 1500.0 1550.0     5.9755950e-01    1.3595962e+01     9.2899411e-01
 1550.0 1600.0     6.0023687e-01    1.2939318e+01     9.2879123e-01
 1600.0 1650.0     6.0306644e-01    1.2343714e+01     9.2855098e-01
 1650.0 1700.0     6.0627962e-01    1.1850976e+01     9.2821234e-01
 1700.0 1750.0     6.0974004e-01    1.1424141e+01     9.2781272e-01
 1754.0 1770.0     6.1231123e-01    1.1116533e+01     9.2751699e-01
 1770.0 1786.0     6.1342742e-01    1.0986810e+01     9.2738911e-01
 1786.0 1802.0     6.1454564e-01    1.0858600e+01     9.2726123e-01
 1802.0 1818.0     6.1566590e-01    1.0731886e+01     9.2713335e-01
 1818.0 1835.0     6.1682334e-01    1.0602784e+01     9.2700148e-01
 1835.0 1852.0     6.1801810e-01    1.0471371e+01     9.2686560e-01
 1852.0 1869.0     6.1921517e-01    1.0341586e+01     9.2672973e-01
 1869.0 1887.0     6.2044990e-01    1.0209688e+01     9.2658986e-01
 1887.0 1905.0     6.2172245e-01    1.0075752e+01     9.2644600e-01
 1905.0 1923.0     6.2299761e-01    9.9435729e+00     9.2630213e-01
 1923.0 1942.0     6.2431095e-01    9.8095534e+00     9.2615427e-01
 1942.0 1961.0     6.2566263e-01    9.6737669e+00     9.2600241e-01
 1961.0 1980.0     6.2671481e-01    9.5474754e+00     9.2583285e-01
 1980.0 2000.0     6.2730052e-01    9.4320347e+00     9.2562979e-01
 2000.0 2020.0     6.2772084e-01    9.3195711e+00     9.2541094e-01
 2020.0 2041.0     6.2815197e-01    9.2057044e+00     9.2518661e-01
 2041.0 2062.0     6.2859391e-01    9.0904857e+00     9.2495681e-01
 2062.0 2083.0     6.2903616e-01    8.9767090e+00     9.2472700e-01
 2083.0 2105.0     6.2948927e-01    8.8617157e+00     9.2449173e-01
 2105.0 2128.0     6.2996381e-01    8.7429510e+00     9.2424552e-01
 2128.0 2151.0     6.3044925e-01    8.6231741e+00     9.2399383e-01
 2151.0 2174.0     6.3093507e-01    8.5050383e+00     9.2374214e-01
 2174.0 2200.0     6.3145300e-01    8.3810329e+00     9.2347404e-01
 2200.0 2222.0     6.3196074e-01    8.2611868e+00     9.2321141e-01
 2222.0 2247.0     6.3245833e-01    8.1456186e+00     9.2295426e-01
 2247.0 2273.0     6.3299870e-01    8.0220063e+00     9.2267521e-01
 2273.0 2299.0     6.3355014e-01    7.8978830e+00     9.2239070e-01
 2299.0 2326.0     6.3411268e-01    7.7733673e+00     9.2210071e-01
 2326.0 2353.0     6.3468634e-01    7.6485024e+00     9.2180525e-01
 2353.0 2381.0     6.3527116e-01    7.5234055e+00     9.2150432e-01
 2381.0 2410.0     6.3686337e-01    7.3811474e+00     9.2117369e-01
 2410.0 2439.0     6.3957171e-01    7.2229838e+00     9.2081668e-01
 2439.0 2469.0     6.4245504e-01    7.0639077e+00     9.2045130e-01
 2469.0 2500.0     6.4544978e-01    6.9031219e+00     9.2007354e-01
 2500.0 2532.0     6.4855737e-01    6.7409051e+00     9.1968340e-01
 2532.0 2564.0     6.5172948e-01    6.5799862e+00     9.1928706e-01
 2564.0 2597.0     6.5496716e-01    6.4205141e+00     9.1888453e-01
 2597.0 2632.0     6.5837162e-01    6.2578472e+00     9.1846342e-01
 2632.0 2667.0     6.6105084e-01    6.0921324e+00     9.1801978e-01
 2667.0 2703.0     6.6274516e-01    5.9255058e+00     9.1755735e-01
 2703.0 2740.0     6.6431210e-01    5.7584182e+00     9.1707974e-01
 2740.0 2778.0     6.6592582e-01    5.5916586e+00     9.1658904e-01
 2778.0 2817.0     6.6758665e-01    5.4254749e+00     9.1608525e-01
 2817.0 2857.0     6.6929492e-01    5.2601064e+00     9.1556838e-01
 2857.0 2899.0     6.7107272e-01    5.0938194e+00     9.1503188e-01
 2899.0 2941.0     6.7289871e-01    4.9288622e+00     9.1448230e-01
 2941.0 2985.0     6.7418430e-01    4.7700595e+00     9.1391231e-01
 2985.0 3030.0     6.7473504e-01    4.6169864e+00     9.1331271e-01
 3030.0 3077.0     6.7510191e-01    4.4654380e+00     9.1269037e-01
 3077.0 3125.0     6.7548095e-01    4.3141393e+00     9.1204774e-01
 3125.0 3175.0     6.7587218e-01    4.1634594e+00     9.1138481e-01
 3175.0 3225.0     6.7627163e-01    4.0150753e+00     9.1070835e-01
 3225.0 3275.0     6.7694737e-01    3.8724532e+00     9.1003033e-01
 3275.0 3325.0     6.7877686e-01    3.7368187e+00     9.0934578e-01
 3325.0 3375.0     6.8148932e-01    3.6073832e+00     9.0865627e-01
 3375.0 3425.0     6.8421263e-01    3.4824311e+00     9.0796676e-01
 3425.0 3450.0     6.8626122e-01    3.3911704e+00     9.0744962e-01
 3450.0 3550.0     6.8997151e-01    3.2497778e+00     9.0658713e-01
 3550.0 3650.0     6.9926204e-01    3.0657102e+00     9.0520003e-01
 3650.0 3750.0     7.1190423e-01    2.9239445e+00     9.0380603e-01
 3750.0 3850.0     7.2477499e-01    2.7887344e+00     9.0241204e-01
 3850.0 3950.0     7.3856216e-01    2.6652940e+00     9.0101224e-01
 3950.0 4050.0     7.5351644e-01    2.5545197e+00     8.9960480e-01
 4050.0 4150.0     7.6884867e-01    2.4500913e+00     8.9819441e-01
 4150.0 4250.0     7.8362416e-01    2.3503157e+00     8.9677743e-01
 4250.0 4350.0     7.9796093e-01    2.2549194e+00     8.9535498e-01
 4350.0 4450.0     8.1161138e-01    2.1608663e+00     8.9392901e-01
 4450.0 4550.0     8.2114893e-01    2.0596754e+00     8.9248705e-01
 4550.0 4650.0     8.2741366e-01    1.9547236e+00     8.9103263e-01
 4650.0 4750.0     8.3372618e-01    1.8551197e+00     8.8957820e-01
 4750.0 4850.0     8.4008686e-01    1.7605912e+00     8.8812377e-01
 4850.0 4950.0     8.4649607e-01    1.6708793e+00     8.8666934e-01
 4950.0 5050.0     8.5295418e-01    1.5857388e+00     8.8521492e-01
 5050.0 5150.0     8.5946156e-01    1.5049367e+00     8.8376049e-01
 5150.0 5250.0     8.6601858e-01    1.4282519e+00     8.8230606e-01
 5250.0 5350.0     8.7262563e-01    1.3554746e+00     8.8085163e-01
 5350.0 5450.0     8.7928309e-01    1.2864057e+00     8.7939721e-01
 5450.0 5550.0     8.8599134e-01    1.2208563e+00     8.7794278e-01
 5550.0 5650.0     8.9252057e-01    1.1594552e+00     8.7648493e-01
 5650.0 5750.0     8.9755635e-01    1.1063249e+00     8.7500423e-01
 5750.0 5850.0     9.0131101e-01    1.0600203e+00     8.7350413e-01
 5850.0 5950.0     9.0508138e-01    1.0156539e+00     8.7200402e-01
 5950.0 6050.0     9.0886753e-01    9.7314436e-01     8.7050392e-01
 6050.0 6150.0     9.1266951e-01    9.3241404e-01     8.6900381e-01
 6150.0 6250.0     9.1648739e-01    8.9338845e-01     8.6750370e-01
 6250.0 6350.0     9.2032125e-01    8.5599626e-01     8.6600360e-01
 6350.0 6450.0     9.2417115e-01    8.2016910e-01     8.6450349e-01
 6450.0 6550.0     9.2803715e-01    7.8584145e-01     8.6300339e-01
 6550.0 6650.0     9.3191932e-01    7.5295057e-01     8.6150328e-01
 6650.0 6750.0     9.3581773e-01    7.2143632e-01     8.6000318e-01
 6750.0 6850.0     9.3973245e-01    6.9124107e-01     8.5850307e-01
 6850.0 6950.0     9.4300033e-01    6.6415629e-01     8.5698265e-01
 6950.0 7050.0     9.4520966e-01    6.4108023e-01     8.5542948e-01
 7050.0 7150.0     9.4701720e-01    6.1990345e-01     8.5386386e-01
 7150.0 7250.0     9.4882820e-01    5.9942620e-01     8.5229824e-01
 7250.0 7350.0     9.5064265e-01    5.7962537e-01     8.5073262e-01
 7350.0 7450.0     9.5246058e-01    5.6047863e-01     8.4916700e-01
 7450.0 7550.0     9.5428198e-01    5.4196436e-01     8.4760138e-01
 7550.0 7650.0     9.5610687e-01    5.2406167e-01     8.4603576e-01
 7650.0 7750.0     9.5793525e-01    5.0675036e-01     8.4447014e-01
 7750.0 7850.0     9.5976712e-01    4.9001089e-01     8.4290453e-01
 7850.0 7950.0     9.6160249e-01    4.7382438e-01     8.4133891e-01
 7950.0 8050.0     9.6344138e-01    4.5817255e-01     8.3977329e-01
 8050.0 8150.0     9.6528378e-01    4.4303775e-01     8.3820767e-01
 8150.0 8250.0     9.6712971e-01    4.2840290e-01     8.3664205e-01
 8250.0 8350.0     9.6897916e-01    4.1425149e-01     8.3507643e-01
 8350.0 8450.0     9.7083216e-01    4.0056753e-01     8.3351081e-01
 8450.0 8550.0     9.7268869e-01    3.8733560e-01     8.3194519e-01
