 1216.0 1216.0     5.2993159e-01    1.3451101e+01     9.0647928e-01
 1300.0 1350.0     5.8044044e-01    1.1029374e+01     9.0604854e-01
 1350.0 1400.0     5.9536069e-01    1.0192135e+01     9.0574701e-01
 1400.0 1450.0     5.9799940e-01    9.5859441e+00     9.0530870e-01
 1450.0 1500.0     5.9761504e-01    9.0543348e+00     9.0483757e-01
 1500.0 1550.0     5.9723093e-01    8.5522071e+00     9.0436644e-01
 1550.0 1600.0     5.9684706e-01    8.0779260e+00     9.0389531e-01
 1600.0 1650.0     5.9683427e-01    7.6514857e+00     9.0337248e-01
 1650.0 1700.0     5.9779893e-01    7.3027986e+00     9.0271360e-01
 1700.0 1750.0     5.9937215e-01    7.0037989e+00     9.0197037e-01
 1754.0 1770.0     6.0053853e-01    6.7891175e+00     9.0142038e-01
 1770.0 1786.0     6.0104382e-01    6.6989004e+00     9.0118255e-01
 1786.0 1802.0     6.0154953e-01    6.6098820e+00     9.0094472e-01
 1802.0 1818.0     6.0205567e-01    6.5220466e+00     9.0070688e-01
 1818.0 1835.0     6.0257808e-01    6.4327072e+00     9.0046162e-01
 1835.0 1852.0     6.0311678e-01    6.3419215e+00     9.0020892e-01
 1852.0 1869.0     6.0365597e-01    6.2524170e+00     8.9995622e-01
 1869.0 1887.0     6.0421153e-01    6.1616182e+00     8.9969609e-01
 1887.0 1905.0     6.0478348e-01    6.0695815e+00     8.9942853e-01
 1905.0 1923.0     6.0535598e-01    5.9789196e+00     8.9916097e-01
 1923.0 1942.0     6.0594495e-01    5.8871693e+00     8.9888598e-01
 1942.0 1961.0     6.0655043e-01    5.7943854e+00     8.9860355e-01
 1961.0 1980.0     6.0691940e-01    5.7084935e+00     8.9829481e-01
 1980.0 2000.0     6.0690952e-01    5.6305461e+00     8.9793478e-01
 2000.0 2020.0     6.0675761e-01    5.5548996e+00     8.9754977e-01
 2020.0 2041.0     6.0660195e-01    5.4784295e+00     8.9715514e-01
 2041.0 2062.0     6.0644254e-01    5.4011727e+00     8.9675088e-01
 2062.0 2083.0     6.0628316e-01    5.3250053e+00     8.9634663e-01
 2083.0 2105.0     6.0612004e-01    5.2481500e+00     8.9593275e-01
 2105.0 2128.0     6.0594937e-01    5.1689076e+00     8.9549962e-01
 2128.0 2151.0     6.0577496e-01    5.0891274e+00     8.9505686e-01
 2151.0 2174.0     6.0560061e-01    5.0105786e+00     8.9461410e-01
 2174.0 2200.0     6.0541493e-01    4.9282816e+00     8.9414247e-01
 2200.0 2222.0     6.0523310e-01    4.8488817e+00     8.9368046e-01
 2222.0 2247.0     6.0505511e-01    4.7724653e+00     8.9322808e-01
 2247.0 2273.0     6.0486204e-01    4.6908799e+00     8.9273720e-01
 2273.0 2299.0     6.0466524e-01    4.6091169e+00     8.9223669e-01
 2299.0 2326.0     6.0446472e-01    4.5272617e+00     8.9172656e-01
 2326.0 2353.0     6.0426049e-01    4.4453431e+00     8.9120680e-01
 2353.0 2381.0     6.0405254e-01    4.3634449e+00     8.9067742e-01
 2381.0 2410.0     6.0486850e-01    4.2707261e+00     8.9009742e-01
 2410.0 2439.0     6.0683452e-01    4.1680772e+00     8.8947282e-01
 2439.0 2469.0     6.0896275e-01    4.0651336e+00     8.8883377e-01
 2469.0 2500.0     6.1117096e-01    3.9613728e+00     8.8817305e-01
 2500.0 2532.0     6.1345999e-01    3.8569894e+00     8.8749068e-01
 2532.0 2564.0     6.1579405e-01    3.7537435e+00     8.8679747e-01
 2564.0 2597.0     6.1817375e-01    3.6517341e+00     8.8609343e-01
 2597.0 2632.0     6.2067319e-01    3.5480041e+00     8.8535689e-01
 2632.0 2667.0     6.2245226e-01    3.4434626e+00     8.8457874e-01
 2667.0 2703.0     6.2327604e-01    3.3396270e+00     8.8376499e-01
 2703.0 2740.0     6.2395310e-01    3.2359665e+00     8.8292407e-01
 2740.0 2778.0     6.2464948e-01    3.1328161e+00     8.8206011e-01
 2778.0 2817.0     6.2536524e-01    3.0303348e+00     8.8117311e-01
 2817.0 2857.0     6.2610044e-01    2.9286747e+00     8.8026308e-01
 2857.0 2899.0     6.2686447e-01    2.8267814e+00     8.7931848e-01
 2899.0 2941.0     6.2764810e-01    2.7260349e+00     8.7835085e-01
 2941.0 2985.0     6.2792856e-01    2.6300136e+00     8.7734222e-01
 2985.0 3030.0     6.2752489e-01    2.5386143e+00     8.7627455e-01
 3030.0 3077.0     6.2692805e-01    2.4486076e+00     8.7516471e-01
 3077.0 3125.0     6.2631234e-01    2.3589963e+00     8.7401867e-01
 3125.0 3175.0     6.2567783e-01    2.2700074e+00     8.7283645e-01
 3175.0 3225.0     6.2503102e-01    2.1826283e+00     8.7163010e-01
 3225.0 3275.0     6.2470558e-01    2.0988293e+00     8.7041885e-01
 3275.0 3325.0     6.2571887e-01    2.0191239e+00     8.6918721e-01
 3325.0 3375.0     6.2775317e-01    1.9431054e+00     8.6794008e-01
 3375.0 3425.0     6.2979409e-01    1.8699489e+00     8.6669294e-01
 3425.0 3450.0     6.3132851e-01    1.8166439e+00     8.6575759e-01
 3450.0 3550.0     6.3423246e-01    1.7342456e+00     8.6419596e-01
 3550.0 3650.0     6.4293080e-01    1.6251190e+00     8.6166517e-01
 3650.0 3750.0     6.5566913e-01    1.5391417e+00     8.5910326e-01
 3750.0 3850.0     6.6865983e-01    1.4577131e+00     8.5654136e-01
 3850.0 3950.0     6.8291621e-01    1.3830456e+00     8.5395460e-01
 3950.0 4050.0     6.9881262e-01    1.3153986e+00     8.5133513e-01
 4050.0 4150.0     7.1528643e-01    1.2518320e+00     8.4870282e-01
 4150.0 4250.0     7.3143518e-01    1.1915251e+00     8.4604119e-01
 4250.0 4350.0     7.4735463e-01    1.1342780e+00     8.4335522e-01
 4350.0 4450.0     7.6257198e-01    1.0787732e+00     8.4065333e-01
 4450.0 4550.0     7.7328713e-01    1.0215963e+00     8.3787906e-01
 4550.0 4650.0     7.8040616e-01    9.6407988e-01     8.3504835e-01
 4650.0 4750.0     7.8759073e-01    9.0980167e-01     8.3221763e-01
 4750.0 4850.0     7.9484145e-01    8.5857936e-01     8.2938691e-01
 4850.0 4950.0     8.0215891e-01    8.1024089e-01     8.2655620e-01
 4950.0 5050.0     8.0954374e-01    7.6462391e-01     8.2372548e-01
 5050.0 5150.0     8.1699656e-01    7.2157518e-01     8.2089476e-01
 5150.0 5250.0     8.2451799e-01    6.8095012e-01     8.1806404e-01
 5250.0 5350.0     8.3210866e-01    6.4261227e-01     8.1523333e-01
 5350.0 5450.0     8.3976922e-01    6.0643286e-01     8.1240261e-01
 5450.0 5550.0     8.4750030e-01    5.7229037e-01     8.0957189e-01
 5550.0 5650.0     8.5506408e-01    5.4049818e-01     8.0672625e-01
 5650.0 5750.0     8.6109653e-01    5.1320583e-01     8.0378111e-01
 5750.0 5850.0     8.6581322e-01    4.8960732e-01     8.0075140e-01
 5850.0 5950.0     8.7055575e-01    4.6709393e-01     7.9772168e-01
 5950.0 6050.0     8.7532426e-01    4.4561576e-01     7.9469197e-01
 6050.0 6150.0     8.8011888e-01    4.2512521e-01     7.9166225e-01
 6150.0 6250.0     8.8493977e-01    4.0557687e-01     7.8863254e-01
 6250.0 6350.0     8.8978707e-01    3.8692741e-01     7.8560283e-01
 6350.0 6450.0     8.9466091e-01    3.6913550e-01     7.8257311e-01
 6450.0 6550.0     8.9956146e-01    3.5216171e-01     7.7954340e-01
 6550.0 6650.0     9.0448884e-01    3.3596842e-01     7.7651368e-01
 6650.0 6750.0     9.0944322e-01    3.2051973e-01     7.7348397e-01
 6750.0 6850.0     9.1442473e-01    3.0578142e-01     7.7045425e-01
 6850.0 6950.0     9.1863425e-01    2.9262215e-01     7.6735555e-01
 6950.0 7050.0     9.2157352e-01    2.8146638e-01     7.6414556e-01
 7050.0 7150.0     9.2403144e-01    2.7126998e-01     7.6089329e-01
 7150.0 7250.0     9.2649592e-01    2.6144295e-01     7.5764102e-01
 7250.0 7350.0     9.2896696e-01    2.5197192e-01     7.5438876e-01
 7350.0 7450.0     9.3144460e-01    2.4284399e-01     7.5113649e-01
 7450.0 7550.0     9.3392884e-01    2.3404672e-01     7.4788422e-01
 7550.0 7650.0     9.3641972e-01    2.2556814e-01     7.4463195e-01
 7650.0 7750.0     9.3891723e-01    2.1739671e-01     7.4137968e-01
 7750.0 7850.0     9.4142141e-01    2.0952130e-01     7.3812741e-01
 7850.0 7950.0     9.4393226e-01    2.0193118e-01     7.3487514e-01
 7950.0 8050.0     9.4644981e-01    1.9461603e-01     7.3162287e-01
 8050.0 8150.0     9.4897408e-01    1.8756587e-01     7.2837060e-01
 8150.0 8250.0     9.5150508e-01    1.8077111e-01     7.2511833e-01
 8250.0 8350.0     9.5404282e-01    1.7422249e-01     7.2186606e-01
 8350.0 8450.0     9.5658734e-01    1.6791111e-01     7.1861379e-01
 8450.0 8550.0     9.5913864e-01    1.6182836e-01     7.1536152e-01
