 1216.0 1216.0     4.6675263e-01    3.4877347e+01     9.5069392e-01
 1300.0 1350.0     5.3350281e-01    2.9234659e+01     9.5087751e-01
 1350.0 1400.0     5.5612306e-01    2.7346010e+01     9.5090498e-01
 1400.0 1450.0     5.6545940e-01    2.6101047e+01     9.5085777e-01
 1450.0 1500.0     5.7151077e-01    2.5034199e+01     9.5079263e-01
 1500.0 1550.0     5.7762690e-01    2.4010957e+01     9.5072750e-01
 1550.0 1600.0     5.8380848e-01    2.3029540e+01     9.5066237e-01
 1600.0 1650.0     5.8992509e-01    2.2132754e+01     9.5057095e-01
 1650.0 1700.0     5.9575868e-01    2.1385830e+01     9.5041035e-01
 1700.0 1750.0     6.0143402e-01    2.0734677e+01     9.5020686e-01
 1754.0 1770.0     6.0566244e-01    2.0263448e+01     9.5005628e-01
 1770.0 1786.0     6.0750279e-01    2.0063935e+01     9.4999117e-01
 1786.0 1802.0     6.0934873e-01    1.9866387e+01     9.4992605e-01
 1802.0 1818.0     6.1120028e-01    1.9670784e+01     9.4986093e-01
 1818.0 1835.0     6.1311568e-01    1.9471116e+01     9.4979378e-01
 1835.0 1852.0     6.1509530e-01    1.9267485e+01     9.4972460e-01
 1852.0 1869.0     6.1708131e-01    1.9065984e+01     9.4965541e-01
 1869.0 1887.0     6.1913254e-01    1.8860789e+01     9.4958419e-01
 1887.0 1905.0     6.2124938e-01    1.8652003e+01     9.4951094e-01
 1905.0 1923.0     6.2337346e-01    1.8445528e+01     9.4943768e-01
 1923.0 1942.0     6.2556421e-01    1.8235732e+01     9.4936239e-01
 1942.0 1961.0     6.2782208e-01    1.8022716e+01     9.4928507e-01
 1961.0 1980.0     6.2970179e-01    1.7824737e+01     9.4919586e-01
 1980.0 2000.0     6.3100304e-01    1.7644350e+01     9.4908482e-01
 2000.0 2020.0     6.3210902e-01    1.7468648e+01     9.4896382e-01
 2020.0 2041.0     6.3324469e-01    1.7290391e+01     9.4883980e-01
 2041.0 2062.0     6.3441015e-01    1.7109649e+01     9.4871275e-01
 2062.0 2083.0     6.3557776e-01    1.6930797e+01     9.4858570e-01
 2083.0 2105.0     6.3677541e-01    1.6749646e+01     9.4845563e-01
 2105.0 2128.0     6.3803119e-01    1.6562145e+01     9.4831951e-01
 2128.0 2151.0     6.3931741e-01    1.6372623e+01     9.4818036e-01
 2151.0 2174.0     6.4060622e-01    1.6185269e+01     9.4804122e-01
 2174.0 2200.0     6.4198203e-01    1.5988128e+01     9.4789299e-01
 2200.0 2222.0     6.4333242e-01    1.5797172e+01     9.4774780e-01
 2222.0 2247.0     6.4465763e-01    1.5612565e+01     9.4760562e-01
 2247.0 2273.0     6.4609866e-01    1.5414638e+01     9.4745135e-01
 2273.0 2299.0     6.4757122e-01    1.5215388e+01     9.4729406e-01
 2299.0 2326.0     6.4907559e-01    1.5014982e+01     9.4713373e-01
 2326.0 2353.0     6.5061190e-01    1.4813484e+01     9.4697039e-01
 2353.0 2381.0     6.5218043e-01    1.4611059e+01     9.4680402e-01
 2381.0 2410.0     6.5474682e-01    1.4379227e+01     9.4661997e-01
 2410.0 2439.0     6.5839906e-01    1.4119764e+01     9.4641994e-01
 2439.0 2469.0     6.6224613e-01    1.3857802e+01     9.4621509e-01
 2469.0 2500.0     6.6624724e-01    1.3592068e+01     9.4600330e-01
 2500.0 2532.0     6.7040491e-01    1.3322970e+01     9.4578457e-01
 2532.0 2564.0     6.7465493e-01    1.3055012e+01     9.4556236e-01
 2564.0 2597.0     6.7899916e-01    1.2788426e+01     9.4533668e-01
 2597.0 2632.0     6.8357405e-01    1.2515402e+01     9.4510059e-01
 2632.0 2667.0     6.8741426e-01    1.2235118e+01     9.4485209e-01
 2667.0 2703.0     6.9022646e-01    1.1950898e+01     9.4459332e-01
 2703.0 2740.0     6.9293770e-01    1.1664468e+01     9.4432611e-01
 2740.0 2778.0     6.9573432e-01    1.1377339e+01     9.4405157e-01
 2778.0 2817.0     6.9861725e-01    1.1089905e+01     9.4376972e-01
 2817.0 2857.0     7.0158749e-01    1.0802551e+01     9.4348054e-01
 2857.0 2899.0     7.0468395e-01    1.0512204e+01     9.4318038e-01
 2899.0 2941.0     7.0786994e-01    1.0222771e+01     9.4287291e-01
 2941.0 2985.0     7.1045415e-01    9.9406637e+00     9.4255513e-01
 2985.0 3030.0     7.1221815e-01    9.6646074e+00     9.4222232e-01
 3030.0 3077.0     7.1380723e-01    9.3893093e+00     9.4187727e-01
 3077.0 3125.0     7.1545183e-01    9.1132184e+00     9.4152096e-01
 3125.0 3175.0     7.1715236e-01    8.8369560e+00     9.4115340e-01
 3175.0 3225.0     7.1889172e-01    8.5636021e+00     9.4077834e-01
 3225.0 3275.0     7.2085039e-01    8.2995507e+00     9.4040295e-01
 3275.0 3325.0     7.2371362e-01    8.0470887e+00     9.4002614e-01
 3325.0 3375.0     7.2727291e-01    7.8049076e+00     9.3964826e-01
 3375.0 3425.0     7.3084971e-01    7.5700151e+00     9.3927038e-01
 3425.0 3450.0     7.3354219e-01    7.3978490e+00     9.3898697e-01
 3450.0 3550.0     7.3826098e-01    7.1298134e+00     9.3851472e-01
 3550.0 3650.0     7.4824905e-01    6.7857455e+00     9.3776043e-01
 3650.0 3750.0     7.6068956e-01    6.5257316e+00     9.3700738e-01
 3750.0 3850.0     7.7333692e-01    6.2756809e+00     9.3625433e-01
 3850.0 3950.0     7.8651211e-01    6.0477614e+00     9.3563791e-01
 3950.0 4050.0     8.0033153e-01    5.8445336e+00     9.3520126e-01
 4050.0 4150.0     8.1433510e-01    5.6522346e+00     9.3475101e-01
 4150.0 4250.0     8.2762540e-01    5.4677446e+00     9.3396696e-01
 4250.0 4350.0     8.4033580e-01    5.2904997e+00     9.3290585e-01
 4350.0 4450.0     8.5239563e-01    5.1119828e+00     9.3188032e-01
 4450.0 4550.0     8.6075853e-01    4.9086261e+00     9.3101650e-01
 4550.0 4650.0     8.6618899e-01    4.6896191e+00     9.3027880e-01
 4650.0 4750.0     8.7165371e-01    4.4803835e+00     9.2954110e-01
 4750.0 4850.0     8.7715290e-01    4.2804833e+00     9.2880340e-01
 4850.0 4950.0     8.8268679e-01    4.0895019e+00     9.2806570e-01
 4950.0 5050.0     8.8825560e-01    3.9070416e+00     9.2732800e-01
 5050.0 5150.0     8.9385953e-01    3.7327220e+00     9.2659030e-01
 5150.0 5250.0     8.9949882e-01    3.5661800e+00     9.2585260e-01
 5250.0 5350.0     9.0517369e-01    3.4070686e+00     9.2511490e-01
 5350.0 5450.0     9.1088436e-01    3.2550562e+00     9.2437720e-01
 5450.0 5550.0     9.1663106e-01    3.1098262e+00     9.2363950e-01
 5550.0 5650.0     9.2219378e-01    2.9726505e+00     9.2290334e-01
 5650.0 5750.0     9.2631688e-01    2.8516667e+00     9.2217749e-01
 5750.0 5850.0     9.2920689e-01    2.7441979e+00     9.2146038e-01
 5850.0 5950.0     9.3210591e-01    2.6407793e+00     9.2074328e-01
 5950.0 6050.0     9.3501398e-01    2.5412581e+00     9.2002618e-01
 6050.0 6150.0     9.3793112e-01    2.4454875e+00     9.1930908e-01
 6150.0 6250.0     9.4085736e-01    2.3533261e+00     9.1859198e-01
 6250.0 6350.0     9.4379273e-01    2.2646380e+00     9.1787488e-01
 6350.0 6450.0     9.4673726e-01    2.1792922e+00     9.1715777e-01
 6450.0 6550.0     9.4969098e-01    2.0971628e+00     9.1644067e-01
 6550.0 6650.0     9.5265391e-01    2.0181285e+00     9.1572357e-01
 6650.0 6750.0     9.5562608e-01    1.9420727e+00     9.1500647e-01
 6750.0 6850.0     9.5860753e-01    1.8688832e+00     9.1428937e-01
 6850.0 6950.0     9.6106574e-01    1.8026437e+00     9.1357730e-01
 6950.0 7050.0     9.6267124e-01    1.7454472e+00     9.1287335e-01
 7050.0 7150.0     9.6395277e-01    1.6925627e+00     9.1217248e-01
 7150.0 7250.0     9.6523601e-01    1.6412805e+00     9.1147161e-01
 7250.0 7350.0     9.6652096e-01    1.5915521e+00     9.1077075e-01
 7350.0 7450.0     9.6780762e-01    1.5433304e+00     9.1006988e-01
 7450.0 7550.0     9.6909599e-01    1.4965697e+00     9.0936901e-01
 7550.0 7650.0     9.7038607e-01    1.4512258e+00     9.0866815e-01
 7650.0 7750.0     9.7167788e-01    1.4072558e+00     9.0796728e-01
 7750.0 7850.0     9.7297140e-01    1.3646180e+00     9.0726641e-01
 7850.0 7950.0     9.7426664e-01    1.3232720e+00     9.0656554e-01
 7950.0 8050.0     9.7556361e-01    1.2831788e+00     9.0586468e-01
 8050.0 8150.0     9.7686231e-01    1.2443003e+00     9.0516381e-01
 8150.0 8250.0     9.7816273e-01    1.2065998e+00     9.0446294e-01
 8250.0 8350.0     9.7946489e-01    1.1700416e+00     9.0376208e-01
 8350.0 8450.0     9.8076878e-01    1.1345911e+00     9.0306121e-01
 8450.0 8550.0     9.8207440e-01    1.1002146e+00     9.0236034e-01
