 1216.0 1216.0     4.2708749e-01    5.1940589e+01     9.6199565e-01
 1300.0 1350.0     4.9730567e-01    4.3416720e+01     9.6220218e-01
 1350.0 1400.0     5.2194528e-01    4.0635414e+01     9.6225208e-01
 1400.0 1450.0     5.3332985e-01    3.8908247e+01     9.6224299e-01
 1450.0 1500.0     5.4145313e-01    3.7459029e+01     9.6221973e-01
 1500.0 1550.0     5.4970014e-01    3.6063791e+01     9.6219648e-01
 1550.0 1600.0     5.5807277e-01    3.4720521e+01     9.6217322e-01
 1600.0 1650.0     5.6626833e-01    3.3490082e+01     9.6212941e-01
 1650.0 1700.0     5.7377652e-01    3.2465688e+01     9.6203151e-01
 1700.0 1750.0     5.8088143e-01    3.1572457e+01     9.6190007e-01
 1754.0 1770.0     5.8618567e-01    3.0924625e+01     9.6180280e-01
 1770.0 1786.0     5.8849870e-01    3.0649772e+01     9.6176074e-01
 1786.0 1802.0     5.9082086e-01    3.0377361e+01     9.6171868e-01
 1802.0 1818.0     5.9315218e-01    3.0107372e+01     9.6167662e-01
 1818.0 1835.0     5.9556613e-01    2.9831497e+01     9.6163325e-01
 1835.0 1852.0     5.9806336e-01    2.9549867e+01     9.6158856e-01
 1852.0 1869.0     6.0057106e-01    2.9270896e+01     9.6154387e-01
 1869.0 1887.0     6.0316365e-01    2.8986509e+01     9.6149786e-01
 1887.0 1905.0     6.0584184e-01    2.8696840e+01     9.6145055e-01
 1905.0 1923.0     6.0853191e-01    2.8410065e+01     9.6140323e-01
 1923.0 1942.0     6.1130933e-01    2.8118351e+01     9.6135459e-01
 1942.0 1961.0     6.1417483e-01    2.7821829e+01     9.6130465e-01
 1961.0 1980.0     6.1661270e-01    2.7548290e+01     9.6124556e-01
 1980.0 2000.0     6.1840103e-01    2.7302858e+01     9.6116993e-01
 2000.0 2020.0     6.1997616e-01    2.7065160e+01     9.6108690e-01
 2020.0 2041.0     6.2159489e-01    2.6823693e+01     9.6100179e-01
 2041.0 2062.0     6.2325743e-01    2.6578544e+01     9.6091461e-01
 2062.0 2083.0     6.2492442e-01    2.6335635e+01     9.6082742e-01
 2083.0 2105.0     6.2663577e-01    2.6089269e+01     9.6073816e-01
 2105.0 2128.0     6.2843174e-01    2.5833912e+01     9.6064475e-01
 2128.0 2151.0     6.3027288e-01    2.5575435e+01     9.6054926e-01
 2151.0 2174.0     6.3211941e-01    2.5319545e+01     9.6045377e-01
 2174.0 2200.0     6.3409251e-01    2.5049869e+01     9.6035205e-01
 2200.0 2222.0     6.3603088e-01    2.4788283e+01     9.6025241e-01
 2222.0 2247.0     6.3793503e-01    2.4534987e+01     9.6015485e-01
 2247.0 2273.0     6.4000756e-01    2.4263002e+01     9.6004898e-01
 2273.0 2299.0     6.4212759e-01    2.3988758e+01     9.5994103e-01
 2299.0 2326.0     6.4429568e-01    2.3712460e+01     9.5983101e-01
 2326.0 2353.0     6.4651214e-01    2.3434191e+01     9.5971892e-01
 2353.0 2381.0     6.4877756e-01    2.3154156e+01     9.5960475e-01
 2381.0 2410.0     6.5205090e-01    2.2831941e+01     9.5947770e-01
 2410.0 2439.0     6.5640750e-01    2.2469757e+01     9.5933884e-01
 2439.0 2469.0     6.6097790e-01    2.2103178e+01     9.5919657e-01
 2469.0 2500.0     6.6573669e-01    2.1730460e+01     9.5904948e-01
 2500.0 2532.0     6.7068747e-01    2.1352117e+01     9.5889756e-01
 2532.0 2564.0     6.7575424e-01    2.0974462e+01     9.5874323e-01
 2564.0 2597.0     6.8093966e-01    2.0597793e+01     9.5858649e-01
 2597.0 2632.0     6.8640732e-01    2.0211032e+01     9.5842251e-01
 2632.0 2667.0     6.9113074e-01    1.9815225e+01     9.5824982e-01
 2667.0 2703.0     6.9478937e-01    1.9415449e+01     9.5806988e-01
 2703.0 2740.0     6.9836834e-01    1.9011748e+01     9.5788405e-01
 2740.0 2778.0     7.0206456e-01    1.8605728e+01     9.5769313e-01
 2778.0 2817.0     7.0587971e-01    1.8197899e+01     9.5749712e-01
 2817.0 2857.0     7.0981549e-01    1.7788767e+01     9.5729601e-01
 2857.0 2899.0     7.1392409e-01    1.7373883e+01     9.5708727e-01
 2899.0 2941.0     7.1815727e-01    1.6958793e+01     9.5687344e-01
 2941.0 2985.0     7.2173839e-01    1.6552192e+01     9.5665260e-01
 2985.0 3030.0     7.2442786e-01    1.6152153e+01     9.5642151e-01
 3030.0 3077.0     7.2694945e-01    1.5751525e+01     9.5618198e-01
 3077.0 3125.0     7.2956242e-01    1.5348204e+01     9.5593463e-01
 3125.0 3175.0     7.3226780e-01    1.4943020e+01     9.5567948e-01
 3175.0 3225.0     7.3503863e-01    1.4540483e+01     9.5541912e-01
 3225.0 3275.0     7.3799234e-01    1.4149836e+01     9.5515865e-01
 3275.0 3325.0     7.4167908e-01    1.3773954e+01     9.5489773e-01
 3325.0 3375.0     7.4593340e-01    1.3411282e+01     9.5463647e-01
 3375.0 3425.0     7.5021212e-01    1.3058159e+01     9.5437522e-01
 3425.0 3450.0     7.5343495e-01    1.2798578e+01     9.5417927e-01
 3450.0 3550.0     7.5899615e-01    1.2392500e+01     9.5385289e-01
 3550.0 3650.0     7.6969107e-01    1.1873510e+01     9.5333292e-01
 3650.0 3750.0     7.8221427e-01    1.1483451e+01     9.5281512e-01
 3750.0 3850.0     7.9494122e-01    1.1106206e+01     9.5229731e-01
 3850.0 3950.0     8.0797771e-01    1.0763056e+01     9.5182505e-01
 3950.0 4050.0     8.2136336e-01    1.0458929e+01     9.5141272e-01
 4050.0 4150.0     8.3482748e-01    1.0170403e+01     9.5099671e-01
 4150.0 4250.0     8.4746316e-01    9.8917332e+00     9.5047450e-01
 4250.0 4350.0     8.5941797e-01    9.6222658e+00     9.4986413e-01
 4350.0 4450.0     8.7074733e-01    9.3472838e+00     9.4926653e-01
 4450.0 4550.0     8.7859443e-01    9.0233889e+00     9.4872699e-01
 4550.0 4650.0     8.8368316e-01    8.6669969e+00     9.4823275e-01
 4650.0 4750.0     8.8880136e-01    8.3246810e+00     9.4773851e-01
 4750.0 4850.0     8.9394921e-01    7.9958855e+00     9.4724426e-01
 4850.0 4950.0     8.9912687e-01    7.6800762e+00     9.4675002e-01
 4950.0 5050.0     9.0433452e-01    7.3767403e+00     9.4625577e-01
 5050.0 5150.0     9.0957233e-01    7.0853850e+00     9.4576153e-01
 5150.0 5250.0     9.1484048e-01    6.8055373e+00     9.4526728e-01
 5250.0 5350.0     9.2013914e-01    6.5367425e+00     9.4477304e-01
 5350.0 5450.0     9.2546849e-01    6.2785643e+00     9.4427879e-01
 5450.0 5550.0     9.3082871e-01    6.0305831e+00     9.4378455e-01
 5550.0 5650.0     9.3599859e-01    5.7946175e+00     9.4329230e-01
 5650.0 5750.0     9.3971669e-01    5.5822376e+00     9.4281337e-01
 5750.0 5850.0     9.4219207e-01    5.3897988e+00     9.4234577e-01
 5850.0 5950.0     9.4467397e-01    5.2039941e+00     9.4187816e-01
 5950.0 6050.0     9.4716241e-01    5.0245946e+00     9.4141055e-01
 6050.0 6150.0     9.4965740e-01    4.8513797e+00     9.4094294e-01
 6150.0 6250.0     9.5215896e-01    4.6841360e+00     9.4047533e-01
 6250.0 6350.0     9.5466712e-01    4.5226579e+00     9.4000772e-01
 6350.0 6450.0     9.5718188e-01    4.3667464e+00     9.3954011e-01
 6450.0 6550.0     9.5970327e-01    4.2162097e+00     9.3907250e-01
 6550.0 6650.0     9.6223130e-01    4.0708626e+00     9.3860490e-01
 6650.0 6750.0     9.6476599e-01    3.9305260e+00     9.3813729e-01
 6750.0 6850.0     9.6730735e-01    3.7950274e+00     9.3766968e-01
 6850.0 6950.0     9.6938320e-01    3.6711828e+00     9.3721019e-01
 6950.0 7050.0     9.7070185e-01    3.5625372e+00     9.3676378e-01
 7050.0 7150.0     9.7173271e-01    3.4612730e+00     9.3632235e-01
 7150.0 7250.0     9.7276466e-01    3.3628873e+00     9.3588092e-01
 7250.0 7350.0     9.7379771e-01    3.2672981e+00     9.3543949e-01
 7350.0 7450.0     9.7483185e-01    3.1744261e+00     9.3499806e-01
 7450.0 7550.0     9.7586710e-01    3.0841939e+00     9.3455663e-01
 7550.0 7650.0     9.7690344e-01    2.9965265e+00     9.3411520e-01
 7650.0 7750.0     9.7794089e-01    2.9113510e+00     9.3367377e-01
 7750.0 7850.0     9.7897943e-01    2.8285967e+00     9.3323234e-01
 7850.0 7950.0     9.8001908e-01    2.7481946e+00     9.3279091e-01
 7950.0 8050.0     9.8105984e-01    2.6700779e+00     9.3234948e-01
 8050.0 8150.0     9.8210169e-01    2.5941816e+00     9.3190805e-01
 8150.0 8250.0     9.8314466e-01    2.5204427e+00     9.3146662e-01
 8250.0 8350.0     9.8418873e-01    2.4487998e+00     9.3102519e-01
 8350.0 8450.0     9.8523391e-01    2.3791934e+00     9.3058376e-01
 8450.0 8550.0     9.8628020e-01    2.3115654e+00     9.3014233e-01
