 1216.0 1216.0     7.4778115e-02    3.5176537e-01     4.6824897e-02
 1300.0 1350.0     6.4648714e-02    2.5500984e-01     3.9433252e-02
 1350.0 1400.0     5.9744851e-02    2.2686967e-01     3.6503631e-02
 1400.0 1450.0     5.4306653e-02    2.1135479e-01     3.4180643e-02
 1450.0 1500.0     4.9162187e-02    1.9909104e-01     3.2003246e-02
 1500.0 1550.0     4.4505056e-02    1.8753889e-01     2.9825849e-02
 1550.0 1600.0     4.0289095e-02    1.7665705e-01     2.7648452e-02
 1600.0 1650.0     3.6703313e-02    1.6679643e-01     2.5666102e-02
 1650.0 1700.0     3.4020442e-02    1.5848279e-01     2.4197034e-02
 1700.0 1750.0     3.1888859e-02    1.5119168e-01     2.3046201e-02
 1754.0 1770.0     3.0383673e-02    1.4597676e-01     2.2194585e-02
 1770.0 1786.0     2.9761031e-02    1.4379320e-01     2.1826318e-02
 1786.0 1802.0     2.9151147e-02    1.4164232e-01     2.1458052e-02
 1802.0 1818.0     2.8553762e-02    1.3952360e-01     2.1089785e-02
 1818.0 1835.0     2.7950721e-02    1.3737236e-01     2.0710010e-02
 1835.0 1852.0     2.7342529e-02    1.3519012e-01     2.0318727e-02
 1852.0 1869.0     2.6747571e-02    1.3304254e-01     1.9927444e-02
 1869.0 1887.0     2.6148826e-02    1.3086793e-01     1.9524652e-02
 1887.0 1905.0     2.5546760e-02    1.2866775e-01     1.9110352e-02
 1905.0 1923.0     2.4958558e-02    1.2650457e-01     1.8696053e-02
 1923.0 1942.0     2.4368314e-02    1.2431969e-01     1.8270244e-02
 1942.0 1961.0     2.3776455e-02    1.2211453e-01     1.7832928e-02
 1961.0 1980.0     2.3225239e-02    1.2014261e-01     1.7455618e-02
 1980.0 2000.0     2.2715709e-02    1.1846943e-01     1.7166811e-02
 2000.0 2020.0     2.2219971e-02    1.1689204e-01     1.6906499e-02
 2020.0 2041.0     2.1723200e-02    1.1529728e-01     1.6639680e-02
 2041.0 2062.0     2.1225691e-02    1.1368590e-01     1.6366353e-02
 2062.0 2083.0     2.0739577e-02    1.1209705e-01     1.6093025e-02
 2083.0 2105.0     2.0253552e-02    1.1049364e-01     1.5813190e-02
 2105.0 2128.0     1.9757114e-02    1.0884020e-01     1.5520340e-02
 2128.0 2151.0     1.9262083e-02    1.0717531e-01     1.5220982e-02
 2151.0 2174.0     1.8779456e-02    1.0553590e-01     1.4921623e-02
 2174.0 2200.0     1.8279057e-02    1.0381799e-01     1.4602741e-02
 2200.0 2222.0     1.7800890e-02    1.0216033e-01     1.4290367e-02
 2222.0 2247.0     1.7345675e-02    1.0056472e-01     1.3984501e-02
 2247.0 2273.0     1.6864617e-02    9.8860917e-02     1.3652604e-02
 2273.0 2299.0     1.6387731e-02    9.7153144e-02     1.3314199e-02
 2299.0 2326.0     1.5915676e-02    9.5443168e-02     1.2969286e-02
 2326.0 2353.0     1.5448570e-02    9.3731595e-02     1.2617865e-02
 2353.0 2381.0     1.4987029e-02    9.2020157e-02     1.2259937e-02
 2381.0 2410.0     1.4606707e-02    8.9852717e-02     1.1946578e-02
 2410.0 2439.0     1.4321497e-02    8.7234360e-02     1.1690940e-02
 2439.0 2469.0     1.4046790e-02    8.4601460e-02     1.1437653e-02
 2469.0 2500.0     1.3768311e-02    8.1962833e-02     1.1175781e-02
 2500.0 2532.0     1.3486495e-02    7.9324052e-02     1.0905322e-02
 2532.0 2564.0     1.3206066e-02    7.6729696e-02     1.0630571e-02
 2564.0 2597.0     1.2927268e-02    7.4182289e-02     1.0351526e-02
 2597.0 2632.0     1.2641947e-02    7.1608438e-02     1.0059603e-02
 2632.0 2667.0     1.2342034e-02    6.9171259e-02     9.7891531e-03
 2667.0 2703.0     1.2029685e-02    6.6931638e-02     9.5517264e-03
 2703.0 2740.0     1.1714154e-02    6.4729320e-02     9.3140060e-03
 2740.0 2778.0     1.1398596e-02    6.2542112e-02     9.0697727e-03
 2778.0 2817.0     1.1083464e-02    6.0373444e-02     8.8190265e-03
 2817.0 2857.0     1.0769199e-02    5.8226577e-02     8.5617674e-03
 2857.0 2899.0     1.0452479e-02    5.6079376e-02     8.2947390e-03
 2899.0 2941.0     1.0137577e-02    5.3960929e-02     8.0211977e-03
 2941.0 2985.0     9.8249459e-03    5.2013497e-02     7.7705181e-03
 2985.0 3030.0     9.5112783e-03    5.0253344e-02     7.5501254e-03
 3030.0 3077.0     9.1975598e-03    4.8542677e-02     7.3324252e-03
 3077.0 3125.0     8.8844106e-03    4.6837001e-02     7.1076260e-03
 3125.0 3175.0     8.5725964e-03    4.5140554e-02     6.8757279e-03
 3175.0 3225.0     8.2655870e-03    4.3472193e-02     6.6390972e-03
 3225.0 3275.0     7.9836882e-03    4.1834613e-02     6.4097930e-03
 3275.0 3325.0     7.7691246e-03    4.0134127e-02     6.2110152e-03
 3325.0 3375.0     7.6041535e-03    3.8409243e-02     6.0354376e-03
 3375.0 3425.0     7.4426854e-03    3.6758492e-02     5.8598600e-03
 3425.0 3450.0     7.3235221e-03    3.5560723e-02     5.7281768e-03
 3450.0 3550.0     7.1439099e-03    3.3686045e-02     5.5130115e-03
 3550.0 3650.0     7.0125257e-03    3.0789440e-02     5.2199965e-03
 3650.0 3750.0     7.0304134e-03    2.8088453e-02     4.9765085e-03
 3750.0 3850.0     7.0483467e-03    2.5624408e-02     4.7330205e-03
 3850.0 3950.0     7.1358313e-03    2.3273823e-02     4.5101237e-03
 3950.0 4050.0     7.3173172e-03    2.1007480e-02     4.3143206e-03
 4050.0 4150.0     7.5330356e-03    1.8920905e-02     4.1276264e-03
 4150.0 4250.0     7.7964279e-03    1.6977986e-02     3.9562641e-03
 4250.0 4350.0     8.1036716e-03    1.5182961e-02     3.7976273e-03
 4350.0 4450.0     8.4000364e-03    1.3596641e-02     3.6437310e-03
 4450.0 4550.0     8.6010807e-03    1.2255592e-02     3.5113822e-03
 4550.0 4650.0     8.7244992e-03    1.1107694e-02     3.3958405e-03
 4650.0 4750.0     8.8496887e-03    1.0067312e-02     3.2802988e-03
 4750.0 4850.0     8.9766746e-03    9.1243752e-03     3.1647571e-03
 4850.0 4950.0     9.1054826e-03    8.2697569e-03     3.0492155e-03
 4950.0 5050.0     9.2361389e-03    7.4951850e-03     2.9336738e-03
 5050.0 5150.0     9.3686701e-03    6.7931619e-03     2.8181321e-03
 5150.0 5250.0     9.5031029e-03    6.1568925e-03     2.7025904e-03
 5250.0 5350.0     9.6394647e-03    5.5802182e-03     2.5870487e-03
 5350.0 5450.0     9.7777833e-03    5.0575571e-03     2.4715070e-03
 5450.0 5550.0     9.9180865e-03    4.5838501e-03     2.3559653e-03
 5550.0 5650.0     1.0067459e-02    4.1565843e-03     2.2446505e-03
 5650.0 5750.0     1.0266942e-02    3.7819096e-03     2.1615146e-03
 5750.0 5850.0     1.0511342e-02    3.4517302e-03     2.1023308e-03
 5850.0 5950.0     1.0761560e-02    3.1503771e-03     2.0431470e-03
 5950.0 6050.0     1.1017734e-02    2.8753336e-03     1.9839632e-03
 6050.0 6150.0     1.1280006e-02    2.6243027e-03     1.9247793e-03
 6150.0 6250.0     1.1548521e-02    2.3951881e-03     1.8655955e-03
 6250.0 6350.0     1.1823429e-02    2.1860764e-03     1.8064117e-03
 6350.0 6450.0     1.2104880e-02    1.9952211e-03     1.7472279e-03
 6450.0 6550.0     1.2393031e-02    1.8210284e-03     1.6880441e-03
 6550.0 6650.0     1.2688042e-02    1.6620436e-03     1.6288602e-03
 6650.0 6750.0     1.2990075e-02    1.5169390e-03     1.5696764e-03
 6750.0 6850.0     1.3299297e-02    1.3845027e-03     1.5104926e-03
 6850.0 6950.0     1.3635275e-02    1.2670987e-03     1.4602460e-03
 6950.0 7050.0     1.4011394e-02    1.1650910e-03     1.4244141e-03
 7050.0 7150.0     1.4410130e-02    1.0732599e-03     1.3940598e-03
 7150.0 7250.0     1.4820213e-02    9.8866686e-04     1.3637054e-03
 7250.0 7350.0     1.5241966e-02    9.1074134e-04     1.3333511e-03
 7350.0 7450.0     1.5675721e-02    8.3895782e-04     1.3029968e-03
 7450.0 7550.0     1.6121820e-02    7.7283218e-04     1.2726425e-03
 7550.0 7650.0     1.6580615e-02    7.1191849e-04     1.2422882e-03
 7650.0 7750.0     1.7052465e-02    6.5580594e-04     1.2119338e-03
 7750.0 7850.0     1.7537744e-02    6.0411611e-04     1.1815795e-03
 7850.0 7950.0     1.8036833e-02    5.5650041e-04     1.1512252e-03
 7950.0 8050.0     1.8550124e-02    5.1263773e-04     1.1208709e-03
 8050.0 8150.0     1.9078023e-02    4.7223225e-04     1.0905165e-03
 8150.0 8250.0     1.9620945e-02    4.3501147e-04     1.0601622e-03
 8250.0 8350.0     2.0179317e-02    4.0072440e-04     1.0298079e-03
 8350.0 8450.0     2.0753580e-02    3.6913979e-04     9.9945358e-04
 8450.0 8550.0     2.1344184e-02    3.4004464e-04     9.6909926e-04
