 1216.0 1216.0     4.7831199e-01    3.0658945e+01     9.4630581e-01
 1300.0 1350.0     5.4339777e-01    2.5682301e+01     9.4646850e-01
 1350.0 1400.0     5.6517257e-01    2.4004588e+01     9.4647888e-01
 1400.0 1450.0     5.7374430e-01    2.2879151e+01     9.4640471e-01
 1450.0 1500.0     5.7904839e-01    2.1909400e+01     9.4631025e-01
 1500.0 1550.0     5.8440151e-01    2.0980752e+01     9.4621579e-01
 1550.0 1600.0     5.8980413e-01    2.0091466e+01     9.4612133e-01
 1600.0 1650.0     5.9518365e-01    1.9279770e+01     9.4600092e-01
 1650.0 1700.0     6.0041901e-01    1.8603797e+01     9.4581220e-01
 1700.0 1750.0     6.0558025e-01    1.8014689e+01     9.4558113e-01
 1754.0 1770.0     6.0942310e-01    1.7588748e+01     9.4541013e-01
 1770.0 1786.0     6.1109459e-01    1.7408566e+01     9.4533619e-01
 1786.0 1802.0     6.1277066e-01    1.7230229e+01     9.4526225e-01
 1802.0 1818.0     6.1445133e-01    1.7053719e+01     9.4518831e-01
 1818.0 1835.0     6.1618942e-01    1.6873615e+01     9.4511205e-01
 1835.0 1852.0     6.1798525e-01    1.6690014e+01     9.4503349e-01
 1852.0 1869.0     6.1978631e-01    1.6508410e+01     9.4495493e-01
 1869.0 1887.0     6.2164591e-01    1.6323559e+01     9.4487405e-01
 1887.0 1905.0     6.2356438e-01    1.6135555e+01     9.4479087e-01
 1905.0 1923.0     6.2548876e-01    1.5949716e+01     9.4470768e-01
 1923.0 1942.0     6.2747288e-01    1.5760976e+01     9.4462219e-01
 1942.0 1961.0     6.2951709e-01    1.5569428e+01     9.4453438e-01
 1961.0 1980.0     6.3120229e-01    1.5391241e+01     9.4443286e-01
 1980.0 2000.0     6.3233665e-01    1.5228540e+01     9.4430618e-01
 2000.0 2020.0     6.3328322e-01    1.5069968e+01     9.4416805e-01
 2020.0 2041.0     6.3425494e-01    1.4909166e+01     9.4402646e-01
 2041.0 2062.0     6.3525188e-01    1.4746199e+01     9.4388142e-01
 2062.0 2083.0     6.3625040e-01    1.4585014e+01     9.4373638e-01
 2083.0 2105.0     6.3727433e-01    1.4421838e+01     9.4358788e-01
 2105.0 2128.0     6.3834766e-01    1.4253026e+01     9.4343248e-01
 2128.0 2151.0     6.3944668e-01    1.4082483e+01     9.4327363e-01
 2151.0 2174.0     6.4054760e-01    1.3913981e+01     9.4311478e-01
 2174.0 2200.0     6.4172246e-01    1.3736776e+01     9.4294556e-01
 2200.0 2222.0     6.4287529e-01    1.3565219e+01     9.4277980e-01
 2222.0 2247.0     6.4400625e-01    1.3399464e+01     9.4261749e-01
 2247.0 2273.0     6.4523568e-01    1.3221846e+01     9.4244137e-01
 2273.0 2299.0     6.4649160e-01    1.3043147e+01     9.4226180e-01
 2299.0 2326.0     6.4777421e-01    1.2863519e+01     9.4207877e-01
 2326.0 2353.0     6.4908362e-01    1.2683022e+01     9.4189229e-01
 2353.0 2381.0     6.5042002e-01    1.2501810e+01     9.4170236e-01
 2381.0 2410.0     6.5275305e-01    1.2294566e+01     9.4149264e-01
 2410.0 2439.0     6.5617523e-01    1.2062930e+01     9.4126510e-01
 2439.0 2469.0     6.5978668e-01    1.1829268e+01     9.4103213e-01
 2469.0 2500.0     6.6354146e-01    1.1592443e+01     9.4079126e-01
 2500.0 2532.0     6.6744178e-01    1.1352830e+01     9.4054249e-01
 2532.0 2564.0     6.7142730e-01    1.1114444e+01     9.4028977e-01
 2564.0 2597.0     6.7549964e-01    1.0877496e+01     9.4003311e-01
 2597.0 2632.0     6.7978658e-01    1.0635056e+01     9.3976460e-01
 2632.0 2667.0     6.8334201e-01    1.0386395e+01     9.3947883e-01
 2667.0 2703.0     6.8588124e-01    1.0134480e+01     9.3917748e-01
 2703.0 2740.0     6.8831302e-01    9.8808738e+00     9.3886565e-01
 2740.0 2778.0     6.9082040e-01    9.6269272e+00     9.3854528e-01
 2778.0 2817.0     6.9340415e-01    9.3729971e+00     9.3821637e-01
 2817.0 2857.0     6.9606506e-01    9.1194310e+00     9.3787891e-01
 2857.0 2899.0     6.9883787e-01    8.8635325e+00     9.3752864e-01
 2899.0 2941.0     7.0168964e-01    8.6087493e+00     9.3716982e-01
 2941.0 2985.0     7.0395540e-01    8.3610743e+00     9.3680610e-01
 2985.0 3030.0     7.0542309e-01    8.1194758e+00     9.3643451e-01
 3030.0 3077.0     7.0671377e-01    7.8789483e+00     9.3605164e-01
 3077.0 3125.0     7.0804900e-01    7.6380139e+00     9.3565629e-01
 3125.0 3175.0     7.0942905e-01    7.3972276e+00     9.3524845e-01
 3175.0 3225.0     7.1084001e-01    7.1592737e+00     9.3483229e-01
 3225.0 3275.0     7.1248360e-01    6.9297398e+00     9.3441433e-01
 3275.0 3325.0     7.1509159e-01    6.7106782e+00     9.3398887e-01
 3325.0 3375.0     7.1844056e-01    6.5008899e+00     9.3355771e-01
 3375.0 3425.0     7.2180521e-01    6.2976600e+00     9.3312655e-01
 3425.0 3450.0     7.2433755e-01    6.1488365e+00     9.3280318e-01
 3450.0 3550.0     7.2880440e-01    5.9174560e+00     9.3226425e-01
 3550.0 3650.0     7.3860695e-01    5.6196729e+00     9.3140228e-01
 3650.0 3750.0     7.5107486e-01    5.3938534e+00     9.3054059e-01
 3750.0 3850.0     7.6375324e-01    5.1771082e+00     9.2967891e-01
 3850.0 3950.0     7.7705402e-01    4.9797616e+00     9.2881739e-01
 3950.0 4050.0     7.9112642e-01    4.8039132e+00     9.2795609e-01
 4050.0 4150.0     8.0542332e-01    4.6376278e+00     9.2709494e-01
 4150.0 4250.0     8.1901409e-01    4.4775997e+00     9.2623438e-01
 4250.0 4350.0     8.3203215e-01    4.3235072e+00     9.2537431e-01
 4350.0 4450.0     8.4439296e-01    4.1691969e+00     9.2451490e-01
 4450.0 4550.0     8.5298217e-01    3.9961462e+00     9.2365845e-01
 4550.0 4650.0     8.5857796e-01    3.8116317e+00     9.2280430e-01
 4650.0 4750.0     8.6421046e-01    3.6356367e+00     9.2195016e-01
 4750.0 4850.0     8.6987991e-01    3.4677680e+00     9.2109601e-01
 4850.0 4950.0     8.7558656e-01    3.3076503e+00     9.2024187e-01
 4950.0 5050.0     8.8133064e-01    3.1549257e+00     9.1938773e-01
 5050.0 5150.0     8.8711240e-01    3.0092529e+00     9.1853358e-01
 5150.0 5250.0     8.9293210e-01    2.8703063e+00     9.1767944e-01
 5250.0 5350.0     8.9878997e-01    2.7377752e+00     9.1682529e-01
 5350.0 5450.0     9.0468628e-01    2.6113636e+00     9.1597115e-01
 5450.0 5550.0     9.1062126e-01    2.4907888e+00     9.1511701e-01
 5550.0 5650.0     9.1637343e-01    2.3771451e+00     9.1426388e-01
 5650.0 5750.0     9.2067807e-01    2.2774600e+00     9.1341751e-01
 5750.0 5850.0     9.2374250e-01    2.1893884e+00     9.1257689e-01
 5850.0 5950.0     9.2681712e-01    2.1047226e+00     9.1173627e-01
 5950.0 6050.0     9.2990198e-01    2.0233309e+00     9.1089565e-01
 6050.0 6150.0     9.3299710e-01    1.9450867e+00     9.1005503e-01
 6150.0 6250.0     9.3610253e-01    1.8698682e+00     9.0921441e-01
 6250.0 6350.0     9.3921829e-01    1.7975586e+00     9.0837379e-01
 6350.0 6450.0     9.4234442e-01    1.7280452e+00     9.0753317e-01
 6450.0 6550.0     9.4548096e-01    1.6612200e+00     9.0669254e-01
 6550.0 6650.0     9.4862794e-01    1.5969790e+00     9.0585192e-01
 6650.0 6750.0     9.5178539e-01    1.5352222e+00     9.0501130e-01
 6750.0 6850.0     9.5495335e-01    1.4758537e+00     9.0417068e-01
 6850.0 6950.0     9.5757301e-01    1.4222613e+00     9.0333215e-01
 6950.0 7050.0     9.5929838e-01    1.3761733e+00     9.0249699e-01
 7050.0 7150.0     9.6068405e-01    1.3336510e+00     9.0166311e-01
 7150.0 7250.0     9.6207172e-01    1.2924426e+00     9.0082923e-01
 7250.0 7350.0     9.6346140e-01    1.2525075e+00     8.9999535e-01
 7350.0 7450.0     9.6485308e-01    1.2138064e+00     8.9916147e-01
 7450.0 7550.0     9.6624678e-01    1.1763011e+00     8.9832759e-01
 7550.0 7650.0     9.6764248e-01    1.1399546e+00     8.9749371e-01
 7650.0 7750.0     9.6904021e-01    1.1047312e+00     8.9665983e-01
 7750.0 7850.0     9.7043995e-01    1.0705962e+00     8.9582595e-01
 7850.0 7950.0     9.7184171e-01    1.0375159e+00     8.9499208e-01
 7950.0 8050.0     9.7324550e-01    1.0054578e+00     8.9415820e-01
 8050.0 8150.0     9.7465132e-01    9.7439025e-01     8.9332432e-01
 8150.0 8250.0     9.7605916e-01    9.4428263e-01     8.9249044e-01
 8250.0 8350.0     9.7746904e-01    9.1510531e-01     8.9165656e-01
 8350.0 8450.0     9.7888096e-01    8.8682954e-01     8.9082268e-01
 8450.0 8550.0     9.8029492e-01    8.5942746e-01     8.8998880e-01
