 1216.0 1216.0     4.2167110e-01    5.4670011e+01     9.6323227e-01
 1300.0 1350.0     4.9215276e-01    4.5662110e+01     9.6343889e-01
 1350.0 1400.0     5.1698897e-01    4.2733109e+01     9.6348243e-01
 1400.0 1450.0     5.2860808e-01    4.0928857e+01     9.6345856e-01
 1450.0 1500.0     5.3697847e-01    3.9419612e+01     9.6341851e-01
 1500.0 1550.0     5.4548141e-01    3.7966020e+01     9.6337846e-01
 1550.0 1600.0     5.5411899e-01    3.6566030e+01     9.6333841e-01
 1600.0 1650.0     5.6256359e-01    3.5283035e+01     9.6328536e-01
 1650.0 1700.0     5.7026223e-01    3.4214177e+01     9.6319809e-01
 1700.0 1750.0     5.7752167e-01    3.3281642e+01     9.6308961e-01
 1754.0 1770.0     5.8294262e-01    3.2605175e+01     9.6300933e-01
 1770.0 1786.0     5.8530709e-01    3.2318121e+01     9.6297461e-01
 1786.0 1802.0     5.8768115e-01    3.2033595e+01     9.6293990e-01
 1802.0 1818.0     5.9006484e-01    3.1751573e+01     9.6290519e-01
 1818.0 1835.0     5.9253330e-01    3.1463378e+01     9.6286939e-01
 1835.0 1852.0     5.9508721e-01    3.1169145e+01     9.6283250e-01
 1852.0 1869.0     5.9765212e-01    3.0877663e+01     9.6279562e-01
 1869.0 1887.0     6.0030419e-01    3.0580497e+01     9.6275765e-01
 1887.0 1905.0     6.0304413e-01    3.0277781e+01     9.6271860e-01
 1905.0 1923.0     6.0579658e-01    2.9978063e+01     9.6267954e-01
 1923.0 1942.0     6.0863876e-01    2.9673152e+01     9.6263940e-01
 1942.0 1961.0     6.1157145e-01    2.9363185e+01     9.6259818e-01
 1961.0 1980.0     6.1407241e-01    2.9077694e+01     9.6254617e-01
 1980.0 2000.0     6.1591819e-01    2.8822349e+01     9.6247510e-01
 2000.0 2020.0     6.1754972e-01    2.8575363e+01     9.6239574e-01
 2020.0 2041.0     6.1922659e-01    2.8324426e+01     9.6231441e-01
 2041.0 2062.0     6.2094901e-01    2.8069625e+01     9.6223109e-01
 2062.0 2083.0     6.2267623e-01    2.7817117e+01     9.6214777e-01
 2083.0 2105.0     6.2444960e-01    2.7560977e+01     9.6206247e-01
 2105.0 2128.0     6.2631087e-01    2.7295449e+01     9.6197320e-01
 2128.0 2151.0     6.2821917e-01    2.7026635e+01     9.6188194e-01
 2151.0 2174.0     6.3013329e-01    2.6760469e+01     9.6179069e-01
 2174.0 2200.0     6.3217886e-01    2.6479917e+01     9.6169348e-01
 2200.0 2222.0     6.3418865e-01    2.6207739e+01     9.6159826e-01
 2222.0 2247.0     6.3616322e-01    2.5944139e+01     9.6150502e-01
 2247.0 2273.0     6.3831266e-01    2.5661044e+01     9.6140385e-01
 2273.0 2299.0     6.4051164e-01    2.5375547e+01     9.6130069e-01
 2299.0 2326.0     6.4276078e-01    2.5087859e+01     9.6119555e-01
 2326.0 2353.0     6.4506041e-01    2.4798067e+01     9.6108843e-01
 2353.0 2381.0     6.4741115e-01    2.4506379e+01     9.6097932e-01
 2381.0 2410.0     6.5077387e-01    2.4170706e+01     9.6085782e-01
 2410.0 2439.0     6.5522270e-01    2.3793330e+01     9.6072494e-01
 2439.0 2469.0     6.5988832e-01    2.3411279e+01     9.6058878e-01
 2469.0 2500.0     6.6474704e-01    2.3022725e+01     9.6044800e-01
 2500.0 2532.0     6.6980261e-01    2.2628200e+01     9.6030261e-01
 2532.0 2564.0     6.7497749e-01    2.2234281e+01     9.6015491e-01
 2564.0 2597.0     6.8027447e-01    2.1841279e+01     9.6000490e-01
 2597.0 2632.0     6.8586076e-01    2.1437627e+01     9.5984797e-01
 2632.0 2667.0     6.9069880e-01    2.1024787e+01     9.5968265e-01
 2667.0 2703.0     6.9446367e-01    2.0608124e+01     9.5951032e-01
 2703.0 2740.0     6.9815100e-01    2.0187291e+01     9.5933234e-01
 2740.0 2778.0     7.0195975e-01    1.9763878e+01     9.5914949e-01
 2778.0 2817.0     7.0589168e-01    1.9338410e+01     9.5896175e-01
 2817.0 2857.0     7.0994863e-01    1.8911409e+01     9.5876914e-01
 2857.0 2899.0     7.1418446e-01    1.8478223e+01     9.5856922e-01
 2899.0 2941.0     7.1854949e-01    1.8044637e+01     9.5836442e-01
 2941.0 2985.0     7.2225744e-01    1.7619937e+01     9.5815299e-01
 2985.0 3030.0     7.2506640e-01    1.7202178e+01     9.5793185e-01
 3030.0 3077.0     7.2770902e-01    1.6783677e+01     9.5770264e-01
 3077.0 3125.0     7.3044786e-01    1.6362155e+01     9.5746597e-01
 3125.0 3175.0     7.3328406e-01    1.5938468e+01     9.5722182e-01
 3175.0 3225.0     7.3618937e-01    1.5517330e+01     9.5697269e-01
 3225.0 3275.0     7.3927327e-01    1.5108375e+01     9.5672345e-01
 3275.0 3325.0     7.4306916e-01    1.4714504e+01     9.5647378e-01
 3325.0 3375.0     7.4741685e-01    1.4334154e+01     9.5622378e-01
 3375.0 3425.0     7.5178998e-01    1.3963636e+01     9.5597379e-01
 3425.0 3450.0     7.5508420e-01    1.3691166e+01     9.5578629e-01
 3450.0 3550.0     7.6075996e-01    1.3264658e+01     9.5547398e-01
 3550.0 3650.0     7.7156372e-01    1.2719819e+01     9.5497652e-01
 3650.0 3750.0     7.8412366e-01    1.2310575e+01     9.5448123e-01
 3750.0 3850.0     7.9688805e-01    1.1914497e+01     9.5398594e-01
 3850.0 3950.0     8.0993940e-01    1.1554518e+01     9.5349230e-01
 3950.0 4050.0     8.2330911e-01    1.1236002e+01     9.5300083e-01
 4050.0 4150.0     8.3674494e-01    1.0933676e+01     9.5251028e-01
 4150.0 4250.0     8.4932825e-01    1.0640731e+01     9.5202206e-01
 4250.0 4350.0     8.6120991e-01    1.0356665e+01     9.5153577e-01
 4350.0 4450.0     8.7246951e-01    1.0066511e+01     9.5105108e-01
 4450.0 4550.0     8.8027147e-01    9.7240783e+00     9.5057373e-01
 4550.0 4650.0     8.8533491e-01    9.3467623e+00     9.5010208e-01
 4650.0 4750.0     8.9042747e-01    8.9840871e+00     9.4963044e-01
 4750.0 4850.0     8.9554933e-01    8.6354845e+00     9.4915880e-01
 4850.0 4950.0     9.0070065e-01    8.3004084e+00     9.4868716e-01
 4950.0 5050.0     9.0588160e-01    7.9783341e+00     9.4821552e-01
 5050.0 5150.0     9.1109235e-01    7.6687569e+00     9.4774387e-01
 5150.0 5250.0     9.1633308e-01    7.3711920e+00     9.4727223e-01
 5250.0 5350.0     9.2160395e-01    7.0851733e+00     9.4680059e-01
 5350.0 5450.0     9.2690514e-01    6.8102528e+00     9.4632895e-01
 5450.0 5550.0     9.3223682e-01    6.5459998e+00     9.4585731e-01
 5550.0 5650.0     9.3737695e-01    6.2942917e+00     9.4538765e-01
 5650.0 5750.0     9.4105933e-01    6.0670744e+00     9.4493127e-01
 5750.0 5850.0     9.4349396e-01    5.8606053e+00     9.4448615e-01
 5850.0 5950.0     9.4593488e-01    5.6611627e+00     9.4404104e-01
 5950.0 6050.0     9.4838212e-01    5.4685072e+00     9.4359593e-01
 6050.0 6150.0     9.5083570e-01    5.2824081e+00     9.4315081e-01
 6150.0 6250.0     9.5329562e-01    5.1026421e+00     9.4270570e-01
 6250.0 6350.0     9.5576190e-01    4.9289937e+00     9.4226059e-01
 6350.0 6450.0     9.5823457e-01    4.7612547e+00     9.4181547e-01
 6450.0 6550.0     9.6071363e-01    4.5992241e+00     9.4137036e-01
 6550.0 6650.0     9.6319911e-01    4.4427076e+00     9.4092525e-01
 6650.0 6750.0     9.6569102e-01    4.2915175e+00     9.4048013e-01
 6750.0 6850.0     9.6818937e-01    4.1454726e+00     9.4003502e-01
 6850.0 6950.0     9.7022754e-01    4.0117915e+00     9.3959806e-01
 6950.0 7050.0     9.7151734e-01    3.8942360e+00     9.3917426e-01
 7050.0 7150.0     9.7252269e-01    3.7845373e+00     9.3875546e-01
 7150.0 7250.0     9.7352908e-01    3.6779288e+00     9.3833665e-01
 7250.0 7350.0     9.7453651e-01    3.5743234e+00     9.3791785e-01
 7350.0 7450.0     9.7554498e-01    3.4736365e+00     9.3749904e-01
 7450.0 7550.0     9.7655450e-01    3.3757859e+00     9.3708024e-01
 7550.0 7650.0     9.7756506e-01    3.2806917e+00     9.3666144e-01
 7650.0 7750.0     9.7857666e-01    3.1882762e+00     9.3624263e-01
 7750.0 7850.0     9.7958932e-01    3.0984641e+00     9.3582383e-01
 7850.0 7950.0     9.8060302e-01    3.0111819e+00     9.3540502e-01
 7950.0 8050.0     9.8161777e-01    2.9263584e+00     9.3498622e-01
 8050.0 8150.0     9.8263357e-01    2.8439244e+00     9.3456741e-01
 8150.0 8250.0     9.8365042e-01    2.7638124e+00     9.3414861e-01
 8250.0 8350.0     9.8466833e-01    2.6859572e+00     9.3372981e-01
 8350.0 8450.0     9.8568728e-01    2.6102952e+00     9.3331100e-01
 8450.0 8550.0     9.8670730e-01    2.5367645e+00     9.3289220e-01
