 1216.0 1216.0     4.3519103e-01    4.8075777e+01     9.6003978e-01
 1300.0 1350.0     5.0489859e-01    4.0224738e+01     9.6024578e-01
 1350.0 1400.0     5.2920860e-01    3.7650412e+01     9.6029329e-01
 1400.0 1450.0     5.4023834e-01    3.6033529e+01     9.6027898e-01
 1450.0 1500.0     5.4799667e-01    3.4671086e+01     9.6024983e-01
 1500.0 1550.0     5.5586642e-01    3.3360158e+01     9.6022068e-01
 1550.0 1600.0     5.6384919e-01    3.2098796e+01     9.6019153e-01
 1600.0 1650.0     5.7167311e-01    3.0943736e+01     9.6014083e-01
 1650.0 1700.0     5.7888063e-01    2.9981798e+01     9.6003340e-01
 1700.0 1750.0     5.8572774e-01    2.9142889e+01     9.5989080e-01
 1754.0 1770.0     5.9083752e-01    2.8534666e+01     9.5978527e-01
 1770.0 1786.0     5.9306492e-01    2.8276703e+01     9.5973964e-01
 1786.0 1802.0     5.9530072e-01    2.8021072e+01     9.5969401e-01
 1802.0 1818.0     5.9754494e-01    2.7767752e+01     9.5964838e-01
 1818.0 1835.0     5.9986830e-01    2.7508951e+01     9.5960132e-01
 1835.0 1852.0     6.0227136e-01    2.7244792e+01     9.5955283e-01
 1852.0 1869.0     6.0468406e-01    2.6983170e+01     9.5950435e-01
 1869.0 1887.0     6.0717796e-01    2.6716515e+01     9.5945444e-01
 1887.0 1905.0     6.0975369e-01    2.6444952e+01     9.5940310e-01
 1905.0 1923.0     6.1234035e-01    2.6176149e+01     9.5935177e-01
 1923.0 1942.0     6.1501045e-01    2.5902765e+01     9.5929901e-01
 1942.0 1961.0     6.1776467e-01    2.5624924e+01     9.5924482e-01
 1961.0 1980.0     6.2010008e-01    2.5368149e+01     9.5918104e-01
 1980.0 2000.0     6.2179869e-01    2.5136898e+01     9.5909984e-01
 2000.0 2020.0     6.2328724e-01    2.4912610e+01     9.5901082e-01
 2020.0 2041.0     6.2481675e-01    2.4684818e+01     9.5891957e-01
 2041.0 2062.0     6.2638741e-01    2.4453603e+01     9.5882610e-01
 2062.0 2083.0     6.2796201e-01    2.4224554e+01     9.5873263e-01
 2083.0 2105.0     6.2957826e-01    2.3992300e+01     9.5863693e-01
 2105.0 2128.0     6.3127413e-01    2.3751627e+01     9.5853679e-01
 2128.0 2151.0     6.3301236e-01    2.3508074e+01     9.5843441e-01
 2151.0 2174.0     6.3475538e-01    2.3267019e+01     9.5833204e-01
 2174.0 2200.0     6.3661752e-01    2.3013046e+01     9.5822299e-01
 2200.0 2222.0     6.3844657e-01    2.2766752e+01     9.5811617e-01
 2222.0 2247.0     6.4024298e-01    2.2528330e+01     9.5801157e-01
 2247.0 2273.0     6.4219788e-01    2.2272383e+01     9.5789807e-01
 2273.0 2299.0     6.4419719e-01    2.2014382e+01     9.5778234e-01
 2299.0 2326.0     6.4624142e-01    2.1754524e+01     9.5766439e-01
 2326.0 2353.0     6.4833083e-01    2.1492889e+01     9.5754421e-01
 2353.0 2381.0     6.5046595e-01    2.1229672e+01     9.5742181e-01
 2381.0 2410.0     6.5360410e-01    2.0926944e+01     9.5728575e-01
 2410.0 2439.0     6.5782262e-01    2.0586815e+01     9.5713720e-01
 2439.0 2469.0     6.6225068e-01    2.0242701e+01     9.5698500e-01
 2469.0 2500.0     6.6686019e-01    1.9892969e+01     9.5682765e-01
 2500.0 2532.0     6.7165451e-01    1.9538112e+01     9.5666514e-01
 2532.0 2564.0     6.7655995e-01    1.9184053e+01     9.5650005e-01
 2564.0 2597.0     6.8157899e-01    1.8831078e+01     9.5633238e-01
 2597.0 2632.0     6.8686984e-01    1.8468812e+01     9.5615697e-01
 2632.0 2667.0     6.9142526e-01    1.8098024e+01     9.5591237e-01
 2667.0 2703.0     6.9493193e-01    1.7723434e+01     9.5558570e-01
 2703.0 2740.0     6.9835667e-01    1.7345326e+01     9.5523621e-01
 2740.0 2778.0     7.0189281e-01    1.6965258e+01     9.5487715e-01
 2778.0 2817.0     7.0554187e-01    1.6583717e+01     9.5450851e-01
 2817.0 2857.0     7.0930544e-01    1.6201183e+01     9.5413029e-01
 2857.0 2899.0     7.1323329e-01    1.5813508e+01     9.5373771e-01
 2899.0 2941.0     7.1727922e-01    1.5425882e+01     9.5333556e-01
 2941.0 2985.0     7.2067055e-01    1.5045680e+01     9.5305871e-01
 2985.0 3030.0     7.2316728e-01    1.4670868e+01     9.5295144e-01
 3030.0 3077.0     7.2548968e-01    1.4295536e+01     9.5288703e-01
 3077.0 3125.0     7.2789560e-01    1.3917987e+01     9.5282052e-01
 3125.0 3175.0     7.3038590e-01    1.3539014e+01     9.5275191e-01
 3175.0 3225.0     7.3293571e-01    1.3162836e+01     9.5268190e-01
 3225.0 3275.0     7.3567678e-01    1.2798214e+01     9.5258674e-01
 3275.0 3325.0     7.3919084e-01    1.2448188e+01     9.5238683e-01
 3325.0 3375.0     7.4330248e-01    1.2111132e+01     9.5210730e-01
 3375.0 3425.0     7.4743699e-01    1.1783203e+01     9.5182776e-01
 3425.0 3450.0     7.5055080e-01    1.1542280e+01     9.5161811e-01
 3450.0 3550.0     7.5593791e-01    1.1165780e+01     9.5126888e-01
 3550.0 3650.0     7.6647747e-01    1.0684515e+01     9.5071224e-01
 3650.0 3750.0     7.7896488e-01    1.0322801e+01     9.5015766e-01
 3750.0 3850.0     7.9165574e-01    9.9733316e+00     9.4960309e-01
 3850.0 3950.0     8.0470021e-01    9.6556782e+00     9.4905008e-01
 3950.0 4050.0     8.1815367e-01    9.3743084e+00     9.4849913e-01
 4050.0 4150.0     8.3170326e-01    9.1074456e+00     9.4794907e-01
 4150.0 4250.0     8.4442925e-01    8.8491197e+00     9.4740134e-01
 4250.0 4350.0     8.5647881e-01    8.5988976e+00     9.4685554e-01
 4350.0 4450.0     8.6790006e-01    8.3442671e+00     9.4631132e-01
 4450.0 4550.0     8.7581364e-01    8.0465046e+00     9.4577430e-01
 4550.0 4650.0     8.8094820e-01    7.7203537e+00     9.4524288e-01
 4650.0 4750.0     8.8611287e-01    7.4074228e+00     9.4471147e-01
 4750.0 4850.0     8.9130781e-01    7.1071760e+00     9.4418006e-01
 4850.0 4950.0     8.9653321e-01    6.8190992e+00     9.4364864e-01
 4950.0 5050.0     9.0178925e-01    6.5426991e+00     9.4311723e-01
 5050.0 5150.0     9.0707610e-01    6.2775023e+00     9.4258581e-01
 5150.0 5250.0     9.1239394e-01    6.0230549e+00     9.4205440e-01
 5250.0 5350.0     9.1774296e-01    5.7789210e+00     9.4152298e-01
 5350.0 5450.0     9.2312334e-01    5.5446826e+00     9.4099157e-01
 5450.0 5550.0     9.2853527e-01    5.3199387e+00     9.4046015e-01
 5550.0 5650.0     9.3375853e-01    5.1064111e+00     9.3993073e-01
 5650.0 5750.0     9.3753722e-01    4.9150571e+00     9.3941458e-01
 5750.0 5850.0     9.4007927e-01    4.7423964e+00     9.3890971e-01
 5850.0 5950.0     9.4262820e-01    4.5758012e+00     9.3840484e-01
 5950.0 6050.0     9.4518405e-01    4.4150582e+00     9.3789997e-01
 6050.0 6150.0     9.4774683e-01    4.2599620e+00     9.3739510e-01
 6150.0 6250.0     9.5031656e-01    4.1103141e+00     9.3689023e-01
 6250.0 6350.0     9.5289325e-01    3.9659232e+00     9.3638536e-01
 6350.0 6450.0     9.5547693e-01    3.8266046e+00     9.3588049e-01
 6450.0 6550.0     9.5806762e-01    3.6921801e+00     9.3537562e-01
 6550.0 6650.0     9.6066533e-01    3.5624778e+00     9.3487075e-01
 6650.0 6750.0     9.6327008e-01    3.4373318e+00     9.3436588e-01
 6750.0 6850.0     9.6588190e-01    3.3165820e+00     9.3386101e-01
 6850.0 6950.0     9.6801928e-01    3.2064557e+00     9.3336410e-01
 6950.0 7050.0     9.6938474e-01    3.1101819e+00     9.3288002e-01
 7050.0 7150.0     9.7045684e-01    3.0206050e+00     9.3240082e-01
 7150.0 7250.0     9.7153011e-01    2.9336079e+00     9.3192163e-01
 7250.0 7350.0     9.7260458e-01    2.8491166e+00     9.3144243e-01
 7350.0 7450.0     9.7368023e-01    2.7670586e+00     9.3096323e-01
 7450.0 7550.0     9.7475707e-01    2.6873640e+00     9.3048403e-01
 7550.0 7650.0     9.7583510e-01    2.6099648e+00     9.3000483e-01
 7650.0 7750.0     9.7691433e-01    2.5347947e+00     9.2952563e-01
 7750.0 7850.0     9.7799474e-01    2.4617896e+00     9.2904644e-01
 7850.0 7950.0     9.7907636e-01    2.3908871e+00     9.2856724e-01
 7950.0 8050.0     9.8015917e-01    2.3220267e+00     9.2808804e-01
 8050.0 8150.0     9.8124317e-01    2.2551496e+00     9.2760884e-01
 8150.0 8250.0     9.8232838e-01    2.1901986e+00     9.2712964e-01
 8250.0 8350.0     9.8341478e-01    2.1271183e+00     9.2665045e-01
 8350.0 8450.0     9.8450239e-01    2.0658548e+00     9.2617125e-01
 8450.0 8550.0     9.8559120e-01    2.0063557e+00     9.2569205e-01
