 1216.0 1216.0     4.5911812e-01    3.7823649e+01     9.5325814e-01
 1300.0 1350.0     5.2672418e-01    3.1699748e+01     9.5345092e-01
 1350.0 1400.0     5.4981858e-01    2.9661068e+01     9.5348524e-01
 1400.0 1450.0     5.5962577e-01    2.8334230e+01     9.5344834e-01
 1450.0 1500.0     5.6615004e-01    2.7202035e+01     9.5339435e-01
 1500.0 1550.0     5.7275036e-01    2.6115080e+01     9.5334036e-01
 1550.0 1600.0     5.7942764e-01    2.5071559e+01     9.5328638e-01
 1600.0 1650.0     5.8601396e-01    2.4117438e+01     9.5316703e-01
 1650.0 1700.0     5.9222815e-01    2.3322848e+01     9.5287567e-01
 1700.0 1750.0     5.9823012e-01    2.2630104e+01     9.5247766e-01
 1754.0 1770.0     6.0270383e-01    2.2128498e+01     9.5218313e-01
 1770.0 1786.0     6.0465174e-01    2.1916012e+01     9.5205577e-01
 1786.0 1802.0     6.0660594e-01    2.1705566e+01     9.5192841e-01
 1802.0 1818.0     6.0856646e-01    2.1497142e+01     9.5180105e-01
 1818.0 1835.0     6.1059498e-01    2.1284331e+01     9.5166970e-01
 1835.0 1852.0     6.1269194e-01    2.1067243e+01     9.5153438e-01
 1852.0 1869.0     6.1479610e-01    2.0852369e+01     9.5139906e-01
 1869.0 1887.0     6.1696981e-01    2.0633497e+01     9.5125976e-01
 1887.0 1905.0     6.1921353e-01    2.0410734e+01     9.5111647e-01
 1905.0 1923.0     6.2146541e-01    2.0190376e+01     9.5097319e-01
 1923.0 1942.0     6.2378849e-01    1.9966410e+01     9.5082593e-01
 1942.0 1961.0     6.2618327e-01    1.9738942e+01     9.5067469e-01
 1961.0 1980.0     6.2818465e-01    1.9527544e+01     9.5055838e-01
 1980.0 2000.0     6.2958483e-01    1.9334997e+01     9.5049633e-01
 2000.0 2020.0     6.3078293e-01    1.9147452e+01     9.5045358e-01
 2020.0 2041.0     6.3201338e-01    1.8957128e+01     9.5040977e-01
 2041.0 2062.0     6.3327631e-01    1.8764101e+01     9.5036489e-01
 2062.0 2083.0     6.3454175e-01    1.8573039e+01     9.5032001e-01
 2083.0 2105.0     6.3583998e-01    1.8379467e+01     9.5027406e-01
 2105.0 2128.0     6.3720143e-01    1.8179051e+01     9.5022597e-01
 2128.0 2151.0     6.3859612e-01    1.7976416e+01     9.5017682e-01
 2151.0 2174.0     6.3999386e-01    1.7776040e+01     9.5012766e-01
 2174.0 2200.0     6.4148623e-01    1.7565128e+01     9.5007530e-01
 2200.0 2222.0     6.4295127e-01    1.7360774e+01     9.5002401e-01
 2222.0 2247.0     6.4438928e-01    1.7163149e+01     9.4997379e-01
 2247.0 2273.0     6.4595323e-01    1.6951198e+01     9.4991929e-01
 2273.0 2299.0     6.4755171e-01    1.6737759e+01     9.4986372e-01
 2299.0 2326.0     6.4918505e-01    1.6523007e+01     9.4980709e-01
 2326.0 2353.0     6.5085340e-01    1.6307011e+01     9.4974939e-01
 2353.0 2381.0     6.5255709e-01    1.6089944e+01     9.4969061e-01
 2381.0 2410.0     6.5526414e-01    1.5841362e+01     9.4957398e-01
 2410.0 2439.0     6.5906054e-01    1.5563151e+01     9.4939412e-01
 2439.0 2469.0     6.6305594e-01    1.5282131e+01     9.4920462e-01
 2469.0 2500.0     6.6721224e-01    1.4996920e+01     9.4900870e-01
 2500.0 2532.0     6.7153217e-01    1.4707943e+01     9.4880635e-01
 2532.0 2564.0     6.7594908e-01    1.4420036e+01     9.4860080e-01
 2564.0 2597.0     6.8046498e-01    1.4133443e+01     9.4839203e-01
 2597.0 2632.0     6.8522184e-01    1.3839761e+01     9.4817362e-01
 2632.0 2667.0     6.8924161e-01    1.3538212e+01     9.4794373e-01
 2667.0 2703.0     6.9222542e-01    1.3232382e+01     9.4770434e-01
 2703.0 2740.0     6.9511235e-01    1.2923995e+01     9.4745713e-01
 2740.0 2778.0     6.9809091e-01    1.2614642e+01     9.4720314e-01
 2778.0 2817.0     7.0116218e-01    1.2304742e+01     9.4694238e-01
 2817.0 2857.0     7.0432726e-01    1.1994703e+01     9.4667485e-01
 2857.0 2899.0     7.0762775e-01    1.1681200e+01     9.4639716e-01
 2899.0 2941.0     7.1102458e-01    1.1368446e+01     9.4611270e-01
 2941.0 2985.0     7.1381057e-01    1.1063204e+01     9.4581879e-01
 2985.0 3030.0     7.1576357e-01    1.0764058e+01     9.4551108e-01
 3030.0 3077.0     7.1754344e-01    1.0465446e+01     9.4519206e-01
 3077.0 3125.0     7.1938598e-01    1.0165742e+01     9.4486265e-01
 3125.0 3175.0     7.2129168e-01    9.8656100e+00     9.4452283e-01
 3175.0 3225.0     7.2324142e-01    9.5683957e+00     9.4417608e-01
 3225.0 3275.0     7.2540201e-01    9.2810147e+00     9.4382906e-01
 3275.0 3325.0     7.2842858e-01    9.0058467e+00     9.4348092e-01
 3325.0 3375.0     7.3212225e-01    8.7415400e+00     9.4313192e-01
 3375.0 3425.0     7.3583466e-01    8.4849903e+00     9.4278292e-01
 3425.0 3450.0     7.3862954e-01    8.2968412e+00     9.4252118e-01
 3450.0 3550.0     7.4350973e-01    8.0036495e+00     9.4208796e-01
 3550.0 3650.0     7.5361945e-01    7.6277029e+00     9.4143086e-01
 3650.0 3750.0     7.6604812e-01    7.3439996e+00     9.4080861e-01
 3750.0 3850.0     7.7868176e-01    7.0708484e+00     9.4018635e-01
 3850.0 3950.0     7.9181088e-01    6.8225686e+00     9.3950260e-01
 3950.0 4050.0     8.0554086e-01    6.6022565e+00     9.3873795e-01
 4050.0 4150.0     8.1943168e-01    6.3936435e+00     9.3796206e-01
 4150.0 4250.0     8.3255184e-01    6.1920574e+00     9.3723425e-01
 4250.0 4350.0     8.4504219e-01    5.9971866e+00     9.3654636e-01
 4350.0 4450.0     8.5689032e-01    5.8005319e+00     9.3585979e-01
 4450.0 4550.0     8.6510910e-01    5.5754813e+00     9.3517930e-01
 4550.0 4650.0     8.7045016e-01    5.3323529e+00     9.3450355e-01
 4650.0 4750.0     8.7582419e-01    5.0998266e+00     9.3382779e-01
 4750.0 4850.0     8.8123140e-01    4.8774400e+00     9.3315204e-01
 4850.0 4950.0     8.8667200e-01    4.6647510e+00     9.3247628e-01
 4950.0 5050.0     8.9214618e-01    4.4613366e+00     9.3180053e-01
 5050.0 5150.0     8.9765417e-01    4.2667924e+00     9.3112477e-01
 5150.0 5250.0     9.0319615e-01    4.0807317e+00     9.3044902e-01
 5250.0 5350.0     9.0877236e-01    3.9027845e+00     9.2977326e-01
 5350.0 5450.0     9.1438298e-01    3.7325969e+00     9.2909751e-01
 5450.0 5550.0     9.2002825e-01    3.5698307e+00     9.2842175e-01
 5550.0 5650.0     9.2548857e-01    3.4158712e+00     9.2774774e-01
 5650.0 5750.0     9.2951086e-01    3.2795654e+00     9.2708531e-01
 5750.0 5850.0     9.3230163e-01    3.1580287e+00     9.2643274e-01
 5850.0 5950.0     9.3510078e-01    3.0409960e+00     9.2578017e-01
 5950.0 6050.0     9.3790833e-01    2.9283004e+00     9.2512759e-01
 6050.0 6150.0     9.4072431e-01    2.8197812e+00     9.2447502e-01
 6150.0 6250.0     9.4354875e-01    2.7152836e+00     9.2382245e-01
 6250.0 6350.0     9.4638167e-01    2.6146585e+00     9.2316987e-01
 6350.0 6450.0     9.4922309e-01    2.5177624e+00     9.2251730e-01
 6450.0 6550.0     9.5207305e-01    2.4244572e+00     9.2186473e-01
 6550.0 6650.0     9.5493156e-01    2.3346098e+00     9.2121215e-01
 6650.0 6750.0     9.5779866e-01    2.2480920e+00     9.2055958e-01
 6750.0 6850.0     9.6067436e-01    2.1647805e+00     9.1990701e-01
 6850.0 6950.0     9.6304097e-01    2.0892469e+00     9.1926068e-01
 6950.0 7050.0     9.6457832e-01    2.0238412e+00     9.1862443e-01
 7050.0 7150.0     9.6580058e-01    1.9632781e+00     9.1799201e-01
 7150.0 7250.0     9.6702439e-01    1.9045274e+00     9.1735959e-01
 7250.0 7350.0     9.6824975e-01    1.8475347e+00     9.1672717e-01
 7350.0 7450.0     9.6947667e-01    1.7922476e+00     9.1609475e-01
 7450.0 7550.0     9.7070514e-01    1.7386149e+00     9.1546233e-01
 7550.0 7650.0     9.7193516e-01    1.6865872e+00     9.1482991e-01
 7650.0 7750.0     9.7316675e-01    1.6361164e+00     9.1419749e-01
 7750.0 7850.0     9.7439989e-01    1.5871559e+00     9.1356507e-01
 7850.0 7950.0     9.7563460e-01    1.5396606e+00     9.1293265e-01
 7950.0 8050.0     9.7687087e-01    1.4935865e+00     9.1230023e-01
 8050.0 8150.0     9.7810871e-01    1.4488912e+00     9.1166781e-01
 8150.0 8250.0     9.7934812e-01    1.4055334e+00     9.1103538e-01
 8250.0 8350.0     9.8058909e-01    1.3634731e+00     9.1040296e-01
 8350.0 8450.0     9.8183164e-01    1.3226714e+00     9.0977054e-01
 8450.0 8550.0     9.8307577e-01    1.2830907e+00     9.0913812e-01
