 1216.0 1216.0     4.4787179e-01    4.2442892e+01     9.5665813e-01
 1300.0 1350.0     5.1657926e-01    3.5551425e+01     9.5685966e-01
 1350.0 1400.0     5.4029256e-01    3.3273868e+01     9.5690150e-01
 1400.0 1450.0     5.5071081e-01    3.1816789e+01     9.5687675e-01
 1450.0 1500.0     5.5784849e-01    3.0580813e+01     9.5683601e-01
 1500.0 1550.0     5.6507867e-01    2.9392851e+01     9.5679527e-01
 1550.0 1600.0     5.7240257e-01    2.8251036e+01     9.5675453e-01
 1600.0 1650.0     5.7959947e-01    2.7206063e+01     9.5669055e-01
 1650.0 1700.0     5.8629889e-01    2.6335392e+01     9.5656540e-01
 1700.0 1750.0     5.9270985e-01    2.5575908e+01     9.5640233e-01
 1754.0 1770.0     5.9749112e-01    2.5025623e+01     9.5628166e-01
 1770.0 1786.0     5.9957407e-01    2.4792374e+01     9.5622947e-01
 1786.0 1802.0     6.0166427e-01    2.4561298e+01     9.5617729e-01
 1802.0 1818.0     6.0376176e-01    2.4332377e+01     9.5612511e-01
 1818.0 1835.0     6.0593258e-01    2.4098570e+01     9.5607129e-01
 1835.0 1852.0     6.0817722e-01    2.3859993e+01     9.5601585e-01
 1852.0 1869.0     6.1043017e-01    2.3623778e+01     9.5596040e-01
 1869.0 1887.0     6.1275824e-01    2.3383092e+01     9.5590333e-01
 1887.0 1905.0     6.1516195e-01    2.3138053e+01     9.5584462e-01
 1905.0 1923.0     6.1757509e-01    2.2895581e+01     9.5578592e-01
 1923.0 1942.0     6.2006526e-01    2.2649058e+01     9.5572558e-01
 1942.0 1961.0     6.2263305e-01    2.2398598e+01     9.5566361e-01
 1961.0 1980.0     6.2479662e-01    2.2166493e+01     9.5559123e-01
 1980.0 2000.0     6.2634428e-01    2.1956295e+01     9.5549987e-01
 2000.0 2020.0     6.2768699e-01    2.1751996e+01     9.5539994e-01
 2020.0 2041.0     6.2906629e-01    2.1544587e+01     9.5529751e-01
 2041.0 2062.0     6.3048234e-01    2.1334144e+01     9.5519258e-01
 2062.0 2083.0     6.3190158e-01    2.1125758e+01     9.5508765e-01
 2083.0 2105.0     6.3335795e-01    2.0914543e+01     9.5498022e-01
 2105.0 2128.0     6.3488566e-01    2.0695765e+01     9.5486780e-01
 2128.0 2151.0     6.3645109e-01    2.0474464e+01     9.5475288e-01
 2151.0 2174.0     6.3802037e-01    2.0255530e+01     9.5463796e-01
 2174.0 2200.0     6.3969639e-01    2.0024973e+01     9.5451554e-01
 2200.0 2222.0     6.4134217e-01    1.9801484e+01     9.5439562e-01
 2222.0 2247.0     6.4295806e-01    1.9585244e+01     9.5427820e-01
 2247.0 2273.0     6.4471599e-01    1.9353217e+01     9.5415079e-01
 2273.0 2299.0     6.4651329e-01    1.9119443e+01     9.5402087e-01
 2299.0 2326.0     6.4835036e-01    1.8884107e+01     9.5388846e-01
 2326.0 2353.0     6.5022741e-01    1.8647282e+01     9.5375356e-01
 2353.0 2381.0     6.5214485e-01    1.8409152e+01     9.5361615e-01
 2381.0 2410.0     6.5506332e-01    1.8135784e+01     9.5346369e-01
 2410.0 2439.0     6.5906422e-01    1.7829163e+01     9.5329751e-01
 2439.0 2469.0     6.6326885e-01    1.7519190e+01     9.5312728e-01
 2469.0 2500.0     6.6764423e-01    1.7204375e+01     9.5295128e-01
 2500.0 2532.0     6.7219336e-01    1.6885175e+01     9.5276951e-01
 2532.0 2564.0     6.7684618e-01    1.6566924e+01     9.5258486e-01
 2564.0 2597.0     6.8160493e-01    1.6249887e+01     9.5239732e-01
 2597.0 2632.0     6.8661939e-01    1.5924757e+01     9.5220113e-01
 2632.0 2667.0     6.9089376e-01    1.5591058e+01     9.5199458e-01
 2667.0 2703.0     6.9412127e-01    1.5252819e+01     9.5177945e-01
 2703.0 2740.0     6.9725789e-01    1.4911515e+01     9.5155729e-01
 2740.0 2778.0     7.0049520e-01    1.4568813e+01     9.5132904e-01
 2778.0 2817.0     7.0383448e-01    1.4225165e+01     9.5109470e-01
 2817.0 2857.0     7.0727704e-01    1.3881013e+01     9.5085427e-01
 2857.0 2899.0     7.1086825e-01    1.3532650e+01     9.5060472e-01
 2899.0 2941.0     7.1456573e-01    1.3184746e+01     9.5034908e-01
 2941.0 2985.0     7.1763803e-01    1.2844621e+01     9.5008503e-01
 2985.0 3030.0     7.1985700e-01    1.2510647e+01     9.4980867e-01
 3030.0 3077.0     7.2190484e-01    1.2176833e+01     9.4952220e-01
 3077.0 3125.0     7.2402554e-01    1.1841430e+01     9.4922639e-01
 3125.0 3175.0     7.2621978e-01    1.1505163e+01     9.4892123e-01
 3175.0 3225.0     7.2846558e-01    1.1171777e+01     9.4860985e-01
 3225.0 3275.0     7.3091159e-01    1.0849001e+01     9.4829828e-01
 3275.0 3325.0     7.3417408e-01    1.0539418e+01     9.4798592e-01
 3325.0 3375.0     7.3806657e-01    1.0241590e+01     9.4767295e-01
 3375.0 3425.0     7.4197970e-01    9.9521781e+00     9.4735998e-01
 3425.0 3450.0     7.4492620e-01    9.7397486e+00     9.4712526e-01
 3450.0 3550.0     7.5004701e-01    9.4082824e+00     9.4673421e-01
 3550.0 3650.0     7.6035707e-01    8.9840717e+00     9.4611047e-01
 3650.0 3750.0     7.7280618e-01    8.6647647e+00     9.4548861e-01
 3750.0 3850.0     7.8545911e-01    8.3568064e+00     9.4486675e-01
 3850.0 3950.0     7.9853297e-01    8.0767429e+00     9.4424630e-01
 3950.0 4050.0     8.1210694e-01    7.8282492e+00     9.4362771e-01
 4050.0 4150.0     8.2580813e-01    7.5927230e+00     9.4300994e-01
 4150.0 4250.0     8.3871466e-01    7.3649690e+00     9.4239432e-01
 4250.0 4350.0     8.5097013e-01    7.1446134e+00     9.4178050e-01
 4350.0 4450.0     8.6259068e-01    6.9213364e+00     9.4116817e-01
 4450.0 4550.0     8.7064646e-01    6.6631101e+00     9.4056268e-01
 4550.0 4650.0     8.7587693e-01    6.3822493e+00     9.3996251e-01
 4650.0 4750.0     8.8113883e-01    6.1132273e+00     9.3936235e-01
 4750.0 4850.0     8.8643234e-01    5.8555450e+00     9.3876218e-01
 4850.0 4950.0     8.9175765e-01    5.6087244e+00     9.3816202e-01
 4950.0 5050.0     8.9711495e-01    5.3723077e+00     9.3756185e-01
 5050.0 5150.0     9.0250444e-01    5.1458563e+00     9.3696169e-01
 5150.0 5250.0     9.0792630e-01    4.9289502e+00     9.3636152e-01
 5250.0 5350.0     9.1338074e-01    4.7211871e+00     9.3576136e-01
 5350.0 5450.0     9.1886795e-01    4.5221815e+00     9.3516119e-01
 5450.0 5550.0     9.2438812e-01    4.3315643e+00     9.3456103e-01
 5550.0 5650.0     9.2972177e-01    4.1508855e+00     9.3396278e-01
 5650.0 5750.0     9.3361679e-01    3.9900222e+00     9.3337727e-01
 5750.0 5850.0     9.3628004e-01    3.8457945e+00     9.3280260e-01
 5850.0 5950.0     9.3895088e-01    3.7067802e+00     9.3222792e-01
 5950.0 6050.0     9.4162934e-01    3.5727908e+00     9.3165325e-01
 6050.0 6150.0     9.4431544e-01    3.4436448e+00     9.3107858e-01
 6150.0 6250.0     9.4700920e-01    3.3191670e+00     9.3050390e-01
 6250.0 6350.0     9.4971064e-01    3.1991888e+00     9.2992923e-01
 6350.0 6450.0     9.5241980e-01    3.0835474e+00     9.2935456e-01
 6450.0 6550.0     9.5513668e-01    2.9720861e+00     9.2877988e-01
 6550.0 6650.0     9.5786131e-01    2.8646538e+00     9.2820521e-01
 6650.0 6750.0     9.6059371e-01    2.7611049e+00     9.2763053e-01
 6750.0 6850.0     9.6333391e-01    2.6612990e+00     9.2705586e-01
 6850.0 6950.0     9.6558297e-01    2.5705643e+00     9.2648854e-01
 6950.0 7050.0     9.6703249e-01    2.4916514e+00     9.2593308e-01
 7050.0 7150.0     9.6817817e-01    2.4184181e+00     9.2538213e-01
 7150.0 7250.0     9.6932520e-01    2.3473373e+00     9.2483117e-01
 7250.0 7350.0     9.7047360e-01    2.2783456e+00     9.2428022e-01
 7350.0 7450.0     9.7162336e-01    2.2113817e+00     9.2372927e-01
 7450.0 7550.0     9.7277448e-01    2.1463860e+00     9.2317831e-01
 7550.0 7650.0     9.7392696e-01    2.0833006e+00     9.2262736e-01
 7650.0 7750.0     9.7508081e-01    2.0220693e+00     9.2207641e-01
 7750.0 7850.0     9.7623603e-01    1.9626377e+00     9.2152545e-01
 7850.0 7950.0     9.7739261e-01    1.9049530e+00     9.2097450e-01
 7950.0 8050.0     9.7855057e-01    1.8489636e+00     9.2042355e-01
 8050.0 8150.0     9.7970989e-01    1.7946199e+00     9.1987260e-01
 8150.0 8250.0     9.8087060e-01    1.7418734e+00     9.1932164e-01
 8250.0 8350.0     9.8203267e-01    1.6906772e+00     9.1877069e-01
 8350.0 8450.0     9.8319612e-01    1.6409857e+00     9.1821974e-01
 8450.0 8550.0     9.8436095e-01    1.5927548e+00     9.1766878e-01
