 1216.0 1216.0     4.9671849e-01    2.4389151e+01     9.3748001e-01
 1300.0 1350.0     5.5847145e-01    2.0374784e+01     9.3757552e-01
 1350.0 1400.0     5.7859218e-01    1.9005225e+01     9.3754896e-01
 1400.0 1450.0     5.8567108e-01    1.8058711e+01     9.3742979e-01
 1450.0 1500.0     5.8952008e-01    1.7236088e+01     9.3728840e-01
 1500.0 1550.0     5.9339437e-01    1.6450937e+01     9.3714702e-01
 1550.0 1600.0     5.9729412e-01    1.5701551e+01     9.3700563e-01
 1600.0 1650.0     6.0126489e-01    1.5019747e+01     9.3683112e-01
 1650.0 1700.0     6.0538204e-01    1.4453699e+01     9.3656945e-01
 1700.0 1750.0     6.0960196e-01    1.3961810e+01     9.3625375e-01
 1754.0 1770.0     6.1274031e-01    1.3606791e+01     9.3602013e-01
 1770.0 1786.0     6.1410387e-01    1.3456862e+01     9.3591911e-01
 1786.0 1802.0     6.1547047e-01    1.3308585e+01     9.3581808e-01
 1802.0 1818.0     6.1684011e-01    1.3161941e+01     9.3571706e-01
 1818.0 1835.0     6.1825579e-01    1.3012433e+01     9.3561288e-01
 1835.0 1852.0     6.1971771e-01    1.2860144e+01     9.3550554e-01
 1852.0 1869.0     6.2118310e-01    1.2709637e+01     9.3539820e-01
 1869.0 1887.0     6.2269525e-01    1.2556570e+01     9.3528771e-01
 1887.0 1905.0     6.2425440e-01    1.2401025e+01     9.3517405e-01
 1905.0 1923.0     6.2581745e-01    1.2247407e+01     9.3506040e-01
 1923.0 1942.0     6.2742805e-01    1.2091532e+01     9.3494359e-01
 1942.0 1961.0     6.2908644e-01    1.1933482e+01     9.3482362e-01
 1961.0 1980.0     6.3041845e-01    1.1786356e+01     9.3468829e-01
 1980.0 2000.0     6.3124588e-01    1.1651742e+01     9.3452418e-01
 2000.0 2020.0     6.3189766e-01    1.1520497e+01     9.3434667e-01
 2020.0 2041.0     6.3256643e-01    1.1387524e+01     9.3416471e-01
 2041.0 2062.0     6.3325224e-01    1.1252880e+01     9.3397833e-01
 2062.0 2083.0     6.3393880e-01    1.1119829e+01     9.3379194e-01
 2083.0 2105.0     6.3464248e-01    1.0985258e+01     9.3360111e-01
 2105.0 2128.0     6.3537973e-01    1.0846171e+01     9.3340141e-01
 2128.0 2151.0     6.3613423e-01    1.0705794e+01     9.3319727e-01
 2151.0 2174.0     6.3688963e-01    1.0567234e+01     9.3299313e-01
 2174.0 2200.0     6.3769532e-01    1.0421670e+01     9.3277568e-01
 2200.0 2222.0     6.3848548e-01    1.0280883e+01     9.3256266e-01
 2222.0 2247.0     6.3926019e-01    1.0145006e+01     9.3235408e-01
 2247.0 2273.0     6.4010189e-01    9.9995551e+00     9.3212775e-01
 2273.0 2299.0     6.4096121e-01    9.8533785e+00     9.3189699e-01
 2299.0 2326.0     6.4183826e-01    9.7066100e+00     9.3166178e-01
 2326.0 2353.0     6.4273308e-01    9.5592998e+00     9.3142214e-01
 2353.0 2381.0     6.4364577e-01    9.4115803e+00     9.3117806e-01
 2381.0 2410.0     6.4556109e-01    9.2432301e+00     9.3090936e-01
 2410.0 2439.0     6.4858074e-01    9.0556730e+00     9.3061866e-01
 2439.0 2469.0     6.5178144e-01    8.8667934e+00     9.3032110e-01
 2469.0 2500.0     6.5510725e-01    8.6756523e+00     9.3001345e-01
 2500.0 2532.0     6.5855991e-01    8.4825685e+00     9.2969572e-01
 2532.0 2564.0     6.6208586e-01    8.2907855e+00     9.2937294e-01
 2564.0 2597.0     6.6568638e-01    8.1004773e+00     9.2904512e-01
 2597.0 2632.0     6.6947419e-01    7.9060937e+00     9.2870217e-01
 2632.0 2667.0     6.7253353e-01    7.7073353e+00     9.2834109e-01
 2667.0 2703.0     6.7459382e-01    7.5066547e+00     9.2796499e-01
 2703.0 2740.0     6.7653503e-01    7.3050523e+00     9.2757659e-01
 2740.0 2778.0     6.7853525e-01    7.1035639e+00     9.2717755e-01
 2778.0 2817.0     6.8059497e-01    6.9024829e+00     9.2676787e-01
 2817.0 2857.0     6.8271468e-01    6.7020933e+00     9.2634754e-01
 2857.0 2899.0     6.8492191e-01    6.5002819e+00     9.2591125e-01
 2899.0 2941.0     6.8719028e-01    6.2997741e+00     9.2546433e-01
 2941.0 2985.0     6.8891067e-01    6.1061272e+00     9.2498352e-01
 2985.0 3030.0     6.8988560e-01    5.9187546e+00     9.2445507e-01
 3030.0 3077.0     6.9068465e-01    5.7328611e+00     9.2390080e-01
 3077.0 3125.0     6.9151071e-01    5.5469991e+00     9.2332846e-01
 3125.0 3175.0     6.9236391e-01    5.3616114e+00     9.2273804e-01
 3175.0 3225.0     6.9323559e-01    5.1787633e+00     9.2213557e-01
 3225.0 3275.0     6.9435576e-01    5.0026123e+00     9.2154600e-01
 3275.0 3325.0     6.9651132e-01    4.8343263e+00     9.2101016e-01
 3325.0 3375.0     6.9946055e-01    4.6731138e+00     9.2051515e-01
 3375.0 3425.0     7.0242228e-01    4.5172773e+00     9.2002015e-01
 3425.0 3450.0     7.0465062e-01    4.4033450e+00     9.1964889e-01
 3450.0 3550.0     7.0864105e-01    4.2266448e+00     9.1902505e-01
 3550.0 3650.0     7.1811137e-01    3.9982333e+00     9.1796636e-01
 3650.0 3750.0     7.3066870e-01    3.8240203e+00     9.1684916e-01
 3750.0 3850.0     7.4344561e-01    3.6573981e+00     9.1573197e-01
 3850.0 3950.0     7.5700499e-01    3.5054812e+00     9.1461249e-01
 3950.0 4050.0     7.7155122e-01    3.3696004e+00     9.1349000e-01
 4050.0 4150.0     7.8640390e-01    3.2413310e+00     9.1236639e-01
 4150.0 4250.0     8.0062817e-01    3.1183886e+00     9.1124043e-01
 4250.0 4350.0     8.1434925e-01    3.0004756e+00     9.1011253e-01
 4350.0 4450.0     8.2739607e-01    2.8834232e+00     9.0898358e-01
 4450.0 4550.0     8.3648731e-01    2.7551717e+00     9.0784987e-01
 4550.0 4650.0     8.4243488e-01    2.6205062e+00     9.0671246e-01
 4650.0 4750.0     8.4842474e-01    2.4924228e+00     9.0557504e-01
 4750.0 4850.0     8.5445719e-01    2.3705998e+00     9.0443762e-01
 4850.0 4950.0     8.6053253e-01    2.2547311e+00     9.0330021e-01
 4950.0 5050.0     8.6665107e-01    2.1445258e+00     9.0216279e-01
 5050.0 5150.0     8.7281311e-01    2.0397071e+00     9.0102537e-01
 5150.0 5250.0     8.7901897e-01    1.9400116e+00     8.9988796e-01
 5250.0 5350.0     8.8526894e-01    1.8451890e+00     8.9875054e-01
 5350.0 5450.0     8.9156336e-01    1.7550010e+00     8.9761312e-01
 5450.0 5550.0     8.9790253e-01    1.6692212e+00     8.9647571e-01
 5550.0 5650.0     9.0406078e-01    1.5886617e+00     8.9533748e-01
 5650.0 5750.0     9.0874837e-01    1.5185887e+00     8.9419382e-01
 5750.0 5850.0     9.1217514e-01    1.4571974e+00     8.9304556e-01
 5850.0 5950.0     9.1561482e-01    1.3982878e+00     8.9189730e-01
 5950.0 6050.0     9.1906748e-01    1.3417598e+00     8.9074904e-01
 6050.0 6150.0     9.2253316e-01    1.2875170e+00     8.8960078e-01
 6150.0 6250.0     9.2601190e-01    1.2354671e+00     8.8845251e-01
 6250.0 6350.0     9.2950376e-01    1.1855214e+00     8.8730425e-01
 6350.0 6450.0     9.3300879e-01    1.1375948e+00     8.8615599e-01
 6450.0 6550.0     9.3652704e-01    1.0916057e+00     8.8500773e-01
 6550.0 6650.0     9.4005855e-01    1.0474758e+00     8.8385946e-01
 6650.0 6750.0     9.4360338e-01    1.0051299e+00     8.8271120e-01
 6750.0 6850.0     9.4716158e-01    9.6449595e-01     8.8156294e-01
 6850.0 6950.0     9.5011935e-01    9.2795813e-01     8.8040711e-01
 6950.0 7050.0     9.5209614e-01    8.9672151e-01     8.7923906e-01
 7050.0 7150.0     9.5370043e-01    8.6799582e-01     8.7806638e-01
 7150.0 7250.0     9.5530741e-01    8.4019032e-01     8.7689369e-01
 7250.0 7350.0     9.5691711e-01    8.1327556e-01     8.7572101e-01
 7350.0 7450.0     9.5852952e-01    7.8722298e-01     8.7454832e-01
 7450.0 7550.0     9.6014465e-01    7.6200497e-01     8.7337564e-01
 7550.0 7650.0     9.6176250e-01    7.3759481e-01     8.7220295e-01
 7650.0 7750.0     9.6338307e-01    7.1396660e-01     8.7103027e-01
 7750.0 7850.0     9.6500637e-01    6.9109530e-01     8.6985758e-01
 7850.0 7950.0     9.6663241e-01    6.6895666e-01     8.6868490e-01
 7950.0 8050.0     9.6826119e-01    6.4752721e-01     8.6751221e-01
 8050.0 8150.0     9.6989272e-01    6.2678424e-01     8.6633953e-01
 8150.0 8250.0     9.7152699e-01    6.0670575e-01     8.6516684e-01
 8250.0 8350.0     9.7316402e-01    5.8727046e-01     8.6399416e-01
 8350.0 8450.0     9.7480381e-01    5.6845776e-01     8.6282147e-01
 8450.0 8550.0     9.7644635e-01    5.5024771e-01     8.6164879e-01
