 1216.0 1216.0     4.0684602e-01    6.2710071e+01     9.6633771e-01
 1300.0 1350.0     4.7791116e-01    5.2253729e+01     9.6654198e-01
 1350.0 1400.0     5.0319822e-01    4.8881038e+01     9.6659551e-01
 1400.0 1450.0     5.1534403e-01    4.6841104e+01     9.6659617e-01
 1450.0 1500.0     5.2426726e-01    4.5146917e+01     9.6658413e-01
 1500.0 1550.0     5.3334500e-01    4.3514008e+01     9.6657210e-01
 1550.0 1600.0     5.4257992e-01    4.1940159e+01     9.6656007e-01
 1600.0 1650.0     5.5160395e-01    4.0498152e+01     9.6652970e-01
 1650.0 1700.0     5.5979395e-01    3.9299630e+01     9.6645108e-01
 1700.0 1750.0     5.6749266e-01    3.8255786e+01     9.6634253e-01
 1754.0 1770.0     5.7324579e-01    3.7498183e+01     9.6626221e-01
 1770.0 1786.0     5.7575687e-01    3.7176543e+01     9.6622748e-01
 1786.0 1802.0     5.7827895e-01    3.6857661e+01     9.6619274e-01
 1802.0 1818.0     5.8081208e-01    3.6541515e+01     9.6615801e-01
 1818.0 1835.0     5.8343617e-01    3.6218372e+01     9.6612219e-01
 1835.0 1852.0     5.8615199e-01    3.5888381e+01     9.6608528e-01
 1852.0 1869.0     5.8888046e-01    3.5561397e+01     9.6604838e-01
 1869.0 1887.0     5.9170263e-01    3.5227952e+01     9.6601039e-01
 1887.0 1905.0     5.9461935e-01    3.4888197e+01     9.6597131e-01
 1905.0 1923.0     5.9755045e-01    3.4551718e+01     9.6593224e-01
 1923.0 1942.0     6.0057823e-01    3.4209319e+01     9.6589207e-01
 1942.0 1961.0     6.0370359e-01    3.3861151e+01     9.6585083e-01
 1961.0 1980.0     6.0638071e-01    3.3541539e+01     9.6580147e-01
 1980.0 2000.0     6.0837833e-01    3.3257604e+01     9.6573750e-01
 2000.0 2020.0     6.1015542e-01    3.2983707e+01     9.6566704e-01
 2020.0 2041.0     6.1198238e-01    3.2705331e+01     9.6559482e-01
 2041.0 2062.0     6.1385951e-01    3.2422573e+01     9.6552084e-01
 2062.0 2083.0     6.1574239e-01    3.2142259e+01     9.6544686e-01
 2083.0 2105.0     6.1767616e-01    3.1857811e+01     9.6537111e-01
 2105.0 2128.0     6.1970638e-01    3.1562828e+01     9.6529185e-01
 2128.0 2151.0     6.2178854e-01    3.1264082e+01     9.6521082e-01
 2151.0 2174.0     6.2387769e-01    3.0968164e+01     9.6512979e-01
 2174.0 2200.0     6.2611105e-01    3.0656123e+01     9.6504348e-01
 2200.0 2222.0     6.2830603e-01    3.0353281e+01     9.6495892e-01
 2222.0 2247.0     6.3046328e-01    3.0059859e+01     9.6487613e-01
 2247.0 2273.0     6.3281234e-01    2.9744608e+01     9.6478630e-01
 2273.0 2299.0     6.3521639e-01    2.9426547e+01     9.6469470e-01
 2299.0 2326.0     6.3767615e-01    2.9105901e+01     9.6460134e-01
 2326.0 2353.0     6.4019203e-01    2.8782766e+01     9.6450622e-01
 2353.0 2381.0     6.4276480e-01    2.8457367e+01     9.6440934e-01
 2381.0 2410.0     6.4635592e-01    2.8082240e+01     9.6430124e-01
 2410.0 2439.0     6.5103596e-01    2.7659841e+01     9.6418280e-01
 2439.0 2469.0     6.5593999e-01    2.7231912e+01     9.6406141e-01
 2469.0 2500.0     6.6104911e-01    2.6796437e+01     9.6393591e-01
 2500.0 2532.0     6.6636752e-01    2.6353993e+01     9.6380629e-01
 2532.0 2564.0     6.7181381e-01    2.5911948e+01     9.6367462e-01
 2564.0 2597.0     6.7739112e-01    2.5470642e+01     9.6354088e-01
 2597.0 2632.0     6.8327579e-01    2.5017070e+01     9.6340098e-01
 2632.0 2667.0     6.8841505e-01    2.4555415e+01     9.6325356e-01
 2667.0 2703.0     6.9247612e-01    2.4092190e+01     9.6309986e-01
 2703.0 2740.0     6.9646908e-01    2.3624389e+01     9.6294110e-01
 2740.0 2778.0     7.0059541e-01    2.3153229e+01     9.6277800e-01
 2778.0 2817.0     7.0485722e-01    2.2679280e+01     9.6261055e-01
 2817.0 2857.0     7.0925666e-01    2.2203101e+01     9.6243874e-01
 2857.0 2899.0     7.1385240e-01    2.1719476e+01     9.6226042e-01
 2899.0 2941.0     7.1859074e-01    2.1234847e+01     9.6207774e-01
 2941.0 2985.0     7.2265264e-01    2.0760139e+01     9.6188912e-01
 2985.0 3030.0     7.2578767e-01    2.0293364e+01     9.6169180e-01
 3030.0 3077.0     7.2875857e-01    1.9825353e+01     9.6148727e-01
 3077.0 3125.0     7.3183905e-01    1.9353346e+01     9.6127608e-01
 3125.0 3175.0     7.3503052e-01    1.8878265e+01     9.6105821e-01
 3175.0 3225.0     7.3830132e-01    1.8405390e+01     9.6083590e-01
 3225.0 3275.0     7.4173936e-01    1.7945383e+01     9.6061353e-01
 3275.0 3325.0     7.4583241e-01    1.7501052e+01     9.6039087e-01
 3325.0 3375.0     7.5043463e-01    1.7070881e+01     9.6016801e-01
 3375.0 3425.0     7.5506525e-01    1.6651284e+01     9.5994514e-01
 3425.0 3450.0     7.5855426e-01    1.6342419e+01     9.5977799e-01
 3450.0 3550.0     7.6454333e-01    1.5858094e+01     9.5949960e-01
 3550.0 3650.0     7.7565095e-01    1.5239570e+01     9.5905640e-01
 3650.0 3750.0     7.8832391e-01    1.4775011e+01     9.5861536e-01
 3750.0 3850.0     8.0120393e-01    1.4324613e+01     9.5817432e-01
 3850.0 3950.0     8.1430757e-01    1.3915460e+01     9.5773493e-01
 3950.0 4050.0     8.2764293e-01    1.3554045e+01     9.5729771e-01
 4050.0 4150.0     8.4101629e-01    1.3210816e+01     9.5686140e-01
 4150.0 4250.0     8.5350668e-01    1.2878082e+01     9.5642739e-01
 4250.0 4350.0     8.6526904e-01    1.2555218e+01     9.5599528e-01
 4350.0 4450.0     8.7641403e-01    1.2224219e+01     9.5556476e-01
 4450.0 4550.0     8.8413830e-01    1.1830127e+01     9.5514141e-01
 4550.0 4650.0     8.8915391e-01    1.1393392e+01     9.5472366e-01
 4650.0 4750.0     8.9419798e-01    1.0972779e+01     9.5430591e-01
 4750.0 4850.0     8.9927065e-01    1.0567695e+01     9.5388816e-01
 4850.0 4950.0     9.0437211e-01    1.0177565e+01     9.5347040e-01
 4950.0 5050.0     9.0950250e-01    9.8018371e+00     9.5305265e-01
 5050.0 5150.0     9.1466200e-01    9.4399804e+00     9.5263490e-01
 5150.0 5250.0     9.1985077e-01    9.0914824e+00     9.5221715e-01
 5250.0 5350.0     9.2506897e-01    8.7558501e+00     9.5179940e-01
 5350.0 5450.0     9.3031678e-01    8.4326083e+00     9.5138165e-01
 5450.0 5550.0     9.3559435e-01    8.1212997e+00     9.5096390e-01
 5550.0 5650.0     9.4067667e-01    7.8239437e+00     9.5054808e-01
 5650.0 5750.0     9.4428077e-01    7.5533978e+00     9.5014518e-01
 5750.0 5850.0     9.4661973e-01    7.3056930e+00     9.4975324e-01
 5850.0 5950.0     9.4896448e-01    7.0661115e+00     9.4936131e-01
 5950.0 6050.0     9.5131504e-01    6.8343868e+00     9.4896937e-01
 6050.0 6150.0     9.5367142e-01    6.6102612e+00     9.4857744e-01
 6150.0 6250.0     9.5603364e-01    6.3934855e+00     9.4818550e-01
 6250.0 6350.0     9.5840172e-01    6.1838187e+00     9.4779357e-01
 6350.0 6450.0     9.6077565e-01    5.9810277e+00     9.4740163e-01
 6450.0 6550.0     9.6315547e-01    5.7848870e+00     9.4700970e-01
 6550.0 6650.0     9.6554118e-01    5.5951785e+00     9.4661776e-01
 6650.0 6750.0     9.6793280e-01    5.4116913e+00     9.4622583e-01
 6750.0 6850.0     9.7033035e-01    5.2342213e+00     9.4583389e-01
 6850.0 6950.0     9.7227958e-01    5.0710756e+00     9.4545001e-01
 6950.0 7050.0     9.7350008e-01    4.9266063e+00     9.4507914e-01
 7050.0 7150.0     9.7444356e-01    4.7913306e+00     9.4471320e-01
 7150.0 7250.0     9.7538796e-01    4.6597693e+00     9.4434726e-01
 7250.0 7350.0     9.7633327e-01    4.5318204e+00     9.4398132e-01
 7350.0 7450.0     9.7727950e-01    4.4073848e+00     9.4361538e-01
 7450.0 7550.0     9.7822665e-01    4.2863660e+00     9.4324944e-01
 7550.0 7650.0     9.7917471e-01    4.1686701e+00     9.4288350e-01
 7650.0 7750.0     9.8012370e-01    4.0542059e+00     9.4251756e-01
 7750.0 7850.0     9.8107360e-01    3.9428848e+00     9.4215162e-01
 7850.0 7950.0     9.8202442e-01    3.8346202e+00     9.4178568e-01
 7950.0 8050.0     9.8297617e-01    3.7293285e+00     9.4141974e-01
 8050.0 8150.0     9.8392883e-01    3.6269278e+00     9.4105380e-01
 8150.0 8250.0     9.8488242e-01    3.5273389e+00     9.4068786e-01
 8250.0 8350.0     9.8583694e-01    3.4304846e+00     9.4032192e-01
 8350.0 8450.0     9.8679238e-01    3.3362897e+00     9.3995598e-01
 8450.0 8550.0     9.8774874e-01    3.2446812e+00     9.3959004e-01
