 1216.0 1216.0     5.3169163e-01    7.9414539e+00     8.4063183e-01
 1300.0 1350.0     5.6290272e-01    6.2148981e+00     8.3934358e-01
 1350.0 1400.0     5.6946968e-01    5.6351251e+00     8.3860538e-01
 1400.0 1450.0     5.6532436e-01    5.2214453e+00     8.3767340e-01
 1450.0 1500.0     5.5864584e-01    4.8636313e+00     8.3669492e-01
 1500.0 1550.0     5.5204622e-01    4.5303375e+00     8.3571644e-01
 1550.0 1600.0     5.4552456e-01    4.2198835e+00     8.3473796e-01
 1600.0 1650.0     5.3986843e-01    3.9455397e+00     8.3367963e-01
 1650.0 1700.0     5.3634056e-01    3.7268803e+00     8.3241116e-01
 1700.0 1750.0     5.3411876e-01    3.5434385e+00     8.3101241e-01
 1754.0 1770.0     5.3247953e-01    3.4125543e+00     8.2997733e-01
 1770.0 1786.0     5.3177268e-01    3.3578786e+00     8.2952973e-01
 1786.0 1802.0     5.3106676e-01    3.3040790e+00     8.2908212e-01
 1802.0 1818.0     5.3036179e-01    3.2511413e+00     8.2863452e-01
 1818.0 1835.0     5.2963577e-01    3.1974510e+00     8.2817293e-01
 1835.0 1852.0     5.2888879e-01    3.1430472e+00     8.2769736e-01
 1852.0 1869.0     5.2814285e-01    3.0895691e+00     8.2722178e-01
 1869.0 1887.0     5.2737609e-01    3.0354820e+00     8.2673222e-01
 1887.0 1905.0     5.2658857e-01    2.9808235e+00     8.2622866e-01
 1905.0 1923.0     5.2580222e-01    2.9271493e+00     8.2572511e-01
 1923.0 1942.0     5.2499527e-01    2.8730046e+00     8.2520757e-01
 1942.0 1961.0     5.2416778e-01    2.8184252e+00     8.2467605e-01
 1961.0 1980.0     5.2322465e-01    2.7686146e+00     8.2409978e-01
 1980.0 2000.0     5.2206684e-01    2.7245090e+00     8.2343498e-01
 2000.0 2020.0     5.2081219e-01    2.6821943e+00     8.2272636e-01
 2020.0 2041.0     5.1952934e-01    2.6395119e+00     8.2200003e-01
 2041.0 2062.0     5.1821844e-01    2.5964844e+00     8.2125598e-01
 2062.0 2083.0     5.1691085e-01    2.5541582e+00     8.2051194e-01
 2083.0 2105.0     5.1557558e-01    2.5115473e+00     8.1975017e-01
 2105.0 2128.0     5.1418190e-01    2.4677155e+00     8.1895298e-01
 2128.0 2151.0     5.1276110e-01    2.4236917e+00     8.1813807e-01
 2151.0 2174.0     5.1134423e-01    2.3804533e+00     8.1732316e-01
 2174.0 2200.0     5.0983939e-01    2.3352694e+00     8.1645511e-01
 2200.0 2222.0     5.0836925e-01    2.2917803e+00     8.1560477e-01
 2222.0 2247.0     5.0693415e-01    2.2500388e+00     8.1477215e-01
 2247.0 2273.0     5.0538140e-01    2.2055872e+00     8.1386866e-01
 2273.0 2299.0     5.0380305e-01    2.1611595e+00     8.1294746e-01
 2299.0 2326.0     5.0219947e-01    2.1168067e+00     8.1200854e-01
 2326.0 2353.0     5.0057083e-01    2.0725446e+00     8.1105191e-01
 2353.0 2381.0     4.9891752e-01    2.0284226e+00     8.1007757e-01
 2381.0 2410.0     4.9830795e-01    1.9785078e+00     8.0900976e-01
 2410.0 2439.0     4.9889679e-01    1.9233127e+00     8.0785951e-01
 2439.0 2469.0     4.9962587e-01    1.8681700e+00     8.0668263e-01
 2469.0 2500.0     5.0038079e-01    1.8128199e+00     8.0546584e-01
 2500.0 2532.0     5.0116165e-01    1.7573758e+00     8.0420917e-01
 2532.0 2564.0     5.0195615e-01    1.7027745e+00     8.0293254e-01
 2564.0 2597.0     5.0276436e-01    1.6490692e+00     8.0163597e-01
 2597.0 2632.0     5.0361128e-01    1.5947104e+00     8.0027956e-01
 2632.0 2667.0     5.0378134e-01    1.5411652e+00     7.9884366e-01
 2667.0 2703.0     5.0309238e-01    1.4893961e+00     7.9733868e-01
 2703.0 2740.0     5.0223586e-01    1.4380978e+00     7.9578288e-01
 2740.0 2778.0     5.0135739e-01    1.3872336e+00     7.9418446e-01
 2778.0 2817.0     5.0045710e-01    1.3368840e+00     7.9254342e-01
 2817.0 2857.0     4.9953510e-01    1.2871253e+00     7.9085975e-01
 2857.0 2899.0     4.9857990e-01    1.2374466e+00     7.8911214e-01
 2899.0 2941.0     4.9760327e-01    1.1885208e+00     7.8732191e-01
 2941.0 2985.0     4.9620125e-01    1.1426324e+00     7.8545158e-01
 2985.0 3030.0     4.9421845e-01    1.0998652e+00     7.8346619e-01
 3030.0 3077.0     4.9203868e-01    1.0580693e+00     7.8140097e-01
 3077.0 3125.0     4.8979787e-01    1.0165681e+00     7.7926841e-01
 3125.0 3175.0     4.8749704e-01    9.7546977e-01     7.7706850e-01
 3175.0 3225.0     4.8516028e-01    9.3522841e-01     7.7482370e-01
 3225.0 3275.0     4.8320462e-01    8.9661768e-01     7.7256847e-01
 3275.0 3325.0     4.8279825e-01    8.5948203e-01     7.7026983e-01
 3325.0 3375.0     4.8356631e-01    8.2379498e-01     7.6793819e-01
 3375.0 3425.0     4.8433559e-01    7.8958972e-01     7.6560655e-01
 3425.0 3450.0     4.8491324e-01    7.6474215e-01     7.6385782e-01
 3450.0 3550.0     4.8627944e-01    7.2634986e-01     7.6093748e-01
 3550.0 3650.0     4.9331576e-01    6.7332327e-01     7.5619605e-01
 3650.0 3750.0     5.0518244e-01    6.2932566e-01     7.5138806e-01
 3750.0 3850.0     5.1733457e-01    5.8820303e-01     7.4658006e-01
 3850.0 3950.0     5.3137260e-01    5.5011122e-01     7.4172138e-01
 3950.0 4050.0     5.4791037e-01    5.1493180e-01     7.3679600e-01
 4050.0 4150.0     5.6544848e-01    4.8209392e-01     7.3184479e-01
 4150.0 4250.0     5.8333497e-01    4.5129527e-01     7.2683578e-01
 4250.0 4350.0     6.0160959e-01    4.2241917e-01     7.2177880e-01
 4350.0 4450.0     6.1928025e-01    3.9528875e-01     7.1668888e-01
 4450.0 4550.0     6.3204629e-01    3.6946114e-01     7.1144925e-01
 4550.0 4650.0     6.4085446e-01    3.4498364e-01     7.0609284e-01
 4650.0 4750.0     6.4978538e-01    3.2212782e-01     7.0073644e-01
 4750.0 4850.0     6.5884076e-01    3.0078625e-01     6.9538004e-01
 4850.0 4950.0     6.6802234e-01    2.8085859e-01     6.9002363e-01
 4950.0 5050.0     6.7733187e-01    2.6225118e-01     6.8466723e-01
 5050.0 5150.0     6.8677114e-01    2.4487654e-01     6.7931083e-01
 5150.0 5250.0     6.9634195e-01    2.2865300e-01     6.7395442e-01
 5250.0 5350.0     7.0604614e-01    2.1350431e-01     6.6859802e-01
 5350.0 5450.0     7.1588557e-01    1.9935925e-01     6.6324162e-01
 5450.0 5550.0     7.2586212e-01    1.8615132e-01     6.5788522e-01
 5550.0 5650.0     7.3574650e-01    1.7398536e-01     6.5248796e-01
 5650.0 5750.0     7.4420956e-01    1.6367239e-01     6.4681837e-01
 5750.0 5850.0     7.5144752e-01    1.5486642e-01     6.4091728e-01
 5850.0 5950.0     7.5875588e-01    1.4653423e-01     6.3501620e-01
 5950.0 6050.0     7.6613532e-01    1.3865033e-01     6.2911511e-01
 6050.0 6150.0     7.7358652e-01    1.3119060e-01     6.2321403e-01
 6150.0 6250.0     7.8111019e-01    1.2413223e-01     6.1731295e-01
 6250.0 6350.0     7.8870704e-01    1.1745361e-01     6.1141186e-01
 6350.0 6450.0     7.9637777e-01    1.1113432e-01     6.0551078e-01
 6450.0 6550.0     8.0412311e-01    1.0515503e-01     5.9960969e-01
 6550.0 6650.0     8.1194377e-01    9.9497430e-02     5.9370861e-01
 6650.0 6750.0     8.1984050e-01    9.4144226e-02     5.8780753e-01
 6750.0 6850.0     8.2781402e-01    8.9079037e-02     5.8190644e-01
 6850.0 6950.0     8.3473933e-01    8.4616413e-02     5.7589309e-01
 6950.0 7050.0     8.3990500e-01    8.0902885e-02     5.6969865e-01
 7050.0 7150.0     8.4440989e-01    7.7546993e-02     5.6343541e-01
 7150.0 7250.0     8.4893894e-01    7.4330305e-02     5.5717216e-01
 7250.0 7350.0     8.5349228e-01    7.1247047e-02     5.5090892e-01
 7350.0 7450.0     8.5807005e-01    6.8291683e-02     5.4464567e-01
 7450.0 7550.0     8.6267236e-01    6.5458910e-02     5.3838243e-01
 7550.0 7650.0     8.6729937e-01    6.2743642e-02     5.3211918e-01
 7650.0 7750.0     8.7195119e-01    6.0141004e-02     5.2585594e-01
 7750.0 7850.0     8.7662796e-01    5.7646325e-02     5.1959269e-01
 7850.0 7950.0     8.8132981e-01    5.5255127e-02     5.1332945e-01
 7950.0 8050.0     8.8605688e-01    5.2963116e-02     5.0706621e-01
 8050.0 8150.0     8.9080931e-01    5.0766180e-02     5.0080296e-01
 8150.0 8250.0     8.9558723e-01    4.8660373e-02     4.9453972e-01
 8250.0 8350.0     9.0039077e-01    4.6641916e-02     4.8827647e-01
 8350.0 8450.0     9.0522008e-01    4.4707186e-02     4.8201323e-01
 8450.0 8550.0     9.1007529e-01    4.2852710e-02     4.7574998e-01
