 1216.0 1216.0     4.1957817e-01    5.5754590e+01     9.6369457e-01
 1300.0 1350.0     4.9015410e-01    4.6553230e+01     9.6390167e-01
 1350.0 1400.0     5.1505506e-01    4.3564438e+01     9.6395349e-01
 1400.0 1450.0     5.2674332e-01    4.1727624e+01     9.6394849e-01
 1450.0 1500.0     5.3518474e-01    4.0192528e+01     9.6392986e-01
 1500.0 1550.0     5.4376144e-01    3.8713906e+01     9.6391122e-01
 1550.0 1600.0     5.5247559e-01    3.7289679e+01     9.6389259e-01
 1600.0 1650.0     5.6099815e-01    3.5984869e+01     9.6385428e-01
 1650.0 1700.0     5.6877356e-01    3.4899117e+01     9.6376419e-01
 1700.0 1750.0     5.7610966e-01    3.3952705e+01     9.6364200e-01
 1754.0 1770.0     5.8158850e-01    3.3266102e+01     9.6355158e-01
 1770.0 1786.0     5.8397849e-01    3.2974719e+01     9.6351248e-01
 1786.0 1802.0     5.8637831e-01    3.2685888e+01     9.6347338e-01
 1802.0 1818.0     5.8878798e-01    3.2399587e+01     9.6343428e-01
 1818.0 1835.0     5.9128349e-01    3.2107005e+01     9.6339396e-01
 1835.0 1852.0     5.9386552e-01    3.1808280e+01     9.6335241e-01
 1852.0 1869.0     5.9645882e-01    3.1512334e+01     9.6331087e-01
 1869.0 1887.0     5.9914040e-01    3.1210601e+01     9.6326810e-01
 1887.0 1905.0     6.0191100e-01    3.0903218e+01     9.6322411e-01
 1905.0 1923.0     6.0469441e-01    3.0598863e+01     9.6318012e-01
 1923.0 1942.0     6.0756873e-01    3.0289219e+01     9.6313491e-01
 1942.0 1961.0     6.1053477e-01    2.9974425e+01     9.6308848e-01
 1961.0 1980.0     6.1306485e-01    2.9684520e+01     9.6303332e-01
 1980.0 2000.0     6.1493326e-01    2.9425294e+01     9.6296238e-01
 2000.0 2020.0     6.1658541e-01    2.9174576e+01     9.6288440e-01
 2020.0 2041.0     6.1828352e-01    2.8919834e+01     9.6280447e-01
 2041.0 2062.0     6.2002785e-01    2.8661157e+01     9.6272259e-01
 2062.0 2083.0     6.2177709e-01    2.8404795e+01     9.6264071e-01
 2083.0 2105.0     6.2357316e-01    2.8144731e+01     9.6255687e-01
 2105.0 2128.0     6.2545832e-01    2.7875121e+01     9.6246915e-01
 2128.0 2151.0     6.2739120e-01    2.7602159e+01     9.6237947e-01
 2151.0 2174.0     6.2933005e-01    2.7331871e+01     9.6228979e-01
 2174.0 2200.0     6.3140214e-01    2.7046956e+01     9.6219426e-01
 2200.0 2222.0     6.3343809e-01    2.6770531e+01     9.6210068e-01
 2222.0 2247.0     6.3543845e-01    2.6502801e+01     9.6200905e-01
 2247.0 2273.0     6.3761606e-01    2.6215253e+01     9.6190963e-01
 2273.0 2299.0     6.3984397e-01    2.5925248e+01     9.6180825e-01
 2299.0 2326.0     6.4212282e-01    2.5632998e+01     9.6170492e-01
 2326.0 2353.0     6.4445293e-01    2.5338590e+01     9.6159965e-01
 2353.0 2381.0     6.4683496e-01    2.5042238e+01     9.6149242e-01
 2381.0 2410.0     6.5022825e-01    2.4700985e+01     9.6137298e-01
 2410.0 2439.0     6.5470623e-01    2.4317131e+01     9.6124230e-01
 2439.0 2469.0     6.5940171e-01    2.3928474e+01     9.6110839e-01
 2469.0 2500.0     6.6429176e-01    2.3533173e+01     9.6096994e-01
 2500.0 2532.0     6.6938021e-01    2.3131764e+01     9.6082695e-01
 2532.0 2564.0     6.7458903e-01    2.2730940e+01     9.6068169e-01
 2564.0 2597.0     6.7992105e-01    2.2331016e+01     9.6053416e-01
 2597.0 2632.0     6.8554461e-01    2.1920217e+01     9.6037982e-01
 2632.0 2667.0     6.9042476e-01    2.1500663e+01     9.6021724e-01
 2667.0 2703.0     6.9423673e-01    2.1077933e+01     9.6004778e-01
 2703.0 2740.0     6.9797369e-01    2.0651031e+01     9.5987275e-01
 2740.0 2778.0     7.0183397e-01    2.0221436e+01     9.5969294e-01
 2778.0 2817.0     7.0581942e-01    1.9789681e+01     9.5950832e-01
 2817.0 2857.0     7.0993190e-01    1.9356290e+01     9.5931891e-01
 2857.0 2899.0     7.1422605e-01    1.8916539e+01     9.5912231e-01
 2899.0 2941.0     7.1865155e-01    1.8476297e+01     9.5892092e-01
 2941.0 2985.0     7.2241378e-01    1.8044836e+01     9.5871296e-01
 2985.0 3030.0     7.2526835e-01    1.7620134e+01     9.5849539e-01
 3030.0 3077.0     7.2795558e-01    1.7194545e+01     9.5826989e-01
 3077.0 3125.0     7.3074082e-01    1.6765806e+01     9.5803702e-01
 3125.0 3175.0     7.3362525e-01    1.6334784e+01     9.5779681e-01
 3175.0 3225.0     7.3658015e-01    1.5906273e+01     9.5755169e-01
 3225.0 3275.0     7.3971234e-01    1.5490077e+01     9.5730649e-01
 3275.0 3325.0     7.4354975e-01    1.5089156e+01     9.5706095e-01
 3325.0 3375.0     7.4793395e-01    1.4701923e+01     9.5681514e-01
 3375.0 3425.0     7.5234399e-01    1.4324628e+01     9.5656933e-01
 3425.0 3450.0     7.5566614e-01    1.4047135e+01     9.5638497e-01
 3450.0 3550.0     7.6138673e-01    1.3612654e+01     9.5607789e-01
 3550.0 3650.0     7.7223314e-01    1.3057681e+01     9.5558877e-01
 3650.0 3750.0     7.8480760e-01    1.2640860e+01     9.5510177e-01
 3750.0 3850.0     7.9758681e-01    1.2237344e+01     9.5461477e-01
 3850.0 3950.0     8.1064238e-01    1.1870549e+01     9.5412942e-01
 3950.0 4050.0     8.2400185e-01    1.1545973e+01     9.5364624e-01
 4050.0 4150.0     8.3742304e-01    1.1237860e+01     9.5316398e-01
 4150.0 4250.0     8.4998896e-01    1.0939385e+01     9.5268405e-01
 4250.0 4350.0     8.6185079e-01    1.0650008e+01     9.5220606e-01
 4350.0 4450.0     8.7309129e-01    1.0354255e+01     9.5172968e-01
 4450.0 4550.0     8.8087999e-01    1.0004706e+01     9.5126061e-01
 4550.0 4650.0     8.8593489e-01    9.6191909e+00     9.5079725e-01
 4650.0 4750.0     8.9101880e-01    9.2485308e+00     9.5033389e-01
 4750.0 4850.0     8.9613188e-01    8.8921534e+00     9.4987053e-01
 4850.0 4950.0     9.0127430e-01    8.5495085e+00     9.4940717e-01
 4950.0 5050.0     9.0644623e-01    8.2200668e+00     9.4894381e-01
 5050.0 5150.0     9.1164784e-01    7.9033197e+00     9.4848045e-01
 5150.0 5250.0     9.1687930e-01    7.5987779e+00     9.4801709e-01
 5250.0 5350.0     9.2214079e-01    7.3059711e+00     9.4755373e-01
 5350.0 5450.0     9.2743246e-01    7.0244472e+00     9.4709037e-01
 5450.0 5550.0     9.3275450e-01    6.7537713e+00     9.4662701e-01
 5550.0 5650.0     9.3788448e-01    6.4958417e+00     9.4616563e-01
 5650.0 5750.0     9.4155413e-01    6.2627383e+00     9.4571749e-01
 5750.0 5850.0     9.4397382e-01    6.0506844e+00     9.4528060e-01
 5850.0 5950.0     9.4639973e-01    5.8458105e+00     9.4484372e-01
 5950.0 6050.0     9.4883187e-01    5.6478736e+00     9.4440683e-01
 6050.0 6150.0     9.5127027e-01    5.4566387e+00     9.4396994e-01
 6150.0 6250.0     9.5371493e-01    5.2718790e+00     9.4353305e-01
 6250.0 6350.0     9.5616587e-01    5.0933751e+00     9.4309616e-01
 6350.0 6450.0     9.5862311e-01    4.9209154e+00     9.4265927e-01
 6450.0 6550.0     9.6108667e-01    4.7542950e+00     9.4222239e-01
 6550.0 6650.0     9.6355656e-01    4.5933164e+00     9.4178550e-01
 6650.0 6750.0     9.6603279e-01    4.4377885e+00     9.4134861e-01
 6750.0 6850.0     9.6851539e-01    4.2875266e+00     9.4091172e-01
 6850.0 6950.0     9.7053974e-01    4.1499063e+00     9.4048299e-01
 6950.0 7050.0     9.7181891e-01    4.0287737e+00     9.4006741e-01
 7050.0 7150.0     9.7281483e-01    3.9156849e+00     9.3965682e-01
 7150.0 7250.0     9.7381178e-01    3.8057705e+00     9.3924624e-01
 7250.0 7350.0     9.7480974e-01    3.6989414e+00     9.3883566e-01
 7350.0 7450.0     9.7580873e-01    3.5951111e+00     9.3842507e-01
 7450.0 7550.0     9.7680875e-01    3.4941953e+00     9.3801449e-01
 7550.0 7650.0     9.7780979e-01    3.3961122e+00     9.3760391e-01
 7650.0 7750.0     9.7881185e-01    3.3007823e+00     9.3719332e-01
 7750.0 7850.0     9.7981494e-01    3.2081284e+00     9.3678274e-01
 7850.0 7950.0     9.8081906e-01    3.1180753e+00     9.3637216e-01
 7950.0 8050.0     9.8182421e-01    3.0305501e+00     9.3596157e-01
 8050.0 8150.0     9.8283039e-01    2.9454817e+00     9.3555099e-01
 8150.0 8250.0     9.8383759e-01    2.8628011e+00     9.3514041e-01
 8250.0 8350.0     9.8484584e-01    2.7824415e+00     9.3472982e-01
 8350.0 8450.0     9.8585511e-01    2.7043376e+00     9.3431924e-01
 8450.0 8550.0     9.8686542e-01    2.6284260e+00     9.3390866e-01
