 1216.0 1216.0     4.1029860e-01    6.1184762e+01     9.6576364e-01
 1300.0 1350.0     4.8081563e-01    5.0966120e+01     9.6597936e-01
 1350.0 1400.0     5.0593704e-01    4.7677265e+01     9.6594150e-01
 1400.0 1450.0     5.1811266e-01    4.5698828e+01     9.6572362e-01
 1450.0 1500.0     5.2711892e-01    4.4059224e+01     9.6546254e-01
 1500.0 1550.0     5.3628172e-01    4.2478446e+01     9.6520145e-01
 1550.0 1600.0     5.4560381e-01    4.0954385e+01     9.6494037e-01
 1600.0 1650.0     5.5465913e-01    3.9552571e+01     9.6474530e-01
 1650.0 1700.0     5.6272699e-01    3.8373567e+01     9.6472397e-01
 1700.0 1750.0     5.7020382e-01    3.7337153e+01     9.6481036e-01
 1754.0 1770.0     5.7578931e-01    3.6585193e+01     9.6487429e-01
 1770.0 1786.0     5.7822646e-01    3.6266048e+01     9.6490194e-01
 1786.0 1802.0     5.8067392e-01    3.5949688e+01     9.6492958e-01
 1802.0 1818.0     5.8313175e-01    3.5636087e+01     9.6495723e-01
 1818.0 1835.0     5.8567744e-01    3.5315595e+01     9.6498574e-01
 1835.0 1852.0     5.8831173e-01    3.4988361e+01     9.6501511e-01
 1852.0 1869.0     5.9095786e-01    3.4664159e+01     9.6504449e-01
 1869.0 1887.0     5.9369444e-01    3.4333604e+01     9.6507472e-01
 1887.0 1905.0     5.9652224e-01    3.3996848e+01     9.6510582e-01
 1905.0 1923.0     5.9936350e-01    3.3663394e+01     9.6513692e-01
 1923.0 1942.0     6.0229799e-01    3.3324132e+01     9.6516889e-01
 1942.0 1961.0     6.0532655e-01    3.2979212e+01     9.6520172e-01
 1961.0 1980.0     6.0792888e-01    3.2663418e+01     9.6520257e-01
 1980.0 2000.0     6.0988688e-01    3.2384301e+01     9.6515100e-01
 2000.0 2020.0     6.1163688e-01    3.2115648e+01     9.6507898e-01
 2020.0 2041.0     6.1343591e-01    3.1842620e+01     9.6500516e-01
 2041.0 2062.0     6.1528423e-01    3.1565311e+01     9.6492954e-01
 2062.0 2083.0     6.1713813e-01    3.1290417e+01     9.6485392e-01
 2083.0 2105.0     6.1904202e-01    3.1011486e+01     9.6477649e-01
 2105.0 2128.0     6.2104075e-01    3.0722245e+01     9.6469547e-01
 2128.0 2151.0     6.2309049e-01    3.0429333e+01     9.6461264e-01
 2151.0 2174.0     6.2514700e-01    3.0139214e+01     9.6452982e-01
 2174.0 2200.0     6.2734534e-01    2.9833311e+01     9.6444159e-01
 2200.0 2222.0     6.2950576e-01    2.9536447e+01     9.6435517e-01
 2222.0 2247.0     6.3162891e-01    2.9248839e+01     9.6427054e-01
 2247.0 2273.0     6.3394070e-01    2.8939856e+01     9.6417872e-01
 2273.0 2299.0     6.3630644e-01    2.8628143e+01     9.6408509e-01
 2299.0 2326.0     6.3872685e-01    2.8313923e+01     9.6398966e-01
 2326.0 2353.0     6.4120231e-01    2.7997289e+01     9.6389243e-01
 2353.0 2381.0     6.4373356e-01    2.7678463e+01     9.6379340e-01
 2381.0 2410.0     6.4728218e-01    2.7311065e+01     9.6368294e-01
 2410.0 2439.0     6.5191941e-01    2.6897519e+01     9.6356194e-01
 2439.0 2469.0     6.5677932e-01    2.6478614e+01     9.6343794e-01
 2469.0 2500.0     6.6184206e-01    2.6052368e+01     9.6330973e-01
 2500.0 2532.0     6.6711177e-01    2.5619348e+01     9.6317732e-01
 2532.0 2564.0     6.7250774e-01    2.5186766e+01     9.6304280e-01
 2564.0 2597.0     6.7803305e-01    2.4754958e+01     9.6290619e-01
 2597.0 2632.0     6.8386234e-01    2.4311200e+01     9.6276327e-01
 2632.0 2667.0     6.8894919e-01    2.3859399e+01     9.6259704e-01
 2667.0 2703.0     6.9296320e-01    2.3405893e+01     9.6240498e-01
 2703.0 2740.0     6.9690838e-01    2.2947935e+01     9.6220345e-01
 2740.0 2778.0     7.0098504e-01    2.2486761e+01     9.6199640e-01
 2778.0 2817.0     7.0519523e-01    2.2022929e+01     9.6178382e-01
 2817.0 2857.0     7.0954105e-01    2.1556991e+01     9.6156573e-01
 2857.0 2899.0     7.1408041e-01    2.1083846e+01     9.6133935e-01
 2899.0 2941.0     7.1876023e-01    2.0609800e+01     9.6110745e-01
 2941.0 2985.0     7.2275874e-01    2.0144794e+01     9.6090419e-01
 2985.0 3030.0     7.2582388e-01    1.9686651e+01     9.6073922e-01
 3030.0 3077.0     7.2872102e-01    1.9227156e+01     9.6058046e-01
 3077.0 3125.0     7.3172469e-01    1.8763871e+01     9.6041652e-01
 3125.0 3175.0     7.3483627e-01    1.8297709e+01     9.6024740e-01
 3175.0 3225.0     7.3802484e-01    1.7833852e+01     9.6007484e-01
 3225.0 3275.0     7.4138433e-01    1.7382891e+01     9.5989566e-01
 3275.0 3325.0     7.4541646e-01    1.6947979e+01     9.5968895e-01
 3325.0 3375.0     7.4997107e-01    1.6527460e+01     9.5946131e-01
 3375.0 3425.0     7.5455352e-01    1.6117375e+01     9.5923367e-01
 3425.0 3450.0     7.5800608e-01    1.5815566e+01     9.5906294e-01
 3450.0 3550.0     7.6393639e-01    1.5342459e+01     9.5877858e-01
 3550.0 3650.0     7.7498571e-01    1.4738241e+01     9.5832584e-01
 3650.0 3750.0     7.8763484e-01    1.4284433e+01     9.5787527e-01
 3750.0 3850.0     8.0049042e-01    1.3844599e+01     9.5742470e-01
 3850.0 3950.0     8.1358124e-01    1.3445026e+01     9.5697577e-01
 3950.0 4050.0     8.2691970e-01    1.3091990e+01     9.5652902e-01
 4050.0 4150.0     8.4030124e-01    1.2756752e+01     9.5608319e-01
 4150.0 4250.0     8.5280520e-01    1.2431767e+01     9.5563965e-01
 4250.0 4350.0     8.6458582e-01    1.2116443e+01     9.5519803e-01
 4350.0 4450.0     8.7574826e-01    1.1793369e+01     9.5475800e-01
 4450.0 4550.0     8.8348394e-01    1.1409253e+01     9.5432520e-01
 4550.0 4650.0     8.8850606e-01    1.0983968e+01     9.5389804e-01
 4650.0 4750.0     8.9355674e-01    1.0574536e+01     9.5347087e-01
 4750.0 4850.0     8.9863612e-01    1.0180365e+01     9.5304371e-01
 4850.0 4950.0     9.0374438e-01    9.8008880e+00     9.5261655e-01
 4950.0 5050.0     9.0888167e-01    9.4355557e+00     9.5218938e-01
 5050.0 5150.0     9.1404817e-01    9.0838414e+00     9.5176222e-01
 5150.0 5250.0     9.1924403e-01    8.7452373e+00     9.5133506e-01
 5250.0 5350.0     9.2446944e-01    8.4192549e+00     9.5090789e-01
 5350.0 5450.0     9.2972454e-01    8.1054235e+00     9.5048073e-01
 5450.0 5550.0     9.3500952e-01    7.8032904e+00     9.5005357e-01
 5550.0 5650.0     9.4010000e-01    7.5148516e+00     9.4962835e-01
 5650.0 5750.0     9.4371676e-01    7.2528138e+00     9.4921612e-01
 5750.0 5850.0     9.4607221e-01    7.0132439e+00     9.4881491e-01
 5850.0 5950.0     9.4843354e-01    6.7815873e+00     9.4841371e-01
 5950.0 6050.0     9.5080076e-01    6.5575826e+00     9.4801251e-01
 6050.0 6150.0     9.5317389e-01    6.3409771e+00     9.4761131e-01
 6150.0 6250.0     9.5555294e-01    6.1315264e+00     9.4721011e-01
 6250.0 6350.0     9.5793793e-01    5.9289941e+00     9.4680891e-01
 6350.0 6450.0     9.6032887e-01    5.7331516e+00     9.4640771e-01
 6450.0 6550.0     9.6272578e-01    5.5437782e+00     9.4600650e-01
 6550.0 6650.0     9.6512868e-01    5.3606599e+00     9.4560530e-01
 6650.0 6750.0     9.6753757e-01    5.1835903e+00     9.4520410e-01
 6750.0 6850.0     9.6995247e-01    5.0123696e+00     9.4480290e-01
 6850.0 6950.0     9.7191710e-01    4.8551018e+00     9.4440979e-01
 6950.0 7050.0     9.7314975e-01    4.7160286e+00     9.4402975e-01
 7050.0 7150.0     9.7410414e-01    4.5858927e+00     9.4365467e-01
 7150.0 7250.0     9.7505948e-01    4.4593478e+00     9.4327959e-01
 7250.0 7350.0     9.7601575e-01    4.3362948e+00     9.4290452e-01
 7350.0 7450.0     9.7697296e-01    4.2166374e+00     9.4252944e-01
 7450.0 7550.0     9.7793111e-01    4.1002819e+00     9.4215436e-01
 7550.0 7650.0     9.7889019e-01    3.9871371e+00     9.4177928e-01
 7650.0 7750.0     9.7985022e-01    3.8771145e+00     9.4140420e-01
 7750.0 7850.0     9.8081119e-01    3.7701279e+00     9.4102912e-01
 7850.0 7950.0     9.8177310e-01    3.6660936e+00     9.4065404e-01
 7950.0 8050.0     9.8273596e-01    3.5649300e+00     9.4027896e-01
 8050.0 8150.0     9.8369976e-01    3.4665579e+00     9.3990388e-01
 8150.0 8250.0     9.8466450e-01    3.3709004e+00     9.3952880e-01
 8250.0 8350.0     9.8563020e-01    3.2778825e+00     9.3915372e-01
 8350.0 8450.0     9.8659683e-01    3.1874313e+00     9.3877865e-01
 8450.0 8550.0     9.8756442e-01    3.0994761e+00     9.3840357e-01
