 1216.0 1216.0     5.3368173e-01    1.1963907e+01     8.9840613e-01
 1300.0 1350.0     5.8157199e-01    9.7548097e+00     8.9776081e-01
 1350.0 1400.0     5.9532460e-01    8.9918565e+00     8.9735140e-01
 1400.0 1450.0     5.9699179e-01    8.4376528e+00     8.9679278e-01
 1450.0 1500.0     5.9569327e-01    7.9518392e+00     8.9619835e-01
 1500.0 1550.0     5.9439758e-01    7.4939972e+00     8.9560392e-01
 1550.0 1600.0     5.9310471e-01    7.0625163e+00     8.9500949e-01
 1600.0 1650.0     5.9225125e-01    6.6756133e+00     8.9435768e-01
 1650.0 1700.0     5.9254918e-01    6.3604746e+00     8.9355486e-01
 1700.0 1750.0     5.9356135e-01    6.0911383e+00     8.9265841e-01
 1754.0 1770.0     5.9431128e-01    5.8979605e+00     8.9199504e-01
 1770.0 1786.0     5.9463595e-01    5.8168614e+00     8.9170818e-01
 1786.0 1802.0     5.9496080e-01    5.7368775e+00     8.9142131e-01
 1802.0 1818.0     5.9528583e-01    5.6579934e+00     8.9113445e-01
 1818.0 1835.0     5.9562120e-01    5.5777973e+00     8.9083862e-01
 1835.0 1852.0     5.9596693e-01    5.4963423e+00     8.9053383e-01
 1852.0 1869.0     5.9631286e-01    5.4160767e+00     8.9022903e-01
 1869.0 1887.0     5.9666917e-01    5.3346921e+00     8.8991528e-01
 1887.0 1905.0     5.9703589e-01    5.2522401e+00     8.8959256e-01
 1905.0 1923.0     5.9740283e-01    5.1710626e+00     8.8926983e-01
 1923.0 1942.0     5.9778020e-01    5.0889549e+00     8.8893815e-01
 1942.0 1961.0     5.9816802e-01    5.0059672e+00     8.8859750e-01
 1961.0 1980.0     5.9833697e-01    4.9292826e+00     8.8822687e-01
 1980.0 2000.0     5.9815117e-01    4.8598967e+00     8.8779731e-01
 2000.0 2020.0     5.9782969e-01    4.7926568e+00     8.8733881e-01
 2020.0 2041.0     5.9750035e-01    4.7247130e+00     8.8686884e-01
 2041.0 2062.0     5.9716316e-01    4.6560988e+00     8.8638741e-01
 2062.0 2083.0     5.9682617e-01    4.5884811e+00     8.8590598e-01
 2083.0 2105.0     5.9648135e-01    4.5202824e+00     8.8541308e-01
 2105.0 2128.0     5.9612070e-01    4.4499969e+00     8.8489726e-01
 2128.0 2151.0     5.9575227e-01    4.3792667e+00     8.8436998e-01
 2151.0 2174.0     5.9538406e-01    4.3096607e+00     8.8384270e-01
 2174.0 2200.0     5.9499210e-01    4.2367695e+00     8.8328103e-01
 2200.0 2222.0     5.9460836e-01    4.1664764e+00     8.8273082e-01
 2222.0 2247.0     5.9423288e-01    4.0988597e+00     8.8219208e-01
 2247.0 2273.0     5.9382571e-01    4.0267044e+00     8.8160748e-01
 2273.0 2299.0     5.9341084e-01    3.9544294e+00     8.8101143e-01
 2299.0 2326.0     5.9298829e-01    3.8821118e+00     8.8040391e-01
 2326.0 2353.0     5.9255807e-01    3.8097772e+00     8.7978492e-01
 2353.0 2381.0     5.9212021e-01    3.7375009e+00     8.7915448e-01
 2381.0 2410.0     5.9270999e-01    3.6557402e+00     8.7846401e-01
 2410.0 2439.0     5.9445836e-01    3.5652943e+00     8.7772069e-01
 2439.0 2469.0     5.9636527e-01    3.4746566e+00     8.7696020e-01
 2469.0 2500.0     5.9834326e-01    3.3833685e+00     8.7617393e-01
 2500.0 2532.0     6.0039298e-01    3.2916042e+00     8.7536189e-01
 2532.0 2564.0     6.0248238e-01    3.2009118e+00     8.7453695e-01
 2564.0 2597.0     6.0461192e-01    3.1113790e+00     8.7369913e-01
 2597.0 2632.0     6.0684786e-01    3.0204126e+00     8.7282263e-01
 2632.0 2667.0     6.0836447e-01    2.9290396e+00     8.7189575e-01
 2667.0 2703.0     6.0893388e-01    2.8386316e+00     8.7092543e-01
 2703.0 2740.0     6.0935118e-01    2.7484890e+00     8.6992254e-01
 2740.0 2778.0     6.0978020e-01    2.6588572e+00     8.6889217e-01
 2778.0 2817.0     6.1022098e-01    2.5698752e+00     8.6783433e-01
 2817.0 2857.0     6.1067353e-01    2.4816760e+00     8.6674901e-01
 2857.0 2899.0     6.1114363e-01    2.3933469e+00     8.6562248e-01
 2899.0 2941.0     6.1162557e-01    2.3060845e+00     8.6446847e-01
 2941.0 2985.0     6.1161316e-01    2.2231360e+00     8.6326386e-01
 2985.0 3030.0     6.1092843e-01    2.1444476e+00     8.6198651e-01
 3030.0 3077.0     6.1004741e-01    2.0670654e+00     8.6065813e-01
 3077.0 3125.0     6.0913899e-01    1.9900741e+00     8.5928644e-01
 3125.0 3175.0     6.0820330e-01    1.9136701e+00     8.5787142e-01
 3175.0 3225.0     6.0724999e-01    1.8387005e+00     8.5642754e-01
 3225.0 3275.0     6.0662996e-01    1.7668271e+00     8.5497714e-01
 3275.0 3325.0     6.0739511e-01    1.6984072e+00     8.5349963e-01
 3325.0 3375.0     6.0921563e-01    1.6331216e+00     8.5200151e-01
 3375.0 3425.0     6.1104161e-01    1.5703456e+00     8.5050340e-01
 3425.0 3450.0     6.1241416e-01    1.5246327e+00     8.4937981e-01
 3450.0 3550.0     6.1506151e-01    1.4540000e+00     8.4750345e-01
 3550.0 3650.0     6.2353167e-01    1.3598977e+00     8.4445711e-01
 3650.0 3750.0     6.3622155e-01    1.2851889e+00     8.4136808e-01
 3750.0 3850.0     6.4916968e-01    1.2145844e+00     8.3827905e-01
 3850.0 3950.0     6.6348943e-01    1.1497425e+00     8.3515642e-01
 3950.0 4050.0     6.7959401e-01    1.0908144e+00     8.3198958e-01
 4050.0 4150.0     6.9634008e-01    1.0354946e+00     8.2880545e-01
 4150.0 4250.0     7.1284741e-01    9.8310689e-01     8.2558210e-01
 4250.0 4350.0     7.2920369e-01    9.3347370e-01     8.2232619e-01
 4350.0 4450.0     7.4485920e-01    8.8558954e-01     8.1904953e-01
 4450.0 4550.0     7.5590996e-01    8.3687264e-01     8.1567854e-01
 4550.0 4650.0     7.6327800e-01    7.8831038e-01     8.1223399e-01
 4650.0 4750.0     7.7071785e-01    7.4256611e-01     8.0878943e-01
 4750.0 4850.0     7.7823023e-01    6.9947630e-01     8.0534487e-01
 4850.0 4950.0     7.8581583e-01    6.5888692e-01     8.0190032e-01
 4950.0 5050.0     7.9347536e-01    6.2065286e-01     7.9845576e-01
 5050.0 5150.0     8.0120956e-01    5.8463746e-01     7.9501121e-01
 5150.0 5250.0     8.0901914e-01    5.5071197e-01     7.9156665e-01
 5250.0 5350.0     8.1690485e-01    5.1875512e-01     7.8812209e-01
 5350.0 5450.0     8.2486742e-01    4.8865267e-01     7.8467754e-01
 5450.0 5550.0     8.3290760e-01    4.6029701e-01     7.8123298e-01
 5550.0 5650.0     8.4078753e-01    4.3394009e-01     7.7776948e-01
 5650.0 5750.0     8.4714143e-01    4.1134566e-01     7.7417963e-01
 5750.0 5850.0     8.5218350e-01    3.9183616e-01     7.7048239e-01
 5850.0 5950.0     8.5725558e-01    3.7325196e-01     7.6678515e-01
 5950.0 6050.0     8.6235785e-01    3.5554918e-01     7.6308791e-01
 6050.0 6150.0     8.6749048e-01    3.3868603e-01     7.5939067e-01
 6150.0 6250.0     8.7265367e-01    3.2262266e-01     7.5569343e-01
 6250.0 6350.0     8.7784758e-01    3.0732116e-01     7.5199619e-01
 6350.0 6450.0     8.8307241e-01    2.9274538e-01     7.4829896e-01
 6450.0 6550.0     8.8832834e-01    2.7886091e-01     7.4460172e-01
 6550.0 6650.0     8.9361555e-01    2.6563496e-01     7.4090448e-01
 6650.0 6750.0     8.9893423e-01    2.5303629e-01     7.3720724e-01
 6750.0 6850.0     9.0428456e-01    2.4103517e-01     7.3351000e-01
 6850.0 6950.0     9.0882734e-01    2.3034276e-01     7.2968932e-01
 6950.0 7050.0     9.1203852e-01    2.2130349e-01     7.2566955e-01
 7050.0 7150.0     9.1474552e-01    2.1305673e-01     7.2157413e-01
 7150.0 7250.0     9.1746056e-01    2.0511728e-01     7.1747870e-01
 7250.0 7350.0     9.2018365e-01    1.9747369e-01     7.1338328e-01
 7350.0 7450.0     9.2291483e-01    1.9011493e-01     7.0928786e-01
 7450.0 7550.0     9.2565412e-01    1.8303040e-01     7.0519243e-01
 7550.0 7650.0     9.2840153e-01    1.7620986e-01     7.0109701e-01
 7650.0 7750.0     9.3115710e-01    1.6964349e-01     6.9700158e-01
 7750.0 7850.0     9.3392085e-01    1.6332182e-01     6.9290616e-01
 7850.0 7950.0     9.3669280e-01    1.5723571e-01     6.8881073e-01
 7950.0 8050.0     9.3947298e-01    1.5137640e-01     6.8471531e-01
 8050.0 8150.0     9.4226141e-01    1.4573544e-01     6.8061989e-01
 8150.0 8250.0     9.4505812e-01    1.4030468e-01     6.7652446e-01
 8250.0 8350.0     9.4786313e-01    1.3507630e-01     6.7242904e-01
 8350.0 8450.0     9.5067646e-01    1.3004275e-01     6.6833361e-01
 8450.0 8550.0     9.5349815e-01    1.2519678e-01     6.6423819e-01
