C2H6SX_CH3SX_CH3
Air:    
Temp:    
Angstroms       QY
1.216000E+03    1.000000E+00
1.217000E+03    1.000000E+00
1.218000E+03    1.000000E+00
1.219000E+03    1.000000E+00
1.220000E+03    1.000000E+00
1.221000E+03    1.000000E+00
1.222000E+03    1.000000E+00
1.223000E+03    1.000000E+00
1.224000E+03    1.000000E+00
1.225000E+03    1.000000E+00
1.226000E+03    1.000000E+00
1.227000E+03    1.000000E+00
1.228000E+03    1.000000E+00
1.229000E+03    1.000000E+00
1.230000E+03    1.000000E+00
1.231000E+03    1.000000E+00
1.232000E+03    1.000000E+00
1.233000E+03    1.000000E+00
1.234000E+03    1.000000E+00
1.235000E+03    1.000000E+00
1.236000E+03    1.000000E+00
1.237000E+03    1.000000E+00
1.238000E+03    1.000000E+00
1.239000E+03    1.000000E+00
1.240000E+03    1.000000E+00
1.241000E+03    1.000000E+00
1.242000E+03    1.000000E+00
1.243000E+03    1.000000E+00
1.244000E+03    1.000000E+00
1.245000E+03    1.000000E+00
1.246000E+03    1.000000E+00
1.247000E+03    1.000000E+00
1.248000E+03    1.000000E+00
1.249000E+03    1.000000E+00
1.250000E+03    1.000000E+00
1.251000E+03    1.000000E+00
1.252000E+03    1.000000E+00
1.253000E+03    1.000000E+00
1.254000E+03    1.000000E+00
1.255000E+03    1.000000E+00
1.256000E+03    1.000000E+00
1.257000E+03    1.000000E+00
1.258000E+03    1.000000E+00
1.259000E+03    1.000000E+00
1.260000E+03    1.000000E+00
1.261000E+03    1.000000E+00
1.262000E+03    1.000000E+00
1.263000E+03    1.000000E+00
1.264000E+03    1.000000E+00
1.265000E+03    1.000000E+00
1.266000E+03    1.000000E+00
1.267000E+03    1.000000E+00
1.268000E+03    1.000000E+00
1.269000E+03    1.000000E+00
1.270000E+03    1.000000E+00
1.271000E+03    1.000000E+00
1.272000E+03    1.000000E+00
1.273000E+03    1.000000E+00
1.274000E+03    1.000000E+00
1.275000E+03    1.000000E+00
1.276000E+03    1.000000E+00
1.277000E+03    1.000000E+00
1.278000E+03    1.000000E+00
1.279000E+03    1.000000E+00
1.280000E+03    1.000000E+00
1.281000E+03    1.000000E+00
1.282000E+03    1.000000E+00
1.283000E+03    1.000000E+00
1.284000E+03    1.000000E+00
1.285000E+03    1.000000E+00
1.286000E+03    1.000000E+00
1.287000E+03    1.000000E+00
1.288000E+03    1.000000E+00
1.289000E+03    1.000000E+00
1.290000E+03    1.000000E+00
1.291000E+03    1.000000E+00
1.292000E+03    1.000000E+00
1.293000E+03    1.000000E+00
1.294000E+03    1.000000E+00
1.295000E+03    1.000000E+00
1.296000E+03    1.000000E+00
1.297000E+03    1.000000E+00
1.298000E+03    1.000000E+00
1.299000E+03    1.000000E+00
1.300000E+03    1.000000E+00
1.301000E+03    1.000000E+00
1.302000E+03    1.000000E+00
1.303000E+03    1.000000E+00
1.304000E+03    1.000000E+00
1.305000E+03    1.000000E+00
1.306000E+03    1.000000E+00
1.307000E+03    1.000000E+00
1.308000E+03    1.000000E+00
1.309000E+03    1.000000E+00
1.310000E+03    1.000000E+00
1.311000E+03    1.000000E+00
1.312000E+03    1.000000E+00
1.313000E+03    1.000000E+00
1.314000E+03    1.000000E+00
1.315000E+03    1.000000E+00
1.316000E+03    1.000000E+00
1.317000E+03    1.000000E+00
1.318000E+03    1.000000E+00
1.319000E+03    1.000000E+00
1.320000E+03    1.000000E+00
1.321000E+03    1.000000E+00
1.322000E+03    1.000000E+00
1.323000E+03    1.000000E+00
1.324000E+03    1.000000E+00
1.325000E+03    1.000000E+00
1.326000E+03    1.000000E+00
1.327000E+03    1.000000E+00
1.328000E+03    1.000000E+00
1.329000E+03    1.000000E+00
1.330000E+03    1.000000E+00
1.331000E+03    1.000000E+00
1.332000E+03    1.000000E+00
1.333000E+03    1.000000E+00
1.334000E+03    1.000000E+00
1.335000E+03    1.000000E+00
1.336000E+03    1.000000E+00
1.337000E+03    1.000000E+00
1.338000E+03    1.000000E+00
1.339000E+03    1.000000E+00
1.340000E+03    1.000000E+00
1.341000E+03    1.000000E+00
1.342000E+03    1.000000E+00
1.343000E+03    1.000000E+00
1.344000E+03    1.000000E+00
1.345000E+03    1.000000E+00
1.346000E+03    1.000000E+00
1.347000E+03    1.000000E+00
1.348000E+03    1.000000E+00
1.349000E+03    1.000000E+00
1.350000E+03    1.000000E+00
1.351000E+03    1.000000E+00
1.352000E+03    1.000000E+00
1.353000E+03    1.000000E+00
1.354000E+03    1.000000E+00
1.355000E+03    1.000000E+00
1.356000E+03    1.000000E+00
1.357000E+03    1.000000E+00
1.358000E+03    1.000000E+00
1.359000E+03    1.000000E+00
1.360000E+03    1.000000E+00
1.361000E+03    1.000000E+00
1.362000E+03    1.000000E+00
1.363000E+03    1.000000E+00
1.364000E+03    1.000000E+00
1.365000E+03    1.000000E+00
1.366000E+03    1.000000E+00
1.367000E+03    1.000000E+00
1.368000E+03    1.000000E+00
1.369000E+03    1.000000E+00
1.370000E+03    1.000000E+00
1.371000E+03    1.000000E+00
1.372000E+03    1.000000E+00
1.373000E+03    1.000000E+00
1.374000E+03    1.000000E+00
1.375000E+03    1.000000E+00
1.376000E+03    1.000000E+00
1.377000E+03    1.000000E+00
1.378000E+03    1.000000E+00
1.379000E+03    1.000000E+00
1.380000E+03    1.000000E+00
1.381000E+03    1.000000E+00
1.382000E+03    1.000000E+00
1.383000E+03    1.000000E+00
1.384000E+03    1.000000E+00
1.385000E+03    1.000000E+00
1.386000E+03    1.000000E+00
1.387000E+03    1.000000E+00
1.388000E+03    1.000000E+00
1.389000E+03    1.000000E+00
1.390000E+03    1.000000E+00
1.391000E+03    1.000000E+00
1.392000E+03    1.000000E+00
1.393000E+03    1.000000E+00
1.394000E+03    1.000000E+00
1.395000E+03    1.000000E+00
1.396000E+03    1.000000E+00
1.397000E+03    1.000000E+00
1.398000E+03    1.000000E+00
1.399000E+03    1.000000E+00
1.400000E+03    1.000000E+00
1.401000E+03    1.000000E+00
1.402000E+03    1.000000E+00
1.403000E+03    1.000000E+00
1.404000E+03    1.000000E+00
1.405000E+03    1.000000E+00
1.406000E+03    1.000000E+00
1.407000E+03    1.000000E+00
1.408000E+03    1.000000E+00
1.409000E+03    1.000000E+00
1.410000E+03    1.000000E+00
1.411000E+03    1.000000E+00
1.412000E+03    1.000000E+00
1.413000E+03    1.000000E+00
1.414000E+03    1.000000E+00
1.415000E+03    1.000000E+00
1.416000E+03    1.000000E+00
1.417000E+03    1.000000E+00
1.418000E+03    1.000000E+00
1.419000E+03    1.000000E+00
1.420000E+03    1.000000E+00
1.421000E+03    1.000000E+00
1.422000E+03    1.000000E+00
1.423000E+03    1.000000E+00
1.424000E+03    1.000000E+00
1.425000E+03    1.000000E+00
1.426000E+03    1.000000E+00
1.427000E+03    1.000000E+00
1.428000E+03    1.000000E+00
1.429000E+03    1.000000E+00
1.430000E+03    1.000000E+00
1.431000E+03    1.000000E+00
1.432000E+03    1.000000E+00
1.433000E+03    1.000000E+00
1.434000E+03    1.000000E+00
1.435000E+03    1.000000E+00
1.436000E+03    1.000000E+00
1.437000E+03    1.000000E+00
1.438000E+03    1.000000E+00
1.439000E+03    1.000000E+00
1.440000E+03    1.000000E+00
1.441000E+03    1.000000E+00
1.442000E+03    1.000000E+00
1.443000E+03    1.000000E+00
1.444000E+03    1.000000E+00
1.445000E+03    1.000000E+00
1.446000E+03    1.000000E+00
1.447000E+03    1.000000E+00
1.448000E+03    1.000000E+00
1.449000E+03    1.000000E+00
1.450000E+03    1.000000E+00
1.451000E+03    1.000000E+00
1.452000E+03    1.000000E+00
1.453000E+03    1.000000E+00
1.454000E+03    1.000000E+00
1.455000E+03    1.000000E+00
1.456000E+03    1.000000E+00
1.457000E+03    1.000000E+00
1.458000E+03    1.000000E+00
1.459000E+03    1.000000E+00
1.460000E+03    1.000000E+00
1.461000E+03    1.000000E+00
1.462000E+03    1.000000E+00
1.463000E+03    1.000000E+00
1.464000E+03    1.000000E+00
1.465000E+03    1.000000E+00
1.466000E+03    1.000000E+00
1.467000E+03    1.000000E+00
1.468000E+03    1.000000E+00
1.469000E+03    1.000000E+00
1.470000E+03    1.000000E+00
1.471000E+03    1.000000E+00
1.472000E+03    1.000000E+00
1.473000E+03    1.000000E+00
1.474000E+03    1.000000E+00
1.475000E+03    1.000000E+00
1.476000E+03    1.000000E+00
1.477000E+03    1.000000E+00
1.478000E+03    1.000000E+00
1.479000E+03    1.000000E+00
1.480000E+03    1.000000E+00
1.481000E+03    1.000000E+00
1.482000E+03    1.000000E+00
1.483000E+03    1.000000E+00
1.484000E+03    1.000000E+00
1.485000E+03    1.000000E+00
1.486000E+03    1.000000E+00
1.487000E+03    1.000000E+00
1.488000E+03    1.000000E+00
1.489000E+03    1.000000E+00
1.490000E+03    1.000000E+00
1.491000E+03    1.000000E+00
1.492000E+03    1.000000E+00
1.493000E+03    1.000000E+00
1.494000E+03    1.000000E+00
1.495000E+03    1.000000E+00
1.496000E+03    1.000000E+00
1.497000E+03    1.000000E+00
1.498000E+03    1.000000E+00
1.499000E+03    1.000000E+00
1.500000E+03    1.000000E+00
1.501000E+03    1.000000E+00
1.502000E+03    1.000000E+00
1.503000E+03    1.000000E+00
1.504000E+03    1.000000E+00
1.505000E+03    1.000000E+00
1.506000E+03    1.000000E+00
1.507000E+03    1.000000E+00
1.508000E+03    1.000000E+00
1.509000E+03    1.000000E+00
1.510000E+03    1.000000E+00
1.511000E+03    1.000000E+00
1.512000E+03    1.000000E+00
1.513000E+03    1.000000E+00
1.514000E+03    1.000000E+00
1.515000E+03    1.000000E+00
1.516000E+03    1.000000E+00
1.517000E+03    1.000000E+00
1.518000E+03    1.000000E+00
1.519000E+03    1.000000E+00
1.520000E+03    1.000000E+00
1.521000E+03    1.000000E+00
1.522000E+03    1.000000E+00
1.523000E+03    1.000000E+00
1.524000E+03    1.000000E+00
1.525000E+03    1.000000E+00
1.526000E+03    1.000000E+00
1.527000E+03    1.000000E+00
1.528000E+03    1.000000E+00
1.529000E+03    1.000000E+00
1.530000E+03    1.000000E+00
1.531000E+03    1.000000E+00
1.532000E+03    1.000000E+00
1.533000E+03    1.000000E+00
1.534000E+03    1.000000E+00
1.535000E+03    1.000000E+00
1.536000E+03    1.000000E+00
1.537000E+03    1.000000E+00
1.538000E+03    1.000000E+00
1.539000E+03    1.000000E+00
1.540000E+03    1.000000E+00
1.541000E+03    1.000000E+00
1.542000E+03    1.000000E+00
1.543000E+03    1.000000E+00
1.544000E+03    1.000000E+00
1.545000E+03    1.000000E+00
1.546000E+03    1.000000E+00
1.547000E+03    1.000000E+00
1.548000E+03    1.000000E+00
1.549000E+03    1.000000E+00
1.550000E+03    1.000000E+00
1.551000E+03    1.000000E+00
1.552000E+03    1.000000E+00
1.553000E+03    1.000000E+00
1.554000E+03    1.000000E+00
1.555000E+03    1.000000E+00
1.556000E+03    1.000000E+00
1.557000E+03    1.000000E+00
1.558000E+03    1.000000E+00
1.559000E+03    1.000000E+00
1.560000E+03    1.000000E+00
1.561000E+03    1.000000E+00
1.562000E+03    1.000000E+00
1.563000E+03    1.000000E+00
1.564000E+03    1.000000E+00
1.565000E+03    1.000000E+00
1.566000E+03    1.000000E+00
1.567000E+03    1.000000E+00
1.568000E+03    1.000000E+00
1.569000E+03    1.000000E+00
1.570000E+03    1.000000E+00
1.571000E+03    1.000000E+00
1.572000E+03    1.000000E+00
1.573000E+03    1.000000E+00
1.574000E+03    1.000000E+00
1.575000E+03    1.000000E+00
1.576000E+03    1.000000E+00
1.577000E+03    1.000000E+00
1.578000E+03    1.000000E+00
1.579000E+03    1.000000E+00
1.580000E+03    1.000000E+00
1.581000E+03    1.000000E+00
1.582000E+03    1.000000E+00
1.583000E+03    1.000000E+00
1.584000E+03    1.000000E+00
1.585000E+03    1.000000E+00
1.586000E+03    1.000000E+00
1.587000E+03    1.000000E+00
1.588000E+03    1.000000E+00
1.589000E+03    1.000000E+00
1.590000E+03    1.000000E+00
1.591000E+03    1.000000E+00
1.592000E+03    1.000000E+00
1.593000E+03    1.000000E+00
1.594000E+03    1.000000E+00
1.595000E+03    1.000000E+00
1.596000E+03    1.000000E+00
1.597000E+03    1.000000E+00
1.598000E+03    1.000000E+00
1.599000E+03    1.000000E+00
1.600000E+03    1.000000E+00
1.601000E+03    1.000000E+00
1.602000E+03    1.000000E+00
1.603000E+03    1.000000E+00
1.604000E+03    1.000000E+00
1.605000E+03    1.000000E+00
1.606000E+03    1.000000E+00
1.607000E+03    1.000000E+00
1.608000E+03    1.000000E+00
1.609000E+03    1.000000E+00
1.610000E+03    1.000000E+00
1.611000E+03    1.000000E+00
1.612000E+03    1.000000E+00
1.613000E+03    1.000000E+00
1.614000E+03    1.000000E+00
1.615000E+03    1.000000E+00
1.616000E+03    1.000000E+00
1.617000E+03    1.000000E+00
1.618000E+03    1.000000E+00
1.619000E+03    1.000000E+00
1.620000E+03    1.000000E+00
1.621000E+03    1.000000E+00
1.622000E+03    1.000000E+00
1.623000E+03    1.000000E+00
1.624000E+03    1.000000E+00
1.625000E+03    1.000000E+00
1.626000E+03    1.000000E+00
1.627000E+03    1.000000E+00
1.628000E+03    1.000000E+00
1.629000E+03    1.000000E+00
1.630000E+03    1.000000E+00
1.631000E+03    1.000000E+00
1.632000E+03    1.000000E+00
1.633000E+03    1.000000E+00
1.634000E+03    1.000000E+00
1.635000E+03    1.000000E+00
1.636000E+03    1.000000E+00
1.637000E+03    1.000000E+00
1.638000E+03    1.000000E+00
1.639000E+03    1.000000E+00
1.640000E+03    1.000000E+00
1.641000E+03    1.000000E+00
1.642000E+03    1.000000E+00
1.643000E+03    1.000000E+00
1.644000E+03    1.000000E+00
1.645000E+03    1.000000E+00
1.646000E+03    1.000000E+00
1.647000E+03    1.000000E+00
1.648000E+03    1.000000E+00
1.649000E+03    1.000000E+00
1.650000E+03    1.000000E+00
1.651000E+03    1.000000E+00
1.652000E+03    1.000000E+00
1.653000E+03    1.000000E+00
1.654000E+03    1.000000E+00
1.655000E+03    1.000000E+00
1.656000E+03    1.000000E+00
1.657000E+03    1.000000E+00
1.658000E+03    1.000000E+00
1.659000E+03    1.000000E+00
1.660000E+03    1.000000E+00
1.661000E+03    1.000000E+00
1.662000E+03    1.000000E+00
1.663000E+03    1.000000E+00
1.664000E+03    1.000000E+00
1.665000E+03    1.000000E+00
1.666000E+03    1.000000E+00
1.667000E+03    1.000000E+00
1.668000E+03    1.000000E+00
1.669000E+03    1.000000E+00
1.670000E+03    1.000000E+00
1.671000E+03    1.000000E+00
1.672000E+03    1.000000E+00
1.673000E+03    1.000000E+00
1.674000E+03    1.000000E+00
1.675000E+03    1.000000E+00
1.676000E+03    1.000000E+00
1.677000E+03    1.000000E+00
1.678000E+03    1.000000E+00
1.679000E+03    1.000000E+00
1.680000E+03    1.000000E+00
1.681000E+03    1.000000E+00
1.682000E+03    1.000000E+00
1.683000E+03    1.000000E+00
1.684000E+03    1.000000E+00
1.685000E+03    1.000000E+00
1.686000E+03    1.000000E+00
1.687000E+03    1.000000E+00
1.688000E+03    1.000000E+00
1.689000E+03    1.000000E+00
1.690000E+03    1.000000E+00
1.691000E+03    1.000000E+00
1.692000E+03    1.000000E+00
1.693000E+03    1.000000E+00
1.694000E+03    1.000000E+00
1.695000E+03    1.000000E+00
1.696000E+03    1.000000E+00
1.697000E+03    1.000000E+00
1.698000E+03    1.000000E+00
1.699000E+03    1.000000E+00
1.700000E+03    1.000000E+00
1.701000E+03    1.000000E+00
1.702000E+03    1.000000E+00
1.703000E+03    1.000000E+00
1.704000E+03    1.000000E+00
1.705000E+03    1.000000E+00
1.706000E+03    1.000000E+00
1.707000E+03    1.000000E+00
1.708000E+03    1.000000E+00
1.709000E+03    1.000000E+00
1.709900E+03    1.000000E+00
1.711000E+03    1.000000E+00
1.712000E+03    1.000000E+00
1.713000E+03    1.000000E+00
1.714000E+03    1.000000E+00
1.715000E+03    1.000000E+00
1.716000E+03    1.000000E+00
1.717000E+03    1.000000E+00
1.718000E+03    1.000000E+00
1.719000E+03    1.000000E+00
1.720000E+03    1.000000E+00
1.721000E+03    1.000000E+00
1.722000E+03    1.000000E+00
1.723000E+03    1.000000E+00
1.724000E+03    1.000000E+00
1.725000E+03    1.000000E+00
1.726000E+03    1.000000E+00
1.727000E+03    1.000000E+00
1.728000E+03    1.000000E+00
1.729000E+03    1.000000E+00
1.730000E+03    1.000000E+00
1.731000E+03    1.000000E+00
1.732000E+03    1.000000E+00
1.733000E+03    1.000000E+00
1.734000E+03    1.000000E+00
1.735000E+03    1.000000E+00
1.736000E+03    1.000000E+00
1.737000E+03    1.000000E+00
1.738000E+03    1.000000E+00
1.739000E+03    1.000000E+00
1.740000E+03    1.000000E+00
1.741000E+03    1.000000E+00
1.742000E+03    1.000000E+00
1.743000E+03    1.000000E+00
1.744000E+03    1.000000E+00
1.745000E+03    1.000000E+00
1.746000E+03    1.000000E+00
1.747000E+03    1.000000E+00
1.748000E+03    1.000000E+00
1.749000E+03    1.000000E+00
1.750000E+03    1.000000E+00
1.751000E+03    1.000000E+00
1.752000E+03    1.000000E+00
1.753000E+03    1.000000E+00
1.754000E+03    1.000000E+00
1.755000E+03    1.000000E+00
1.756000E+03    1.000000E+00
1.757000E+03    1.000000E+00
1.758000E+03    1.000000E+00
1.759000E+03    1.000000E+00
1.760000E+03    1.000000E+00
1.761000E+03    1.000000E+00
1.762000E+03    1.000000E+00
1.763000E+03    1.000000E+00
1.764000E+03    1.000000E+00
1.765000E+03    1.000000E+00
1.766000E+03    1.000000E+00
1.767000E+03    1.000000E+00
1.768000E+03    1.000000E+00
1.769000E+03    1.000000E+00
1.770000E+03    1.000000E+00
1.771000E+03    1.000000E+00
1.772000E+03    1.000000E+00
1.773000E+03    1.000000E+00
1.774000E+03    1.000000E+00
1.775000E+03    1.000000E+00
1.776000E+03    1.000000E+00
1.777000E+03    1.000000E+00
1.778000E+03    1.000000E+00
1.779000E+03    1.000000E+00
1.780000E+03    1.000000E+00
1.781000E+03    1.000000E+00
1.782000E+03    1.000000E+00
1.783000E+03    1.000000E+00
1.784000E+03    1.000000E+00
1.785000E+03    1.000000E+00
1.786000E+03    1.000000E+00
1.787000E+03    1.000000E+00
1.788000E+03    1.000000E+00
1.789000E+03    1.000000E+00
1.790000E+03    1.000000E+00
1.791000E+03    1.000000E+00
1.792000E+03    1.000000E+00
1.793000E+03    1.000000E+00
1.794000E+03    1.000000E+00
1.795000E+03    1.000000E+00
1.796000E+03    1.000000E+00
1.797000E+03    1.000000E+00
1.798000E+03    1.000000E+00
1.799000E+03    1.000000E+00
1.800000E+03    1.000000E+00
1.801000E+03    1.000000E+00
1.802000E+03    1.000000E+00
1.803000E+03    1.000000E+00
1.804000E+03    1.000000E+00
1.805000E+03    1.000000E+00
1.806000E+03    1.000000E+00
1.807000E+03    1.000000E+00
1.808000E+03    1.000000E+00
1.809000E+03    1.000000E+00
1.810000E+03    1.000000E+00
1.811000E+03    1.000000E+00
1.812000E+03    1.000000E+00
1.813000E+03    1.000000E+00
1.814000E+03    1.000000E+00
1.815000E+03    1.000000E+00
1.816000E+03    1.000000E+00
1.817000E+03    1.000000E+00
1.818000E+03    1.000000E+00
1.819000E+03    1.000000E+00
1.820000E+03    1.000000E+00
1.821000E+03    1.000000E+00
1.822000E+03    1.000000E+00
1.823000E+03    1.000000E+00
1.824000E+03    1.000000E+00
1.825000E+03    1.000000E+00
1.826000E+03    1.000000E+00
1.827000E+03    1.000000E+00
1.828000E+03    1.000000E+00
1.829000E+03    1.000000E+00
1.830000E+03    1.000000E+00
1.831000E+03    1.000000E+00
1.832000E+03    1.000000E+00
1.833000E+03    1.000000E+00
1.834000E+03    1.000000E+00
1.835000E+03    1.000000E+00
1.836000E+03    1.000000E+00
1.837000E+03    1.000000E+00
1.838000E+03    1.000000E+00
1.839000E+03    1.000000E+00
1.840000E+03    1.000000E+00
1.841000E+03    1.000000E+00
1.842000E+03    1.000000E+00
1.843000E+03    1.000000E+00
1.844000E+03    1.000000E+00
1.845000E+03    1.000000E+00
1.846000E+03    1.000000E+00
1.847000E+03    1.000000E+00
1.848000E+03    1.000000E+00
1.849000E+03    1.000000E+00
1.850000E+03    1.000000E+00
1.851000E+03    1.000000E+00
1.852000E+03    1.000000E+00
1.853000E+03    1.000000E+00
1.854000E+03    1.000000E+00
1.855000E+03    1.000000E+00
1.856000E+03    1.000000E+00
1.857000E+03    1.000000E+00
1.858000E+03    1.000000E+00
1.859000E+03    1.000000E+00
1.860000E+03    1.000000E+00
1.861000E+03    1.000000E+00
1.862000E+03    1.000000E+00
1.863000E+03    1.000000E+00
1.864000E+03    1.000000E+00
1.865000E+03    1.000000E+00
1.866000E+03    1.000000E+00
1.867000E+03    1.000000E+00
1.868000E+03    1.000000E+00
1.869000E+03    1.000000E+00
1.870000E+03    1.000000E+00
1.871000E+03    1.000000E+00
1.872000E+03    1.000000E+00
1.873000E+03    1.000000E+00
1.874000E+03    1.000000E+00
1.875000E+03    1.000000E+00
1.876000E+03    1.000000E+00
1.877000E+03    1.000000E+00
1.878000E+03    1.000000E+00
1.879000E+03    1.000000E+00
1.880000E+03    1.000000E+00
1.881000E+03    1.000000E+00
1.882000E+03    1.000000E+00
1.883000E+03    1.000000E+00
1.884000E+03    1.000000E+00
1.885000E+03    1.000000E+00
1.886000E+03    1.000000E+00
1.887000E+03    1.000000E+00
1.888000E+03    1.000000E+00
1.889000E+03    1.000000E+00
1.890000E+03    1.000000E+00
1.891000E+03    1.000000E+00
1.892000E+03    1.000000E+00
1.893000E+03    1.000000E+00
1.894000E+03    1.000000E+00
1.895000E+03    1.000000E+00
1.896000E+03    1.000000E+00
1.897000E+03    1.000000E+00
1.898000E+03    1.000000E+00
1.899000E+03    1.000000E+00
1.900000E+03    1.000000E+00
1.901000E+03    1.000000E+00
1.902000E+03    1.000000E+00
1.903000E+03    1.000000E+00
1.904000E+03    1.000000E+00
1.905000E+03    1.000000E+00
1.906000E+03    1.000000E+00
1.907000E+03    1.000000E+00
1.908000E+03    1.000000E+00
1.909000E+03    1.000000E+00
1.910000E+03    1.000000E+00
1.911000E+03    1.000000E+00
1.912000E+03    1.000000E+00
1.913000E+03    1.000000E+00
1.914000E+03    1.000000E+00
1.915000E+03    1.000000E+00
1.916000E+03    1.000000E+00
1.917000E+03    1.000000E+00
1.918000E+03    1.000000E+00
1.919000E+03    1.000000E+00
1.920000E+03    1.000000E+00
1.921000E+03    1.000000E+00
1.922000E+03    1.000000E+00
1.923000E+03    1.000000E+00
1.924000E+03    1.000000E+00
1.925000E+03    1.000000E+00
1.926000E+03    1.000000E+00
1.927000E+03    1.000000E+00
1.928000E+03    1.000000E+00
1.929000E+03    1.000000E+00
1.930000E+03    1.000000E+00
1.931000E+03    1.000000E+00
1.932000E+03    1.000000E+00
1.933000E+03    1.000000E+00
1.934000E+03    1.000000E+00
1.935000E+03    1.000000E+00
1.936000E+03    1.000000E+00
1.937000E+03    1.000000E+00
1.938000E+03    1.000000E+00
1.939000E+03    1.000000E+00
1.940000E+03    1.000000E+00
1.941000E+03    1.000000E+00
1.942000E+03    1.000000E+00
1.943000E+03    1.000000E+00
1.944000E+03    1.000000E+00
1.945000E+03    1.000000E+00
1.946000E+03    1.000000E+00
1.947000E+03    1.000000E+00
1.948000E+03    1.000000E+00
1.949000E+03    1.000000E+00
1.950000E+03    1.000000E+00
1.951000E+03    1.000000E+00
1.952000E+03    1.000000E+00
1.953000E+03    1.000000E+00
1.954000E+03    1.000000E+00
1.955000E+03    1.000000E+00
1.956000E+03    1.000000E+00
1.957000E+03    1.000000E+00
1.958000E+03    1.000000E+00
1.959000E+03    1.000000E+00
1.960000E+03    1.000000E+00
1.961000E+03    1.000000E+00
1.962000E+03    1.000000E+00
1.963000E+03    1.000000E+00
1.964000E+03    1.000000E+00
1.965000E+03    1.000000E+00
1.966000E+03    1.000000E+00
1.967000E+03    1.000000E+00
1.968000E+03    1.000000E+00
1.969000E+03    1.000000E+00
1.970000E+03    1.000000E+00
1.971000E+03    1.000000E+00
1.972000E+03    1.000000E+00
1.973000E+03    1.000000E+00
1.974000E+03    1.000000E+00
1.975000E+03    1.000000E+00
1.976000E+03    1.000000E+00
1.977000E+03    1.000000E+00
1.978000E+03    1.000000E+00
1.979000E+03    1.000000E+00
1.980000E+03    1.000000E+00
1.981000E+03    1.000000E+00
1.982000E+03    1.000000E+00
1.983000E+03    1.000000E+00
1.984000E+03    1.000000E+00
1.985000E+03    1.000000E+00
1.986000E+03    1.000000E+00
1.987000E+03    1.000000E+00
1.988000E+03    1.000000E+00
1.989000E+03    1.000000E+00
1.990000E+03    1.000000E+00
1.991000E+03    1.000000E+00
1.992000E+03    1.000000E+00
1.993000E+03    1.000000E+00
1.994000E+03    1.000000E+00
1.995000E+03    1.000000E+00
1.996000E+03    1.000000E+00
1.997000E+03    1.000000E+00
1.998000E+03    1.000000E+00
1.999000E+03    1.000000E+00
2.000000E+03    1.000000E+00
2.001000E+03    1.000000E+00
2.002000E+03    1.000000E+00
2.003000E+03    1.000000E+00
2.004000E+03    1.000000E+00
2.005000E+03    1.000000E+00
2.006000E+03    1.000000E+00
2.007000E+03    1.000000E+00
2.008000E+03    1.000000E+00
2.009000E+03    1.000000E+00
2.010000E+03    1.000000E+00
2.011000E+03    1.000000E+00
2.012000E+03    1.000000E+00
2.013000E+03    1.000000E+00
2.014000E+03    1.000000E+00
2.015000E+03    1.000000E+00
2.016000E+03    1.000000E+00
2.017000E+03    1.000000E+00
2.018000E+03    1.000000E+00
2.019000E+03    1.000000E+00
2.020000E+03    1.000000E+00
2.021000E+03    1.000000E+00
2.022000E+03    1.000000E+00
2.023000E+03    1.000000E+00
2.024000E+03    1.000000E+00
2.025000E+03    1.000000E+00
2.026000E+03    1.000000E+00
2.027000E+03    1.000000E+00
2.028000E+03    1.000000E+00
2.029000E+03    1.000000E+00
2.030000E+03    1.000000E+00
2.031000E+03    1.000000E+00
2.032000E+03    1.000000E+00
2.033000E+03    1.000000E+00
2.034000E+03    1.000000E+00
2.035000E+03    1.000000E+00
2.036000E+03    1.000000E+00
2.037000E+03    1.000000E+00
2.038000E+03    1.000000E+00
2.039000E+03    1.000000E+00
2.040000E+03    1.000000E+00
2.041000E+03    1.000000E+00
2.042000E+03    1.000000E+00
2.043000E+03    1.000000E+00
2.044000E+03    1.000000E+00
2.045000E+03    1.000000E+00
2.046000E+03    1.000000E+00
2.047000E+03    1.000000E+00
2.048000E+03    1.000000E+00
2.049000E+03    1.000000E+00
2.050000E+03    1.000000E+00
2.051000E+03    1.000000E+00
2.052000E+03    1.000000E+00
2.053000E+03    1.000000E+00
2.054000E+03    1.000000E+00
2.055000E+03    1.000000E+00
2.056000E+03    1.000000E+00
2.057000E+03    1.000000E+00
2.058000E+03    1.000000E+00
2.059000E+03    1.000000E+00
2.060000E+03    1.000000E+00
2.061000E+03    1.000000E+00
2.062000E+03    1.000000E+00
2.063000E+03    1.000000E+00
2.064000E+03    1.000000E+00
2.065000E+03    1.000000E+00
2.066000E+03    1.000000E+00
2.067000E+03    1.000000E+00
2.068000E+03    1.000000E+00
2.069000E+03    1.000000E+00
2.070000E+03    1.000000E+00
2.071000E+03    1.000000E+00
2.072000E+03    1.000000E+00
2.073000E+03    1.000000E+00
2.074000E+03    1.000000E+00
2.075000E+03    1.000000E+00
2.076000E+03    1.000000E+00
2.077000E+03    1.000000E+00
2.078000E+03    1.000000E+00
2.079000E+03    1.000000E+00
2.080000E+03    1.000000E+00
2.081000E+03    1.000000E+00
2.082000E+03    1.000000E+00
2.083000E+03    1.000000E+00
2.084000E+03    1.000000E+00
2.085000E+03    1.000000E+00
2.086000E+03    1.000000E+00
2.087000E+03    1.000000E+00
2.088000E+03    1.000000E+00
2.089000E+03    1.000000E+00
2.090000E+03    1.000000E+00
2.091000E+03    1.000000E+00
2.092000E+03    1.000000E+00
2.093000E+03    1.000000E+00
2.094000E+03    1.000000E+00
2.095000E+03    1.000000E+00
2.096000E+03    1.000000E+00
2.097000E+03    1.000000E+00
2.098000E+03    1.000000E+00
2.099000E+03    1.000000E+00
2.100000E+03    1.000000E+00
2.101000E+03    1.000000E+00
2.102000E+03    1.000000E+00
2.103000E+03    1.000000E+00
2.104000E+03    1.000000E+00
2.105000E+03    1.000000E+00
2.106000E+03    1.000000E+00
2.107000E+03    1.000000E+00
2.108000E+03    1.000000E+00
2.109000E+03    1.000000E+00
2.110000E+03    1.000000E+00
2.111000E+03    1.000000E+00
2.112000E+03    1.000000E+00
2.113000E+03    1.000000E+00
2.114000E+03    1.000000E+00
2.115000E+03    1.000000E+00
2.116000E+03    1.000000E+00
2.117000E+03    1.000000E+00
2.118000E+03    1.000000E+00
2.119000E+03    1.000000E+00
2.120000E+03    1.000000E+00
2.121000E+03    1.000000E+00
2.122000E+03    1.000000E+00
2.123000E+03    1.000000E+00
2.124000E+03    1.000000E+00
2.125000E+03    1.000000E+00
2.126000E+03    1.000000E+00
2.127000E+03    1.000000E+00
2.128000E+03    1.000000E+00
2.129000E+03    1.000000E+00
2.130000E+03    1.000000E+00
2.131000E+03    1.000000E+00
2.132000E+03    1.000000E+00
2.133000E+03    1.000000E+00
2.134000E+03    1.000000E+00
2.135000E+03    1.000000E+00
2.136000E+03    1.000000E+00
2.137000E+03    1.000000E+00
2.138000E+03    1.000000E+00
2.139000E+03    1.000000E+00
2.140000E+03    1.000000E+00
2.141000E+03    1.000000E+00
2.142000E+03    1.000000E+00
2.143000E+03    1.000000E+00
2.144000E+03    1.000000E+00
2.145000E+03    1.000000E+00
2.146000E+03    1.000000E+00
2.147000E+03    1.000000E+00
2.148000E+03    1.000000E+00
2.149000E+03    1.000000E+00
2.150000E+03    1.000000E+00
2.151000E+03    1.000000E+00
2.152000E+03    1.000000E+00
2.153000E+03    1.000000E+00
2.154000E+03    1.000000E+00
2.155000E+03    1.000000E+00
2.156000E+03    1.000000E+00
2.157000E+03    1.000000E+00
2.158000E+03    1.000000E+00
2.159000E+03    1.000000E+00
2.160000E+03    1.000000E+00
2.161000E+03    1.000000E+00
2.162000E+03    1.000000E+00
2.163000E+03    1.000000E+00
2.164000E+03    1.000000E+00
2.165000E+03    1.000000E+00
2.166000E+03    1.000000E+00
2.167000E+03    1.000000E+00
2.168000E+03    1.000000E+00
2.169000E+03    1.000000E+00
2.170000E+03    1.000000E+00
2.171000E+03    1.000000E+00
2.172000E+03    1.000000E+00
2.173000E+03    1.000000E+00
2.174000E+03    1.000000E+00
2.175000E+03    1.000000E+00
2.176000E+03    1.000000E+00
2.177000E+03    1.000000E+00
2.178000E+03    1.000000E+00
2.179000E+03    1.000000E+00
2.180000E+03    1.000000E+00
2.181000E+03    1.000000E+00
2.182000E+03    1.000000E+00
2.183000E+03    1.000000E+00
2.184000E+03    1.000000E+00
2.185000E+03    1.000000E+00
2.186000E+03    1.000000E+00
2.187000E+03    1.000000E+00
2.188000E+03    1.000000E+00
2.189000E+03    1.000000E+00
2.190000E+03    1.000000E+00
2.191000E+03    1.000000E+00
2.192000E+03    1.000000E+00
2.193000E+03    1.000000E+00
2.194000E+03    1.000000E+00
2.195000E+03    1.000000E+00
2.196000E+03    1.000000E+00
2.197000E+03    1.000000E+00
2.198000E+03    1.000000E+00
2.199000E+03    1.000000E+00
2.200000E+03    1.000000E+00
2.201000E+03    1.000000E+00
2.202000E+03    1.000000E+00
2.203000E+03    1.000000E+00
2.204000E+03    1.000000E+00
2.205000E+03    1.000000E+00
2.206000E+03    1.000000E+00
2.207000E+03    1.000000E+00
2.208000E+03    1.000000E+00
2.209000E+03    1.000000E+00
2.210000E+03    1.000000E+00
2.211000E+03    1.000000E+00
2.212000E+03    1.000000E+00
2.213000E+03    1.000000E+00
2.214000E+03    1.000000E+00
2.215000E+03    1.000000E+00
2.216000E+03    1.000000E+00
2.217000E+03    1.000000E+00
2.218000E+03    1.000000E+00
2.219000E+03    1.000000E+00
2.220000E+03    1.000000E+00
2.221000E+03    1.000000E+00
2.222000E+03    1.000000E+00
2.223000E+03    1.000000E+00
2.224000E+03    1.000000E+00
2.225000E+03    1.000000E+00
2.226000E+03    1.000000E+00
2.227000E+03    1.000000E+00
2.228000E+03    1.000000E+00
2.229000E+03    1.000000E+00
2.230000E+03    1.000000E+00
2.231000E+03    1.000000E+00
2.232000E+03    1.000000E+00
2.233000E+03    1.000000E+00
2.234000E+03    1.000000E+00
2.235000E+03    1.000000E+00
2.236000E+03    1.000000E+00
2.237000E+03    1.000000E+00
2.238000E+03    1.000000E+00
2.239000E+03    1.000000E+00
2.240000E+03    1.000000E+00
2.241000E+03    1.000000E+00
2.242000E+03    1.000000E+00
2.243000E+03    1.000000E+00
2.244000E+03    1.000000E+00
2.245000E+03    1.000000E+00
2.246000E+03    1.000000E+00
2.247000E+03    1.000000E+00
2.248000E+03    1.000000E+00
2.249000E+03    1.000000E+00
2.250000E+03    1.000000E+00
2.251000E+03    1.000000E+00
2.252000E+03    1.000000E+00
2.253000E+03    1.000000E+00
2.254000E+03    1.000000E+00
2.255000E+03    1.000000E+00
2.256000E+03    1.000000E+00
2.257000E+03    1.000000E+00
2.258000E+03    1.000000E+00
2.259000E+03    1.000000E+00
2.260000E+03    1.000000E+00
2.261000E+03    1.000000E+00
2.262000E+03    1.000000E+00
2.263000E+03    1.000000E+00
2.264000E+03    1.000000E+00
2.265000E+03    1.000000E+00
2.266000E+03    1.000000E+00
2.267000E+03    1.000000E+00
2.268000E+03    1.000000E+00
2.269000E+03    1.000000E+00
2.270000E+03    1.000000E+00
2.271000E+03    1.000000E+00
2.272000E+03    1.000000E+00
2.273000E+03    1.000000E+00
2.274000E+03    1.000000E+00
2.275000E+03    1.000000E+00
2.276000E+03    1.000000E+00
2.277000E+03    1.000000E+00
2.278000E+03    1.000000E+00
2.279000E+03    1.000000E+00
2.280000E+03    1.000000E+00
2.281000E+03    1.000000E+00
2.282000E+03    1.000000E+00
2.283000E+03    1.000000E+00
2.284000E+03    1.000000E+00
2.285000E+03    1.000000E+00
2.286000E+03    1.000000E+00
2.287000E+03    1.000000E+00
2.288000E+03    1.000000E+00
2.289000E+03    1.000000E+00
2.290000E+03    1.000000E+00
2.291000E+03    1.000000E+00
2.292000E+03    1.000000E+00
2.293000E+03    1.000000E+00
2.294000E+03    1.000000E+00
2.295000E+03    1.000000E+00
2.296000E+03    1.000000E+00
2.297000E+03    1.000000E+00
2.298000E+03    1.000000E+00
2.299000E+03    1.000000E+00
2.300000E+03    1.000000E+00
2.301000E+03    1.000000E+00
2.302000E+03    1.000000E+00
2.303000E+03    1.000000E+00
2.304000E+03    1.000000E+00
2.305000E+03    1.000000E+00
2.306000E+03    1.000000E+00
2.307000E+03    1.000000E+00
2.307500E+03    1.000000E+00
2.310000E+03    1.000000E+00
2.312500E+03    1.000000E+00
2.315000E+03    1.000000E+00
2.317500E+03    1.000000E+00
2.320000E+03    1.000000E+00
2.322500E+03    1.000000E+00
2.325000E+03    1.000000E+00
2.327500E+03    1.000000E+00
2.330000E+03    1.000000E+00
2.332500E+03    1.000000E+00
2.335000E+03    1.000000E+00
2.337500E+03    1.000000E+00
2.340000E+03    1.000000E+00
2.342500E+03    1.000000E+00
2.345000E+03    1.000000E+00
2.347500E+03    1.000000E+00
2.350000E+03    1.000000E+00
2.352500E+03    1.000000E+00
2.355000E+03    1.000000E+00
2.357500E+03    1.000000E+00
2.360000E+03    1.000000E+00
2.362500E+03    1.000000E+00
2.365000E+03    1.000000E+00
2.367500E+03    1.000000E+00
2.370000E+03    1.000000E+00
2.372500E+03    1.000000E+00
2.375000E+03    1.000000E+00
2.377500E+03    1.000000E+00
2.380000E+03    1.000000E+00
2.382500E+03    1.000000E+00
2.385000E+03    1.000000E+00
2.387500E+03    1.000000E+00
2.390000E+03    1.000000E+00
2.392500E+03    1.000000E+00
2.395000E+03    1.000000E+00
2.397500E+03    1.000000E+00
2.400000E+03    1.000000E+00
2.402500E+03    1.000000E+00
2.405000E+03    1.000000E+00
2.407500E+03    1.000000E+00
2.410000E+03    1.000000E+00
2.412500E+03    1.000000E+00
2.415000E+03    1.000000E+00
2.417500E+03    1.000000E+00
2.420000E+03    1.000000E+00
2.422500E+03    1.000000E+00
2.425000E+03    1.000000E+00
2.427500E+03    1.000000E+00
2.430000E+03    1.000000E+00
2.432500E+03    1.000000E+00
2.435000E+03    1.000000E+00
2.437500E+03    1.000000E+00
2.440000E+03    1.000000E+00
2.442500E+03    1.000000E+00
2.445000E+03    1.000000E+00
2.447500E+03    1.000000E+00
2.450000E+03    1.000000E+00
2.452500E+03    1.000000E+00
2.455000E+03    1.000000E+00
2.457500E+03    1.000000E+00
2.460000E+03    1.000000E+00
2.462500E+03    1.000000E+00
2.465000E+03    1.000000E+00
2.467500E+03    1.000000E+00
2.470000E+03    1.000000E+00
2.472500E+03    1.000000E+00
2.475000E+03    1.000000E+00
2.477500E+03    1.000000E+00
2.480000E+03    1.000000E+00
2.482500E+03    1.000000E+00
2.485000E+03    1.000000E+00
2.487500E+03    1.000000E+00
2.490000E+03    1.000000E+00
2.492500E+03    1.000000E+00
2.495000E+03    1.000000E+00
2.497500E+03    1.000000E+00
2.500000E+03    1.000000E+00
2.502500E+03    1.000000E+00
2.505000E+03    1.000000E+00
2.507500E+03    1.000000E+00
2.510000E+03    1.000000E+00
2.512500E+03    1.000000E+00
2.515000E+03    1.000000E+00
2.517500E+03    1.000000E+00
2.520000E+03    1.000000E+00
2.522500E+03    1.000000E+00
2.525000E+03    1.000000E+00
2.527500E+03    1.000000E+00
2.530000E+03    1.000000E+00
2.532500E+03    1.000000E+00
2.535000E+03    1.000000E+00
2.537500E+03    1.000000E+00
2.540000E+03    1.000000E+00
2.542500E+03    1.000000E+00
2.545000E+03    1.000000E+00
2.547500E+03    1.000000E+00
2.550000E+03    1.000000E+00
2.552500E+03    1.000000E+00
2.555000E+03    1.000000E+00
2.557500E+03    1.000000E+00
2.560000E+03    1.000000E+00
2.562500E+03    1.000000E+00
2.565000E+03    1.000000E+00
2.567500E+03    1.000000E+00
2.570000E+03    1.000000E+00
2.572500E+03    1.000000E+00
2.575000E+03    1.000000E+00
2.577500E+03    1.000000E+00
2.580000E+03    1.000000E+00
2.582500E+03    1.000000E+00
2.585000E+03    1.000000E+00
2.587500E+03    1.000000E+00
2.590000E+03    1.000000E+00
2.592500E+03    1.000000E+00
2.595000E+03    1.000000E+00
2.597500E+03    1.000000E+00
2.600000E+03    1.000000E+00
2.602500E+03    1.000000E+00
2.605000E+03    1.000000E+00
2.607500E+03    1.000000E+00
2.610000E+03    1.000000E+00
2.612500E+03    1.000000E+00
2.615000E+03    1.000000E+00
2.617500E+03    1.000000E+00
2.620000E+03    1.000000E+00
2.622500E+03    1.000000E+00
2.625000E+03    1.000000E+00
2.627500E+03    1.000000E+00
2.630000E+03    1.000000E+00
2.632500E+03    1.000000E+00
2.635000E+03    1.000000E+00
2.637500E+03    1.000000E+00
2.640000E+03    1.000000E+00
2.642500E+03    1.000000E+00
2.645000E+03    1.000000E+00
2.647500E+03    1.000000E+00
2.650000E+03    1.000000E+00
2.652500E+03    1.000000E+00
2.655000E+03    1.000000E+00
2.657500E+03    1.000000E+00
2.660000E+03    1.000000E+00
2.662500E+03    1.000000E+00
2.665000E+03    1.000000E+00
2.667500E+03    1.000000E+00
2.670000E+03    1.000000E+00
2.672500E+03    1.000000E+00
2.675000E+03    1.000000E+00
2.677500E+03    1.000000E+00
2.680000E+03    1.000000E+00
2.682500E+03    1.000000E+00
2.685000E+03    1.000000E+00
2.687500E+03    1.000000E+00
2.690000E+03    1.000000E+00
2.692500E+03    1.000000E+00
2.695000E+03    1.000000E+00
2.697500E+03    1.000000E+00
2.700000E+03    1.000000E+00
