     Z      PO2_O1D    PO2_O3P    
 2.50E+04   0.00E+00   3.07E-10   
 1.75E+05   0.00E+00   3.18E-10   
 3.25E+05   0.00E+00   3.30E-10   
 4.75E+05   0.00E+00   3.39E-10   
 6.25E+05   0.00E+00   3.47E-10   
 7.75E+05   0.00E+00   3.52E-10   
 9.25E+05   0.00E+00   3.56E-10   
 1.08E+06   0.00E+00   3.60E-10   
 1.23E+06   0.00E+00   3.65E-10   
 1.38E+06   6.07-277   3.71E-10   
 1.53E+06   3.55-216   3.77E-10   
 1.68E+06   3.32-169   3.83E-10   
 1.83E+06   7.32-133   3.89E-10   
 1.98E+06   1.04-104   3.94E-10   
 2.13E+06   7.28E-83   3.99E-10   
 2.28E+06   6.95E-66   4.04E-10   
 2.43E+06   1.13E-52   4.10E-10   
 2.58E+06   2.00E-42   4.18E-10   
 2.73E+06   1.65E-34   4.27E-10   
 2.88E+06   2.05E-28   4.39E-10   
 3.03E+06   9.82E-24   4.55E-10   
 3.18E+06   3.83E-20   4.76E-10   
 3.33E+06   2.17E-17   5.04E-10   
 3.48E+06   2.83E-15   5.45E-10   
 3.63E+06   1.19E-13   6.03E-10   
 3.78E+06   2.13E-12   6.90E-10   
 3.93E+06   1.96E-11   8.13E-10   
 4.08E+06   1.08E-10   9.76E-10   
 4.23E+06   4.05E-10   1.17E-09   
 4.38E+06   1.12E-09   1.38E-09   
 4.53E+06   2.47E-09   1.58E-09   
 4.68E+06   4.55E-09   1.77E-09   
 4.83E+06   7.31E-09   1.93E-09   
 4.98E+06   1.06E-08   2.08E-09   
 5.13E+06   1.42E-08   2.21E-09   
 5.28E+06   1.79E-08   2.35E-09   
 5.43E+06   2.18E-08   2.49E-09   
 5.58E+06   2.59E-08   2.64E-09   
 5.73E+06   3.06E-08   2.82E-09   
 5.88E+06   3.63E-08   3.04E-09   
 6.03E+06   4.32E-08   3.29E-09   
 6.18E+06   5.15E-08   3.60E-09   
 6.33E+06   6.16E-08   3.96E-09   
 6.48E+06   7.41E-08   4.39E-09   
 6.63E+06   8.95E-08   4.91E-09   
 6.78E+06   1.09E-07   5.53E-09   
 6.93E+06   1.35E-07   6.26E-09   
 7.08E+06   1.73E-07   7.14E-09   
 7.23E+06   2.30E-07   8.19E-09   
 7.38E+06   3.26E-07   9.47E-09   
 7.53E+06   5.11E-07   1.10E-08   
 7.68E+06   9.00E-07   1.28E-08   
 7.83E+06   1.60E-06   1.50E-08   
 7.98E+06   2.54E-06   1.73E-08   