     Z      PO2_O1D    PO2_O3P   
 2.50E+04   0.00E+00   1.60E-20  
 1.75E+05   0.00E+00   2.35E-19  
 3.25E+05   0.00E+00   2.04E-18  
 4.75E+05   0.00E+00   1.21E-17  
 6.25E+05   0.00E+00   5.40E-17  
 7.75E+05   0.00E+00   1.90E-16  
 9.25E+05   0.00E+00   5.79E-16  
 1.08E+06   0.00E+00   1.74E-15  
 1.23E+06   0.00E+00   4.42E-15  
 1.38E+06   0.00E+00   9.70E-15  
 1.53E+06   0.00E+00   1.90E-14  
 1.68E+06   0.00E+00   3.44E-14  
 1.83E+06   0.00E+00   5.78E-14  
 1.98E+06   0.00E+00   9.87E-14  
 2.13E+06   0.00E+00   1.72E-13  
 2.28E+06   0.00E+00   3.10E-13  
 2.43E+06   0.00E+00   5.63E-13  
 2.58E+06   0.00E+00   1.02E-12  
 2.73E+06   0.00E+00   1.77E-12  
 2.88E+06   0.00E+00   2.95E-12  
 3.03E+06   0.00E+00   4.71E-12  
 3.18E+06   0.00E+00   7.15E-12  
 3.33E+06   2.81-303   1.03E-11  
 3.48E+06   1.42-245   1.39E-11  
 3.63E+06   6.66-200   1.80E-11  
 3.78E+06   1.32-163   2.24E-11  
 3.93E+06   1.21-134   2.72E-11  
 4.08E+06   1.89-111   3.26E-11  
 4.23E+06   8.32E-93   3.86E-11  
 4.38E+06   9.11E-78   4.55E-11  
 4.53E+06   1.36E-65   5.33E-11  
 4.68E+06   1.05E-55   6.26E-11  
 4.83E+06   1.20E-47   7.39E-11  
 4.98E+06   5.43E-41   8.81E-11  
 5.13E+06   1.77E-35   1.06E-10  
 5.28E+06   6.73E-31   1.29E-10  
 5.43E+06   4.65E-27   1.57E-10  
 5.58E+06   7.64E-24   1.92E-10  
 5.73E+06   3.69E-21   2.35E-10  
 5.88E+06   6.34E-19   2.86E-10  
 6.03E+06   4.54E-17   3.46E-10  
 6.18E+06   1.55E-15   4.18E-10  
 6.33E+06   2.86E-14   5.05E-10  
 6.48E+06   3.13E-13   6.12E-10  
 6.63E+06   2.22E-12   7.46E-10  
 6.78E+06   1.10E-11   9.19E-10  
 6.93E+06   4.01E-11   1.14E-09  
 7.08E+06   1.15E-10   1.45E-09  
 7.23E+06   2.67E-10   1.87E-09  
 7.38E+06   5.25E-10   2.51E-09  
 7.53E+06   8.99E-10   3.69E-09  
 7.68E+06   1.38E-09   6.20E-09  
 7.83E+06   1.93E-09   1.16E-08  
 7.98E+06   2.54E-06   2.20E-08  