   25000.000000000000        0.0000000000000000       5.16890097028692992E-010
   75000.000000000000        0.0000000000000000       6.50213115027190762E-010
   125000.00000000000        0.0000000000000000       7.78366047792245178E-010
   175000.00000000000        0.0000000000000000       9.01697341430302129E-010
   225000.00000000000        0.0000000000000000       1.02119823158214538E-009
   275000.00000000000        0.0000000000000000       1.13809488051284616E-009
   325000.00000000000        0.0000000000000000       1.25402657937087199E-009
   375000.00000000000        0.0000000000000000       1.37111323368048776E-009
   425000.00000000000        0.0000000000000000       1.49145905196368587E-009
   475000.00000000000        0.0000000000000000       1.61660033638020971E-009
   525000.00000000000        0.0000000000000000       1.74740358170703320E-009
   575000.00000000000        0.0000000000000000       1.88420219813197559E-009
   625000.00000000000        0.0000000000000000       2.02708084322428759E-009
   675000.00000000000        0.0000000000000000       2.17620561975412243E-009
   725000.00000000000        0.0000000000000000       2.33210244462561296E-009
   775000.00000000000        0.0000000000000000       2.49582569479746773E-009
   825000.00000000000        0.0000000000000000       2.66904175150590201E-009
   875000.00000000000        0.0000000000000000       2.85406083930202953E-009
   925000.00000000000        0.0000000000000000       3.05385633977714872E-009
   975000.00000000000        0.0000000000000000       3.27210955702586124E-009
   1025000.0000000000        0.0000000000000000       3.51324665222608841E-009
   1075000.0000000000        0.0000000000000000       3.78240292425153740E-009
   1125000.0000000000        0.0000000000000000       4.08043662458928640E-009
   1175000.0000000000        0.0000000000000000       4.40613398935082261E-009
   1225000.0000000000        0.0000000000000000       4.76270763802955633E-009
   1275000.0000000000        0.0000000000000000       5.15351096977133781E-009
   1325000.0000000000        0.0000000000000000       5.58205724290365393E-009
   1375000.0000000000        0.0000000000000000       6.05211197389895055E-009
   1425000.0000000000        0.0000000000000000       6.56784851882432390E-009
   1475000.0000000000        0.0000000000000000       7.13399062208622350E-009
   1525000.0000000000        0.0000000000000000       7.75597599751231955E-009
   1575000.0000000000        0.0000000000000000       8.44015994767273761E-009
   1625000.0000000000        0.0000000000000000       9.19400437756065054E-009
   1675000.0000000000        0.0000000000000000       1.00262406427982394E-008
   1725000.0000000000        0.0000000000000000       1.09470304604889009E-008
   1775000.0000000000        0.0000000000000000       1.19680992689850733E-008
   1825000.0000000000        0.0000000000000000       1.31027543194359644E-008
   1875000.0000000000        0.0000000000000000       1.43657929845249889E-008
   1925000.0000000000        0.0000000000000000       1.57733306403125391E-008
   1975000.0000000000        0.0000000000000000       1.73425002376876173E-008
   2025000.0000000000        0.0000000000000000       1.90910472733023112E-008
   2075000.0000000000        0.0000000000000000       2.10368047545489489E-008
   2125000.0000000000        0.0000000000000000       2.31969154116995354E-008
   2175000.0000000000        0.0000000000000000       2.55857594589486204E-008
   2225000.0000000000        0.0000000000000000       2.82129039607463774E-008
   2275000.0000000000       6.75782709147214594E-162  3.10831538106490906E-008
   2325000.0000000000       6.70138564659180921E-149  3.41962637290604930E-008
   2375000.0000000000       4.72308542814824994E-137  3.75464201073655412E-008
   2425000.0000000000       2.98946346107165056E-126  4.11223539159118195E-008
   2475000.0000000000       2.10375730585828207E-116  4.49075552428842637E-008
   2525000.0000000000       1.99991376666998602E-107  4.88807360741900157E-008
   2575000.0000000000       3.06726788617628983E-099  5.30165097089408117E-008
   2625000.0000000000       8.92282488039815632E-092  5.72862509965170517E-008
   2675000.0000000000       5.70582290673711425E-085  6.16590798637591531E-008
   2725000.0000000000       9.17431115747615239E-079  6.61028850284655475E-008
   2775000.0000000000       4.19241579235052499E-073  7.05853284802361739E-008
   2825000.0000000000       6.08789047084961987E-068  7.50747663195081338E-008
   2875000.0000000000       3.10995780501216945E-063  7.95410414100769200E-008
   2925000.0000000000       6.13188317385157330E-059  8.39561481793262271E-008
   2975000.0000000000       5.07817923401286941E-055  8.82947602149206612E-008
   3025000.0000000000       1.90806134801672477E-051  9.25345889781580833E-008
   3075000.0000000000       3.48977573227814400E-048  9.66565808408154359E-008
   3125000.0000000000       3.31278487415696092E-045  1.00644981873759652E-007
   3175000.0000000000       1.73066327422703558E-042  1.04487308332005952E-007
   3225000.0000000000       5.24913903563971155E-040  1.08174236984170819E-007
   3275000.0000000000       9.70658006254068111E-038  1.11699396933553849E-007
   3325000.0000000000       1.14439670282797718E-035  1.15059082894512179E-007
   3375000.0000000000       8.96125628825891568E-034  1.18251926324316596E-007
   3425000.0000000000       4.83764821999549610E-032  1.21278550883815425E-007
   3475000.0000000000       1.86258615485848051E-030  1.24141261272297687E-007
   3525000.0000000000       5.27512341537164840E-029  1.26843738828381993E-007
   3575000.0000000000       1.13027131967999072E-027  1.29390667482158265E-007
   3625000.0000000000       1.87932585974163372E-026  1.31787396723659470E-007
   3675000.0000000000       2.48097183725557135E-025  1.34039773671729127E-007
   3725000.0000000000       2.65457686862614579E-024  1.36154039769987041E-007
   3775000.0000000000       2.34546324400079516E-023  1.38136694434089023E-007
   3825000.0000000000       1.74047909333313974E-022  1.39994344999196149E-007
   3875000.0000000000       1.10145215710064132E-021  1.41733532962585698E-007
   3925000.0000000000       6.02707992151721218E-021  1.43360612226487191E-007
   3975000.0000000000       2.88711895762595167E-020  1.44881754634832130E-007
   4025000.0000000000       1.22428952935710569E-019  1.46302975073703803E-007
   4075000.0000000000       4.64265480722800286E-019  1.47630106147106005E-007
   4125000.0000000000       1.58897143057898505E-018  1.48868752714578496E-007
   4175000.0000000000       4.94962064081790952E-018  1.50024233875134766E-007
   4225000.0000000000       1.41392133242771302E-017  1.51101546156168728E-007
   4275000.0000000000       3.72942937628921704E-017  1.52105374628770667E-007
   4325000.0000000000       9.13906512825569040E-017  1.53040118216465944E-007
   4375000.0000000000       2.09234051035093567E-016  1.53909898712341719E-007
   4425000.0000000000       4.49823330806067611E-016  1.54718590138256601E-007
   4475000.0000000000       9.12329801800058916E-016  1.55469902530968893E-007
   4525000.0000000000       1.75328193840478028E-015  1.56167405502032231E-007
   4575000.0000000000       3.20575338303742831E-015  1.56814424233933050E-007
   4625000.0000000000       5.59827680077935484E-015  1.57413994271223537E-007
   4675000.0000000000       9.37077050112495877E-015  1.57968958358127472E-007
   4725000.0000000000       1.50864032439181800E-014  1.58482041493035901E-007
   4775000.0000000000       2.34406617223170894E-014  1.58955846969625384E-007
   4825000.0000000000       3.52718026406889482E-014  1.59392845195668499E-007
   4875000.0000000000       5.15837356834186036E-014  1.59795375847095674E-007
   4925000.0000000000       7.36051626369102163E-014  1.60165660780403897E-007
   4975000.0000000000       1.02932008151519873E-013  1.60505824735154815E-007
   5025000.0000000000       1.41838551914276076E-013  1.60817908613836613E-007
   5075000.0000000000       1.93895482554256605E-013  1.61103872923264824E-007
   5125000.0000000000       2.65099373122463986E-013  1.61365598590240842E-007
   5175000.0000000000       3.65797038947953533E-013  1.61604888009938146E-007
   5225000.0000000000       5.13784664952331945E-013  1.61823465998864687E-007
   5275000.0000000000       7.39091204214858139E-013  1.62022980106294616E-007
   5325000.0000000000       1.09113518703008344E-012  1.62204999905443425E-007
   5375000.0000000000       1.64922518478929004E-012  1.62371015067081297E-007
   5425000.0000000000       2.53831832051130711E-012  1.62522432288937877E-007
   5475000.0000000000       3.95724140664606160E-012  1.62660571506115615E-007
   5525000.0000000000       6.25163298558933940E-012  1.62786662139441534E-007
   5575000.0000000000       1.01505676220966904E-011  1.62901840332041085E-007
   5625000.0000000000       1.74981734490275247E-011  1.63007148117327595E-007
   5675000.0000000000       3.31525328491976121E-011  1.63103535218707993E-007
   5725000.0000000000       6.89665617890161735E-011  1.63191863637540791E-007
   5775000.0000000000       1.50395371069453822E-010  1.63272914314522194E-007
   5825000.0000000000       3.24854148757840193E-010  1.63347394109598136E-007
   5875000.0000000000       6.68810157948621837E-010  1.63415940526179785E-007
   5925000.0000000000       1.28910168478925794E-009  1.63479121609194189E-007
   5975000.0000000000       2.31472920903748015E-009  1.63537430133248277E-007
   6025000.0000000000       3.87873305308412187E-009  1.63591275210975807E-007
   6075000.0000000000       6.09422315178811617E-009  1.63640979309261396E-007
   6125000.0000000000       9.03162632493781901E-009  1.63686789342637034E-007
   6175000.0000000000       1.27040353109939008E-008  1.63728902896890059E-007
   6225000.0000000000       1.70644133419876060E-008  1.63767499619290137E-007
   6275000.0000000000       2.20141635725525925E-008  1.63802764535994077E-007
   6325000.0000000000       2.74192888852221669E-008  1.63834897334901589E-007
   6375000.0000000000       3.31291562821999404E-008  1.63864110634882977E-007
   6425000.0000000000       3.89935896950086878E-008  1.63890623422714311E-007
   6475000.0000000000       4.48757339321134051E-008  1.63914654102309283E-007
   6525000.0000000000       5.06599071143955700E-008  1.63936414986988161E-007
   6575000.0000000000       5.62549258583301325E-008  1.63956108514447297E-007
   6625000.0000000000       6.15940155776600889E-008  1.63973924910163873E-007
   6675000.0000000000       6.66325401822349406E-008  1.63990040940293777E-007
   6725000.0000000000       7.13446135131054481E-008  1.64004619448963897E-007
   6775000.0000000000       7.57193705257333625E-008  1.64017809434956159E-007
   6825000.0000000000       7.97573935334613108E-008  1.64029744746350023E-007
   6875000.0000000000       8.34651089160881897E-008  1.64040543794530791E-007
   6925000.0000000000       8.68504582260914311E-008  1.64050313153547579E-007
   6975000.0000000000       8.99244914028385195E-008  1.64059150265209234E-007
   7025000.0000000000       9.27025480812165973E-008  1.64067143976586132E-007
   7075000.0000000000       9.52028105836412971E-008  1.64074375092191146E-007
   7125000.0000000000       9.74451021373784302E-008  1.64080916951114435E-007
   7175000.0000000000       9.94499431574978080E-008  1.64086836007867500E-007
   7225000.0000000000       1.01237836255958861E-007  1.64092192401109719E-007
   7275000.0000000000       1.02828745622467627E-007  1.64097040499545863E-007
   7325000.0000000000       1.04241736033995955E-007  1.64101429418213269E-007
   7375000.0000000000       1.05494739125087058E-007  1.64105403501291838E-007
   7425000.0000000000       1.06604418353109851E-007  1.64109002769690248E-007
   7475000.0000000000       1.07586108423950938E-007  1.64112263333157363E-007
   7525000.0000000000       1.08453809245180736E-007  1.64115217767696563E-007
   7575000.0000000000       1.09220218430022763E-007  1.64117895459737750E-007
   7625000.0000000000       1.09896789836105227E-007  1.64120322918939447E-007
   7675000.0000000000       1.10493808542733332E-007  1.64122524061723649E-007
   7725000.0000000000       1.11020475066215914E-007  1.64124520467744512E-007
   7775000.0000000000       1.11484993534522719E-007  1.64126331611492096E-007
   7825000.0000000000       1.11894660054243111E-007  1.64127975071178760E-007
   7875000.0000000000       1.12255948671107995E-007  1.64129466716954623E-007
   7925000.0000000000       1.12574593213069953E-007  1.64130820880373816E-007
   7975000.0000000000       1.12855663967979892E-007  1.64132050506904114E-007
   8025000.0000000000       1.13103638634008808E-007  1.64133167293124753E-007
   8075000.0000000000       1.13322467329802072E-007  1.64134181810124837E-007
   8125000.0000000000       1.13515631695172163E-007  1.64135103614478288E-007
   8175000.0000000000       1.13686198277675353E-007  1.64135941348046532E-007
   8225000.0000000000       1.13836866505970333E-007  1.64136702827746735E-007
   8275000.0000000000       1.13970011613168839E-007  1.64137395126312160E-007
   8325000.0000000000       1.14087722904558998E-007  1.64138024644983129E-007
   8375000.0000000000       1.14191837773236445E-007  1.64138597178964938E-007
   8425000.0000000000       1.14283971861108776E-007  1.64139117976398052E-007
   8475000.0000000000       1.14365545746492463E-007  1.64139591791492426E-007
   8525000.0000000000       1.14437808516894961E-007  1.64140022932389503E-007
   8575000.0000000000       1.14501858559499649E-007  1.64140415304248738E-007
   8625000.0000000000       1.14558661874511703E-007  1.64140772448012197E-007
   8675000.0000000000       1.14609068189329479E-007  1.64141097575269012E-007
   8725000.0000000000       1.14653825125261114E-007  1.64141393599624242E-007
   8775000.0000000000       1.14693590643563831E-007  1.64141663164940486E-007
   8825000.0000000000       1.14728943974085665E-007  1.64141908670800806E-007
   8875000.0000000000       1.14760395207846804E-007  1.64142132295493708E-007
   8925000.0000000000       1.14788393714622697E-007  1.64142336016784186E-007
   8975000.0000000000       1.14813335528082130E-007  1.64142521630700837E-007
   9025000.0000000000       1.14835569824322229E-007  1.64142690768544442E-007
   9075000.0000000000       1.14855404604690562E-007  1.64142844912276619E-007
   9125000.0000000000       1.14873111680493781E-007  1.64142985408450287E-007
   9175000.0000000000       1.14888931045420916E-007  1.64143113480840622E-007
   9225000.0000000000       1.14903074711110467E-007  1.64143230241853771E-007
   9275000.0000000000       1.14915730072112052E-007  1.64143336702857448E-007
   9325000.0000000000       1.14927062858399144E-007  1.64143433783551215E-007
   9375000.0000000000       1.14937219726457972E-007  1.64143522320437518E-007
   9425000.0000000000       1.14946330533696106E-007  1.64143603074493272E-007
   9475000.0000000000       1.14954510335388501E-007  1.64143676738116269E-007
   9525000.0000000000       1.14961861138521220E-007  1.64143743941422049E-007
   9575000.0000000000       1.14968473442626817E-007  1.64143805257946677E-007
   9625000.0000000000       1.14974427593961732E-007  1.64143861209817647E-007
   9675000.0000000000       1.14979794976093870E-007  1.64143912272439957E-007
   9725000.0000000000       1.14984639057092239E-007  1.64143958878748187E-007
   9775000.0000000000       1.14989016310992054E-007  1.64144001423063279E-007
   9825000.0000000000       1.14992977029004154E-007  1.64144040264590835E-007
   9875000.0000000000       1.14996566034007957E-007  1.64144075730596938E-007
   9925000.0000000000       1.14999823310179922E-007  1.64144108119291950E-007
   9975000.0000000000       1.15002784558132652E-007  1.64144137702442026E-007
