     Z      PO2_O1D    PO2_O3P  
 2.50E+04   0.00E+00   1.49E-13 
 1.75E+05   0.00E+00   6.55E-13 
 3.25E+05   0.00E+00   2.15E-12 
 4.75E+05   0.00E+00   5.50E-12 
 6.25E+05   0.00E+00   1.13E-11 
 7.75E+05   0.00E+00   1.92E-11 
 9.25E+05   0.00E+00   3.05E-11 
 1.08E+06   0.00E+00   4.72E-11 
 1.23E+06   0.00E+00   7.47E-11 
 1.38E+06   7.89-277   1.12E-10 
 1.53E+06   4.61-216   1.67E-10 
 1.68E+06   4.32-169   2.36E-10 
 1.83E+06   9.52-133   3.33E-10 
 1.98E+06   1.36-104   4.55E-10 
 2.13E+06   9.46E-83   6.16E-10 
 2.28E+06   9.03E-66   8.20E-10 
 2.43E+06   1.47E-52   1.08E-09 
 2.58E+06   2.59E-42   1.43E-09 
 2.73E+06   2.14E-34   1.89E-09 
 2.88E+06   2.66E-28   2.51E-09 
 3.03E+06   1.28E-23   3.36E-09 
 3.18E+06   4.97E-20   4.44E-09 
 3.33E+06   2.82E-17   5.77E-09 
 3.48E+06   3.68E-15   7.28E-09 
 3.63E+06   1.55E-13   8.89E-09 
 3.78E+06   2.76E-12   1.05E-08 
 3.93E+06   2.54E-11   1.21E-08 
 4.08E+06   1.16E-10   1.35E-08 
 4.23E+06   4.03E-10   1.47E-08 
 4.38E+06   1.12E-09   1.58E-08 
 4.53E+06   2.46E-09   1.67E-08 
 4.68E+06   4.53E-09   1.75E-08 
 4.83E+06   7.30E-09   1.81E-08 
 4.98E+06   1.06E-08   1.86E-08 
 5.13E+06   1.42E-08   1.90E-08 
 5.28E+06   1.79E-08   1.93E-08 
 5.43E+06   2.18E-08   1.96E-08 
 5.58E+06   2.59E-08   1.98E-08 
 5.73E+06   3.07E-08   2.00E-08 
 5.88E+06   3.64E-08   2.02E-08 
 6.03E+06   4.32E-08   2.04E-08 
 6.18E+06   5.16E-08   2.06E-08 
 6.33E+06   6.17E-08   2.08E-08 
 6.48E+06   7.41E-08   2.10E-08 
 6.63E+06   8.95E-08   2.12E-08 
 6.78E+06   1.09E-07   2.14E-08 
 6.93E+06   1.36E-07   2.15E-08 
 7.08E+06   1.73E-07   2.17E-08 
 7.23E+06   2.30E-07   2.19E-08 
 7.38E+06   3.26E-07   2.21E-08 
 7.53E+06   5.12E-07   2.22E-08 
 7.68E+06   9.00E-07   2.22E-08 
 7.83E+06   1.60E-06   2.22E-08 
 7.98E+06   2.54E-06   2.22E-08 